4184071
4184084
4184091
4184103
4184121
4184133
4184154
4184162
4184187
4184212
4184233
4184259
4184278
4184290
4184291
4182412
4182423
4182430
4182434
4182444
4182456
4182468
4182476
4182483
4182500
4182508
4182523
4182527
4182535
4182537
4182540
4182554
4182561
4182563
4182571
4182603
4182652
4182740
4182762
4182780
4182794
4182804
4182818
4182833
4182849
4182866
4182887
4182906
4182931
4182960
4182990
4183008
4183030
4183041
4183050
4183056
4183073
4183084
4183102
4183106
4183133
4183142
4183151
4183154
4183155
4183165
4183186
4183210
4183224
4183230
4183249
4183263
4183273
4183278
4183308
4183313
4183331
4183337
4183344
4183350
4183364
4183378
4183381
4183390
4183394
4183403
4183413
4183427
4183443
4183452
4183455
4183495
4183502
4183508
4183529
4183540
4183555
4183569
4183576
4183581
4183585
4183604
4183643
4183686
4183723
4184063
4183747
4183783
4183821
4183845
4183849
4183855
4183873
4183894
4183903
4183919
4183925
4183938
4183958
4183983
4183994
4184010
4184017
4184035
4184040