4071764
4071776
4071784
4071795
4071810
4071818
4071825
4071833
4071838
4071845
4071851
4071856
4071938
4071945
4071975
4072001
4072013
4072030
4072031
4072050
4072075
4072150
4072159
4072179
4072240
4072257
4072268
4072295
4072320
4072340
4072349
4072363
4072374
4072386
4072393
4072399
4072403
4072405
4072416
4072446
4072482
4072517
4072536
4072571
4072602
4072626
4072640
4072660
4072679
4072694
4072703
4072713
4072719
4072727
4072745
4072766
4072778
4072790
4072804
4072817
4072820
4072837
4072844
4072845
4072847
4072851
4072856
4072861
4072868
4072887
4072905
4072928
4072938
4072945
4072949
4072959
4072970
4072990
4073000
4073002
4073007
4073018
4073025
4073042
4073044
4073057
4073071