4046854
4046866
4046875
4046883
4046895
4046918
4046925
4046937
4046958
4046970
4046998
4047030
4047048
4047067
4047070
4047078
4047083
4047086
4047094
4047095
4047103
4047110
4047122
4047137
4047141
4047149
4047151
4047153
4047163
4047167
4047175
4047188
4047201
4047206
4047212
4047220
4047225
4047234
4047243
4047266
4047274
4047281
4047285
4047300
4047316
4047330
4047339
4047344
4047357
4047362
4047367
4047376
4047380
4047381
4047387
4047402
4047405
4047407
4047408
4047422
4047432
4047438
4047447
4047453
4047475
4047480
4047489
4047498
4047501
4047518
4047524
4047544
4047552
4047574
4047575
4047579
4047593
4047607
4047612
4047630
4047634
4047649
4047652
4047659
4047664
4047681
4047693
4047700
4047710
4047715
4047743
4047758
4047769
4047775
4047779
4047789
4047792
4047800
4047812
4047817
4047825
4047553
4047840
4047849
4047856
4047689
4047694
4046638
4046646
4046650
4046652
4046655
4046661
4046663
4046664
4046668
4046674
4046677
4046688
4046949
4046693
4046698
4046710
4046714
4046718
4046733
4046736
4046740
4046748
4046755
4046760
4046773
4046785
4046805
4046816
4046823
4046832
4046948