3708931
3708946
3708957
3708977
3708985
3708996
3709002
3709022
3709033
3709036
3709050
3709090
3709117
3709131
3709154
3709177
3709204
3707161
3707173
3709232
3707186
3707194
3707200
3707209
3707224
3709273
3707233
3709286
3707253
3707261
3707268
3707281
3707291
3707302
3707320
3707345
3707356
3707376
3707387
3707394
3707405
3707409
3707412
3707415
3707418
3707426
3707441
3707458
3707468
3707470
3707476
3707483
3707487
3707494
3707504
3707522
3707529
3707542
3707566
3707611
3707620
3707637
3707661
3707678
3707695
3709256
3707707
3707711
3707735
3707751
3707773
3707794
3707796
3707798
3707816
3707819
3707855
3707888
3707896
3707920
3707947
3707971
3707980
3707986
3707991
3708006
3708018
3708037
3708056
3708086
3708126
3708161
3708186
3708199
3708226
3708230
3708242
3708253
3708260
3708290
3708305
3708335
3708356
3708385
3708394
3708430
3708453
3708470
3708484
3708512
3708535
3708571
3708602
3708619
3708650
3708685
3708697
3708716
3708728
3708758
3708786
3708795
3708820
3708825
3708855
3708868
3708900