3758080
3758082
3758089
3758090
3758130
3758139
3758174
3758219
3758248
3758255
3758265
3758307
3758318
3758339
3758348
3758363
3758373
3758396
3758413
3758418
3758433
3758442
3758456
3758468
3758476
3758478
3758488
3758499
3758516
3758523
3758530
3758539
3758556
3758565
3758569
3758589
3758607
3758612
3758640
3758660
3758664
3758674
3758687
3758703
3758718
3758737
3758754
3758764
3758765
3758780
3758788
3758825
3758899
3758936
3758974
3758991
3759016
3759032
3759047
3757589
3757603
3757612
3757618
3757628
3757631
3757642
3757644
3757646
3757648
3757650
3757660
3757673
3757687
3757695
3757717
3757740
3757760
3757777
3757788
3757804
3757820
3757836
3757857
3757868
3757879
3757890
3757915
3757930
3757952
3757962
3757965
3757970
3757972
3757979
3757994
3758007
3758026
3758034
3758045
3758055