3751947
3751957
3751972
3751983
3752001
3752016
3752025
3752034
3752046
3752054
3752072
3750635
3750649
3750663
3750664
3750676
3750682
3750693
3750699
3750713
3750719
3750722
3750739
3750753
3750769
3750785
3750811
3750829
3750852
3750860
3750875
3750891
3750899
3750916
3750922
3750933
3750943
3750975
3751006
3751013
3751028
3751035
3751053
3751066
3751085
3751114
3751128
3751140
3751163
3751184
3751225
3751247
3751276
3751295
3751304
3751313
3751343
3751359
3751379
3751404
3751410
3751435
3751436
3751471
3751489
3751506
3751517
3751529
3751544
3751555
3751562
3751579
3751595
3751603
3751624
3751640
3751657
3751670
3751694
3751711
3751723
3751734
3751742
3751744
3751791
3751808
3751819
3751858
3751868
3751887
3751897
3751911