3831815
3831830
3831848
3831859
3831884
3831902
3831941
3831972
3832003
3832055
3832106
3832145
3832173
3830818
3830823
3830827
3830842
3830849
3830860
3830865
3830887
3830910
3830931
3830940
3830942
3830948
3830957
3830966
3830978
3830979
3830988
3830998
3831003
3831020
3831036
3831048
3831062
3831079
3831093
3831113
3831143
3831175
3831193
3831210
3831215
3831229
3831241
3831285
3831326
3831354
3831381
3831410
3831441
3831461
3831479
3831515
3831526
3831560
3831576
3831577
3831587
3831615
3831630
3831640
3831647
3831648
3831653
3831662
3831669
3831675
3831684
3831696
3831709
3831726
3831740
3831757
3831770
3831788