3778568
3778582
3778601
3778607
3778615
3778621
3778629
3778652
3778667
3778676
3778680
3778686
3778704
3778728
3777441
3777446
3777454
3777462
3777469
3777476
3777492
3777509
3777514
3777523
3777530
3777534
3777537
3777541
3777544
3777554
3777558
3777565
3777570
3777573
3777584
3777589
3777598
3777606
3777611
3777621
3777634
3777643
3777654
3777665
3777682
3777706
3777736
3777753
3777757
3777769
3777782
3777795
3777808
3777833
3777853
3777873
3777885
3777899
3777926
3777944
3777965
3777982
3778001
3778012
3778016
3778020
3778021
3778031
3778041
3778046
3778052
3778057
3778075
3778101
3778102
3778114
3778123
3778125
3778136
3778144
3778152
3778168
3778178
3778198
3778210
3778220
3778226
3778233
3778242
3778249
3778253
3778257
3778263
3778277
3778284
3778291
3778316
3778325
3778341
3778376
3778410
3778419
3778426
3778438
3778448
3778457
3778467
3778469
3778482
3778494
3778517
3778543
3778553