3807254
3807263
3807286
3807309
3807327
3807336
3807350
3807358
3807359
3807363
3807380
3807388
3807398
3807407
3807230
3807428
3807451
3807467
3807477
3807481
3807498
3807505
3807519
3807541
3807558
3807559
3807561
3807580
3807592
3807600
3807608
3807616
3807618
3807627
3807633
3807641
3807656
3807663
3807674
3807685
3807699
3807717
3807722
3807732
3807740
3807750
3807767
3807773
3807784
3807792
3807817
3807834
3807859
3807872
3807877
3807893
3807923
3807938
3807952
3807956
3807967
3807990
3807994
3808009
3808018
3808166
3808032
3808038
3808041
3808171
3808061
3808071
3808102
3808116
3808123
3808149
3808180
3808200
3808225
3808230
3808247
3808261
3808291
3808316
3808335
3808344
3808355
3808362
3808373
3806755
3806767
3806771
3806780
3806785
3806791
3806798
3806806
3806812
3806820
3806822
3806828
3806832
3806836
3806844
3806856
3806860
3806865
3806870
3806885
3806907
3806914
3806919
3806931
3806947
3806973
3806993
3807018
3807044
3807062
3807088
3807104
3807136
3807139
3807158
3807172
3807180
3807200
3807206
3807213