4220931
4220942
4220944
4220954
4220963
4220970
4220979
4220984
4220987
4220991
4220997
4221022
4221039
4221041
4221044
4221048
4221058
4221071
4221093
4221109
4221125
4221152
4221175
4221184
4221194
4221199
4221206
4221209
4221225
4221248
4221269
4221277
4221286
4221295
4221314
4221342
4221352
4221368
4221380
4221393
4221403
4221410
4221426
4221438
4221464
4221471
4221476
4221484
4221485
4221495
4221496
4221518
4221536
4221549
4221559
4221584
4221585
4221610
4221621
4221635
4221657
4221663
4221684
4221697
4221705
4221717
4221734
4221747
4221758
4221773
4221791
4221813
4221829
4221843
4221862
4221878
4221890
4220582
4220594
4220601
4220610
4220619
4220638
4220640
4220644
4220648
4220654
4220659
4220671
4220677
4220694
4220719
4220746
4220768
4220788
4220814
4220815
4220821
4220831
4220838
4220850
4220864
4220873
4220878
4220884
4220891
4220903
4220914
4220924
4220927