4300811
4300818
4300827
4300843
4300855
4300862
4300867
4300883
4300899
4300901
4300923
4300950
4300973
4300983
4300999
4301006
4301019
4301042
4301048
4301068
4301070
4301084
4301092
4301106
4301123
4301136
4301149
4301157
4301168
4301173
4301186
4301193
4301205
4301206
4301211
4301234
4301252
4301258
4301269
4301279
4301287
4301298
4301318
4301326
4301337
4301348
4301384
4301410
4301425
4301435
4301447
4301464
4301478
4301510
4301521
4301532
4301565
4301572
4301582
4301604
4301610
4301641
4301642
4301657
4301672
4301680
4301698
4301702
4301710
4301714
4301717
4301727
4301734
4301743
4301751
4301766
4301800
4301809
4301832
4301841
4301850
4301869
4301871
4301890
4301907
4301922
4301938
4299969
4299980
4299998
4300014
4300034
4300048
4300060
4300078
4300090
4300097
4300123
4300134
4300140
4300150
4300164
4300192
4300231
4300243
4300260
4300266
4300285
4300302
4300320
4300361
4300403
4300420
4300453
4300476
4300500
4300512
4300546
4300580
4300613
4300670
4300702
4300732
4300752
4300753
4300771
4300793