4369999
4370000
4370001
4370011
4370012
4370013
4370026
4370031
4370043
4370044
4370046
4370049
4369984
4369985
4369986
4369987
4369988
4369989
4369990
4369991
4369992
4369993
4369997
4369994
4369995
4369996
4369998
4370002
4370003
4370004
4370005
4370006
4370007
4370009
4370010
4370014
4370015
4370016
4370017
4370019
4370018
4370020
4370022
4370023
4370021
4370024
4370027
4370028
4370029
4370030
4370025
4370032
4370033
4370034
4370035
4370036
4370037
4370038
4370039
4370040
4370041
4370045
4370042
4370047
4370048
4370050
4370051
4370052
4370053
4370054
4370055
4370057
4370059
4370058
4370061
4370062
4370063
4370060
4370065
4370066
4370067
4370068
4370069
4370070
4370071
4370072
4370074
4370075
4370073