4366727
4366728
4366730
4366731
4366732
4366734
4366737
4366738
4366739
4366740
4366741
4366742
4366743
4366744
4366745
4366746
4366750
4366751
4366753
4366754
4366755
4366756
4366758
4366757
4366759
4366760
4366761
4366763
4366764
4366765
4366766
4366762
4366767
4366769
4366770
4366771
4366773
4366774
4366775
4366776
4366777
4366778
4366782
4366783
4366784
4366785
4366786
4366787
4366788
4366789
4366790
4366793
4366795
4366796
4366797
4366799
4366800
4366801
4366802
4366803
4366804
4366805
4366806
4366808
4366809
4366810
4366811
4366813
4366814
4366815
4366816
4366817
4366818
4366819
4366820
4366821
4366822
4366823
4366825
4366826
4366828
4366827
4366824
4366831
4366832
4366830
4366833
4366834
4366836
4366838
4366839
4366840
4366841
4366842
4366843
4366844
4366845
4366846
4366847
4366849
4366850
4366851
4366852
4366854
4366855
4366860
4366861
4366862
4366856
4366864
4366865
4366866
4366867
4366868
4366869
4366871
4366873
4366874
4366875
4366733
4366735
4366736
4366747
4366748
4366749
4366752
4366768
4366779
4366780
4366781
4366791
4366792
4366794
4366812
4366835
4366837
4366853
4366857
4366858
4366859
4366863
4366870