4371965
4371969
4371976
4371977
4371981
4371993
4371994
4371995
4371998
4372002
4372013
4372020
4372030
4372033
4371955
4371956
4371957
4371958
4371959
4371960
4371961
4371962
4371963
4371964
4371966
4371967
4371968
4371971
4371972
4371973
4371975
4371974
4371978
4371979
4371980
4371982
4371983
4371984
4371985
4371986
4371987
4371988
4371989
4371990
4371991
4371992
4371996
4371997
4371999
4372000
4372001
4372003
4372004
4372005
4372006
4372007
4372008
4372010
4372011
4372009
4372012
4372014
4372015
4372016
4372017
4372018
4372019
4372021
4372022
4372023
4372024
4372026
4372027
4372028
4372029
4372031
4372032
4372034
4372035
4372036
4372037
4372039
4372040
4372041
4372042
4372043
4372044
4372045
4372047
4372048
4372049
4372050
4372051
4372052
4372053
4372054
4372055
4372056
4372058
4372059
4372060
4372057