4367303
4367304
4367305
4367318
4367356
4367357
4367369
4367383
4367386
4367388
4367299
4367300
4367301
4367302
4367306
4367307
4367308
4367309
4367310
4367311
4367312
4367314
4367313
4367316
4367317
4367315
4367319
4367320
4367321
4367322
4367323
4367324
4367325
4367327
4367328
4367329
4367330
4367332
4367333
4367334
4367335
4367336
4367337
4367338
4367339
4367340
4367342
4367343
4367344
4367341
4367346
4367347
4367348
4367349
4367350
4367351
4367352
4367353
4367354
4367355
4367358
4367359
4367360
4367361
4367362
4367363
4367364
4367365
4367366
4367367
4367368
4367370
4367371
4367373
4367374
4367375
4367376
4367377
4367378
4367380
4367381
4367382
4367384
4367385
4367387
4367389
4367390
4367391
4367392
4367393
4367394
4367395
4367396
4367397
4367398
4367400
4367401
4367402
4367403
4367404
4367405
4367407
4367408
4367409
4367406
4367411
4367412
4367413
4367414
4367417
4367418
4367420
4367419
4367422
4367423
4367424
4367425
4367426
4367428
4367429
4367430
4367431
4367432
4367433
4367434
4367435
4367437