4364567
4364569
4364570
4364571
4364572
4364573
4364574
4364575
4364576
4364577
4364579
4364582
4364583
4364585
4364586
4364587
4364588
4364589
4364590
4364592
4364591
4364595
4364596
4364599
4364602
4364603
4364604
4364605
4364606
4364607
4364608
4364609
4364610
4364611
4364612
4364613
4364614
4364615
4364616
4364617
4364618
4364619
4364620
4364623
4364624
4364625
4364626
4364627
4364628
4364629
4364630
4364632
4364633
4364634
4364635
4364636
4364637
4364638
4364639
4364642
4364643
4364645
4364646
4364647
4364648
4364649
4364650
4364644
4364653
4364654
4364655
4364656
4364657
4364658
4364659
4364660
4364661
4364662
4364663
4364664
4364666
4364667
4364668
4364669
4364670
4364672
4364673
4364674
4364676
4364677
4364678
4364682
4364683
4364684
4364686
4364687
4364688
4364690
4364691
4364692
4364693
4364694
4364695
4364696
4364697
4364699
4364700
4364701
4364704
4364705
4364706
4364568
4364578
4364580
4364593
4364598
4364600
4364601
4364621
4364622
4364631
4364640
4364641
4364651
4364652
4364665
4364675
4364679
4364680
4364681
4364689
4364581
4364584
4364594
4364597