4369339
4369341
4369289
4369290
4369291
4369292
4369293
4369295
4369299
4369301
4369296
4369298
4369300
4369302
4369306
4369303
4369304
4369305
4369307
4369308
4369312
4369309
4369314
4369315
4369316
4369317
4369318
4369319
4369321
4369322
4369323
4369324
4369325
4369327
4369329
4369328
4369331
4369332
4369334
4369335
4369336
4369337
4369338
4369340
4369342
4369343
4369344
4369345
4369346
4369347
4369348
4369349
4369351
4369353
4369354
4369355
4369352
4369357
4369358
4369356
4369294
4369297
4369310
4369311
4369313
4369333