1521708390862442503
1521912557434507265
1521839849501822978
1521935410506698752
1521686215459803136
1521747808449138688
1521786968895590400
1521795627461578752
1521754220038393857
1521766601682522113
1521805644092870657
1521842120268648449
1521840890142199811
1521954362402213890
1521886148464939011
1521980606149758981
1521871042142212102
1521821967099305984
1521828266880999424
1521857212792119296
1522002402097963008
1521804513434345473
1521936631732838401
1521723839184576514
1521785554899247106
1521749198709923842
1521882374182739974
1521849843995619328
1521857211114434560
1521656084041248768
1521789429685366784
1521827379827650560
1521890119015411712
1521671072642445313
1521701189527744513
1521735143030992897
1521791956208267265
1521848383450853378
1521810735667556353
1521818313759862785
1521801942212751362
1521832025866579972
1521829708278738951
1521854700311785474
1521860974743072776
1521906303819403264
1521720049567940608
1521739116240584704
1521678609215275008
1521807027982450688
1521916464504127488
1521893703064895491
1521859751373590528
1521902557672652805
1521815678843502598
1521905005053235201
1521640850048045056
1521800762313035776
1521845921197215744
1521803153829679105
1521808320838914049
1521853444746792961
1521867591639257089
1521758060615716866
1521876128444600322
1521765440845926403
1521911434371813379
1521973204461441028
1521727630659182592
1521744134578528256
1521759116166848512
1521776782512381953
1521781773172105217
1521892432199180289
1521908916749230081
1521746701605822466
1521863507997777923
1521814492170051588
1521755268186619904
1521764552639234048
1521784443928821760
1521855986096504832
1521834542818115585
1521910108070068225
1521830788064591873
1521950325087047680
1521799390410727424
1521968935771463680
1521988223651700736
1521775504193380352
1521852171318435840
1521888870467608576
1521927809182179328
1521828265215893506
1521931651022036995
1521762862892560384
1521777199350788096
1521778005546348544
1521780527698784256
1521850907494952961
1521824492678524929
1521901255190360065
1521787990930075648
1521842119572434944
1521648342169792514
1521731389116362754
1521844634833629186
1521939003049750533
1521878592585707526
1521772937593991175
1521942881103233024
1521835805169401856
1521898109558833152
1521825939839238144
1521910505476177920
1521906428650438657
1521961896336932866
1521716436695236609
1521742878791417857
1521693704226062337
1521874844622766081
1521663667749765123
1521819459903799299
1521833282526232579
1521837099594534912
1521937727419305984
1521925293639979008
1521898951028494336
1521934246885183489
1521767989435158529
1521697512586989569
1521750379700146177
1521764151781216258
1521920137229750274
1521923922329063425
1521793056227446789
1521811901285638145
1521820755981475841
1521995678922194944
1521826688203636737