1571086
1571087
1571089
1571090
1571091
1571092
1571096
1571097
1571098
1571099
1571100
1571101
1571102
1571103
1571104
1571105
1571107
1571108
1571110
1571111
1571116
1571117
1571118
1571122
1571123
1571124
1571125
1571126
1571134
1571137
1571138
1571140
1571141
1571144
1571145
1571146
1571149
1571152
1571154
1571156
1571158
1571159
1571161
1571162
1571164
1571166
1571167
1571173
1571174
1571176
1571177
1571178
1571183
1571184
1571188
1571190
1571195
1571196
1571197
1571198
1571202
1571208
1571210
1571215
1571216
1571218
1571219
1571221
1571227
1571238
1571243
1571244
1571245
1571247
1571249
1571251
1571254
1571255
1571256
1571257
1571258
1571259
1571265
1571267
1571269
1571270
1571272
1571274
1571275
1571276
1571279
1571280
1571284
1571287
1571288
1571291
1571292
1571293
1571294
1571296
1571297
1571298
1571299
1571301
1571303
1571304
1571305
1571307
1571311
1571312
1571313
1571314
1571315
1571316
1571317
1571319
1571320
1571321
1571322
1571323
1571324
1571325
1571328
1571329
1571330
1571332
1571333
1571334
1571335
1571336
1571337
1571338
1571339
1571340
1571341
1571342
1571343
1571345
1571348
1571349
1571350
1571351
1571352
1571353
1571354
1571355
1571356
1571357
1571358
1571359
1571361
1571362
1571363
1571364
1571365
1571366
1571368
1571369
1571371
1571372
1571373
1571374
1571375
1571376
1571377
1571378
1571380
1571381
1571382
1571383
1571384
1571385
1571386
1571387
1571388
1571390
1571391
1571392
1571393
1571394
1571395
1571396
1571397
1571399
1571400
1571401
1571402
1571403
1571404
1571405
1571406
1571408
1571409
1571410
1571412
1571413
1571414
1571415
1571416
1571417
1571418
1571419
1571420
1571421
1571423
1571425
1571427
1571429
1571431
1571433
1571436
1571437
1571438
1571439
1571441
1571442
1571443
1571449
1571450
1571452
1571453
1571454
1571456
1571457
1571458
1571459
1571460
1571461
1571463
1571466
1571468
1571469
1571470
1571472
1571474
1571475
1571477
1571479
1571483
1571484
1571485
1571486
1571488
1571489
1571490
1571491
1571492
1571494
1571495
1571496
1571499
1571500
1571501
1571502
1571503
1571504
1571505
1571506
1571508
1571509
1571510
1571511
1571512
1571514
1571515
1571516
1571517
1571518
1571520
1571524
1571525
1571526
1571527
1571528
1571529
1571531
1571532
1571533
1571535
1571539
1571541
1571542
1571543
1571544
1571545
1571546
1571547
1571548
1571549
1571550
1571551
1571552
1571553
1571556
1571557
1571559
1571560
1571561
1571562
1571563
1571564
1571565
1571566
1571567
1571569
1571577
1571579
1571580
1571581
1571582
1571585
1571587
1571588
1571589
1571590
1571591
1571594
1571595
1571596
1571598
1571599
1571601
1571602
1571603
1571604
1571605
1571606
1571608
1571610
1571611
1571612
1571613
1571614
1571615
1571616
1571619
1571620
1571621
1571624
1571625
1571627
1571628
1571631
1571632
1571633
1571634
1571635
1571636
1571637
1571639
1571640
1571641
1571642
1571643
1571644
1571645
1571646
1571648
1571649
1571650
1571651
1571652
1571653
1571654
1571655
1571656
1571657
1571658
1571659
1571660
1571661
1571662
1571663
1571664
1571665
1571666
1571667
1571668
1571669
1571670
1571671
1571672
1571673
1571674
1571675
1571676
1571677
1571678
1571679
1571680
1571681
1571683
1571684
1571685
1571686
1571687
1571688
1571689
1571690
1571691
1571692
1571693
1571694
1571695
1571696
1571697
1571700
1571701
1571702
1571703
1571706
1571708
1571709
1571711
1571712
1571714
1571718
1571722
1571724
1571727
1571729
1571730
1571731
1571732
1571734
1571736
1571737
1571738
1571739
1571740
1571741
1571742
1571743
1571744
1571745
1571746
1571747
1571748
1571749
1571750
1571751
1571753
1571754
1571755
1571756
1571757
1571759
1571761
1571762
1571763
1571764
1571765
1571766
1571767
1571768
1571770
1571771
1571772
1571773
1571775
1571777
1571778
1571780
1571782
1571784
1571785
1571787
1571788
1571790
1571791
1571792
1571794
1571795
1571796
1571798
1571799
1571800
1571803
1571804
1571805
1571806
1571807
1571810
1571811
1571812
1571813
1571814
1571815
1571816
1571818
1571819
1571820
1571821
1571822
1571823
1571825
1571826
1571827
1571828
1571832
1571833
1571834
1571835
1571836
1571839
1571840
1571841
1571843
1571844
1571845
1571846
1571848
1571855
1571856
1571857
1571858
1571860
1571861
1571862
1571863
1571864
1571865
1571867
1571868
1571869
1571871
1571872
1571873
1571874
1571875
1571877
1571878
1571879
1571880
1571881
1571882
1571883
1571884
1571886
1571895
1571914
1571916
1571917
1571918
1571919
1571920
1571921
1571922
1571923
1571924
1571925
1571927
1571928
1571929
1571930
1571931
1571932
1571934
1571935
1571936
1571937
1571938
1571939
1571940
1571941
1571942
1571943
1571944
1571945
1571946
1571947
1571949
1571950
1571951
1571952
1571953
1571954
1571956
1571957
1571958
1571959
1571960
1571961
1571962
1571963
1571965
1571966
1571970
1571971
1571972