1640273
1640276
1640281
1640288
1640290
1640292
1640295
1640300
1640307
1640310
1640319
1640322
1640329
1640331
1640337
1640340
1640343
1640351
1640355
1640359
1640360
1640363
1640374
1640366
1640368
1640378
1640370
1640372
1640376
1640386
1640387
1640388
1640397
1640398
1640400
1640401
1640402
1640410
1640409
1640419
1640414
1640416
1640417
1640427
1640428
1640429
1640434
1640430
1640439
1640432
1640436
1640444
1640448
1640449
1640453
1640465
1640466
1640469
1640467
1640468
1640482
1640483
1640501
1640507
1640520
1640524
1640525
1640526
1640533
1640529
1640537
1640549
1640550
1640554
1640551
1640560
1640558
1640562
1640566
1640580
1640582
1640583
1640587
1640589
1640615
1640625
1640630
1640633
1640642
1640651
1640653
1640654
1640663
1640664
1640667
1640671
1640673
1640685
1640686
1640691
1640705
1640706
1640709
1640710
1640716
1640723
1640734
1640740
1640746
1640750
1640752
1640756
1640760
1640773
1640779
1640775
1640776
1640788
1640789
1640790
1640791
1640792
1640794
1640795
1640796
1640799
1640801
1640802
1640803
1640804
1640806
1640813
1640808
1640809
1640814
1640827
1640829
1640838
1640830
1640840
1640834
1640835
1640836
1640837
1640841
1640842
1640844
1640845
1640846
1640847
1640856
1640859
1640865
1640878
1640887
1640888
1640883
1640890
1640897
1640895
1640898
1640910
1640915
1640919
1640929
1640933
1640936
1640943
1640955
1640956
1640960
1640962
1640963
1640972
1640973
1640967
1640979
1640982
1640974
1640976
1640986
1640987
1640980
1640995
1641001
1640994
1641005
1640999
1641000
1641003
1641013
1641007
1641008
1641018
1641010
1641023
1641021
1641022
1641032
1641037
1641041
1641043
1641044
1641047
1641048
1641057
1641066
1641076
1641071
1641073
1641086
1641088
1641091
1640527
1640531
1640534
1640557
1640584
1640585
1640592
1640595
1640596
1640274
1640277
1640278
1640279
1640282
1640283
1640284
1640293
1640296
1640298
1640303
1640304
1640308
1640309
1640311
1640312
1640313
1640314
1640315
1640316
1640317
1640320
1640326
1640328
1640330
1640341
1640342
1640344
1640361
1640364
1640365
1640379
1640382
1640383
1640385
1640390
1640392
1640403
1640404
1640412
1640415
1640418
1640420
1640422
1640423
1640425
1640437
1640441
1640451
1640454
1640456
1640457
1640459
1640462
1640463
1640470
1640473
1640474
1640476
1640477
1640478
1640480
1640484
1640485
1640486
1640487
1640488
1640489
1640490
1640491
1640492
1640495
1640497
1640498
1640502
1640503
1640504
1640505
1640506
1640508
1640510
1640511
1640514
1640516
1640517
1640518
1640521
1640522
1640530
1640535
1640539
1640552
1640556
1640559
1640563
1640564
1640567
1640568
1640569
1640571
1640572
1640573
1640574
1640575
1640576
1640577
1640581
1640588
1640594
1640597
1640600
1640602
1640604
1640606
1640610
1640611
1640614
1640616
1640617
1640618
1640621
1640623
1640624
1640626
1640627
1640628
1640629
1640631
1640634
1640635
1640637
1640638
1640639
1640641
1640647
1640648
1640656
1640658
1640659
1640660
1640665
1640668
1640672
1640674
1640677
1640679
1640680
1640681
1640683
1640687
1640688
1640692
1640694
1640695
1640697
1640698
1640700
1640702
1640711
1640712
1640717
1640718
1640719
1640720
1640721
1640722
1640725
1640726
1640728
1640730
1640735
1640737
1640741
1640742
1640744
1640747
1640748
1640753
1640754
1640755
1640761
1640763
1640764
1640766
1640767
1640768
1640769
1640805
1640810
1640811
1640812
1640816
1640817
1640818
1640820
1640821
1640822
1640823
1640824
1640826
1640831
1640848
1640849
1640850
1640851
1640852
1640853
1640857
1640858
1640860
1640861
1640862
1640863
1640864
1640866
1640867
1640868
1640870
1640871
1640872
1640873
1640874
1640877
1640880
1640882
1640891
1640892
1640893
1640899
1640900
1640901
1640903
1640904
1640907
1640911
1640912
1640913
1640914
1640916
1640917
1640920
1640922
1640923
1640924
1640926
1640927
1640930
1640931
1640932
1640938
1640941
1640942
1640948
1640949
1640950
1640951
1640952
1640957
1640964
1640965
1640966
1640968
1640970
1640975
1640977
1640978
1640983
1640984
1640985
1640988
1640990
1640992
1640993
1640997
1640998
1641009
1641011
1641014
1641017
1641024
1641025
1641026
1641027
1641028
1641030
1641033
1641034
1641035
1641040
1641042
1641045
1641046
1641049
1641050
1641051
1641052
1641053
1641054
1641055
1641056
1641058
1641059
1641060
1641061
1641063
1641064
1641065
1641068
1641069
1641070
1641074
1641080
1641081
1641082
1641083
1641084
1641085
1641089
1641090