1638657
1638658
1638659
1638662
1638663
1638664
1638665
1638666
1638667
1638668
1638669
1638670
1638672
1638673
1638675
1638676
1638677
1638679
1638680
1638682
1638683
1638684
1638685
1638686
1638687
1638688
1638689
1638690
1638693
1638695
1638698
1638699
1638701
1638703
1638704
1638707
1638709
1638711
1638712
1638714
1638715
1638716
1638717
1638718
1638719
1638721
1638722
1638723
1638724
1638725
1638728
1638731
1638732
1638733
1638734
1638735
1638736
1638737
1638738
1638741
1638745
1638747
1638748
1638749
1638751
1638752
1638753
1638754
1638755
1638756
1638757
1638760
1638761
1638763
1638764
1638765
1638766
1638767
1638768
1638769
1638770
1638773
1638774
1638776
1638778
1638780
1638781
1638782
1638784
1638785
1638786
1638788
1638789
1638790
1638792
1638794
1638797
1638800
1638802
1638803
1638807
1638808
1638810
1638811
1638814
1638815
1638816
1638818
1638819
1638820
1638821
1638822
1638827
1638829
1638831
1638832
1638833
1638834
1638835
1638840
1638841
1638843
1638844
1638845
1638846
1638848
1638852
1638855
1638857
1638858
1638859
1638860
1638861
1638862
1638863
1638864
1638866
1638868
1638869
1638870
1638871
1638872
1638874
1638875
1638876
1638877
1638878
1638880
1638881
1638882
1638883
1638885
1638886
1638888
1638891
1638892
1638893
1638895
1638897
1638898
1638900
1638901
1638903
1638904
1638905
1638906
1638907
1638910
1638911
1638912
1638913
1638914
1638915
1638916
1638918
1638919
1638921
1638923
1638924
1638926
1638927
1638929
1638930
1638932
1638934
1638935
1638936
1638937
1638941
1638942
1638943
1638946
1638948
1638950
1638952
1638953
1638954
1638958
1638959
1638960
1638961
1638962
1638963
1638967
1638968
1638970
1638971
1638972
1638974
1638976
1638978
1638980
1638984
1638988
1638989
1638990
1638991
1638992
1638994
1638999
1639001
1639003
1639011
1639014
1639016
1639018
1639020
1639022
1639025
1639028
1639030
1639031
1639033
1639034
1639038
1639039
1639041
1639042
1639044
1639045
1639046
1639047
1639048
1639049
1639051
1639052
1639053
1639054
1639056
1639057
1639058
1639060
1639062
1639064
1639065
1639066
1639067
1639071
1639072
1639073
1639074
1639075
1639076
1639077
1639078
1639080
1639081
1639082
1639083
1639084
1639085
1639087
1639089
1639091
1639094
1639096
1639097
1639098
1639099
1639101
1639103
1639104
1639105
1639106
1639107
1639109
1639111
1639112
1639113
1639114
1639116
1639117
1639122
1639123
1639125
1639126
1639130
1639131
1639132
1639133
1639134
1639137
1639140
1639141
1639142
1639143
1639148
1639149
1639150
1639152
1639153
1639154
1639155
1639156
1639160
1639161
1639163
1639164
1639165
1639166
1639168
1639169
1639171
1639173
1639175
1639177
1639179
1639180
1639183
1639184
1639187
1639188
1639189
1639191
1639192
1639195
1639197
1639199
1639200
1639201
1639203
1639206
1639209
1639211
1639212
1639214
1639217
1639221
1639224
1639226
1639227
1639228
1639229
1639230
1639231
1639232
1639234
1639235
1639236
1639237
1639238
1639239
1639240
1639241
1639244
1639245
1639246
1639250
1639251
1639252
1639253
1639254
1639257
1639258
1639259
1639260
1639262
1639263
1639265
1639268
1639270
1639271
1639272
1639274
1639275
1639276
1639277
1639278
1639279
1639280
1639281
1639282
1639283
1639284
1639285
1639287
1639288
1639289
1639290
1639292
1639293
1639296
1639297
1639298
1639299
1639300
1639301
1639303
1639304
1639305
1639306
1639307
1639308
1639309
1639310
1639312
1639317
1639318
1639320
1639322
1639323
1639325
1639326
1639327
1639329
1639331
1639332
1639334
1639335
1639336
1639337
1639338
1639339
1639340
1639342
1639344
1639345
1639346
1639347
1639348
1639350
1639353
1639354
1639355
1639356
1639358
1639359
1639360
1639364
1639365
1639366
1639367
1639368
1639369
1639371
1639372
1639373
1639374
1639375
1639376
1639377
1639378
1639381
1639382
1639383
1639384
1639387
1639389
1639396
1639397
1639400
1639401
1639403
1639406
1639407
1639408
1639409
1639410
1639411
1639412
1639413
1639414
1639415
1639416
1639417
1639418
1639419
1639420
1639423
1639424
1639425
1639428
1639431
1639433
1639439
1639440
1639441
1639443
1639445
1639446
1639447
1639448
1639449
1639454
1639455
1639456
1639457
1639458
1639460
1639462
1639463
1639465
1639466
1639467
1639470
1639471
1639472
1639473
1639475
1639476
1639478
1639479
1639480
1639481
1639482
1639483
1639485
1639486
1639487
1639488
1639489
1639490
1639491