1422982
1423007
1423015
1423033
1423037
1423041
1423059
1423066
1423073
1423078
1423106
1423107
1423109
1423113
1423140
1423156
1423162
1423178
1423186
1423192
1423248
1423261
1423278
1423315
1423324
1423334
1423340
1423345
1423349
1423374
1423386
1423387
1423388
1423391
1423393
1423415
1423425
1423439
1423472
1423473
1423518
1423547
1423548
1423558
1423566
1423573
1423586
1423587
1423590
1423607
1423611
1423612
1423615
1423616
1423618
1423619
1423621
1423623
1423624
1423629
1423632
1423639
1423641
1423643
1423646
1423648
1423651
1423662
1423664
1423672
1423674
1423689
1423690
1423693
1423695
1423700
1423701
1423704
1423706
1423707
1423719
1423720
1423723
1423724
1423725
1423726
1423731
1423733
1423737
1423741
1423743
1423746
1423749
1423750
1423751
1423756
1423759
1423763
1423765
1423766
1423774
1423780
1423781
1423783
1423784
1423789
1423790
1423792
1423793
1423797
1423801
1423807
1423810
1423811
1423815
1423816
1423817
1423819
1423821
1423825