1574066
1574069
1574073
1574092
1574102
1574103
1574106
1574107
1574110
1574119
1574125
1574131
1574134
1574135
1574143
1574158
1574173
1574185
1574195
1574205
1574210
1574218
1574236
1574238
1574239
1574241
1574250
1574255
1574261
1574267
1574271
1574278
1574281
1574284
1574289
1574299
1574300
1574310
1574318
1574321
1574322
1574331
1574332
1574333
1574345
1574349
1574357
1574363
1574365
1574369
1574375
1574376
1574379
1574381
1574382
1574405
1574406
1574410
1574412
1574407
1574415
1574416
1574408
1574409
1574411
1574413
1574418
1574422
1574419
1574423
1574424
1574426
1574427
1574428
1574430
1574431
1574432
1574433
1574434
1574438
1574440
1574442
1574443
1574444
1574445
1574447
1574448
1574449
1574450
1574451
1574452
1574453
1574454
1574455
1574458
1574463
1574464
1574466
1574467
1574468
1574469
1574470
1574471
1574473
1574474
1574475
1574476
1574478
1574479
1574480
1574481
1574482
1574483
1574484
1574485
1574486
1574487
1574488
1574489
1574490
1574491
1574492
1574493
1574494
1574495
1574496
1574497
1574498
1574499
1574500
1574501
1574502
1574503
1574505
1574506
1574509
1574510
1574511
1574513
1574514
1574516
1574517
1574518
1574519
1574520
1574522
1574523
1574525
1574527
1574528
1574529
1574530
1574531
1574532
1574533
1574534
1574535
1574536
1574537
1574538
1574539
1574540
1574541
1574542
1574543
1574544
1574545
1574546
1574547
1574548
1574549
1574550
1574552
1574553
1574554
1574555
1574556
1574557
1574558
1574559
1574561
1574562
1574563
1574564
1574565
1574566
1574567
1574568
1574569
1574570
1574571
1574572
1574573
1574574
1574575
1574576
1574577
1574578
1574580
1574581
1574582
1574583
1574584
1574585
1574586
1574587
1574588
1574589
1574590
1574591
1574593
1574594
1574595
1574596
1574597
1574598
1574599
1574600
1574601
1574602
1574603
1574605
1574606
1574607
1574608
1574609
1574610
1574611
1574612
1574613
1574614
1574616
1574617
1574618
1574619
1574620
1574621
1574622
1574623
1574624
1574625
1574626
1574627
1574628
1574630
1574631
1574632
1574633
1574634
1574635
1574636
1574637
1574638
1574639
1574640
1574641
1574642
1574643
1574644
1574645
1574646
1574647
1574648
1574649
1574650
1574651
1574652
1574653
1574654
1574655
1574656
1574658
1574659
1574660
1574661
1574662
1574663
1574664
1574665
1574666
1574668
1574669
1574670
1574671
1574672
1574673
1574674
1574675
1574676
1574677
1574678
1574679
1574680
1574682
1574683
1574684
1574685
1574686
1574688
1574689
1574690
1574691
1574692
1574693
1574694
1574695
1574697
1574698
1574699
1574700
1574701
1574702
1574703
1574704
1574705
1574706
1574707
1574708
1574709
1574710
1574711
1574712
1574713
1574714
1574715
1574716
1574717
1574718
1574719
1574720
1574721
1574723
1574724
1574725
1574726
1574727
1574728
1574729
1574730
1574731
1574732
1574734
1574735
1574736
1574737
1574739
1574740
1574741
1574742
1574743
1574744
1574745
1574746
1574747
1574748
1574749
1574753
1574754
1574755
1574756
1574757
1574758
1574759
1574760
1574761
1574762
1574765
1574766
1574767
1574768
1574769
1574770
1574771
1574772
1574774
1574775
1574776
1574777
1574779
1574780
1574781
1574782
1574783
1574784
1574785
1574786
1574787
1574788
1574789
1574790
1574791
1574792
1574793
1574795
1574796
1574797
1574798
1574799
1574800
1574801
1574803
1574804
1574805
1574806
1574807
1574808
1574810
1574811
1574812
1574814
1574815
1574816
1574817
1574818
1574820
1574824
1574827
1574828
1574829
1574831
1574832
1574833
1574834
1574835
1574836
1574837
1574838
1574839
1574840
1574841
1574842
1574843
1574844
1574845
1574846
1574848
1574849
1574850
1574851
1574854
1574855
1574856
1574857
1574858
1574859
1574860
1574862
1574863
1574864
1574865
1574866
1574867
1574869
1574871
1574873
1574874
1574875
1574876
1574877
1574878
1574880
1574881
1574882
1574884
1574885
1574886
1574887
1574888
1574889
1574890
1574891
1574892
1574893
1574895
1574896
1574897
1574898
1574899
1574900
1574902
1574903
1574905
1574906
1574907
1574908
1574910
1574911
1574912
1574913
1574914
1574916
1574917
1574918
1574919
1574921
1574922
1574923
1574924
1574925
1574926
1574928
1574929
1574930
1574931
1574932
1574935
1574936
1574937
1574938
1574939
1574940
1574941
1574942
1574944
1574945
1574946
1574947
1574948
1574949
1574950
1574951
1574952
1574953
1574955
1574956
1574957
1574958
1574960
1574962
1574963
1574964
1574965
1574966
1574967
1574968
1574969
1574970
1574971
1574972
1574973
1574974
1574975
1574976
1574977
1574978
1574979
1574980
1574981
1574982
1574983
1574984
1574985
1574986
1574987
1574988
1574990
1574991
1574992
1574993
1574995
1574996
1574997
1574998
1574999
1575000
1575001
1575002
1575003
1575004
1575005
1575006
1575007
1575008
1575009
1575010
1575012
1575013
1575014
1575015
1575016
1575017
1575019
1575020
1575021
1575022
1575023
1575024
1575025
1575026
1575027
1575028
1575029
1575030
1575031
1575032
1575034
1575035
1575036
1575037
1575038
1575040
1575041
1575042
1575043
1575044
1575046
1575047
1575048
1575049
1575050
1575051
1575052
1575053
1575054
1575055
1575057
1575058
1575059
1575060
1575061
1575062
1575065
1575066
1575069
1575070
1575071
1575072
1575073
1575074
1575075
1575076
1575077
1575078
1575080
1575081
1575082
1575083
1575084
1575085
1575086
1575087
1575088
1575089
1575091
1575092
1575093
1575095
1575096
1575097
1575098
1575099
1575100
1575101
1575103
1575104
1575106
1575107
1575108
1575109
1575111
1575112
1575113
1575115
1575116
1575117
1575119
1575120
1575121
1575123
1575124
1575125
1575126
1575127
1575128
1575129
1575130
1575133
1575134
1575136
1575137
1575138
1575139
1575140
1575141
1575142
1575143
1575144
1575145
1575146
1575148
1575149
1575150
1575151
1575152
1575153
1575154
1575155
1575156
1575157
1575158
1575159
1575160
1575161
1575163
1575164
1575165
1575166
1575168
1575169
1575170
1575171
1575173
1575177
1575179
1575180
1575181
1575182
1575183
1575184
1575185
1575186
1575187
1575189
1575190
1575191
1575192
1575193
1575194
1575195
1575196
1575197
1575198
1575199
1575200
1575201
1575202
1575203
1575205
1575206
1575207
1575209
1575210
1575211
1575212
1575214
1575215
1575216
1575217
1575218
1575219
1575220
1575221
1575222
1575224
1575225
1575226
1575227
1575228
1575230
1575231
1575232
1575233
1575234
1575235
1575236
1575238
1575239
1575240
1575241
1575242
1575243
1575244
1575246
1575247
1575248
1575249
1575250
1575251
1575252
1575253
1575254
1575255
1575256
1575257
1575258
1575259
1575260
1575261
1575262
1575263
1575265
1575266
1575267
1575268
1575269
1575270
1575271
1575272
1575273
1575274
1575275
1575276
1575277
1575279
1575280
1575283
1575284
1575285
1575286
1575287
1575288
1575290
1575292
1575293
1575294
1575295
1575296
1575297
1575298
1575299
1575301
1575302
1575303
1575304
1575305
1575306
1575308
1575309
1575311
1575312
1575313
1575314
1575315
1575316
1575318
1575319
1575320
1575321
1575323
1575326
1575327
1575329
1575330
1575333
1575334
1575335
1575339
1575341
1575342
1575343
1575345
1575346
1575347
1575348
1575349
1575352
1575354
1575356
1575358
1575359
1575360
1575361
1575363
1575364
1575365
1575366
1575367
1575369
1575370
1575375
1575376
1575377
1575378
1575379
1575380
1575381
1575382
1575384
1575385
1575386
1575387
1575388
1575389
1575390
1575392
1575395
1575397
1575399
1575400
1575401
1575402
1575403
1575404
1575405
1575406
1575407
1575409
1575412
1575414
1575416
1575417
1575418
1575419
1575420
1575421
1575422
1575423
1575426
1575428
1575429
1575430
1575431
1575432
1575436
1575437
1575438
1575439
1575440
1575442
1575444
1575445
1575446
1575447
1575448
1575449
1575450
1575451
1575452
1575453
1575454
1575455
1575456
1575457
1575458
1575459
1575460
1575461
1575462
1575463
1575465
1575466
1575468
1575469
1575471
1575472
1575473
1575474
1575475
1575476
1575477
1575478
1575479
1575480
1575481
1575482
1575483
1575484
1575485
1575486
1575487
1575488
1575490
1575491
1575492
1575493
1575494
1575495
1575497
1575498
1575499
1575500
1575501
1575502
1575503
1575504
1575506
1575507
1575508
1575509
1575510
1575512
1575513
1575514
1575516
1575517
1575518
1575519
1575520
1575521
1575523
1575524
1575525
1575527
1575528
1575529
1575530
1575531
1575532
1575533
1575534
1575535
1575536
1575537
1575538
1575539
1575540
1575541
1575542
1575543
1575544
1575545
1575547
1575548
1575550
1575551
1575552
1575553
1574067
1574070
1574071
1574074
1574075
1574076
1574077
1574078
1574080
1574082
1574083
1574084
1574085
1574087
1574088
1574089
1574090
1574093
1574094
1574097
1574098
1574099
1574100
1574101
1574105
1574108
1574111
1574112
1574113
1574114
1574115
1574116
1574117
1574118
1574120
1574124
1574129
1574130
1574136
1574137
1574138
1574139
1574147
1574148
1574150
1574151
1574152
1574153
1574154
1574155
1574157
1574159
1574160
1574162
1574163
1574164
1574165
1574166
1574167
1574168
1574169
1574170
1574171
1574172
1574174
1574176
1574177
1574178
1574179
1574180
1574182
1574183
1574184
1574186
1574187
1574188
1574189
1574190
1574191
1574194
1574196
1574197
1574199
1574200
1574208
1574209
1574213
1574214
1574215
1574216
1574219
1574220
1574221
1574222
1574223
1574224
1574227
1574228
1574230
1574232
1574240
1574243
1574244
1574245
1574246
1574247
1574248
1574249
1574252
1574256
1574257
1574258
1574260
1574262
1574263
1574264
1574265
1574266
1574268
1574269
1574270
1574272
1574274
1574275
1574276
1574277
1574279
1574280
1574282
1574283
1574285
1574286
1574287
1574288
1574291
1574292
1574293
1574294
1574295
1574298
1574303
1574304
1574305
1574307
1574309
1574311
1574312
1574313
1574314
1574315
1574323
1574324
1574325
1574326
1574327
1574328
1574329
1574330
1574334
1574337
1574338
1574339
1574340
1574341
1574342
1574343
1574344
1574346
1574347
1574348
1574350
1574351
1574352
1574354
1574355
1574356
1574358
1574360
1574361
1574364
1574366
1574367
1574368
1574370
1574371
1574372
1574377
1574378
1574380
1574383
1574384
1574386
1574387
1574388
1574389
1574391
1574393
1574398
1574402
1574403