1506894
1506895
1506900
1506902
1506903
1506904
1506905
1506907
1506908
1506909
1506911
1506913
1506915
1506917
1506920
1506922
1506923
1506924
1506925
1506926
1506927
1506928
1506930
1506931
1506932
1506933
1506934
1506935
1506936
1506939
1506940
1506941
1506942
1506944
1506945
1506946
1506947
1506948
1506950
1506951
1506952
1506953
1506955
1506956
1506957
1506958
1506959
1506961
1506962
1506963
1506964
1506967
1506969
1506970
1506972
1506973
1506976
1506977
1506978
1506979
1506980
1506981
1506983
1506986
1506987
1506988
1506989
1506990
1506991
1506992
1506993
1506994
1506996
1506999
1507000
1507001
1507002
1507003
1507004
1507005
1507006
1507007
1507008
1507009
1507010
1507011
1507012
1507013
1507014
1507015
1507016
1507019
1507021
1507022
1507024
1507026
1507029
1507030
1507031
1507032
1507033
1507034
1507036
1507037
1507039
1507040
1507041
1507042
1507044
1507045
1507046
1507047
1507048
1507050
1507052
1507053
1507056
1507058
1507059
1507061
1507062
1507063
1507064
1507066
1507067
1507068
1507070
1507071
1507072
1507074
1507076
1507077
1507078
1507079
1507081
1507082
1507083
1507084
1507085
1507090
1507092
1507094
1507095
1507096
1507097
1507098
1507099
1507100
1507101
1507103
1507105
1507106
1507108
1507109
1507110
1507111
1507112
1507114
1507116
1507118
1507119
1507122
1507123
1507125
1507126
1507127
1507128
1507129
1507130
1507134
1507135
1507136
1507137
1507138
1507139
1507140
1507141
1507143
1507144
1507146
1507147
1507149
1507153
1507155
1507157
1507158
1507159
1507161
1507162
1507164
1507166
1507167
1507170
1507171
1507172
1507173
1507174
1507176
1507183
1507185
1507186
1507193
1507195
1507196
1507197
1507199
1507200
1507201
1507203
1507204
1507205
1507207
1507210
1507211
1507213
1507215
1507216
1507219
1507221
1507222
1507230
1507238
1507242
1507244
1507246
1507252
1507254
1507256
1507257
1507258
1507259
1507260
1507261
1507263
1507265
1507267
1507268
1507270
1507271
1507272
1507273
1507274
1507275
1507277
1507278
1507279
1507280
1507281
1507282
1507284
1507289
1507290
1507291
1507292
1507293
1507297
1507298
1507299
1507301
1507302
1507304
1507305
1507308
1507309
1507311
1507312
1507313
1507315
1507317
1507318
1507319
1507320
1507321
1507322
1507323
1507324
1507327
1507328
1507329
1507330
1507332
1507333
1507336
1507341
1507343
1507345
1507347
1507348
1507349
1507350
1507354
1507355
1507357
1507359
1507360
1507362
1507365
1507367
1507372
1507373
1507374
1507375
1507379
1507381
1507382
1507388
1507389
1507390
1507392
1507393
1507394
1507396
1507398
1507399
1507400
1507401
1507404
1507405
1507407
1507408
1507411
1507412
1507418
1507420
1507427
1507428
1507431
1507433
1507435
1507436
1507441
1507450
1507452
1507453
1507456
1507459
1507461
1507462
1507467
1507469
1507470
1507471
1507472
1507473
1507474
1507475
1507481
1507483
1507484
1507485
1507488
1507491
1507492
1507494
1507495
1507496
1507497
1507500
1507502
1507503
1507505
1507506
1507508
1507512
1507513
1507514
1507515
1507520
1507521
1507522
1507524
1507525
1507526
1507527
1507528
1507529
1507533
1507534
1507535
1507536
1507537
1507538
1507539
1507540
1507542
1507543
1507544
1507545
1507546
1507547
1507549
1507550
1507551
1507552
1507553
1507554
1507555
1507556
1507557
1507558
1507559
1507560
1507561
1507562
1507563
1507564
1507565
1507567
1507568
1507569
1507570
1507571
1507572
1507573
1507574
1507577
1507578
1507579
1507581
1507582
1507583
1507584
1507585
1507586
1507587
1507588
1507589
1507591
1507592
1507593
1507594
1507595
1507596
1507597
1507598
1507599
1507600
1507601
1507602
1507603
1507604
1507605
1507606
1507608
1507612
1507613
1507614
1507615
1507617
1507618
1507620
1507623
1507624
1507626
1507627
1507629
1507630
1507633
1507634
1507635
1507636
1507638
1507641
1507642
1507644
1507645
1507648
1507649
1507650
1507651
1507652
1507653
1507656
1507658
1507659
1507660
1507662
1507663
1507664
1507665