1713063
1713066
1713067
1713068
1713069
1713071
1713072
1713073
1713076
1713077
1713078
1713079
1713080
1713082
1713083
1713084
1713086
1713088
1713089
1713090
1713091
1713092
1713093
1713094
1713095
1713096
1713097
1713098
1713100
1713101
1713102
1713103
1713104
1713105
1713106
1713107
1713108
1713109
1713110
1713111
1713114
1713115
1713116
1713117
1713118
1713119
1713120
1713121
1713122
1713123
1713125
1713126
1713127
1713128
1713129
1713132
1713133
1713135
1713136
1713137
1713138
1713140
1713141
1713142
1713143
1713144
1713145
1713146
1713147
1713148
1713149
1713150
1713151
1713152
1713153
1713154
1713156
1713157
1713158
1713161
1713162
1713163
1713164
1713165
1713166
1713167
1713168
1713169
1713170
1713171
1713172
1713173
1713174
1713175
1713176
1713177
1713178
1713179
1713181
1713183
1713184
1713185
1713186
1713189
1713190
1713191
1713193
1713194
1713195
1713197
1713198
1713200
1713201
1713202
1713204
1713205
1713207
1713208
1713209
1713210
1713211
1713214
1713219
1713220
1713223
1713224
1713225
1713227
1713228
1713232
1713233
1713234
1713236
1713237
1713238
1713239
1713240
1713241
1713242
1713246
1713248
1713250
1713251
1713253
1713254
1713258
1713259
1713260
1713261
1713262
1713263
1713270
1713272
1713274
1713275
1713277
1713278
1713281
1713282
1713285
1713286
1713287
1713288
1713289
1713290
1713291
1713293
1713296
1713297
1713298
1713299
1713302
1713303
1713305
1713306
1713308
1713309
1713310
1713311
1713312
1713313
1713315
1713316
1713318
1713319
1713320
1713325
1713327
1713329
1713331
1713332
1713334
1713337
1713342
1713343
1713345
1713346
1713347
1713348
1713349
1713350
1713351
1713352
1713353
1713354
1713355
1713356
1713358
1713359
1713361
1713362
1713363
1713364
1713365
1713366
1713367
1713368
1713370
1713371
1713373
1713376
1713377
1713378
1713379
1713380
1713382
1713385
1713386
1713387
1713388
1713389
1713390
1713392
1713393
1713394
1713395
1713396
1713397
1713398
1713399
1713400
1713401
1713402
1713404
1713405
1713406
1713407
1713410
1713411
1713412
1713413
1713414
1713415
1713416
1713417
1713418
1713419
1713420
1713421
1713422
1713423
1713424
1713425
1713427
1713428
1713429
1713430
1713431
1713432
1713435
1713436
1713437
1713439
1713440
1713441
1713442
1713443
1713444
1713445
1713447
1713448
1713449
1713450
1713451
1713452
1713453
1713454
1713456
1713457
1713458
1713459
1713460
1713461
1713462
1713463
1713464
1713465
1713466
1713467
1713468
1713469
1713470
1713471
1713472
1713473
1713474
1713476
1713477
1713479
1713480
1713481
1713482
1713483
1713484
1713485
1713486
1713487
1713488
1713489
1713490
1713491
1713492
1713493
1713494
1713495
1713496
1713497
1713498
1713499
1713500
1713502
1713503
1713504
1713505
1713506
1713508
1713509
1713510
1713511
1713512
1713514
1713515
1713516
1713517
1713518
1713522
1713524
1713525
1713527
1713529
1713530
1713531
1713533
1713534
1713536
1713538
1713539
1713541
1713543
1713547
1713548
1713549
1713550
1713551
1713553
1713554
1713555
1713557
1713561
1713563
1713564
1713565
1713566
1713568
1713569
1713570
1713572
1713573
1713574
1713575
1713576
1713577
1713578
1713579
1713581
1713582
1713583
1713584
1713585
1713586
1713587
1713590
1713591
1713592
1713593
1713594
1713595
1713596
1713597
1713598
1713599
1713600
1713601
1713602
1713603
1713604
1713605
1713606
1713607
1713608
1713609
1713612
1713613
1713614
1713618
1713620
1713621
1713622
1713623
1713624
1713625
1713626
1713628
1713629
1713631
1713633
1713634
1713635
1713636
1713637
1713638
1713639
1713640
1713641
1713642
1713643
1713644
1713645
1713646
1713647
1713648
1713649
1713650
1713652
1713653
1713655
1713657
1713658
1713659
1713660
1713661
1713662
1713663
1713666
1713667
1713668
1713669
1713672
1713673
1713674
1713675
1713676
1713677
1713678
1713680
1713681
1713682
1713685
1713688
1713690
1713691
1713692
1713693
1713694
1713695
1713696
1713697
1713698
1713699
1713700
1713701
1713703
1713705
1713706
1713707
1713709
1713710
1713712
1713713
1713716
1713718
1713719
1713720
1713721
1713722
1713725
1713726
1713727
1713728
1713730
1713731
1713732
1713733
1713735
1713736
1713740
1713741
1713742
1713743
1713744
1713745
1713746
1713748
1713750
1713751
1713752
1713753
1713755
1713757
1713759
1713760
1713762
1713764
1713765
1713766
1713767
1713768
1713770
1713771
1713773
1713774
1713775
1713777
1713778
1713780
1713781
1713782
1713783
1713784
1713785
1713787
1713790
1713791
1713793
1713796
1713797
1713798
1713799
1713800
1713801
1713802
1713803
1713804
1713805
1713807
1713808
1713809
1713810
1713811
1713812
1713813
1713816
1713817
1713819
1713821
1713822
1713823
1713824
1713825
1713826
1713827
1713828
1713829
1713830
1713831
1713832
1713833
1713834
1713836
1713838
1713840
1713841
1713842
1713843
1713844
1713846
1713847
1713848
1713849
1713850
1713853
1713855
1713858
1713859
1713860
1713861
1713862
1713863
1713866
1713868
1713870
1713871
1713873
1713874
1713876
1713877
1713878
1713879
1713880
1713882
1713883
1713885
1713886
1713888
1713889
1713890
1713892
1713893
1713894
1713896
1713897
1713898
1713899
1713900
1713901
1713902
1713903
1713904
1713905
1713906
1713907
1713908
1713909
1713910
1713912
1713913
1713914
1713915
1713916
1713917
1713918
1713919
1713920
1713921
1713923
1713925
1713926
1713927
1713932
1713933
1713935
1713936
1713937
1713938
1713940
1713941
1713943
1713947
1713950
1713951
1713952
1713953
1713954
1713955
1713956
1713959
1713960
1713961
1713962
1713963
1713964
1713965
1713966
1713967
1713969
1713971
1713972
1713973
1713975
1713976
1713977
1713979
1713981
1713984
1713987
1713988
1713989
1713990
1713993
1713994
1713995
1713996
1713997
1713999
1714000
1714001
1714003
1714004
1714006
1714007
1714009
1714010
1714011
1714012
1714013
1714014
1714016
1714017
1714018
1714019
1714021
1714022
1714024
1714026
1714027
1714028
1714029
1714030
1714033
1714034
1714036
1714037
1714039
1714041
1714042
1714043
1714045
1714048
1714049
1714051
1714052
1714053
1714055
1714056
1714057
1714058
1714063
1714065
1714067
1714068
1714070
1714073
1714074
1714075
1714076
1714077
1714079
1714080
1714081
1714082
1714083
1714085
1714086
1714087
1714088
1714089
1714090
1714094
1714096
1714099
1714102
1714104
1714106
1714107
1714111
1714112
1714116
1714118
1714119
1714120
1714121
1714122
1714123
1714124
1714125
1714129
1714133
1714135
1714136
1714137
1714138
1714139
1714140
1714141
1714144
1714146
1714147
1714148
1714151
1714153
1714156
1714157
1714158
1714160
1714163
1714164
1714165
1714166
1714168
1714169
1714170
1714172
1714173
1714174
1714175
1714176
1714177
1714178
1714180
1714182
1714183
1714184
1714186
1714187
1714188
1714189
1714190
1714191
1714192
1714193
1714194
1714196
1714197
1714198
1714199
1714200
1714201
1714202
1714203
1714204
1714206
1714207
1714208
1714209
1714210
1714211
1714214
1714215
1714217
1714218
1714219
1714221
1714222
1714223
1714224
1714225
1714226
1714227
1714232
1714234
1714235
1714237
1714238
1714239
1714240
1714241
1714242
1714243
1714244
1714246
1714249
1714250
1714251
1714252
1714254
1714255
1714256
1714257
1714258
1714260
1714261
1714262
1714263
1714264
1714265
1714267
1714268
1714269
1714270
1714271
1714272
1714274
1714276
1714277
1714278
1714279
1714281
1714282
1714283
1714284
1714286
1714287
1714288
1714289
1714290
1714292
1714293
1714294
1714295
1714296
1714297
1714298
1714299
1714300
1714301
1714302
1714303
1714304
1714305
1714306
1714307
1714308
1714309
1714310
1714311
1714312
1714313
1714314
1714316
1714317
1714319
1714320
1714321
1714322
1714324
1714325
1714327
1714329