652412
652413
652414
652415
652417
652418
652419
652420
652421
652422
652423
652424
652425
652426
652427
652428
652429
652430
652431
652432
652433
652434
652435
652436
652438
652439
652440
652441
652442
652443
652444
652445
652446
652447
652448
652449
652450
652451
652452
652453
652455
652456
652457
652458
652459
652461
652462
652464
652465
652467
652468
652469
652470
652471
652473
652474
652475
652477
652478
652479
652481
652482
652483
652484
652486
652487
652488
652490
652491
652492
652493
652494
652496
652499
652500
652501
652502
652503
652504
652505
652506
652507
652508
652509
652510
652511
652512
652514
652515
652516
652518
652519
652520
652521
652523
652525
652527
652529
652531
652532
652533
652534
652535
652536
652538
652539
652540
652541
652543
652544
652545
652546
652547
652548
652549
652550
652551
652553
652554
652556
652557
652558
652559
652565
652566
652567
652568
652569
652570
652571
652572
652573
652575
652576
652577
652578
652579
652580
652581
652583
652584
652585
652586
652587
652588
652590
652591
652592
652593
652594
652595
652596
652597
652598
652599
652600
652601
652602
652603
652604
652607
652608
652611
652612
652613
652614
652615
652616
652617
652619
652620
652621
652622
652623
652624
652625
652626
652627
652628
652630
652631
652632
652633
652634
652635
652637
652638
652639
652640
652641
652642
652643
652644
652645
652646
652647
652649
652650
652651
652652
652653
652654
652656
652657
652658
652659
652660
652661
652662
652663
652664
652666
652667
652668
652669
652671
652672
652673
652674
652676
652677
652678
652679
652680
652682
652683
652684
652685
652686
652687
652688
652689
652690
652691
652692
652693
652696
652697
652698
652699
652700
652701
652702
652703
652704
652705
652706
652707
652708
652709
652711
652712
652713
652715
652716
652717
652718
652719
652720
652724
652725
652727
652728
652729
652730
652731
652732
652733
652734
652735
652736
652737
652738
652739
652740
652744
652745
652746
652747
652749
652750
652751
652752
652753
652754
652755
652757
652759
652760
652761
652762
652763
652764
652766
652767
652768
652769
652770
652771
652774
652775
652776
652777
652779
652780
652782
652784
652785
652786
652787
652788
652789
652790
652791
652792
652793
652794
652795
652796
652798
652799
652800
652801
652802
652803
652805
652806
652808
652811
652812
652813
652814
652815
652816
652817
652818
652819
652820
652821
652822
652823
652825
652826
652827
652828
652829
652830
652831
652832
652833
652834
652835
652836
652837
652838
652839
652841
652842
652843
652844
652845
652846
652847
652848
652849
652850
652851
652852
652853
652854
652855
652856
652858
652859
652860
652861
652862
652863
652864
652865
652866
652868
652869
652870
652871
652872
652873
652874
652875
652876
652877
652880
652881
652882
652883
652884
652885
652886
652887
652888
652889
652890
652891
652892
652893
652894
652896
652897
652898
652899
652900
652901
652902
652903
652905
652906
652907
652908
652909
652910
652911
652912
652913
652914
652915
652916
652917
652918
652919
652920
652921
652922
652923
652924
652925
652926
652927
652928
652929
652930
652931