653382
653383
653384
653385
653386
653387
653388
653389
653390
653391
653392
653393
653395
653398
653399
653400
653402
653403
653404
653405
653406
653407
653408
653409
653410
653413
653414
653415
653416
653417
653418
653419
653421
653422
653423
653425
653426
653427
653428
653429
653430
653431
653432
653433
653434
653435
653436
653437
653438
653441
653442
653443
653444
653445
653446
653447
653448
653449
653450
653451
653452
653453
653454
653455
653456
653458
653459
653460
653461
653462
653463
653464
653465
653466
653467
653468
653469
653470
653471
653472
653473
653476
653477
653479
653482
653483
653486
653487
653488
653489
653490
653491
653492
653493
653495
653496
653497
653498
653499
653500
653501
653502
653503
653504
653505
653506
653508
653509
653510
653511
653513
653514
653515
653518
653519
653520
653521
653523
653524
653525
653526
653527
653528
653529
653530
653531
653532
653533
653535
653536
653537
653538
653539
653540
653542
653544
653545
653546
653547
653549
653551
653552
653554
653555
653556
653557
653558
653559
653560
653563
653565
653567
653568
653569
653570
653571
653572
653573
653574
653575
653576
653577
653578
653579
653580
653581
653582
653583
653584
653585
653586
653587
653588
653589
653590
653591
653592
653593
653594
653595
653596
653597
653598
653599
653603
653604
653607
653608
653609
653610
653613
653616
653617
653618
653619
653620
653621
653622
653623
653624
653629
653630
653631
653632
653634
653635
653637
653638
653639
653640
653641
653642
653644
653646
653649
653650
653651
653653
653654
653655
653656
653657
653658
653659
653661
653664
653665
653669
653672
653675
653676
653677
653679
653680
653692
653693
653694
653697
653698
653699
653700
653702
653703
653704
653705
653706