560109
560111
560112
560113
560116
560117
560119
560120
560122
560124
560125
560126
560127
560130
560131
560135
560136
560137
560140
560141
560142
560143
560144
560146
560148
560150
560151
560159
560160
560161
560162
560165
560166
560168
560169
560170
560171
560174
560178
560180
560182
560183
560184
560185
560187
560188
560189
560191
560192
560193
560194
560195
560198
560199
560200
560201
560202
560203
560204
560205
560206
560207
560209
560210
560211
560212
560213
560215
560216
560217
560218
560219
560220
560221
560222
560223
560224
560225
560227
560228
560229
560230
560233
560235
560238
560240
560243
560244
560246
560247
560248
560249
560250
560251
560252
560253
560254
560255
560256
560257
560258
560260
560261
560262
560264
560267
560269
560270
560272
560278
560283
560284
560286
560287
560289
560291
560292
560293
560294
560295
560297
560299
560300
560302
560305
560306
560309
560310
560311
560312
560317
560318
560319
560320
560321
560322
560323
560328
560331
560332
560334
560335
560337
560338
560341
560342
560344
560345
560346
560347
560348
560350
560351
560352
560353
560354
560358
560359
560364
560365
560372
560374
560410
560416
560436
560460
560461
560465
560466
560474
560527
560528
560529
560531
560532
560533
560534
560535
560536
560537
560538
560539
560541
560543
560544
560545
560546
560547
560549
560550
560553
560554
560555
560556
560558
560559
560560
560561
560563
560564
560565
560566
560567
560568
560569
560571
560572
560573
560574
560575
560577
560579
560581
560582
560583
560584
560585
560586
560588
560589
560590
560591
560592
560593
560597
560598
560599
560600
559930
559931
559932
559933
559940
559941
559942
559943
559944
559946
559950
559951
559962
559965
559966
559967
559969
559970
559971
559972
559974
559977
559978
559979
559991
559992
560001
560003
560008
560009
560018
560024
560027
560030
560037
560040
560041
560043
560051
560053
560056
560060
560062
560063
560064
560065
560066
560076
560080
560082
560086
560092
560094
560095
560100
560105
560106
560107
560110
560114
560115
560121
560129
560134
560138
560145
560149
560153
560154
560155
560157
560158
560164
560167
560172
560177
560179
560186
560196
560208
560231
560232
560234
560236
560237
560239
560241
560245
560263
560265
560266
560268
560271
560274
560275
560277
560279
560280
560281
560282
560285
560288
560296
560298
560303
560307
560308
560324
560325
560326
560327
560329
560340
560343
560349
560355
560356
560357
560361
560362
560363
560366
560368
560369
560370
560371
560373
560375
560376
560377
560378
560379
560380
560381
560382
560383
560384
560386
560387
560388
560389
560390
560391
560392
560393
560394
560396
560397
560398
560399
560400
560401
560402
560403
560404
560405
560406
560407
560408
560409
560411
560412
560413
560414
560415
560417
560418
560419
560420
560421
560422
560423
560425
560427
560428
560429
560430
560431
560432
560433
560434
560435
560437
560438
560439
560440
560441
560442
560443
560444
560445
560446
560447
560448
560449
560451
560452
560453
560454
560455
560456
560457
560458
560459
560462
560463
560464
560467
560468
560470
560471
560472
560473
560476
560477
560478
560479
560481
560480
560483
560484
560486
560487
560488
560490
560491
560492
560493
560494
560496
560498
560499
560500
560501
560502
560503
560504
560505
560506
560507
560508
560509
560510
560511
560512
560513
560514
560515
560517
560518
560519
560520
560521
560524
560525
560530
560551
560552
560557
560562
560576
560578
560587
560595
560601
560602
560603
560604
560605
560606
560607
560608
560609
560610
560611
560612
560614
560615
560616
560617
560618
559934
559935
559937
559939
559945
559947
559948
559952
559953
559954
559955
559956
559957
559958
559963
559968
559973
559975
559976
559980
559981
559982
559983
559984
559985
559986
559987
559988
559993
559994
559995
559997
559998
559999
560000
560002
560004
560005
560006
560007
560011
560012
560013
560014
560015
560016
560017
560020
560022
560023
560025
560028
560029
560031
560032
560033
560034
560035
560038
560039
560045
560046
560047
560049
560050
560052
560054
560057
560058
560067
560068
560070
560071
560072
560073
560075
560078
560081
560083
560084
560085
560087
560088
560089
560090
560091
560093
560096
560097
560099
560101
560102
560103
560108