670828
670829
670831
670832
670834
670838
670839
670840
670841
670843
670844
670845
670847
670848
670849
670852
670856
670858
670859
670860
670861
670862
670863
670864
670865
670866
670867
670868
670869
670870
670871
670872
670875
670876
670877
670878
670879
670880
670881
670882
670883
670885
670886
670887
670888
670889
670890
670891
670892
670893
670894
670895
670896
670898
670900
670901
670903
670743
670745
670746
670748
670749
670750
670753
670755
670757
670759
670769
670770
670786
670789
670811
670814
670815
670819
670820
670821
670822
670823
670824
670827
670833
670835
670837
670850
670855
670857
670873
670884
670902
670904
670905
670906
670907
670909
670910
670911
670912
670913
670914
670915
670917
670918
670919
670747
670751
670752
670754
670756
670758
670761
670762
670763
670767
670768
670771
670772
670773
670774
670775
670776
670777
670779
670780
670781
670782
670785
670787
670788
670790
670791
670793
670794
670795
670796
670799
670800
670801
670803
670805
670808
670809
670810
670812
670816
670817
670825
670826