590703
590704
590707
590708
590709
590710
590711
590712
590713
590714
590715
590716
590717
590718
590719
590720
590721
590722
590724
590725
590726
590728
590729
590730
590732
590733
590734
590735
590736
590737
590739
590742
590743
590744
590745
590747
590748
590750
590751
590752
590753
590754
590755
590756
590757
590758
590759
590761
590762
590763
590764
590765
590766
590768
590769
590770
590771
590772
590773
590774
590775
590777
590778
590779
590780
590782
590783
590785
590786
590787
590788
590790
590791
590792
590793
590794
590796
590798
590799
590800
590801
590802
590803
590804
590805
590807
590808
590809
590810
590811
590812
590813
590814
590815
590816
590818
590819
590820
590821
590822
590823
590824
590825
590826
590827
590829
590830
590831
590832
590834
590835
590836
590837
590839
590840
590841
590842
590844
590845
590846
590848
590849
590850
590851
590853
590854
590855
590857
590858
590859
590860
590861
590862
590863
590865
590866
590867
590869
590871
590873
590874
590875
590877
590878
590879
590880
590881
590882
590884
590888
590889
590890
590891
590892
590895
590896
590897
590899
590900
590901
590902
590903
590904
590905
590906
590908
590909
590910
590911
590912
590913
590914
590916
590917
590918
590919
590920
590921
590922
590923
590924
590925
590927
590928
590929
590930
590931
590932
590934
590935
590936
590937
590938
590939
590940
590943
590944
590945
590946
590948
590949
590950
590951
590953
590954
590956
590958
590959
590960
590961
590962
590963
590964
590965
590966
590967
590968
590969
590970
590971
590972
590973
590974
590976
590977
590978
590979
590980
590981
590982
590983
590984
590985
590986
590987
590988
590989
590990
590991
590993
590994
590995
590996
590997
590998
590999
591001
591002
591003
591004
591006
591007
591008
591009
591010
591011
591012
591013
591014
591015
591016
591019
591020
591021
591023
591025
591026
591027
591028
591029
591032
591033
591034
591035
591038
591039
591040
591041
591043
591044
591045
591046
591047
591048
591049
591050
591053
591054
591055
591056
591057
591060
591063
591065
591067
591068
591070
591072
591074
591076
591077
591079
591080
591082
591083
591084
591086
591087
591089
591091
591093
591094
591097
591098
591101
591102
591103
591104
591106
591107
591109
591110
591112
591113
591115
591116
591117
591118
591120
591122
591123
591124
591125
591126
591127
591128
591129
591130
591131
591132
591133
591134
591135
591136
591137
591138
591139
591140
591141
591142
591143
591144
591146
591147
591149
591150
591151
591154
591155
591156
591157
591158
591159
591160
591162
591163
591164
591166
591167
591168
591169
591170
591171
591172
591173
591174
591176
591177
591179
591180
591181
591182
591184
591185
591186
591187
591188
591190
591191
591192
591193
591194
591195
591196
591197
591198
591200
591201
591202
591203
591204
591205
591206
591207
591209
591211
591212
591213
591214
591215
591216
591217
591218
591219
591220
591222
591223
591224
591225
591226
591227
591228
591229
591230
591231
591232
591233
591234
591236
591237
591238
591239
591240
591241
591242
591243
591244
591245
591246
591247
591248
591249
591250
591251
591252
591253