655552
655554
655555
655557
655558
655564
655568
655569
655570
655571
655575
655576
655577
655578
655579
655580
655581
655583
655585
655588
655596
655603
655604
655605
655608
655614
655615
655618
655619
655623
655624
655625
655627
655628
655629
655630
655631
655632
655634
655637
655639
655643
655644
655647
655648
655649
655650
655651
655652
655653
655655
655656
655657
655658
655659
655660
655661
655662
655663
655665
655666
655667
655668
655669
655670
655671
655674
655675
655676
655677
655682
655683
655684
655687
655688
655689
655690
655691
655692
655693
655694
655695
655696
655697
655698
655699
655701
655702
655703
655704
655705
655707
655708
655710
655712
655713
655715
655716
655717
655718
655720
655721
655722
655723
655724
655725
655726
655727
655728
655729
655730
655732
655733
655735
655736
655738
655739
655741
655742
655745
655747
655748
655750
655751
655752
655754
655758
655759
655761
655763
655764
655765
655766
655768
655769
655771
655772
655774
655776
655778
655780
655782
655783
655784
655785
655809
655812
655813
655818
655819
655821
655822
655823
655825
655826
655827
655828
655829
655831
655832
655833
655835
655836
655837
655838
655839
655840
655841
655842
655843
655844
655846
655847
655849
655850
655851
655853
655855
655856
655859
655860
655861
655863
655864
655865
655866
655867
655868
655870
655871
655874
655875
655876
655877
655878
655879
655880
655881
655882
655883
655884
655885
655886
655887
655888
655889
655890
655891
655892
655893
655894
655895
655896
655897
655898
655899
655900