686392
686394
686395
686396
686397
686398
686399
686400
686401
686402
686403
686404
686408
686409
686410
686411
686413
686414
686415
686417
686418
686419
686420
686423
686424
686426
686427
686428
686429
686431
686433
686434
686435
686436
686437
686438
686439
686440
686442
686444
686446
686447
686448
686449
686450
686451
686452
686453
686454
686458
686459
686460
686461
686462
686464
686465
686466
686467
686468
686469
686471
686472
686475
686476
686477
686478
686479
686480
686482
686483
686484
686485
686486
686488
686489
686491
686492
686493
686494
686496
686498
686499
686501
686502
686505
686507
686508
686510
686511
686512
686513
686516
686518
686519
686520
686521
686522
686524
686525
686526
686527
686528
686529
686530
686532
686534
686535
686536
686540
686543
686544
686546
686547
686548
686549
686551
686552
686554
686557
686558
686559
686561
686562
686563
686565
686567
686568
686569
686570
686572
686573
686574
686575
686576
686577
686579
686580
686582
686583
686584
686585
686586
686589
686590
686591
686593
686594
686595
686596
686598
686599
686600
686601
686602
686604
686609
686610
686611
686612
686613
686614
686615
686616
686617
686618
686619
686620
686621
686622
686623
686624
686625
686626
686627
686629
686630
686632
686633
686634
686635
686636
686637
686638
686639
686640
686641
686643
686644
686646
686647
686648
686649
686651
686652
686653
686655
686658
686659
686660
686662