621484
621485
621486
621487
621492
621493
621494
621496
621497
621498
621499
621500
621501
621502
621503
621504
621505
621506
621508
621509
621510
621511
621512
621516
621517
621518
621519
621520
621521
621522
621523
621524
621525
621526
621527
621530
621531
621533
621534
621535
621537
621538
621539
621540
621541
621542
621543
621544
621546
621547
621548
621549
621550
621552
621554
621555
621556
621557
621558
621559
621560
621561
621562
621563
621564
621565
621568
621569
621570
621571
621572
621573
621574
621575
621576
621577
621578
621579
621580
621581
621584
621585
621586
621587
621589
621590
621591
621592
621594
621595
621596
621597
621598
621599
621600
621601
621603
621606
621607
621608
621609
621610
621612
621614
621615
621616
621617
621618
621619
621622
621623
621624
621626
621627
621628
621629
621630
621631
621632
621633
621634
621635
621637
621638
621640
621642
621644
621645
621646
621648
621649
621651
621653
621654
621655
621657
621659
621661
621662
621663
621664
621665
621668
621670
621673
621675
621678
621679
621680
621682
621684
621686
621689
621690
621693
621694
621696
621697
621698
621699
621701
621702
621703
621704
621705
621707
621708
621710
621711
621712
621713
621715
621716
621717
621718
621719
621720
621722
621723
621724
621726
621727
621728
621730
621731
621732
621733
621734
621735
621736
621737
621738
621739
621740
621741
621743
621744
621745
621746
621747
621749
621750
621751
621752
621753
621754
621755
621756
621757
621758
621759
621761
621762
621763
621764
621765
621766
621767
621768
621769
621770
621771
621772
621773
621774
621775
621776
621779
621780
621781
621782
621783
621784
621785
621786
621789
621790
621791
621792
621793
621795
621796
621797
621798
621799
621800
621801
621802
621803
621804
621805
621806
621807
621808
621809
621810
621811
621812
621813
621814
621815
621816
621817
621818
621819
621820
621821
621823
621824
621825
621826
621827
621828
621829
621830
621831
621832
621833
621834
621836
621838
621839
621840
621842
621843
621844
621845
621846
621847
621848
621849
621850
621851
621852
621855
621856
621857
621858
621860
621861
621862
621863
621864
621865
621866
621867
621868
621870
621871
621872
621873
621874
621875
621876
621877
621878
621879
621880
621881
621882
621884
621886
621887
621888
621889
621891
621893
621894
621895
621896
621897
621899
621900
621902
621903
621904
621905
621906
621907
621908
621910
621912
621913
621914
621916
621918
621919
621920
621921
621922
621923
621924
621925
621926
621927
621928
621929
621930
621931
621932
621933
621934
621935
621936
621938
621939
621940
621941
621942
621943
621944
621945
621947
621948
621949
621950
621951
621952
621953
621954
621955
621956
621957
621958
621960