639440
639442
639443
639444
639445
639446
639447
639448
639449
639450
639451
639452
639453
639454
639455
639456
639457
639458
639459
639460
639461
639462
639466
639467
639468
639469
639470
639472
639474
639475
639476
639480
639481
639484
639486
639487
639488
639489
639490
639491
639492
639493
639495
639496
639497
639498
639499
639500
639501
639502
639503
639504
639507
639508
639509
639510
639511
639512
639513
639514
639515
639516
639517
639518
639519
639520
639521
639522
639523
639524
639525
639527
639528
639529
639530
639531
639532
639533
639534
639535
639536
639537
639538
639539
639540
639542
639543
639544
639545
639546
639548
639550
639552
639554
639555
639557
639558
639561
639562
639564
639566
639567
639568
639569
639570
639571
639572
639573
639574
639576
639577
639578
639579
639580
639581
639582
639583
639585
639586
639587
639589
639590
639591
639592
639593
639594
639595
639596
639597
639598
639599
639600
639601
639602
639604
639605
639606
639607
639608
639609
639610
639613
639614
639615
639616
639617
639618
639619
639620
639621
639622
639624
639625
639626
639627
639628
639629
639630
639631
639632
639633
639635
639636
639637
639638
639639
639640
639641
639642
639644
639645
639646
639647
639648
639649
639650
639651
639652
639653
639654
639655
639656
639657
639658
639659
639660
639661
639662
639663
639664
639665
639666
639667
639668
639669
639670
639672
639673
639674
639675
639676
639677
639678
639679
639680
639681
639683
639684
639685
639687
639688
639689
639692
639693
639694
639697
639698
639699
639700
639701
639702
639703
639704
639705
639706
639710
639711
639712
639713
639714
639715
639716
639717
639718
639719
639720
639724
639725
639726
639727
639728
639730
639731
639733
639734
639735
639738
639740
639742
639743
639744
639746
639747
639748
639749
639750
639751
639752
639753
639755
639756
639757
639758
639759
639760
639761
639762
639763
639764
639765
639766
639767
639768
639769
639770
639771
639772
639774
639775
639776
639777
639779
639780
639781
639782
639783
639784
639785
639787
639788
639789
639790
639791
639792
639793
639794
639795
639796
639797
639798
639799
639800
639802
639803
639804
639805
639807
639808
639809
639810