667149
667150
667152
667153
667154
667155
667156
667157
667158
667159
667160
667161
667162
667167
667168
667169
667170
667171
667172
667173
667174
667176
667177
667179
667181
667183
667184
667186
667189
667190
667191
667192
667193
667194
667195
667196
667198
667200
667201
667203
667204
667205
667206
667207
667208
667210
667211
667212
667213
667214
667215
667216
667217
667218
667221
667222
667223
667225
667226
667227
667230
667231
667232
667233
667234
667236
667237
667239
667240
667241
667242
667243
667244
667245
667246
667248
667249
667250
667251
667253
667254
667256
667258
667260
667262
667263
667264
667265
667267
667269
667270
667271
667272
667274
667275
667276
667277
667280
667281
667282
667283
667284
667285
667287
667288
667289
667290
667291
667292
667293
667295
667296
667297
667298
667299
667300
667301
667302
667303
667304
667305
667306
667308
667309
667310
667312
667314
667315
667317
667319
667320
667324
667325
667328
667329
667331
667334
667336
667337
667340
667341
667342
667343
667344
667345
667346
667347
667348
667350
667351
667352
667354
667355
667356
667357
667358
667359
667360
667364
667365
667366
667367
667368
667370
667371
667372
667373
667374
667376
667377
667378
667379
667381
667382
667384
667385
667386
667387
667388
667389
667390
667391
667392
667393
667394
667395
667396
667399
667402
667403
667404
667405
667406
667407
667408
667409
667410
667411
667412
667414
667416
667417
667418
667419
667420
667421
667422
667423
667424
667425
667426
667427
667428
667429
667430
667431
667432
667433
667434
667435
667436
667437
667438
667439
667440