656506
656507
656508
656509
656511
656513
656515
656516
656518
656520
656521
656522
656524
656525
656526
656527
656530
656531
656532
656533
656534
656539
656540
656541
656544
656545
656547
656548
656549
656550
656551
656555
656557
656558
656559
656561
656562
656563
656564
656568
656569
656571
656572
656575
656578
656583
656584
656586
656590
656608
656609
656610
656616
656627
656629
656638
656642
656647
656648
656649
656651
656652
656669
656675
656678
656679
656680
656681
656682
656683
656684
656685
656686
656687
656688
656689
656693
656694
656696
656698
656704
656706
656707
656708
656709
656710
656711
656713
656715
656716
656717
656718
656725
656726
656727
656728
656729
656730
656731
656732
656736
656737
656738
656741
656742
656752
656757
656760
656761
656765
656770
656772
656774
656778
656779
656780
656783
656786
656787
656788
656789
656790
656791
656793
656794
656796
656799
656800
656801
656802
656803
656806
656807
656808
656810
656811
656812
656814
656816
656817
656818
656820
656821
656822
656823
656825
656827
656829
656830
656832
656835
656836
656839
656840
656841
656842
656843
656844
656845
656846
656848
656892
656900
656902
656906
656907
656910
656914
656916
656917
656918
656919
656920
656921
656922
656923
656924
656925
656926
656929
656930
656934
656940
656943
656945
656947
656950
656952
656957
656962
657004
657050
657054
657060
657084
657087
657089
657090
657100
657118
657119
657124
657132
657133
657134
657135
657136
657137
657138
657139
657140
657141
657142
657145
657147
657151
657152
657153
657154
657155
657157
657161
657162
657163
657164
657165
657167
657168
657169
657170
657171
657172
657173
657174
657176
657177
657178
657179
657180
657182
657183
657184
657185
657186
657188
657189
657190
657191
657192
657193
657194
657197
657198
657199
657201
657202
657203
657204
657205
657206
657208
657209
657210
657211
657212
657213
657214
657216
657217
657220
657222
657223
657224
657226
657227
657228
657229
657230
657231
657232
657233
657234
657235
657236
657237
657238
657239
657240
657241
657242
657243
657244