633858
633861
633872
633876
633878
633880
633883
633889
633891
633893
633895
633897
633898
633899
633905
633908
633911
633914
633915
633930
633938
633942
633943
633946
633952
633955
633957
633960
633962
633963
633964
633758
633759
633760
633761
633762
633763
633764
633765
633766
633767
633769
633770
633771
633772
633773
633775
633776
633778
633779
633974
633781
633783
633784
633975
633786
633788
633789
633976
633791
633793
633794
633795
633796
633977
633798
633799
633800
633803
633804
633805
633806
633979
633809
633810
633813
633814
633815
633817
633818
633819
633820
633821
633823
633826
633827
633828
633829
633830
633831
633833
633834
633835
633836
633837
633838
633839
633840
633841
633842
633843
633844
633845
633846
633847
633848
633850
633851
633853
633854
633856
633857
633859
633860
633862
633863
633864
633865
633866
633867
633868
633869
633870
633871
633873
633874
633875
633877
633881
633882
633884
633885
633886
633887
633888
633892
633900
633902
633903
633904
633906
633909
633910
633913
633916
633917
633918
633919
633920
633921
633924
633925
633926
633927
633928
633931
633932
633933
633934
633935
633936
633937
633939
633940
633941
633944
633945
633947
633949
633950
633951
633953
633954
633956
633958
633959
633965
633966
633967
633968
633969
633971
633972
633980
633981
633982
633983
633984
633987
633988
633989
634012
634013
634016
634023
634024
634027
634026
634044
634047
634041
634048
634049
634050
634054
634060
634061
634211
634067
634068
634070
634071
634073
634074
634075
634076
634077
634078
634079
634080
634082
634083
634084
634085
634086
634087
634088
634089
634090
634091
634092
634093
634094
634095
634096
634097
634099
634100
634102
634103
634104
634105
634106
634109
634110
634112
634114
634117
634118
634119
634120
634121
634122
634123
634124
634126
634127
634129
634130
634131
634132
634133
634135
634137
634138
634139
634140
634141
634142
634143
634145
634146
634148
634150
634151
634152
634153
634154
634155
634156
634157
634158
634159
634160
634161
634162
634163
634165
634166
634167
634168
634169
634170
634171
634172
634173
634174
634175
634176
634178
634179
634180
634181
634182
634183
634184
634185
634187
634188
634189
634190
634191
634192
634193
634194
634195
634196
634197
634198
634199
634200
634201
634202
634203
634204
634206
634207
634208
634209
634210
634212
634213
634215
634216
634218
634219
634220
634221
634222
634223
634224
634226
634227
634228
633985
633986
633990
633991
633994
633995
633996
633997
633998
633999
634000
634001
634002
634003
634004
634005
634007
634009
634010
634011
634014
634017
634018
634020
634021
634032
634033
634035
634036
634037
634038
634039
634040
634042
634046
634051
634052
634053
634056
634057
634058
634059
634063
634064
634065
634066
634069