648982
648983
648984
648985
648986
648987
648988
648990
648995
649000
649001
649003
649004
649005
649006
649010
649013
649015
649016
649019
649020
649026
649027
649028
649029
649030
649031
649032
649033
649034
649035
649037
649038
649039
649040
649041
649043
649045
649046
649047
649048
649049
649050
649051
649052
649053
649054
649055
649056
649057
649058
649059
649060
649061
649062
649065
649067
649068
649069
649070
649071
649072
649074
649075
649076
649077
649078
649079
649080
649081
649083
649084
649086
649087
649088
649089
649091
649092
649093
649094
649095