622306
622307
622308
622309
622310
622311
622312
622313
622314
622315
622316
622317
622318
622319
622320
622321
622322
622323
622324
622326
622327
622328
622329
622330
622331
622332
622333
622334
622335
622336
622337
622338
622339
622340
622341
622342
622343
622344
622345
622346
622347
622348
622349
622350
622351
622352
622353
622354
622355
622356
622357
622358
622360
622361
622362
622363
622364
622365
622366
622367
622368
622369
622370
622371
622372
622376
622377
622378
622379
622380
622381
622382
622383
622384
622385
622387
622388
622389
622390
622391
622392
622393
622395
622396
622398
622401
622404
622405
622407
622408
622409
622410
622411
622413
622414
622416
622417
622418
622419
622420
622421
622422
622423
622424
622425
622426
622428
622429
622430
622431
622432
622433
622434
622435
622437
622438
622439
622440
622441
622443
622444
622447
622448
622449
622450
622451
622452
622453
622455
622456
622457
622459
622460
622461
622462
622463
622464
622465
622466
622468
622469
622470
622471
622472
622473
622474
622475
622476
622477
622478
622480
622481
622482
622483
622484
622485
622487
622488
622489
622490
622491
622492
622493
622494
622495
622496
622498
622499
622500
622501
622502
622503
622504
622505
622506
622507
622508
622509
622510
622511
622512
622513
622514
622516
622517
622518
622519
622520
622521
622522
622523
622524
622525
622526
622527
622528
622529
622530
622531
622533
622534
622535
622536
622537
622538
622539
622540
622541
622542
622543
622544
622545
622546
622547
622548
622549
622550
622551
622552
622553
622554
622555
622556
622557
622558
622559
622560
622561
622562
622563
622564
622565
622566
622567
622568
622569
622570