584255
584256
584258
584088
584089
584090
584092
584093
584094
584099
584100
584102
584104
584105
584107
584111
584113
584114
584118
584121
584122
584123
584130
584131
584137
584139
584140
584143
584146
584147
584148
584149
584151
584154
584156
584158
584159
584160
584161
584162
584164
584165
584166
584167
584168
584169
584170
584172
584173
584174
584180
584186
584191
584193
584195
584199
584203
584204
584209
584213
584214
584215
584217
584218
584221
584225
584227
584229
584230
584231
584232
584235
584236
584240
584241
584245
584247
584249
584250
584248
584254
584257
584259
584260
584261
584262
584263
584264
584265
584266
584267
584269
584270
584272
584273
584274
584275
584277
584278
584279
584280
584282
584283
584284
584285
584286
584287
584288
584289
584290
584291
584292
584293
584294
584295
584296