666694
666695
666696
666697
666698
666699
666700
666701
666702
666703
666705
666709
666710
666711
666713
666714
666715
666717
666718
666720
666723
666725
666726
666727
666729
666730
666731
666732
666733
666734
666738
666740
666741
666742
666743
666744
666745
666747
666748
666749
666751
666753
666754
666755
666758
666759
666760
666761
666763
666764
666765
666766
666767
666768
666769
666770
666771
666772
666773
666774
666775
666776
666777
666778
666779
666780
666782
666783
666784
666785
666786
666787
666788
666790
666791
666792
666793
666794
666795
666796
666797
666798
666799
666800
666801
666802
666803
666804
666805
666807
666809
666810
666811
666812
666813
666814