610193
610194
610195
610196
610198
610199
610200
610203
610204
610206
610208
610209
610211
610212
610213
610214
610216
610217
610218
610220
610221
610222
610223
610224
610225
610226
610228
610229
610230
610231
610232
610233
610235
610236
610238
610241
610242
610243
610244
610245
610246
610247
610248
610249
610250
610251
610252
610255
610256
610257
610258
610259
610262
610263
610264
610265
610266
610267
610269
610270
610271
610272
610273
610275
610276
610277
610278
610279
610280
610282
610283
610284
610285
610286
610287
610288
610289
610290
610291
610292
610293
610295
610296
610297
610298
610299
610301
610302
610304
610305
610306
610307
610308
610309
610310
610311
610314
610317
610318
610319
610320
610321
610322
610323
610324
610325
610328
610329
610330
610331
610332
610333
610334
610335
610336
610337
610338
610339
610340
610341
610342
610343
610344
610345
610346
610347
610348
610350
610351
610352
610353
610354
610355
610356
610357
610358
610359
610360
610362
610363
610364
610365
610366
610367
610368
610369
610370
610371
610372
610373
610374
610375
610377
610380
610381
610382
610383
610384
610385
610386
610387
610388
610389
610390
610391
610392
610393
610394
610395
610397
610398
610399
610400
610401
610402
610403
610404
610412
610413
610414
610415
610416
610417
610418
610419
610420
610422
610424
610425
610426
610428
610429
610430
610432
610433
610434
610435
610436
610438
610439
610444
610445
610446
610447
610448
610449
610451
610452
610453
610454
610458
610459
610460
610461
610462
610465
610467
610468
610469
610470
610471
610472
610474
610475
610477
610478
610479
610480
610481
610482
610483
610485
610486
610487
610488
610490
610491
610493
610494
610495
610496
610497
610498
610499
610502
610503
610504
610505
610506
610507
610508
610509
610510
610511
610512
610513
610514
610516
610517
610518
610519
610520
610521
610522
610524
610525
610526
610527
610528
610529
610531
610533
610534
610535
610536
610537
610539
610541
610543
610544
610545
610546
610547
610548
610549
610550
610551
610552
610553
610554
610555
610557
610558
610560
610561
610562
610563
610564
610565
610567
610568
610569
610570
610571
610572
610574
610575
610577
610578
610579
610581
610582
610583
610584
610585
610586
610587
610588
610589
610590
610591
610592
610593
610594
610595
610596
610597
610598
610599
610600
610601
610602
610603
610604
610605
610606
610607
610608
610609
610610
610611
610612
610613
610616
610617
610618
610619
610620
610621
610622
610623
610624
610625
610627
610628
610629
610630
610631
610632
610633
610634
610635
610636
610637
610638
610639
610640
610641
610642
610643
610645
610646
610647
610648
610649
610650
610651
610652
610653
610654
610656
610658
610659
610661
610662
610663
610664
610665
610666
610667
610669
610670
610671
610672
610673
610674
610675