610678
610679
610680
610681
610682
610683
610684
610685
610686
610687
610688
610689
610690
610692
610693
610694
610696
610697
610699
610700
610701
610702
610703
610704
610706
610709
610711
610712
610713
610714
610715
610716
610717
610718
610719
610720
610721
610722
610723
610724
610725
610726
610727
610728
610729
610730
610732
610733
610734
610735
610736
610737
610738
610739
610740
610741
610742
610743
610744
610746
610747
610748
610749
610750
610751
610752
610754
610755
610756
610757
610758
610759
610760
610761
610762
610763
610764
610765
610766
610767
610768
610769
610771
610773
610775
610776
610777
610778
610779
610780
610781
610783
610784
610785
610786
610788
610790
610791
610793
610794
610795
610796
610797
610798
610799
610800
610801
610802
610803
610804
610805
610806
610807
610808
610811
610813
610814
610815
610816
610819
610820
610822
610825
610826
610827
610828
610829
610830
610831
610832
610833
610834
610835
610837
610838
610839
610840
610841
610843
610848
610849
610850
610851
610852
610855
610856
610858
610859
610860
610861
610862
610863
610864
610865
610867
610868
610869
610870
610871
610872
610874
610875
610876
610881
610882
610883
610887
610888
610890
610891
610892
610893
610894
610895
610896
610898
610899
610900
610901
610902
610904
610905
610906
610909
610910
610912
610913
610914
610915
610916
610917
610919
610920
610922
610925
610926
610927
610928
610929
610932
610935
610937
610938
610939
610943
610944
610945
610948
610949
610951
610953
610956
610957
610958
610959
610960
610962
610964
610965
610967
610968
610969
610970
610973
610974
610975
610976
610977
610979
610980
610981
610982
610983
610984
610985
610986
610988
610990
610991
610992
610993
610994
610995
610996
610997
610999
611002
611008
611009
611010
611013
611015
611017
611018
611019
611020
611021
611022
611023
611027
611028
611029
611030
611031
611032
611033
611034
611035
611037
611038
611040
611041
611042
611043
611044
611045
611046
611047
611048
611049
611050
611052
611053
611054
611055
611057
611058
611059
611060
611061
611062
611063
611064
611065
611066
611067
611070
611071
611073
611074
611075
611076
611077
611078
611079
611080
611081
611082
611083
611084
611086
611087
611088
611089
611090
611091
611092
611093
611094
611095
611096
611097
611098
611100
611101
611102
611103
611105
611106
611107
611108
611109
611110
611111
611112
611113
611114
611115
611116
611117
611118
611119
611120
611121
611122
611123
611124
611125
611126
611127
611128
611129
611130
611131