643607
643608
643609
643610
643611
643613
643614
643615
643617
643618
643619
643620
643622
643623
643624
643625
643626
643627
643628
643629
643631
643632
643633
643635
643636
643637
643638
643639
643640
643641
643642
643643
643644
643645
643646
643647
643648
643649
643650
643651
643652
643653
643654
643655
643656
643657
643659
643660
643661
643662
643663
643664
643665
643666
643667
643668
643670
643671
643672
643673
643674
643675
643676
643677
643678
643679
643680
643681
643684
643685
643686
643687
643688
643689
643690
643691
643693
643694
643695
643696
643697
643698
643701
643702
643703
643704
643705
643706
643707
643708
643709
643710
643711
643712
643713
643714
643715
643716
643717
643718
643720
643721
643722
643724
643725
643726
643727
643728
643729
643730
643731
643733
643734
643735
643736
643738
643739
643740
643741
643743
643744
643745
643746
643747
643748
643749
643750
643751
643752
643753
643754
643755
643756
643757
643758
643759
643760
643762
643763
643764
643765
643766
643767
643768
643769
643770
643771
643772
643773
643774
643775
643776
643777
643778
643780
643781
643782
643784
643785
643787
643789
643793
643794
643796
643797
643799
643800
643801
643802
643803
643804
643805
643806
643807
643808
643809
643810
643811
643812
643813
643814
643815
643817
643820
643822
643824
643826
643827
643828
643829
643832
643833
643834
643835
643836
643837
643838
643839
643840
643844
643845
643846
643847
643848
643849
643850
643851
643852
643853
643854
643857
643858
643859
643862
643863
643865
643866
643868
643871
643872
643873
643874
643875
643876
643877
643878
643879
643881
643882
643883
643884
643885
643886
643887
643888
643889
643890
643892
643893
643894
643895
643896
643897
643898
643900
643901
643902
643904
643905
643906
643907
643908
643909
643911
643912
643913
643915
643917
643918
643920
643921
643922
643923
643924
643925
643926
643928
643929
643930
643931
643933
643934
643935
643937
643938
643939
643941
643942
643943
643944
643945
643946
643947
643949
643950
643951
643952
643953
643955
643956
643957
643958
643959
643960
643961
643962
643965
643966
643968
643969
643970
643971
643972