554182
554184
554185
554186
554187
554188
554189
554190
554191
554192
554194
554195
554196
554198
554199
554200
554201
554202
554203
554205
554206
554207
554208
554209
554210
554211
554213
554214
554215
554216
554217
554218
554220
554222
554223
554224
554225
554226
554227
554228
554229
554233
554234
554235
554236
554237
554238
554240
554241
554242
554243
554244
554245
554246
554247
554248
554249
554250
554251
554252
554254
554255
554256
554257
554258
554259
554260
554261
554262
554263
554264
554265
554266
554267
554269
554270
554271
554272
554273
554274
554275
554276
554277
554278
554279
554280
554281
554282
554283
554284
554285
554286
554287
554289
554290
554291
554292
554293
554294
554295
554296
554299
554300
554301
554302
554303
554304
554305
554306
554307
554309
554310
554311
554312
554314
554315
554316
554317
554318
554319
554320
554321
554322
554323
554324
554326
554327
554328
554329
554330
554332
554333
554334
554335
554338
554339
554340
554341
554342
554343
554344
554345
554346
554347
554348
554349
554350
554351
554352
554354
554356
554357
554360
554361
554362
554363
554366
554367
554368
554369
554370
554374
554375
554377
554378
554380
554381
554382
554384
554385
554386
554387
554388
554389
554391
554393
554394
554395
554396
554397
554399
554400
554401
554402
554403
554404
554405
554406
554407
554408
554409
554410
554411
554412
554414
554415
554416
554417
554418
554419
554422
554423
554424
554425
554426
554427
554428
554429
554430
554431
554432
554433
554435
554437
554439
554440
554441
554442
554443
554444
554446
554447
554448
554449
554451
554453
554454
554455
554456
554457
554458
554459
554460
554461
554462
554464
554465
554466
554467
554468
554469
554470
554471
554472
554473
554474
554475
554476
554477
554478
554479
554480
554481
554482
554483
554484
554486
554487
554488
554489
554490
554491
554492
554493
554494
554495
554496
554497
554498
554499
554500
554501
554502
554503
554505
554506
554507
554508
554509
554510
554511
554512
554513
554514
554515
554516
554517
554518
554519
554520
554521
554522
554523
554524
554525
554526
554527
554528
554529
554530
554531
554534
554535
554539
554542
554543
554544
554545
554546
554547
554548
554549
554550
554551
554552
554553
554554
554555
554556
554557
554558
554559
554560
554561
554562
554564
554565
554566
554567
554568
554569
554570
554571
554572
554574
554575
554576
554577
554578
554579
554580
554581
554582
554583
554584
554585
554586
554587
554588
554589
554590
554591
554592
554593
554594
554595