628473
628474
628476
628477
628479
628481
628483
628484
628486
628487
628488
628489
628490
628492
628493
628494
628495
628496
628500
628501
628502
628503
628504
628505
628506
628507
628508
628510
628511
628512
628514
628515
628516
628517
628518
628519
628520
628521
628522
628523
628524
628526
628527
628528
628529
628530
628531
628532
628533
628534
628535
628536
628537
628539
628540
628541
628542
628543
628544
628545
628547
628548
628549
628550
628551
628552
628553
628554
628555
628557
628558
628559
628560
628561
628562
628563
628564
628565
628566
628567
628568
628569
628570
628571
628572
628573
628574
628575
628576
628577
628578
628579
628580
628581
628582
628583
628584
628586
628587
628589
628590
628591
628592
628593
628594
628595
628596
628597
628598
628599
628601
628602
628603
628604
628605
628606
628607
628609
628610
628611
628612
628613
628614
628615
628616
628617
628618
628619
628621
628622
628623
628624
628625
628626
628628
628629
628630
628631
628632
628633
628634
628636
628637
628638
628640
628642
628644
628645
628646
628647
628648
628649
628650
628651
628652
628653
628654
628655
628656
628659
628660
628661
628662
628663
628664
628665
628666
628667
628668
628669
628670
628671
628672
628673
628674
628675
628676
628677
628678
628679
628680
628682
628683
628685
628686
628687
628688
628689
628691
628692
628693
628697
628698
628699
628700
628701
628704
628705
628707
628708
628709
628710
628711
628712
628714
628715
628716
628717
628718
628719
628720
628724
628726
628727
628728
628729
628730
628731
628734
628735
628736
628737
628738
628740
628742
628743
628744
628745
628746
628748
628750
628751
628752
628753
628755
628756
628760
628761
628762
628763
628766
628767
628768
628772
628773
628774
628775
628776
628779
628780
628781
628782
628783
628784
628786
628787
628789
628790
628791
628792
628793
628795
628796
628797
628798
628799
628800
628801
628802
628803
628804
628805
628806
628807
628809
628810
628811
628812
628813
628814
628815
628816
628817
628818
628819
628820
628821
628822
628823
628824
628825
628826
628827
628828
628829
628830
628832
628833
628834
628836
628838
628839
628840
628841
628843
628844
628845
628846
628847
628848
628849
628850
628851
628852
628854
628855
628856
628857
628858
628859
628860
628861
628862
628863
628864
628865
628867
628868
628869
628870
628871
628872
628873
628874
628875
628876
628878
628879
628880
628881
628883
628884
628885
628886
628887
628888
628889
628890
628891
628892
628893
628894
628895
628896
628897