674320
674321
674322
674323
674324
674325
674326
674327
674328
674331
674333
674334
674335
674336
674337
674339
674341
674342
674343
674344
674346
674347
674348
674349
674351
674352
674353
674354
674356
674357
674358
674359
674361
674362
674364
674367
674368
674369
674370
674372
674373
674375
674377
674379
674380
674381
674382
674383
674384
674385
674386
674387
674389
674390
674392
674393
674394
674395
674397
674398
674400
674401
674402
674403
674404
674405
674407
674409
674410
674411
674412
674413
674414
674416
674418
674419
674420
674421
674422
674423
674424
674425
674426
674427
674428
674430
674431
674432
674433
674435
674436
674439
674440
674442
674443
674444
674445
674446
674447
674449
674451
674452
674453
674454
674455
674456
674457
674458
674459
674460
674461
674462
674463
674464
674466
674467
674468
674469
674470
674471
674472
674473
674474
674475
674476
674477