612735
612736
612737
612738
612739
612740
612741
612743
612744
612745
612746
612747
612748
612749
612750
612751
612752
612753
612754
612755
612756
612757
612758
612760
612761
612762
612765
612766
612767
612768
612770
612771
612772
612773
612774
612775
612776
612777
612778
612780
612782
612783
612784
612785
612787
612788
612789
612791
612792
612793
612794
612795
612797
612798
612799
612800
612801
612802
612803
612804
612805
612806
612807
612808
612809
612810
612811
612814
612815
612816
612818
612820
612821
612823
612824
612825
612826
612827
612828
612829
612831
612832
612833
612834
612835
612836
612837
612838
612839
612840
612841
612842
612844
612846
612847
612850
612851
612852
612853
612854
612855
612856
612857
612859
612860
612861
612862
612863
612864
612865
612866
612867
612869
612870
612872
612874
612875
612876
612877
612878
612879
612880
612882
612883
612884
612885
612887
612888
612889
612890
612891
612892
612893
612894
612895
612896
612897
612898
612899
612900
612902
612903
612905
612906
612908
612909
612910
612911
612913
612915
612916
612917
612918
612920
612921
612922
612923
612924
612925
612926
612927
612928
612929
612931
612932
612933
612934
612935
612938
612939
612940
612941
612942
612943
612944
612945
612946
612948
612950
612951
612952
612953
612954
612955
612956
612957
612960
612966
612967
612969
612970
612971
612972
612973
612975
612976
612977
612978
612979
612980
612981
612982
612983
612985
612986
612987
612989
612990
612991
612993
612994
612995
612997
612998
612999
613003
613005
613006
613007
613008
613009
613010
613011
613012
613013
613014
613015
613017
613019
613020
613022
613025
613026
613027
613028
613030
613031
613032
613033
613034
613035
613036
613037
613038
613039
613040
613041
613043
613044
613046
613047
613048
613049
613050
613051
613052
613053
613055
613056
613057
613058
613059
613060
613061
613062
613063
613064
613065
613068
613069
613070
613071
613072
613073
613074
613076
613077
613079
613082
613083
613084
613086
613088
613089
613090
613091
613092
613093
613094
613095
613096
613097
613098
613100
613101
613102
613104
613105
613106
613107
613108