1492037192251752454
1492037291371544590
1492094543407288344
1492036979730563093
1492053138496438296
1492162141025091589
1492049920798375960
1492214050536701956
1492176290677506050
1492198728433909762
1492214086200967170
1492049876212924464
1492037036798263306
1492107102428577793
1492071212213751808
1492091476192514050
1492176566545174530
1492215026987454466
1492227716493496322
1492166580528156675
1492130132282200068
1492204886200619012
1492220596712837124
1492215882499739653
1492251214486163460
1492220415275634694
1492181786947948551
1492213585161900044
1492036893776699392
1492134292218077184
1492186418600452096
1492211494947332096
1492066474504200193
1492240368427016193
1492191602328182786
1492214637105930243
1492231715825360899
1492186464788094980
1492204754348482564
1492215468114993156
1492077761556619270
1492214133596512264
1492253904322584584
1492074962655617034
1492186498220924940
1492208146688974863
1492240319429189647
1492222053377794064
1492048944066703360
1492186438657617921
1492209179125297153
1492083295642923010
1492214990211887106
1492133712477237251
1492217268541009923
1492231782355415043
1492209255713320964
1492204826691842053
1492222094897262597
1492250540448886790
1492259155947761671
1492229745723027464
1492188489173118986
1492209212549705738
1492037122894839809