196439
196440
196441
196442
196443
196444
196445
196446
196447
196448
196449
196450
196451
196452
196453
196454
196455
196456
196457
196459
196460
196461
196462
196464
196467
196468
196469
196470
196471
196472
196473
196474
196475
196476
196477
196479
196480
196481
196482
196484
196485
196486
196487
196488
196489
196490
196491
196492
196493
196494
196495
196496
196497
196498
196499
196500
196501
196502
196503
196505
196506
196507
196510
196511
196512
196513
196514
196516
196518
196519
196521
196523
196525
196526
196527
196528
196529
196530
196531
196533
196534
196535
196536
196537
196538
196539
196541
196542
196543
196544
196545
196546
196547
196548
196549
196551
196552