199983
199984
199985
199986
199987
199988
199989
199990
199991
199992
199993
199994
199995
199996
199997
199998
199999
200000
200001
200002
200003
200004
200007
200008
200009
200010
200011
200012
200014
200015
200016
200017
200018
200019
200020
200021
200022
200023
200024
200025
200026
200027
200028
200029
200030
200031
200032
200033
200034
200035
200036
200037
200038
200039
200040
200041
200042
200043
200044
200045
200046
200047
200048
200049
200050
200051
200052
200053
200054
200055
200056
200057
200058
200059
200060
200061
200062
200063
200064
200065
200066
200067
200068
200069
200070
200071
200072
200073
200074
200075
200076
200077
200078
200080
200081
200082
200083
200084
200085
200086
200087
200088
200089
200091
200092
200093
200094
200095
200096
200097
200098
200099
200100
200101
200102
200103
200104
200105
200106
200107
200108
200109
200110
200111
200113
200114
200115
200116
200117
200119
200120
200122
200123
200124
200125
200126
200127
200129
200130
200131
200132
200133
200134
200135
200136
200137
200138
200140
200142
200143
200144
200145
200146
200147
200148
200149
200150
200151
200152
200153
200154
200155
200156
200157
200158
200159
200160
200161
200162
200163
200164
200165
200166
200167
200168
200169
200170
200171
200172
200173
200174
200176
200177
200178
200179
200180
200181
200182
200183
200184
200185
200187
200188
200189
200190
200191