189105
189106
189107
189108
189109
189110
189111
189112
189113
189114
189115
189116
189117
189118
189119
189120
189121
189122
189123
189124
189125
189126
189127
189129
189130
189131
189132
189133
189134
189135
189136
189137
189138
189139
189140
189141
189142
189143
189145
189146
189147
189148
189149
189150
189151
189152
189153
189154
189155
189156
189157
189159
189160
189161
189162
189163
189164
189165
189166
189167
189168
189169
189170
189171
189173
189174
189175
189176
189177
189178
189179
189180
189181
189182
189183
189184
189185
189186
189187
189188
189189
189190
189191
189192
189194
189195
189197
189198
189199
189200
189202
189203
189204
189205
189206
189207
189208
189209
189210
189211
189212
189213
189214
189215
189216
189217
189219
189224
189225
189227
189229
189230
189231
189232
189233
189234
189235
189236
189237
189238
189239
189240
189241
189242
189243
189244
189245
189246
189247
189248
189249
189250
189251
189252
189253
189254
189255
189256
189257
189258
189259
189260
189261
189262
189263
189264
189265
189266
189267
189268
189269
189270
189271
189272
189273
189274
189275
189276
189277
189278
189279
189280
189281
189282
189283
189284
189285