217693
217694
217695
217696
217697
217698
217700
217701
217702
217703
217705
217706
217707
217708
217709
217710
217711
217712
217713
217714
217715
217716
217717
217718
217719
217720
217721
217722
217723
217724
217725
217726
217727
217728
217729
217730
217731
217732
217733
217734
217735
217736
217737
217738
217739
217740
217741
217742
217743
217744
217745
217746
217747
217748
217749
217750
217751
217753
217754
217755
217756
217757
217758
217759
217760
217761
217762
217763
217764
217765
217766
217767
217769
217770
217771
217772
217773
217774
217775
217776
217777
217779
217781
217782
217783
217784
217785
217786
217787
217788
217790
217792
217793
217794
217795
217796
217797
217798
217799
217800
217801
217802
217803
217804
217805
217807
217808
217809
217811
217812
217813
217814
217815
217816
217817
217818
217819
217821
217824
217825
217826
217828
217829
217830
217831
217832