209563
209564
209565
209566
209567
209568
209569
209570
209571
209572
209573
209574
209575
209576
209577
209579
209580
209582
209583
209584
209585
209586
209587
209588
209589
209590
209591
209592
209593
209594
209595
209596
209597
209598
209599
209602
209603
209604
209605
209607
209608
209609
209610
209611
209612
209613
209614
209615
209616
209617
209618
209620
209621
209622
209623
209624
209625
209626
209627
209628
209629
209630
209631
209632
209633
209634
209635
209636
209637
209638
209639
209640
209641
209642
209643
209644
209645
209646
209647
209648
209649
209650
209651
209652
209653
209654
209655
209656
209657
209658
209659
209660
209661
209662
209663
209664
209665
209666
209667
209668
209669
209670
209671
209672
209673
209674
209675
209676
209677
209678
209679
209680
209681
209682
209683
209684
209685
209686
209687
209688
209689
209690
209691
209692
209693
209694
209695
209696
209697
209698
209699
209700
209701
209702
209703
209704
209705
209706
209707
209708
209709
209710
209711
209712
209713
209714
209715
209716
209717
209718
209719
209720
209721
209722
209723
209724
209725
209726
209727
209728
209729
209730
209731
209732
209733
209734
209735
209736
209737
209738
209739
209740
209741
209742
209743
209744
209745
209746
209747
209748
209749
209750
209751
209752
209753
209754
209755
209756
209757
209758
209759
209760
209761
209762
209763
209764
209765
209766
209767
209768
209769
209770
209771
209772
209773
209774
209775
209776
209777
209778
209779
209780
209781
209782
209783
209784
209785
209786
209787
209788
209789
209790
209791
209792
209793
209794
209795
209796
209797
209798
209799
209800
209801
209802
209803
209804
209805
209806
209807
209808
209809
209810
209811
209812
209813
209814
209815
209816
209817
209818
209819
209820
209821
209822
209823
209824
209825
209826
209827
209828
209829
209830
209831
209832
209833
209834
209835
209836
209837
209838
209839
209840
209841
209842
209843
209844