229998
229999
230000
230001
230002
230003
230004
230005
230006
230007
230008
230009
230010
230011
230012
230013
230014
230015
230016
230017
230018
230019
230020
230021
230022
230023
230024
230025
230026
230027
230028
230029
230030
230031
230032
230033
230034
230035
230036
230037
230038
230039
230040
230041
230042
230043
230044
230045
230046
230047
230048
230049
230051
230052
230053
230054
230055
230056
230057
230058
230059
230060
230061
230062
230063
230064
230065
230066
230067
230068
230069
230070
230071
230072
230073
230074
230075
230076
230079
230080
230081
230082
230083
230084
230085
230086
230087
230088
230089
230090
230091
230092
230093
230094
230095
230096
230097
230098
230099
230100
230101
230102
230103
230104
230105
230106
230107
230108
230109
230110
230111
230112
230113
230114
230115
230116
230117
230118
230119
230120
230121
230122
230123
230124
230125
230127
230128
230129
230130
230131
230132
230133
230134
230135
230136
230137
230138
230139
230140
230141
230144
230145
230146
230147
230148
230149
230150
230151
230152
230153
230155
230156
230157
230158
230159
230160
230161
230162
230163
230164
230165
230166
230167
230168
230170
230173
230174
230178
230179
230180
230181
230182
230183
230184
230185
230186
230187
230188
230189
230190
230191
230193
230194
230195
230196
230197
230198
230199
230200
230201
230202
230203
230204
230205
230206
230207
230208
230209
230210
230211
230212
230214
230215
230216
230217
230218
230219
230221
230222
230223
230224
230225
230226
230228
230229
230230
230231
230232
230233
230234
230235
230236
230237
230238
230239
230240
230241
230242
230243
230244
230246
230247
230249
230250
230251
230252
230253
230254
230255
230256
230257
230258
230259
230260
230261
230262
230263
230264
230265
230266
230268
230269
230270
230271
230272
230273
230274
230275
230276
230277
230278
230279
230281
230282
230283
230284
230285
230286
230287
230288
230289
230290
230291
230293
230294