1156293
1156322
1156324
1156325
1156326
1156327
1156328
1156349
1156350
1156352
1156354
1156356
1156358
1156375
1156376
1156377
1156379
1156382
1156384
1156388
1156390
1156397
1156408
1156410
1156412
1156415
1156420
1156441
1156443
1156444
1156447
1156451
1156452
1156454
1156457
1156459
1156460
1156490
1156491
1156493
1156495
1156496
1156503
1156509
1156521
1156524
1156530
1156547
1156562
1156564
1156567
1156578
1156580
1156581
1156595
1156604
1156607
1156613
1156623
1156626
1156632
1156644
1156660
1156657
1156650
1156654
1156656
1156658