791598
791599
791600
791602
791603
791604
791605
791606
791607
791608
791609
791611
791612
791613
791614
791615
791616
791617
791618
791620
791621
791623
791624
791625
791626
791627
791628
791629
791630
791631
791632
791633
791634
791635
791636
791638
791639
791643
791645
791646
791647
791648
791649
791650
791651
791652
791653
791654
791655
791656
791657
791658
791660
791662
791663
791665
791666
791667
791669
791671
791672
791673
791674
791675
791677
791678
791679
791680
791681
791683
791684
791685
791686
791687
791688
791689
791692
791693
791696
791697
791700
791701
791702
791705
791706
791707
791709
791710
791711
791712
791713
791714
791715
791716
791718
791719
791720
791721
791722
791723
791724
791725
791726
791728
791729
791730
791731
791732
791733
791734
791735
791736
791737
791738
791739
791740
791741
791742
791743
791744
791745
791746
791748
791749
791750
791751
791752
791753
791754
791755
791756
791757
791758
791759
791760
791761
791762
791765
791766
791767
791768
791769
791770
791771
791772
791773
791775
791776
791777
791778
791779
791780
791781
791782
791783
791784
791785
791787
791789
791791
791792
791793
791794
791795
791797
791798
791800
791801
791802
791803
791805
791806
791807
791809
791810
791811
791813
791814
791815
791816
791817
791819
791820
791821
791822
791823
791824
791825
791826
791827
791828
791829
791830
791831
791832
791833
791834
791835
791836
791837
791838
791839
791840
791841
791842
791843
791844
791845
791846
791847
791848
791849
791851
791852
791854
791855
791856
791858
791859
791860
791861
791864
791866
791867
791868
791869
791870
791871
791872
791873
791874
791876
791877
791878
791879
791880
791881
791883
791884
791885
791886
791887
791888
791889
791890
791891
791892
791894
791895
791896
791897
791898
791899
791900
791901
791902
791903
791904
791905
791906
791907