748815
748818
748820
748821
748823
748825
748826
748827
748828
748829
748830
748831
748832
748833
748837
748838
748839
748841
748842
748845
748847
748848
748849
748850
748852
748853
748855
748857
748861
748862
748863
748864
748865
748867
748868
748869
748870
748871
748872
748874
748875
748876
748877
748878
748879
748880
748881
748882
748884
748885
748886
748887
748888
748889
748890
748892
748893
748896
748897
748898
748899
748900
748901
748902
748903
748904
748905
748906
748907
748908
748909
748910
748911
748912
748914
748915
748916
748917
748918
748919
748920
748921
748922
748923
748924
748925
748926
748927
748928
748929
748930
748931
748932
748934
748935
748936
748937
748939
748940
748941
748943
748944
748945
748947
748950
748951
748953
748954
748955
748957
748958
748959
748961
748962
748963
748964
748965
748966
748967
748968
748969
748971
748972
748973
748974
748975
748976
748977
748978
748979
748980
748981
748982
748983
748984
748985
748986
748987
748988
748989
748991
748992
748993
748994
748995
748996
748997
748998
748999
749000
749001
749004
749006
749007
749009
749010
749011
749012
749013
749014
749015
749016
749017
749018
749019
749020
749021
749022
749023
749024
749025
749026
749027
749028
749029
749030
749031
749032
749033
749034
749035
749036
749038
749039
749040
749041
749042
749043
749044
749045
749046
749047
749048
749049
749050
749051
749052
749053
749054
749055
749056
749057
749058
749059
749061
749062
749063
749064
749065
749066
749067
749068
749069
749070
749071
749073
749075
749077
749078
749079
749080
749081
749082
749083
749084
749085
749086
749088
749089
749090
749091
749092
749093
749094
749095
749096
749097
749098
749099
749100
749101
749102
749103
749104
749105
749106
749107
749109
749110
749111
749112
749113
749114
749115
749116
749117
749118
749119
749124
749126
749134
749135
749136
749139
749140
749141
749142
749144
749146
749147
749148
749149
749150
749151
749152
749153
749154
749155
749156
749157
749158
749160
749161
749162
749163
749164
749165
749166
749167
749168
749169
749170
749171
749172
749173
749174
749175
749176
749177
749178
749179
749180
749181
749183
749184
749185
749186
749187
749188
749189
749190
749191
749192
749193
749194
749195
749196
749198
749199
749200
749201
749202
749203
749204
749205
749206
749208
749209
749210
749211
749212
749213
749214
749215
749216
749217
749218
749219
749220
749221
749222
749223
749224
749225
749226
749227
749228
749229
749230
749231
749232
749233
749235
749236
749237
749238
749239
749240
749241
749242
749243
749244
749245
749246
749247
749248
749249
749250
749251
749255
749256
749257
749258
749259
749260
749261
749262
749263
749264
749265
749266
749269
749272
749273
749275
749276
749277
749278
749280
749281
749282
749284
749285
749286
749289
749290
749291
749292
749293
749294
749295
749296
749298
749299
749300
749301
749302
749303
749304
749305
749306
749307
749309
749310
749311
749312
749313
749314
749315
749316
749317
749318
749319
749320
749321
749323
749324
749325
749326
749327
749328
749329
749330
749331
749332
749333
749334
749335
749336
749337
749338
749339
749340
749341
749342
749343
749345
749346
749347
749348
749349
749350
749351
749352
749353
749355
749356
749357
749360
749361
749362
749363
749364
749365
749366
749367
749368
749369
749370
749371
749372
749373
749374
749375
749376
749377
749378
749379
749380
749381
749383
749384
749386
749387
749388
749389
749390
749391
749392
749393
749394
749395
749396
749397
749398
749399
749400
749401
749402
749403
749404
749407
749408
749409
749410
749411
749412
749413
749414
749415
749416
749417
749418
749419
749420
749422
749423
749424
749425
749426
749427
749428
749429
749430
749431
749432
749433
749434
749435
749436
749437
749438
749439
749440
749441
749442
749443
749444
749445
749446
749447
749448
749449
749450
749452
749453
749454
749455
749456
749457
749458
749459
749460
749461
749462
749463
749464
749465
749466
749467
749468
749469
749470