777791
777793
777794
777795
777799
777800
777804
777806
777807
777808
777809
777811
777812
777814
777815
777816
777818
777820
777821
777822
777824
777826
777827
777828
777829
777830
777831
777833
777835
777836
777838
777839
777842
777843
777844
777846
777847
777848
777849
777850
777852
777856
777863
777864
777865
777868
777870
777872
777874
777875
777876
777877
777878
777879
777880
777881
777882
777884
777885
777886
777887
777888
777889
777890
777891
777892
777895
777896
777897
777898
777899
777900
777903
777905
777906
777907
777908
777909
777910
777911
777915
777916
777918
777919
777920
777921
777923
777924
777925
777926
777928
777931
777933
777940
777941
777944
777946
777947
777948
777949
777950
777955
777956
777958
777959
777960
777961
777962
777964
777965
777966
777968
777969
777971
777972
777973
777975
777976
777978
777980
777992
777994
778002
778003
778004
778005
778006
778011
778012
778022
778023
778024
778025
778026
778028
778029
778030
778033
778034
778040
778041
778042
778043
778044
778045
778046
778047
778049
778052
778054
778056
778057
778058
778059
778060
778064
778065
778068
778069
778073
778078
777783
777784
777787
777788
777790
777796
777797
777801
777803
777805
777810
777813
777817
777819
777825
777832
777837
777840
777841
777845
777851
777854
777855
777857
777860
777862
777871
777873
777883
777893
777894
777902
777904
777913
777914
777917
777927
777932
777934
777936
777937
777938
777939
777942
777943
777954
777957
777963
777967
777977
777979
777982
777983
777984
777985
777986
777987
777988
777989
777990
777991
777993
777996
777998
778001
778010
778013
778016
778018
778019
778020
778021
778032
778037
778038
778048
778051
778053
778055
778061
778062
778063
778067
778072
778074
778075
778076
778077
778082
778083
778084
778085
778086
778088
778089
778090