790917
790918
790919
790921
790922
790923
790924
790925
790927
790928
790929
790930
790931
790933
790934
790935
790936
790937
790938
790939
790940
790941
790942
790943
790944
790945
790946
790947
790949
790950
790951
790952
790953
790954
790955
790956
790957
790958
790959
790960
790961
790962
790963
790964
790965
790966
790967
790968
790970
790972
790973
790974
790976
790977
790978
790979
790980
790981
790982
790983
790985
790987
790988
790989
790990
790994
790995
790996
790998
790999
791000
791001
791002
791003
791004
791005
791006
791007
791008
791009
791013
791014
791015
791016
791017
791018
791019
791020
791021
791022
791023
791024
791026
791027
791028
791029
791030
791031
791032
791033
791034
791035
791036
791037
791038
791039
791040
791041
791042
791043
791044
791045
791046
791047
791048
791049
791050
791051
791052
791056
791058
791059
791060
791061
791062
791063
791064
791065
791066
791067
791068
791069
791070
791071
791072
791074
791075
791076
791077
791078
791079
791080
791081
791082
791083
791084
791085
791086
791087
791088
791089
791090
791091
791092
791093
791094
791095
791096
791097
791099
791100
791101
791103
791104
791105
791106
791107
791108
791109
791110
791113
791114
791115
791117
791118
791119
791120
791121
791122