717945
717954
717958
717989
717990
718004
718013
718031
718052
718055
718056
718058
718059
718060
718062
718064
718065
718066
718068
718074
718079
718080
718082
718083
718086
718088
718091
718092
718093
718095
718096
718097
718100
718101
718103
718104
718105
718106
718107
718108
718112
718114
718115
718118
718119
718120
718121
718122
718123
718124
718126
718128
718129
718132
718133
718134
718135
718136
718138
718143
718147
718148
718151
718152
718153
718154
718156
718157
718158
718163
718164
718166
718172
718175
718176
718177
718178
718182
718183
718184
718186
718188
718191
718193
718195
718199
718204
718207
718208
718209
718212
718214
718215
718217
718220
718222
718223
718226
718227
718229
718231
718237
718238
718240
718241
718242
718245
718247
718248
718252
718253
718255
718258
718261
718263
718265
718268
718269
718270
718271
718279
718280
718283
718287
718288
718289
718291
718293
718295
718306
718307
718308