785500
785501
785503
785504
785505
785507
785508
785509
785510
785511
785513
785514
785515
785516
785517
785518
785519
785520
785521
785522
785523
785524
785525
785527
785528
785529
785530
785531
785532
785533
785534
785535
785536
785537
785539
785541
785544
785545
785546
785547
785548
785549
785550
785552
785553
785554
785556
785557
785558
785559
785560
785561
785564
785565
785568
785569
785570
785571
785572
785573
785574
785575
785576
785577
785578
785580
785581
785582
785583
785584
785585
785587
785588
785592
785593
785594
785595
785596
785597
785599
785601
785602
785603
785604
785605
785606
785607
785608
785610
785611
785612
785613
785614
785615
785616
785617
785618
785619
785620
785621
785622
785625
785626
785627
785628
785629
785630
785631
785632
785635
785637
785640
785642
785643
785644
785647
785649
785650
785651
785652
785653
785654
785655
785656
785658
785659
785660
785661
785662
785663
785664
785666
785667
785668
785670
785672
785673
785675
785676
785677
785679
785681
785682
785683
785684
785685
785687
785688
785689
785690
785691
785692
785693
785694
785695
785696
785697
785698
785699
785700
785701
785703
785704
785705
785706
785707
785708
785709
785710
785711
785712
785714
785715
785716
785717
785718
785720
785721
785722
785723
785724
785725
785726
785727
785728
785729
785730
785731
785732
785733
785734
785735
785736
785737
785738
785739
785740
785741
785742
785743
785744
785745
785746
785747
785748
785749
785750
785751
785752
785753
785754
785755
785756
785757
785758
785759
785760
785761
785762
785763
785764
785765
785766
785767
785768
785769
785770
785771
785772
785773
785774
785775
785776
785777
785778
785779
785781
785782
785783
785784
785785
785786
785787
785788
785790
785791
785792
785793
785794
785795
785796
785797
785798
785799
785800
785801
785802
785803
785804
785805
785806
785807
785808
785809
785811
785812
785813
785814
785815
785816
785817
785818
785819
785820
785821
785822
785823
785824
785825
785826
785827
785828
785829
785830
785831
785832
785833
785834
785835
785836
785837
785838
785839
785841
785844
785845
785846
785847
785848
785849
785850
785852
785853
785854
785855
785856
785857
785858
785859
785860
785861
785862