718311
718314
718322
718325
718326
718345
718355
718360
718361
718363
718366
718368
718376
718377
718378
718380
718381
718393
718397
718407
718408
718410
718419
718423
718427
718430
718432
718436
718437
718439
718442
718445
718448
718453
718454
718455
718458
718460
718461
718462
718466
718468
718469
718472
718473
718474
718476
718477
718484
718500
718501
718502
718514
718518
718523
718546
718547
718556
718557
718580
718590
718596
718612
718623
718626
718629
718632
718633
718639
718640
718673
718682
718685
718687
718699
718705
718707
718720
718722
718730
718734
718736
718747
718756
718757
718763
718766
718771
718772
718789
718790
718793
718794
718796
718798
718800
718802
718804
718805
718806
718808
718809
718810
718819
718823
718826
718829
718833
718854
718856
718858
718859
718865
718867
718878
718879
718893
718922
718923
718924