816794
816795
816796
816797
816798
816799
816801
816802
816803
816804
816805
816806
816807
816809
816814
816817
816818
816821
816822
816823
816824
816825
816826
816827
816828
816829
816830
816831
816832
816833
816834
816835
816836
816837
816838
816839
816840
816841
816842
816843
816844
816845
816846
816847
816849
816850
816852
816853
816856
816858
816859
816861
816862
816863
816864
816865
816868
816869
816870
816871
816872
816873
816874
816875
816878
816879
816880
816881
816882
816883
816884
816886
816888
816889
816890
816891
816892
816893
816894
816895
816896
816898
816899
816900
816901
816902
816903
816904
816905
816906
816907
816908
816909
816910
816911
816912
816913
816914
816915
816917
816918
816919
816920
816921
816922
816923
816924
816926
816927
816928
816929
816930
816932
816933
816934
816936
816937
816938
816939
816940
816941
816943
816947
816948
816950
816951
816952
816953
816954
816955
816956
816957
816958
816959
816960
816961
816962
816963
816964
816967
816968
816969
816970
816971
816972
816974
816975
816976
816977
816979
816981
816982
816983
816984
816986
816987
816988
816989
816990
816991
816992
816993
816995
816996
816997
816998
816999
817001
817002
817003
817005
817006
817007
817008
817010
817011
817012
817013
817015
817016
817017
817018
817020
817021
817022
817023
817024
817025
817026
817027
817030
817032
817033
817034
817035
817036
817038
817039
817040
817041
817042
817043
817044
817045
817047
817048
817049
817050
817052
817058
817061
817062
817064
817065
817074
817075
817082
817084
817085
817086
817091
817092
817093
817109
817111
817114
817116
817117
817118
817120
817121
817122
817123
817125
817140
817142
817143
817147
817148
817149
817154
817156
817160
817161
817165
817173
817174
817175
817176
817177
817179
817180
817181
817182
817183
817184
817185
817186
817187
817188
817189
817190
817053
817054
817056
817057
817059
817060
817066
817067
817068
817069
817070
817071
817072
817073
817076
817077
817078
817079
817080
817087
817088
817089
817090
817094
817095
817096
817097
817098
817099
817102
817104
817105
817106
817107
817112
817113
817115
817119
817124
817127
817128
817130
817131
817136
817138
817141
817144
817145
817146
817150
817151
817152
817153
817155
817158
817162
817163
817167
817168
817169
817170
817171
817055
817083
817100
817108
817129
817132
817133
817134
817135
817137
817157
817164
817166
817178