825692
825693
825695
825696
825697
825691
825700
825701
825699
825705
825703
825708
825704
825706
825709
825710
825712
825713
825723
825717
825718
825721
825731
825737
825734
825733
825735
825743
825741
825742
825752
825745
825746
825748
825750
825754
825755
825757
825768
825762
825767
825778
825780
825772
825783
825788
825792
825790
825796
825798
825799
825800
825801
825804
825806
825808
825809
825815
825816
825818
825819
825820
825823
825832
825835
825837
825838
825844
825846
825848
825849
825845
825853
825850
825854
825855
825856
825857
825858
825860
825869
825862
825863
825864
825870
825871
825874
825879
825883
825881
825882
825886
825887
825885
825888
825889
825890
825892
825893
825894
825896
825900
825911
825912
825906
825916
825920
825919
825694
825702
825707
825711
825714
825715
825716
825722
825724
825725
825726
825727
825728
825729
825730
825738
825739
825740
825747
825749
825751
825756
825758
825759
825760
825761
825763
825764
825765
825766
825769
825770
825771
825773
825774
825775
825777
825779
825782
825784
825785
825786
825787
825789
825791
825793
825795
825797
825802
825803
825807
825812
825814
825817
825821
825822
825824
825825
825826
825827
825828
825831
825834
825836
825839
825840
825841
825842
825843
825847
825861
825865
825866
825868
825895
825897
825898
825899
825901
825902
825903
825904
825907
825909
825913
825914