809474
809371
809372
809373
809375
809376
809377
809378
809379
809380
809381
809382
809383
809385
809387
809388
809389
809390
809391
809386
809393
809394
809395
809396
809398
809399
809401
809403
809404
809405
809407
809408
809409
809410
809412
809413
809414
809415
809416
809417
809418
809419
809420
809421
809422
809424
809425
809428
809429
809430
809431
809432
809433
809434
809435
809436
809437
809438
809439
809440
809441
809442
809443
809444
809445
809446
809447
809448
809449
809450
809451
809452
809454
809455
809456
809457
809458
809453
809462
809463
809464
809465
809466
809467
809468
809469
809470
809471
809472
809473
809475
809476
809477
809478
809479
809480
809481
809482
809484
809485
809486
809487
809488
809489
809490
809491
809492
809493
809494
809495
809496
809497
809498
809499
809501
809503
809504
809505
809506
809507
809509
809510
809512
809513
809514
809515
809517
809518
809519
809520
809521
809522
809524
809525
809526
809527
809528
809529
809530
809532
809533
809534
809535
809536
809538
809539
809541
809542
809543
809546
809547
809548
809549
809550
809551
809552
809553
809554
809555
809556
809557
809558
809559