1501974986222931968
1501805178088919042
1501996524351459331
1501966236342759425
1501984104757276676
1501820695860236288
1501935262208704515
1501938350323744773
1501945090184396812
1501856637899919364
1502026443613687812
1501975071388160003
1501984020594368512
1501898164147740677
1501875518861238281
1501867966404595712
1501891170372259840
1501945395861098496
1501901065440174085
1501882931614298114
1501918015222427654
1501954802787528710
1502011656213348353
1501849087980847106
1502022643452723215
1501831643329449985
1501841538585972741
1501939159388155904
1501841112864116738
1501804969946542082
1501905713441882113
1501826438894338048
1501818016836685825
1501931553525403649