1506646959020412930
1506670503150370820
1506565236177911826
1506621816449683459
1506655257639768064
1506515917110398979
1506727382769893376
1506591806472998918
1506717562050121738
1506618640078102530
1506689818822123521
1506602011462148100
1506735069209190410
1506677158307061760
1506529931089440772
1506699291406049285
1506615337902645250
1506609207579222017
1506707362056323072
1506662061970915328
1506597773541625862
1506639883695230979
1506737297605111808
1506552220950704130
1506722842448179207
1506503172663226378
1506665821740937220
1506632151613288462
1506580547224715264