1503634603495477251
1503747888974905354
1503770615534206986
1503670416505716748
1503838194663534593
1503602481342955525
1503830938018627589
1503702554269519879
1503710197415612424
1503619504093470722
1503740160403558409
1503627059792257028
1503808456461062153
1503762975328505867
1503721594790637571
1503679902549262337
1503695722687995909
1503823354469523458
1503610061087817729
1503791817631965191
1503728990091382784
1503661354833649667
1503792089649324046
1503745396824289281
1503778272668266506
1503735290430558208
1503792319409139728
1503651979486277633