1147115
1147116
1147117
1147118
1147119
1147120
1147121
1147122
1147123
1147124
1147125
1147126
1147127
1147128
1147129
1147130
1147131
1147132
1147133
1147134
1147135
1147136
1147137
1147138
1147139
1147140
1147141
1147142
1147143
1147144
1147145
1147146
1147147
1147148
1147149
1147155
1147156
1147157
1147159
1147160
1147161
1147162
1147164
1147165
1147166
1147167
1147168
1147169
1147170
1147172
1147173
1147174
1147175
1147176
1147177
1147178
1147180
1147181
1147182
1147183
1147184
1147185
1147186
1147187
1147188
1147189
1147190
1147192
1147193
1147194
1147195
1147196
1147197
1147198
1147199
1147200
1147202
1147203
1147204
1147205
1147206
1147207
1147208
1147209
1147210
1147211
1147212
1147213
1147214
1147215
1147217
1147218
1147219
1147220
1147221
1147222
1147223
1147224
1147225
1147226
1147229
1147230
1147231
1147232
1147233
1147234
1147235
1147236
1147238
1147239
1147240
1147241
1147242
1147243
1147244
1147245
1147246
1147247
1147248
1147249
1147250
1147251
1147253
1147254
1147255
1147256
1147257
1147258
1147259
1147260
1147261
1147262
1147263
1147264
1147265
1147266
1147268
1147269
1147270
1147271
1147272
1147273
1147274
1147275
1147277
1147278
1147279
1147280
1147281
1147282
1147283
1147284
1147285
1147286
1147287
1147288
1147289
1147290
1147291
1147292
1147293
1147294
1147295
1147296
1147297
1147298
1147299
1147300
1147302
1147303
1147304
1147305
1147306
1147307
1147310
1147311
1147312
1147313
1147314
1147315
1147316
1147317
1147318
1147319
1147320
1147321
1147322
1147323
1147324
1147325
1147326
1147327
1147328
1147329
1147330
1147331
1147332
1147333
1147334
1147335
1147336
1147337
1147338
1147339
1147340
1147341
1147342
1147343
1147344
1147345
1147346
1147347
1147348
1147349
1147351
1147352
1147353
1147354
1147355
1147356
1147358
1147359
1147360
1147362
1147363
1147364
1147365
1147366
1147367
1147368
1147370
1147372
1147373
1147375
1147377
1147378
1147379
1147380
1147381
1147382
1147383
1147384
1147385
1147386
1147387
1147388
1147389
1147390
1147391
1147392
1147393
1147395
1147396
1147397
1147398
1147399
1147400
1147402
1147403
1147404
1147405
1147406
1147407
1147408
1147409
1147410
1147411
1147412
1147413
1147414
1147415
1147416
1147417
1147418
1147419
1147420
1147421
1147422
1147423
1147424
1147425
1147426
1147427
1147428
1147429
1147430
1147431
1147432
1147433
1147434
1147435
1147436
1147437
1147441
1147442
1147443
1147444
1147445
1147446
1147447
1147448
1147449
1147450
1147451
1147452
1147453
1147459
1147460
1147461
1147462
1147463
1147464
1147465
1147466
1147468
1147469
1147470
1147471
1147472
1147473
1147474
1147475
1147476
1147478
1147484
1147485
1147486
1147487
1147488
1147489
1147490
1147491
1147492
1147493
1147494
1147495
1147496
1147497
1147498
1147499
1147500
1147501
1147502
1147503
1147504
1147505
1147506
1147507
1147508
1147509
1147510
1147511
1147512
1147513
1147514
1147515
1147516
1147517
1147518
1147519
1147520
1147521
1147522
1147523
1147524
1147525
1147526
1147527
1147528
1147529
1147530
1147531
1147532
1147533
1147534
1147535
1147536
1147537
1147538
1147539
1147540
1147541
1147543
1147544
1147545
1147546
1147547
1147548
1147549
1147550
1147551
1147552
1147555
1147556
1147557
1147558
1147559
1147560
1147561
1147562
1147563
1147564
1147565
1147566
1147567
1147568
1147569
1147570
1147571
1147573
1147574
1147576
1147577
1147578
1147579
1147580
1147581
1147582
1147583
1147584
1147585
1147586
1147587
1147588
1147589
1147590
1147591
1147592
1147593
1147594
1147595
1147596
1147597
1147598
1147599
1147600
1147601
1147602
1147603
1147604
1147605
1147607
1147608
1147609
1147610
1147611
1147612
1147613
1147614
1147615
1147617
1147618
1147620
1147621
1147622
1147624
1147626
1147627
1147628
1147629
1147631
1147633
1147634
1147635
1147637
1147638
1147639
1147640
1147641
1147642
1147643
1147644
1147645
1147646
1147647
1147648
1147649
1147651
1147652
1147653
1147654
1147655
1147656
1147657
1147658
1147659
1147660
1147661
1147662
1147663
1147664
1147665
1147666
1147667
1147668
1147669
1147670
1147671
1147672
1147673
1147674
1147675
1147677
1147678
1147679
1147680
1147681
1147682
1147683
1147684
1147685
1147686
1147687
1147688
1147689
1147690
1147691
1147692
1147693
1147694
1147695
1147696
1147697
1147698
1147700
1147701
1147702
1147703
1147704
1147705
1147706
1147707
1147708
1147709
1147712
1147714
1147715
1147716
1147717
1147718
1147719
1147720
1147721
1147722
1147723
1147724
1147725
1147726
1147727
1147728
1147729
1147730
1147731
1147732
1147733
1147734
1147735
1147736
1147737
1147738
1147739
1147740
1147741
1147742
1147743
1147744
1147745
1147746
1147747
1147748
1147749
1147750
1147751
1147752
1147753
1147754
1147755
1147756
1147757
1147758
1147759
1147760
1147761
1147762
1147763
1147764
1147765
1147766
1147767
1147769
1147770
1147771
1147772
1147773
1147775
1147776
1147777
1147778
1147780
1147781
1147782
1147783
1147784
1147785
1147786
1147787
1147789
1147790
1147791
1147792
1147793
1147794
1147795
1147796
1147797
1147798
1147799
1147800
1147801
1147802
1147803
1147804
1147805
1147806
1147807
1147808
1147809
1147810
1147811
1147812
1147813
1147815
1147816
1147817
1147818
1147819
1147820
1147821
1147822
1147823
1147824
1147825
1147826
1147827
1147828
1147829
1147830
1147831
1147832
1147833
1147834
1147835
1147836
1147837
1147838
1147839
1147840
1147841
1147842
1147843
1147844
1147845
1147846
1147847
1147848
1147849
1147850
1147851
1147852
1147853
1147854
1147855
1147856
1147857
1147858
1147859
1147860
1147861
1147863
1147864
1147865
1147866
1147867
1147868
1147869
1147870
1147871
1147872
1147873
1147874
1147875
1147876
1147877
1147878
1147879
1147880
1147881
1147882
1147883
1147884
1147886
1147887
1147888
1147889
1147890
1147891
1147892
1147894
1147895
1147896
1147898
1147899
1147900
1147901
1147902
1147903
1147904
1147905
1147906
1147907
1147908
1147909
1147910
1147911
1147912
1147913
1147914
1147915
1147916
1147917
1147919
1147920
1147921
1147922
1147923
1147924
1147925
1147926
1147927
1147928
1147929
1147930
1147931
1147932
1147933
1147934
1147935
1147936
1147937
1147939
1147940
1147941
1147942
1147943
1147944
1147945
1147946
1147947
1147948
1147950
1147951
1147952
1147953
1147954
1147955
1147956
1147957
1147958
1147959
1147960
1147961
1147962
1147963
1147964
1147965
1147966
1147967
1147968
1147969
1147970
1147971
1147972
1147973
1147974
1147975
1147976
1147977
1147978
1147979
1147980
1147982
1147983
1147984
1147985
1147986
1147987
1147988
1147989
1147990
1147991
1147992
1147993
1147994
1147995
1147996
1147997
1147999
1148000
1148001
1148002
1148003
1148004
1148006
1148007
1148008
1148009
1148010
1148011
1148012
1148013
1148014
1148015
1148016
1148017
1148018
1148019
1148020
1148021
1148022
1148023
1148024
1148025
1148026
1148027
1148028
1148029
1148030
1148031
1148032
1148033
1148034
1148035
1148036
1148037
1148038
1148039
1148040
1148041
1148042
1148043
1148044
1148045
1148046
1148047
1148048
1148049
1148050
1148051
1148052
1148053
1148054
1148055
1148056
1148057
1148058
1148059
1148060
1148061
1148062
1148063
1148064
1148065
1148066
1148067
1148068
1148069
1148070
1148071
1148072
1148073
1148074
1148075
1148076
1148077
1148078
1148079
1148080
1148081
1148082
1148083
1148084
1148085
1148086
1148087
1148088
1148089
1148090
1148091
1148092
1148093
1148094
1148095
1148096
1148097
1148098
1148099
1148100
1148101
1148102
1148103
1148104
1148105
1148106
1148107
1148108
1148109
1148110
1148111
1148112
1148113
1148114
1148115
1148116
1148117
1148118
1148119
1148120
1148121
1148122
1148123
1148124
1148125
1148126
1148127
1148128
1148129
1148130
1148131
1148132
1148133
1148134
1148135
1148136
1148137
1148138
1148139
1148140
1148141
1148142
1148143
1148144
1148145
1148146
1148147
1148148
1148149
1148150
1148151
1148152
1148153
1148154
1148155
1148156
1148157
1148158
1148159
1148160
1148161
1148162
1148163
1148164
1148165
1148166
1148167
1148168
1148169
1148170
1148171
1148172
1148173
1148174
1148175
1148176
1148177
1148178
1148179
1148180
1148181
1148182
1148183
1148184
1148185
1148186
1148188
1148189
1148190
1148192
1148193
1148194