963828
963847
963851
963852
963865
963880
963896
963907
963913
963914
963915
963919
963926
963935
963944
963947
963958
963959
963960
963966
963970
963972
963980
963983
963990
963991
963999
964000
964010
964014
964015
964016
964017
964018
964046
964047
964063
964067
964082
964096
964103
964109
964115
964117
964124
964148
964173
964174
964178
964185
964187
964191
964198
964202
964203
964206
964214
964218
964226
964228
964237
964248
964268
964272
964274
964294
964300
964303
964305
964306
964321
964323
964339
964346
964353
964354
964358
964365
964366
964373
964378
964387
964388
964403
964407
964408
964420
964423
964431
964434
964439
964442
964472
964473
964474
964484
964515
964529
964534
964538
964553
964555
964557
964563
964570
964573
964577
964578
964588
964595
964601
964605
964617
964618
964619
964625
964628
964629
964635
964657
964676
964680
964684
964690
964703
964716
964717
964729
964759
964768
964772
964797
964800
964804
964806
964819
964820
964821
964822
964823
964825
964837
964840
964842
964843
964844
964845
964851
964852
964854
964873
964886