1028418
1028430
1028463
1028464
1028465
1028466
1028500
1028506
1028508
1028509
1028511
1028518
1028532
1028535
1028538
1028560
1028601
1028619
1028645
1028672
1028692
1028711
1028713
1028741
1028742
1028767
1028770
1028771
1028774
1028778
1028785
1028802
1028810
1028819
1028823
1028827
1028832
1028833
1028840
1028843
1028844
1028853
1028863
1028864
1028872
1028878
1028888
1028890
1028900
1028906
1028918
1028919
1028937
1028949
1028959
1028971
1028972
1028984
1029006
1029022
1029033
1029044
1029046
1029049
1029051
1029055
1029075
1029079
1029089
1029093
1029094
1029095
1029096
1029103
1029127
1029144
1029151
1029171
1029177
1029235
1029244
1029253
1029285
1029294
1029323
1029345
1029346
1029350
1029357
1029358
1029380
1029405
1029420
1029424
1029430
1029444
1029445
1029461
1029467
1029471
1029512
1029530
1029534
1029540
1029542
1029562
1029582
1029585
1029597
1029616
1029625
1029640