1182100
1182101
1182102
1182103
1182104
1182105
1182106
1182107
1182108
1182109
1182110
1182112
1182115
1182116
1182117
1182118
1182119
1182120
1182121
1182122
1182124
1182125
1182126
1182127
1182128
1182129
1182130
1182131
1182132
1182133
1182134
1182135
1182136
1182137
1182138
1182139
1182140
1182141
1182142
1182143
1182144
1182145
1182147
1182148
1182149
1182150
1182151
1182152
1182153
1182154
1182155
1182156
1182157
1182158
1182159
1182160
1182161
1182163
1182164
1182165
1182166
1182167
1182168
1182169
1182170
1182171
1182173
1182174
1182175
1182176
1182177
1182178
1182179
1182180
1182181
1182182
1182183
1182184
1182185
1182186
1182187
1182188
1182191
1182192
1182194
1182195
1182196
1182198
1182199
1182200
1182201
1182203
1182204
1182205
1182206
1182207
1182208
1182209
1182210
1182211
1182212
1182213
1182214
1182215
1182216
1182217
1182218
1182219
1182220
1182221
1182222
1182223
1182224
1182225
1182226
1182227
1182228
1182229
1182230
1182231
1182232
1182233
1182234
1182235
1182236
1182237
1182238
1182239
1182240
1182241
1182242
1182243
1182244
1182245
1182246
1182247
1182248
1182249
1182250
1182251
1182252
1182253
1182254
1182255
1182256
1182257
1182258
1182259
1182260
1182261
1182262
1182263
1182264
1182265
1182266
1182267
1182268
1182269
1182270
1182271
1182272
1182273
1182274
1182275
1182276
1182278
1182279
1182280
1182281
1182282
1182283
1182284
1182285
1182286
1182287
1182288
1182289
1182290
1182291
1182292
1182293
1182294
1182296
1182297
1182298
1182299
1182301
1182302
1182303
1182304
1182305
1182306
1182307
1182308
1182309
1182310
1182311
1182312
1182313
1182314
1182315
1182316
1182318
1182319
1182320
1182321
1182322
1182323
1182324
1182325
1182326
1182327
1182328
1182329
1182330
1182331
1182332
1182333
1182334
1182337
1182338
1182340
1182341
1182342
1182343
1182344
1182345
1182346
1182347
1182348
1182349
1182350
1182351
1182352
1182353
1182354
1182355
1182356
1182358
1182359
1182360
1182361
1182363
1182364
1182365
1182366
1182367
1182368
1182370
1182371
1182372
1182373
1182374
1182376
1182377
1182379
1182380
1182381
1182382
1182383
1182384
1182385
1182386
1182387
1182388
1182389
1182390
1182391
1182392
1182393
1182394
1182395
1182396
1182398
1182399
1182400
1182401
1182402
1182403
1182404
1182406
1182407
1182408
1182409
1182410
1182412
1182413
1182414
1182415
1182416
1182417
1182418
1182419
1182420
1182421
1182422
1182423
1182424
1182425
1182426
1182427
1182428
1182429
1182430
1182431
1182432
1182433
1182434
1182435
1182436
1182437
1182438
1182439
1182440
1182441
1182442
1182443
1182445
1182446
1182447
1182449
1182450
1182452
1182453
1182454
1182455
1182456
1182457
1182458
1182459
1182460
1182461
1182462
1182463
1182464
1182465
1182466
1182467
1182468
1182470
1182471
1182472
1182473
1182474
1182475
1182476
1182477
1182479
1182480
1182481
1182482
1182483
1182484
1182485
1182486
1182487
1182488
1182489
1182491
1182492
1182493
1182494
1182495
1182496
1182497
1182498
1182499
1182500
1182501
1182502
1182503
1182504
1182505
1182506
1182507
1182508
1182509
1182510
1182512
1182513
1182514
1182515
1182516
1182517
1182518
1182519
1182520
1182521
1182522
1182523
1182524
1182525
1182526
1182527
1182528
1182529
1182530
1182531
1182532
1182533
1182534
1182535
1182536
1182537
1182538
1182539
1182540
1182541
1182542
1182543