1161596
1160870
1160871
1160872
1160873
1160874
1160875
1160876
1160877
1160878
1160879
1160880
1160881
1160882
1160883
1160884
1160885
1160886
1160887
1160888
1160889
1160890
1160891
1160892
1160893
1160894
1160895
1160896
1160897
1160898
1160899
1160900
1160901
1160902
1160903
1160904
1160905
1160906
1160907
1160908
1160909
1160911
1160912
1160913
1160914
1160915
1160916
1160917
1160920
1160921
1160922
1160924
1160925
1160926
1160927
1160930
1160931
1160932
1160934
1160936
1160937
1160938
1160940
1160941
1160942
1160943
1160944
1160945
1160946
1160947
1160950
1160951
1160952
1160953
1160955
1160956
1160957
1160958
1160959
1160960
1160961
1160962
1160963
1160964
1160965
1160968
1160970
1160971
1160973
1160974
1160975
1160976
1160978
1160979
1160981
1160983
1160984
1160986
1160988
1160989
1160991
1160993
1160994
1160997
1160998
1161000
1161002
1161003
1161005
1161007
1161008
1161010
1161011
1161012
1161014
1161015
1161016
1161020
1161021
1161023
1161027
1161029
1161030
1161031
1161032
1161033
1161035
1161036
1161037
1161038
1161039
1161040
1161041
1161042
1161043
1161044
1161045
1161046
1161047
1161048
1161049
1161050
1161051
1161052
1161053
1161054
1161055
1161056
1161058
1161059
1161060
1161061
1161062
1161063
1161064
1161065
1161066
1161067
1161068
1161069
1161070
1161071
1161072
1161073
1161074
1161075
1161076
1161078
1161079
1161080
1161081
1161082
1161084
1161085
1161086
1161087
1161088
1161089
1161090
1161091
1161092
1161093
1161094
1161095
1161096
1161097
1161098
1161099
1161100
1161101
1161102
1161103
1161104
1161105
1161106
1161107
1161108
1161109
1161110
1161111
1161112
1161113
1161115
1161116
1161117
1161118
1161119
1161120
1161121
1161123
1161124
1161125
1161126
1161128
1161129
1161130
1161131
1161132
1161133
1161134
1161135
1161136
1161137
1161138
1161139
1161140
1161141
1161142
1161143
1161144
1161145
1161146
1161147
1161148
1161149
1161150
1161151
1161152
1161153
1161154
1161155
1161156
1161157
1161158
1161159
1161160
1161161
1161162
1161164
1161165
1161166
1161167
1161168
1161169
1161170
1161171
1161172
1161174
1161175
1161176
1161177
1161179
1161181
1161182
1161183
1161185
1161186
1161187
1161188
1161189
1161190
1161191
1161192
1161193
1161194
1161195
1161196
1161197
1161198
1161199
1161200
1161201
1161202
1161203
1161204
1161205
1161206
1161207
1161208
1161209
1161210
1161211
1161212
1161213
1161214
1161215
1161216
1161217
1161218
1161219
1161220
1161221
1161222
1161223
1161224
1161225
1161226
1161227
1161228
1161229
1161230
1161232
1161233
1161234
1161235
1161236
1161237
1161238
1161239
1161241
1161242
1161243
1161244
1161245
1161246
1161247
1161248
1161249
1161250
1161251
1161252
1161253
1161254
1161255
1161256
1161257
1161258
1161259
1161260
1161261
1161262
1161263
1161264
1161265
1161266
1161268
1161269
1161270
1161271
1161272
1161273
1161274
1161275
1161276
1161277
1161278
1161279
1161282
1161283
1161284
1161285
1161286
1161287
1161288
1161289
1161290
1161291
1161292
1161293
1161294
1161295
1161296
1161298
1161299
1161300
1161301
1161302
1161303
1161304
1161305
1161306
1161307
1161308
1161310
1161312
1161313
1161314
1161315
1161316
1161317
1161318
1161319
1161324
1161325
1161326
1161327
1161328
1161329
1161330
1161331
1161332
1161333
1161334
1161336
1161339
1161341
1161342
1161343
1161344
1161346
1161347
1161348
1161349
1161350
1161352
1161353
1161356
1161357
1161358
1161359
1161360
1161361
1161362
1161363
1161364
1161366
1161368
1161369
1161370
1161371
1161373
1161374
1161375
1161376
1161377
1161378
1161379
1161380
1161381
1161382
1161383
1161384
1161385
1161386
1161390
1161392
1161394
1161396
1161398
1161399
1161400
1161402
1161403
1161404
1161405
1161406
1161407
1161408
1161409
1161410
1161411
1161412
1161413
1161414
1161415
1161416
1161417
1161422
1161423
1161424
1161425
1161426
1161427
1161428
1161429
1161430
1161431
1161432
1161433
1161434
1161435
1161436
1161437
1161438
1161439
1161440
1161441
1161442
1161443
1161444
1161445
1161446
1161447
1161448
1161449
1161450
1161451
1161452
1161453
1161454
1161455
1161456
1161457
1161459
1161460
1161461
1161463
1161464
1161465
1161467
1161468
1161469
1161470
1161472
1161475
1161476
1161477
1161478
1161479
1161480
1161482
1161483
1161484
1161485
1161487
1161488
1161489
1161490
1161491
1161492
1161494
1161495
1161496
1161497
1161498
1161499
1161500
1161501
1161502
1161503
1161504
1161505
1161506
1161507
1161508
1161510
1161511
1161512
1161513
1161514
1161515
1161516
1161517
1161518
1161519
1161520
1161521
1161522
1161523
1161524
1161525
1161526
1161527
1161528
1161529
1161530
1161531
1161532
1161533
1161534
1161535
1161536
1161538
1161540
1161542
1161543
1161544
1161545
1161546
1161547
1161548
1161550
1161552
1161553
1161555
1161556
1161557
1161558
1161559
1161560
1161561
1161562
1161563
1161564
1161565
1161566
1161567
1161568
1161569
1161570
1161571
1161574
1161575
1161576
1161577
1161578
1161579
1161580
1161581
1161582
1161583
1161584
1161585
1161586
1161587
1161588
1161589
1161590
1161591
1161592
1161593
1161594
1161595