1215409
1215410
1215411
1215413
1215414
1215431
1215433
1215435
1215439
1215436
1215447
1215448
1215459
1215460
1215458
1215463
1215464
1215465
1215468
1215474
1215477
1215481
1215484
1215488
1215489
1215497
1215499
1215502
1215503
1215506
1215516
1215517
1215518
1215519
1215520
1215521
1215522
1215533
1215534
1215536
1215542
1215535
1215544
1215547
1215543
1215545
1215555
1215557
1215558
1215559
1215561
1215562
1215563
1215564
1215567
1215569
1215565
1215566
1215568
1215570
1215571
1215572
1215580
1215581
1215584
1215593
1215595
1215594
1215596
1215618
1215619
1215620
1215621
1215622
1215623
1215624
1215626
1215627
1215628
1215629
1215630
1215633
1215634
1215635
1215636
1215637
1215638
1215639
1215640
1215641
1215642
1215643
1215644
1215645
1215646
1215647
1215648
1215649
1215650
1215651
1215652
1215653
1215654
1215655
1215656
1215657
1215658
1215659
1215660
1215661
1215662
1215663
1215664
1215665
1215666
1215667
1215668
1215669
1215670
1215671
1215672
1215673
1215674
1215675
1215676
1215677
1215678
1215679
1215680
1215681
1215682
1215685
1215686
1215687
1215688
1215689
1215690
1215691
1215692
1215693
1215694
1215695
1215696
1215698
1215699
1215700
1215701
1215702
1215703
1215705
1215706
1215707
1215708
1215710
1215712
1215713
1215715
1215716
1215717
1215718
1215720
1215721
1215723
1215724
1215725
1215727
1215728
1215730
1215731
1215732
1215734
1215736
1215737
1215738
1215739
1215740
1215741
1215744
1215745
1215746
1215747
1215748
1215749
1215751
1215752
1215753
1215754
1215755
1215756
1215757
1215758
1215760
1215761
1215762
1215763
1215764
1215765
1215766
1215767
1215768
1215769
1215770
1215771
1215772
1215773
1215774
1215775
1215776
1215778
1215779
1215780
1215781
1215782
1215783
1215784
1215785
1215786
1215787
1215788
1215789
1215790
1215791
1215792
1215793
1215794
1215795
1215796
1215797
1215798
1215799
1215800
1215801
1215802
1215803
1215804
1215805
1215806
1215808
1215809
1215810
1215811
1215812
1215813
1215814
1215815
1215816
1215817
1215818
1215819
1215820
1215821
1215822
1215823
1215824
1215825
1215826
1215827
1215828
1215829
1215830
1215831
1215832
1215833
1215834
1215835
1215837
1215838
1215839
1215840
1215841
1215842
1215843
1215844
1215845
1215846
1215847
1215848
1215849
1215850
1215851
1215852
1215853
1215854
1215855
1215856
1215857
1215858
1215859
1215860
1215861
1215862
1215863
1215864
1215865
1215866
1215867
1215868
1215869
1215870
1215871
1215872
1215873
1215874
1215875
1215876
1215877
1215878
1215879
1215880
1215881
1215882
1215883
1215884
1215885
1215886
1215887
1215888
1215889
1215890
1215891
1215892
1215893
1215894
1215895
1215897
1215898
1215900
1215901
1215902
1215905
1215907
1215908
1215909
1215910
1215911
1215912
1215913
1215914
1215915
1215916
1215918
1215919
1215920
1215921
1215922
1215923
1215924
1215925
1215926
1215927
1215928
1215929
1215930
1215931
1215932
1215933
1215934
1215935
1215936
1215937
1215938
1215939
1215940
1215941
1215942
1215943
1215944
1215945
1215946
1215947
1215949
1215950
1215951
1215952
1215953
1215954
1215955
1215956
1215957
1215959
1215960
1215961
1215962
1215963
1215964
1215965
1215966
1215967
1215968
1215969
1215970
1215971
1215972
1215973
1215974
1215975
1215976
1215977
1215978
1215979
1215980
1215981
1215982
1215983
1215984
1215985
1215986
1215987
1215988
1215989
1215990
1215991
1215992
1215993
1215994
1215995
1215996
1215997
1215998
1216000
1216001
1216002
1216003
1216004
1216005
1216006
1216007
1216008
1216009
1216010
1216011
1216012
1216013
1216014
1216015
1216016
1216017
1216018
1216019
1216020
1216021
1216022
1216023
1216024
1216025
1216026
1216028
1216029
1216030
1216031
1216032
1216033
1216034
1216035
1216036
1216037
1216038
1216039
1216040
1216042
1216043
1216046
1216047
1216048
1216049
1216050
1216051
1216052
1216054
1216055
1216056
1216057
1216058
1216059
1216060
1216061
1216062
1216063
1216064
1216065
1216066
1216067
1216068
1216069
1216070
1216071
1216072
1216073
1216074
1216075
1216076
1216077
1216078
1216079
1216080
1216081
1216082
1216083
1216084
1216086
1216087
1216088
1216089
1216090
1216091
1215528
1215529
1215412
1215416
1215417
1215418
1215419
1215420
1215421
1215422
1215423
1215424
1215425
1215426
1215427
1215428
1215429
1215430
1215432
1215434
1215437
1215438
1215440
1215441
1215442
1215443
1215444
1215445
1215446
1215449
1215450
1215451
1215452
1215453
1215454
1215455
1215456
1215457
1215467
1215469
1215470
1215471
1215472
1215473
1215475
1215476
1215478
1215479
1215480
1215483
1215485
1215490
1215491
1215492
1215493
1215494
1215495
1215496
1215498
1215500
1215501
1215507
1215508
1215509
1215510
1215511
1215512
1215514
1215515
1215523
1215524
1215525
1215526
1215527
1215530
1215537
1215539
1215540
1215541
1215546
1215548
1215549
1215550
1215551
1215552
1215553
1215554
1215556
1215573
1215574
1215575
1215576
1215577
1215578
1215582
1215583
1215585
1215586
1215587
1215588
1215589
1215590
1215591
1215592
1215597
1215598
1215599
1215600
1215601
1215602
1215603
1215604
1215605
1215606
1215607
1215608
1215609
1215610
1215611
1215613
1215614
1215615
1215616
1215617
1215625