1038229
1038231
1038232
1038242
1038279
1038335
1038346
1038355
1038375
1038378
1038402
1038403
1038418
1038420
1038450
1038452
1038471
1038472
1038476
1038487
1038490
1038516
1038561
1038586
1038598
1038607
1038609
1038636
1038687
1038689
1038690
1038699
1038711
1038713
1038724
1038731
1038733
1038734
1038747
1038760
1038784
1038790
1038798
1038799
1038810
1038816
1038820
1038822
1038832
1038850
1038866
1038876
1038884
1038885
1038887
1038888
1038898
1038909
1038927
1038933
1038950
1038957
1038965
1038979
1038985
1038986
1038987
1038989
1038991
1038993
1038996
1038998
1039001
1039003
1039005
1039013
1039016
1039017
1039021
1039023
1039025
1039029
1039042
1039052
1039054
1039068
1039075
1039081
1039083
1039089
1039092
1039094
1039098
1039105
1039113
1039116
1039119
1039121
1039123
1039124
1039125
1039126
1039127
1039129
1039134
1039141
1039146
1039154
1039164
1039210
1039221
1039223
1039241
1039256
1039264
1039278
1039280
1039288
1039290
1039300
1039303
1039317
1039362
1039418
1039426
1039440
1039455
1039457
1039496
1039506