1150681
1150682
1150683
1150684
1150685
1150687
1150688
1150689
1150690
1150692
1150693
1150694
1150695
1150696
1150698
1150699
1150700
1150702
1150703
1150705
1150707
1150708
1150709
1150710
1150711
1150712
1150713
1150714
1150715
1150716
1150717
1150718
1150719
1150720
1150721
1150722
1150723
1150724
1150726
1150727
1150728
1150729
1150730
1150731
1150733
1150734
1150735
1150736
1150737
1150738
1150739
1150741
1150742
1150744
1150745
1150746
1150747
1150748
1150749
1150750
1150751
1150752
1150753
1150754
1150755
1150756
1150757
1150758
1150759
1150760
1150762
1150763
1150764
1150765
1150766
1150767
1150768
1150769
1150770
1150771
1150772
1150773
1150774
1150775
1150776
1150778
1150779
1150780
1150781
1150782
1150783
1150784
1150785
1150786
1150787
1150788
1150790
1150791
1150792
1150793
1150794
1150795
1150796
1150797
1150798
1150799
1150800
1150801
1150802
1150804
1150805
1150806
1150807
1150808
1150809
1150810
1150811
1150812
1150813
1150814
1150815
1150816
1150817
1150818
1150819
1150820
1150821
1150822
1150823
1150824
1150825
1150826
1150827
1150828
1150829
1150830
1150831
1150832
1150833
1150834
1150836
1150837
1150838
1150839
1150840
1150841
1150843
1150844
1150845
1150846
1150847
1150848
1150849
1150850
1150851
1150852
1150853
1150854
1150855
1150856
1150857
1150858
1150859
1150860
1150861
1150862
1150863
1150864
1150865
1150866
1150867
1150868
1150869
1150874
1150875
1150876
1150877
1150878
1150879
1150880
1150881
1150882
1150883
1150884
1150885
1150886
1150889
1150891
1150892
1150893
1150894
1150895
1150896
1150897
1150898
1150899
1150900
1150901
1150902
1150903
1150904
1150905
1150906
1150907
1150908
1150909
1150910
1150911
1150912
1150913
1150914
1150915
1150916
1150918
1150919
1150920
1150921
1150922
1150923
1150924
1150925
1150926
1150927
1150928
1150929
1150930
1150931
1150932
1150933
1150934
1150935
1150936
1150937
1150938
1150939
1150940
1150941
1150942
1150943
1150944
1150945
1150946
1150948
1150949
1150950
1150970
1150980
1151023
1151037
1151056
1151083
1151096
1151109
1151133
1151137
1151141
1151169
1151170
1151184
1151187
1151188
1151190
1151214
1151218
1151219
1151224
1151228
1151223
1151225
1151226
1151227
1151229
1151230
1151231
1151232
1151233
1151234
1151236
1151237
1151238
1151239
1151240
1151241
1151248
1151242
1151243
1151244
1151245
1151246
1151247
1151249
1151256
1151250
1151251
1151252
1151253
1151254
1151255
1151258
1151259
1151260
1151261
1151262
1151268
1151263
1151264
1151265
1151266
1151267
1151269
1151270
1151271
1151272
1151273
1151274
1151275
1151276
1151278
1151279
1151280
1151281
1151282
1151283
1151284
1151289
1151285
1151286
1151287
1151288
1151290
1151291
1151292
1151293
1151294
1151295
1151296
1151297
1151298
1151299
1151300
1151301
1151302
1151303
1151304
1151310
1151305
1151306
1151314
1151307
1151316
1151308
1151309
1151319
1151311
1151312
1151313
1151315
1151317
1151318
1151320
1151321
1151322
1151323
1151324
1151325
1151326
1151333
1151327
1151328
1151329
1151330
1151331
1151332
1151334
1151335
1151337
1151338
1151344
1151345
1151340
1151350
1151342
1151343
1151346
1151347
1151348
1151349
1151351
1151359
1151352
1151363
1151358
1151371
1151364
1151365
1151366
1151367
1151368
1151370
1151374
1151376
1151386
1151404
1151409
1150951
1150952
1150953
1150954
1150955
1150956
1150957
1150958
1150959
1150961
1150962
1150963
1150964
1150965
1150966
1150967
1150968
1150969
1150971
1150972
1150974
1150975
1150976
1150977
1150978
1150979
1150981
1150982
1150983
1150984
1150985
1150986
1150987
1150988
1150989
1150990
1150991
1150992
1150993
1150994
1150995
1150996
1150997
1150998
1150999
1151000
1151001
1151002
1151003
1151005
1151006
1151007
1151008
1151009
1151010
1151011
1151012
1151013
1151014
1151015
1151016
1151017
1151018
1151019
1151020
1151021
1151022
1151024
1151025
1151026
1151027
1151028
1151029
1151030
1151031
1151032
1151033
1151034
1151035
1151036
1151038
1151039
1151040
1151041
1151042
1151044
1151045
1151046
1151047
1151048
1151051
1151052
1151054
1151055
1151057
1151058
1151059
1151060
1151061
1151062
1151063
1151064
1151065
1151067
1151068
1151069
1151071
1151072
1151074
1151075
1151076
1151077
1151078
1151079
1151080
1151081
1151082
1151084
1151085
1151086
1151087
1151088
1151089
1151090
1151091
1151092
1151093
1151094
1151095
1151098
1151099
1151101
1151102
1151103
1151105
1151106
1151107
1151108
1151110
1151111
1151112
1151113
1151114
1151115
1151116
1151117
1151118
1151119
1151120
1151121
1151122
1151123
1151124
1151125
1151126
1151127
1151128
1151129
1151130
1151131
1151132
1151134
1151135
1151136
1151138
1151140
1151142
1151143
1151144
1151145
1151146
1151148
1151149
1151150
1151151
1151152
1151153
1151154
1151156
1151157
1151159
1151160
1151161
1151163
1151164
1151165
1151167
1151168
1151171
1151172
1151173
1151174
1151175
1151176
1151177
1151178
1151179
1151180
1151181
1151182
1151183
1151185
1151186
1151189
1151191
1151192
1151194
1151196
1151197
1151198
1151199
1151200
1151201
1151202
1151203
1151204
1151205
1151206
1151207
1151208
1151209
1151210
1151211
1151212
1151213
1151215
1151216
1151217
1151220
1151221
1151222
1151339
1151341
1151353
1151354
1151355
1151356
1151357
1151360
1151361
1151362
1151369
1151372
1151373
1151375
1151377
1151378
1151379
1151380
1151381
1151382
1151383
1151384
1151385
1151387
1151388
1151389
1151390
1151391
1151392
1151395
1151397
1151398
1151399
1151400
1151401
1151402
1151403
1151405
1151406
1151407
1151408
1151410
1151411