1014099
1014111
1014112
1014117
1014118
1014140
1014143
1014149
1014154
1014156
1014157
1014158
1014161
1014164
1014165
1014167
1014169
1014176
1014185
1014188
1014191
1014196
1014199
1014203
1014204
1014210
1014225
1014229
1014230
1014235
1014238
1014239
1014240
1014241
1014244
1014247
1014255
1014257
1014260
1014264
1014267
1014273
1014278
1014283
1014284
1014285
1014289
1014291
1014294
1014298
1014299
1014303
1014316
1014343
1014344
1014351
1014352
1014353
1014355
1014358
1014362
1014364
1014374
1014375
1014384
1014389
1014392
1014393
1014399
1014400
1014403
1014404
1014406
1014415
1014421
1014423
1014424
1014431
1014432
1014435
1014438
1014440
1014445
1014447
1014448
1014452
1014470
1014481
1014482
1014483
1014488
1014495
1014501
1014505
1014509
1014530
1014531
1014553
1014554
1014582
1014602
1014615
1014637
1014638
1014640
1014651
1014657
1014660
1014664
1014669
1014672
1014673
1014675
1014677
1014679
1014681
1014685
1014689
1014690
1014695
1014696
1014698
1014710
1014711
1014712
1014735
1014740
1014744
1014754
1014759
1014760
1014761
1014765
1014785
1014795
1014801
1014802
1014803
1014805
1014811
1014812
1014815
1014818
1014820
1014821
1014823
1014824
1014825
1014827
1014828
1014838
1014844
1014845
1014846
1014859