974706
974711
974719
974738
974742
974750
974763
974770
974777
974780
974803
974811
974830
973654
973655
973656
973657
973658
973659
973660
973661
973662
973663
973664
973665
973666
973676
973678
973679
973682
973695
973720
973722
973724
973737
973739
973742
973757
973759
973763
973785
973793
973796
973810
973812
973814
973817
973831
973832
973838
973839
973843
973846
973849
973872
973879
973883
973897
973903
973904
973924
973925
973928
973929
973931
973933
973935
973936
973939
973947
973951
973953
973954
973955
973962
973966
973981
974005
974008
974017
974021
974022
974027
974029
974034
974037
974040
974059
974066
974067
974068
974069
974070
974071
974074
974075
974076
974106
974120
974123
974125
974139
974141
974154
974160
974162
974175
974180
974186
974194
974199
974201
974203
974215
974236
974244
974246
974249
974252
974256
974259
974263
974271
974272
974278
974280
974282
974283
974286
974287
974297
974322
974323
974344
974347
974354
974366
974394
974406
974412
974419
974433
974440
974461
974467
974471
974475
974476
974477
974478
974479
974480
974482
974496
974520
974522
974537
974545
974547
974563
974569
974579
974602
974614
974615
974613
974622
974681
974707
974714
974715
974747
974771
974793
974808
974846
974852
974867