1190297
1190298
1190299
1190300
1190301
1190302
1190303
1190304
1190305
1190306
1190307
1190308
1190309
1190310
1190312
1190313
1190314
1190315
1190316
1190317
1190318
1190319
1190320
1190321
1190322
1190323
1190325
1190326
1190327
1190328
1190329
1190330
1190331
1190333
1190334
1190335
1190336
1190337
1190338
1190339
1190340
1190341
1190342
1190343
1190344
1190346
1190347
1190348
1190349
1190350
1190351
1190352
1190353
1190354
1190355
1190356
1190357
1190358
1190360
1190361
1190362
1190363
1190364
1190365
1190367
1190369
1190370
1190371
1190372
1190373
1190374
1190375
1190376
1190377
1190378
1190379
1190380
1190381
1190382
1190383
1190384
1190385
1190386
1190387
1190388
1190389
1190390
1190391
1190392
1190393
1190394
1190395
1190398
1190400
1190401
1190402
1190404
1190406
1190407
1190408
1190409
1190410
1190411
1190412
1190413
1190414
1190415
1190416
1190417
1190418
1190419
1190420
1190421
1190422
1190423
1190425
1190426
1190427
1190428
1190429
1190430
1190431
1190433
1190434
1190435
1190436
1190437
1190438
1190439
1190440
1190442
1190443
1190445
1190446
1190447
1190448
1190449
1190450
1190451
1190452
1190453
1190454
1190456
1190457
1190459
1190460
1190462
1190463
1190464
1190465
1190466
1190467
1190468
1190469
1190470
1190471
1190472
1190473
1190474
1190475
1190476
1190477
1190478
1190479
1190480
1190482
1190483
1190485
1190486
1190487
1190488
1190489
1190490
1190491
1190492
1190493
1190494
1190495
1190496
1190497
1190498
1190499
1190500
1190501
1190502
1190503
1190504
1190505
1190506
1190507
1190508
1190509
1190510
1190512
1190513
1190514
1190515
1190516
1190517
1190518
1190519
1190520
1190521
1190523
1190524
1190525
1190526
1190529
1190530
1190531
1190532
1190533
1190534
1190535
1190536
1190537
1190538
1190539
1190540
1190543
1190544
1190545
1190546
1190547
1190548
1190549
1190550
1190551
1190552
1190553
1190554
1190555
1190556
1190557
1190558
1190559
1190560
1190561
1190562
1190563
1190566
1190567
1190568
1190569
1190570
1190571
1190572
1190573
1190574
1190575
1190576
1190577
1190578
1190579
1190580
1190581
1190582
1190583
1190584
1190585
1190586
1190587
1190588
1190589
1190590
1190591
1190592
1190593
1190594
1190595
1190596
1190597
1190598
1190599
1190600
1190601
1190602
1190603
1190604
1190605
1190606
1190608
1190609
1190610
1190613
1190614
1190615
1190616
1190617
1190618
1190619
1190620
1190621
1190626
1190627
1190629
1190630
1190632
1190633
1190634
1190635
1190636
1190637
1190638
1190639
1190645
1190646
1190647
1190648
1190649
1190650
1190655
1190656
1190657
1190658
1190659
1190660
1190662
1190663
1190664
1190665
1190666
1190667
1190668
1190669
1190670
1190671
1190672
1190673
1190674
1190675
1190676
1190677
1190678
1190679
1190680
1190681
1190682
1190683
1190684
1190685
1190686
1190687
1190688
1190689
1190690
1190691
1190692
1190693
1190694
1190695
1190696
1190697
1190698
1190699
1190700
1190701
1190702
1190703
1190704
1190705
1190706
1190707
1190708
1190709
1190710
1190711
1190712
1190713
1190714
1190715
1190716
1190717
1190718
1190719
1190720
1190721
1190723
1190724
1190725
1190726
1190728
1190730
1190731
1190733
1190734
1190735
1190737
1190738
1190740
1190741
1190742
1190743
1190745
1190746
1190747
1190748
1190749
1190750
1190751
1190752
1190755
1190756
1190757
1190758
1190759
1190760
1190761
1190762
1190766
1190767
1190768
1190770
1190772
1190773
1190774
1190775
1190776
1190777
1190778
1190779
1190780
1190781
1190782
1190783
1190784
1190786
1190787
1190789
1190790
1190792
1190794
1190795
1190796
1190799
1190800
1190801
1190803
1190805
1190806
1190807
1190808
1190809
1190810
1190812
1190813
1190815
1190816
1190817
1190818
1190819
1190820
1190821
1190822
1190823
1190824
1190825
1190826
1190827
1190828
1190829
1190830
1190832
1190833
1190834
1190835
1190837
1190838
1190839
1190840
1190841
1190842
1190844
1190845
1190846
1190847
1190848
1190849
1190850
1190851
1190852
1190853
1190854
1190855
1190856
1190857
1190858
1190859
1190860
1190861
1190862
1190863
1190864
1190865
1190866
1190867
1190868
1190869
1190870
1190871
1190872
1190873
1190874
1190875
1190877
1190878
1190879
1190880
1190881
1190882
1190883
1190884
1190885
1190886
1190887
1190888
1190889
1190890
1190891
1190892
1190893
1190894
1190895
1190896
1190897
1190898
1190900
1190901
1190902
1190903
1190904
1190905
1190906
1190907
1190908
1190909
1190910
1190911
1190912
1190913
1190914
1190915
1190916
1190917
1190918
1190919
1190920
1190921
1190922
1190923
1190924
1190925
1190926
1190927
1190928
1190929
1190930
1190931
1190932
1190933
1190934
1190935
1190936
1190937
1190938
1190939
1190940
1190941
1190942
1190943
1190944
1190945
1190946
1190947
1190948
1190949
1190950
1190951
1190952
1190953
1190954
1190955
1190956
1190957
1190958
1190959
1190960
1190961
1190962
1190963
1190964
1190965
1190966
1190967
1190968
1190969
1190970
1190971
1190972
1190973
1190974
1190975
1190976
1190977
1190978
1190979
1190980
1190981
1190982
1190984
1190985
1190986
1190987
1190988
1190989
1190990
1190991
1190992
1190993
1190994
1190995
1190996
1190997
1190998
1190999
1191000
1191001
1191002
1191003
1191004
1191005
1191006
1191007
1191008
1191009
1191010
1191011
1191012
1191013
1191014
1191015
1191016
1191017
1191018
1191019