1135882
1135883
1135884
1135885
1135886
1135887
1135888
1135889
1135890
1135891
1135892
1135893
1135894
1135895
1135896
1135897
1135899
1135901
1135902
1135904
1135905
1135907
1135909
1135911
1135912
1135913
1135915
1135917
1135919
1135920
1135921
1135922
1135923
1135924
1135925
1135926
1135927
1135928
1135929
1135930
1135931
1135932
1135933
1135934
1135935
1135936
1135937
1135938
1135939
1135940
1135941
1135942
1135943
1135944
1135945
1135946
1135947
1135948
1135949
1135950
1135951
1135952
1135954
1135955
1135956
1135957
1135958
1135959
1135960
1135961
1135963
1135964
1135965
1135966
1135968
1135969
1135970
1135971
1135972
1135973
1135974
1135975
1135976
1135977
1135978
1135979
1135980
1135982
1135983
1135984
1135985
1135986
1135987
1135988
1135989
1135990
1135991
1135992
1135993
1135994
1135995
1135996
1135997
1135998
1135999
1136000
1136001
1136002
1136003
1136004
1136005
1136006
1136007
1136008
1136009
1136010
1136011
1136012
1136013
1136014
1136015
1136016
1136017
1136018
1136019
1136021
1136022
1136023
1136024
1136025
1136026
1136027
1136028
1136029
1136030
1136031
1136032
1136033
1136034
1136035
1136036
1136037
1136038
1136039
1136040
1136041
1136042
1136043
1136044
1136045
1136046
1136047
1136048
1136049
1136050
1136051
1136052
1136053
1136054
1136055
1136056
1136057
1136058
1136059
1136060
1136061
1136062
1136063
1136064
1136065
1136066
1136067
1136068
1136069
1136070
1136071
1136072
1136073
1136074
1136075
1136076
1136077
1136078
1136079
1136080
1136081
1136082
1136084
1136085
1136086
1136087
1136088
1136089
1136090
1136091
1136092
1136093
1136094
1136095
1136096
1136097
1136098
1136099
1136100
1136101
1136102
1136103
1136104
1136105
1136106
1136107
1136108
1136109
1136110
1136111
1136113
1136114
1136115
1136116
1136117
1136118
1136119
1136121
1136122
1136123
1136124
1136125
1136126
1136127
1136128
1136129
1136130
1136131
1136132
1136133
1136134
1136135
1136136
1136137
1136138
1136139
1136140
1136141
1136142
1136143
1136144
1136145
1136146
1136147
1136148
1136149
1136150
1136151
1136152
1136153
1136154
1136155
1136156
1136157
1136158
1136159
1136160
1136161
1136162
1136163
1136164
1136165
1136166
1136167
1136168
1136169
1136170
1136171
1136172
1136173
1136174
1136175
1136176
1136177
1136178
1136179
1136180
1136181
1136183
1136184
1136185
1136186
1136187
1136188
1136189
1136190
1136191
1136192
1136193
1136194
1136195
1136196
1136197
1136198
1136199
1136200
1136201
1136202
1136203
1136204
1136205
1136206
1136207
1136208
1136209
1136210
1136211
1136212
1136214
1136215
1136216
1136217
1136218
1136219
1136221
1136222
1136223
1136224
1136226
1136228
1136230
1136231
1136233
1136234
1136235
1136236
1136239
1136240
1136241
1136242
1136243
1136244
1136245
1136246
1136247
1136248
1136250
1136252
1136253
1136255
1136256
1136257
1136259
1136260
1136261
1136262
1136263
1136264
1136265
1136266
1136267
1136268
1136269
1136270
1136271
1136272
1136273
1136274
1136275
1136276
1136277
1136278
1136279
1136280
1136281
1136282
1136283
1136285
1136286
1136287
1136288
1136289
1136290
1136291
1136292
1136293
1136294
1136295
1136296
1136297
1136298
1136300
1136301
1136302
1136303
1136304
1136305
1136306
1136307
1136308
1136309
1136310
1136312
1136313
1136314
1136315
1136316
1136317
1136318
1136319
1136320
1136321
1136322
1136323
1136324
1136325
1136327
1136328
1136329
1136330
1136331
1136332
1136333
1136334
1136335
1136336
1136337
1136338
1136339
1136340
1136341
1136342
1136343
1136344
1136345
1136346
1136347
1136348
1136349
1136350
1136351
1136352
1136353
1136354
1136355
1136356
1136357
1136358
1136359
1136360
1136361
1136364
1136365
1136366
1136368
1136369
1136370
1136371
1136372
1136373
1136374
1136375
1136377
1136378
1136380
1136381
1136382
1136384
1136385
1136387
1136388
1136389
1136390
1136391
1136392
1136393
1136394
1136395
1136396
1136397
1136398
1136399
1136400
1136401
1136402
1136404
1136406
1136407
1136408
1136409
1136410
1136411
1136412
1136413
1136414
1136415
1136416
1136417
1136418
1136419
1136420
1136421
1136422
1136424
1136425
1136426
1136427
1136428
1136429
1136430
1136432
1136433
1136434
1136435
1136436
1136437
1136440
1136441
1136442
1136445
1136446
1136447
1136448
1136449
1136450
1136451
1136452
1136453
1136454
1136455
1136456
1136457
1136458
1136459
1136460
1136461
1136462
1136463
1136465
1136466
1136467
1136468
1136470
1136471
1136472
1136473
1136474
1136476
1136477
1136478
1136479
1136480
1136481
1136482
1136483
1136484
1136485
1136486
1136487
1136488
1136489
1136490
1136491
1136492
1136493
1136494
1136496
1136497
1136498
1136499
1136500
1136501
1136502
1136503
1136504
1136505
1136506
1136507
1136509
1136510
1136512
1136513
1136514
1136515
1136516
1136517
1136518
1136519
1136520
1136521
1136522
1136523
1136524
1136525
1136527
1136528
1136529
1136530
1136531
1136532
1136533
1136534
1136535
1136536
1136537
1136538
1136539
1136540
1136541
1136542
1136543
1136544
1136545
1136547
1136548
1136549
1136550
1136551
1136552
1136553
1136554
1136555
1136556
1136557
1136558
1136559
1136560
1136561
1136562
1136563
1136564
1136565
1136566
1136567
1136568
1136569
1136570
1136571
1136572
1136573
1136574
1136575
1136576
1136577
1136578
1136579
1136580
1136581
1136582
1136583
1136585
1136586
1136587
1136588
1136589
1136590
1136591
1136592
1136593
1136594
1136595
1136596
1136597
1136598
1136599
1136600
1136601
1136602
1136603
1136604
1136605
1136606
1136607
1136608
1136609
1136610
1136611
1136612
1136613
1136614
1136615
1136616
1136617
1136618
1136619
1136620
1136621
1136622
1136623
1136624
1136625
1136626
1136627
1136628
1136629
1136630
1136631
1136632
1136633
1136634
1136635
1136636
1136637
1136638
1136639
1136640
1136641
1136642
1136643
1136644
1136645
1136646
1136647
1136648
1136649
1136650
1136651
1136652
1136653
1136654
1136655
1136656
1136657
1136658
1136659
1136660
1136661
1136662
1136665
1136666