979018
979032
979049
979052
979058
979060
979061
979069
979083
979086
979104
979106
979109
979115
979117
979118
979124
979129
979132
979147
979149
979153
979157
979160
979162
979167
979168
979169
979171
979175
979182
979183
979186
979200
979201
979222
979228
979230
979234
979251
979256
979257
979258
979288
979294
979299
979302
979305
979306
979308
979313
979324
979345
979346
979370
979411
979424
979425
979426
979438
979456
979471
979472
979474
979484
979489
979492
979497
979502
979505
979523
979528
979531
979539
979542
979552
979553
979555
979556
979562
979563
979568
979583
979604
979616
979619
979620
979636
979637
979644
979646
979654
979656
979658
979660
979665
979667
979668
979670
979677
979681
979683
979709
979726
979757
979760
979772
979775
979791
979798
979816
979828
979836
979842
979847
979864
979869
979872
979883
979887
979888
979917