1188890
1188891
1188892
1188893
1188894
1188896
1188897
1188898
1188899
1188900
1188901
1188902
1188903
1188904
1188905
1188906
1188907
1188908
1188909
1188911
1188912
1188913
1188914
1188915
1188916
1188917
1188918
1188919
1188920
1188921
1188922
1188923
1188924
1188925
1188926
1188927
1188928
1188929
1188930
1188931
1188932
1188933
1188934
1188935
1188936
1188937
1188938
1188939
1188940
1188941
1188942
1188943
1188944
1188945
1188946
1188947
1188948
1188949
1188950
1188951
1188952
1188953
1188954
1188955
1188957
1188958
1188959
1188960
1188961
1188962
1188963
1188964
1188965
1188966
1188967
1188968
1188969
1188970
1188971
1188972
1188973
1188974
1188975
1188976
1188977
1188978
1188979
1188980
1188981
1188982
1188983
1188984
1188985
1188986
1188988
1188990
1188991
1188992
1188993
1188994
1188995
1188996
1188997
1188998
1188999
1189000
1189001
1189002
1189003
1189004
1189005
1189006
1189008
1189009
1189010
1189011
1189012
1189013
1189014
1189015
1189016
1189017
1189018
1189019
1189020
1189021
1189022
1189023
1189025
1189026
1189027
1189028
1189029
1189030
1189031
1189032
1189033
1189034
1189035
1189036
1189037
1189038
1189039
1189040
1189041
1189042
1189043
1189044
1189045
1189046
1189047
1189048
1189049
1189050
1189051
1189052
1189053
1189054
1189055
1189056
1189057
1189060
1189061
1189062
1189063
1189064
1189065
1189066
1189067
1189068
1189069
1189070
1189071
1189072
1189073
1189074
1189075
1189076
1189077
1189078
1189079
1189080
1189081
1189082
1189083
1189084
1189085
1189086
1189087
1189088
1189089
1189090
1189091
1189092
1189093
1189094
1189095
1189096
1189097
1189098
1189099
1189100
1189101
1189102
1189103
1189104
1189105
1189106
1189107
1189108
1189109
1189110
1189111
1189112
1189113
1189114
1189115
1189116
1189117
1189118
1189119
1189120
1189125
1189126
1189131
1189134
1189135
1189136
1189138
1189139
1189140
1189144
1189145
1189146
1189147
1189148
1189149
1189150
1189151
1189152
1189153
1189154
1189155
1189157
1189158
1189159
1189160
1189161
1189162
1189163
1189165
1189166
1189168
1189169
1189170
1189171
1189172
1189173
1189174
1189175
1189176
1189177
1189178
1189179
1189180
1189181
1189183
1189184
1189185
1189186
1189187
1189188
1189190
1189192
1189194
1189195
1189196
1189197
1189198
1189199
1189201
1189203
1189205
1189206
1189207
1189209
1189210
1189211
1189212
1189213
1189214
1189216
1189217
1189218
1189219
1189221
1189222
1189223
1189224
1189226
1189227
1189228
1189229
1189230
1189231
1189232
1189233
1189234
1189235
1189236
1189237
1189238
1189239
1189240
1189241
1189242
1189243
1189244
1189245
1189246
1189247
1189248
1189249
1189250
1189251
1189252
1189253
1189254
1189255
1189256
1189257
1189258
1189259
1189260
1189261
1189262
1189263
1189264
1189265
1189266
1189267
1189268
1189269
1189270
1189271
1189272
1189273
1189274
1189275
1189276
1189277
1189278
1189279
1189280
1189281
1189283
1189284
1189285
1189286
1189287
1189289
1189290
1189291
1189293
1189294
1189296
1189297
1189299
1189300
1189303
1189304
1189305
1189309
1189310
1189311
1189312
1189313
1189314
1189315
1189316
1189318
1189319
1189320
1189321
1189322
1189323
1189324
1189325
1189327
1189328
1189329
1189330
1189331
1189332
1189333
1189334
1189335
1189336
1189337
1189338
1189339
1189341
1189342
1189343
1189345
1189346
1189347
1189348
1189349
1189351
1189352
1189353
1189355
1189356
1189357
1189358
1189359
1189360
1189361
1189362
1189364
1189365
1189366
1189367
1189368
1189369
1189370
1189371
1189372
1189373
1189375
1189376
1189377
1189378
1189379
1189380
1189381
1189382
1189383
1189384
1189385
1189386
1189387
1189388
1189389
1189390
1189391
1189392
1189393
1189394
1189395
1189396
1189398
1189399
1189400
1189401
1189402
1189403
1189404
1189405
1189406
1189407
1189408
1189409
1189410
1189411
1189412
1189413
1189414
1189417
1189419
1189420
1189422
1189423
1189424
1189425
1189426
1189427
1189428
1189429
1189430
1189431
1189432
1189433
1189434
1189435
1189436
1189437
1189438
1189439
1189440
1189441
1189443
1189444
1189445
1189447
1189448
1189449
1189450
1189451
1189452
1189453
1189454
1189455
1189456
1189457
1189458
1189459
1189460
1189461
1189462
1189464
1189465
1189466
1189469
1189470
1189471
1189474
1189475
1189477
1189478
1189479
1189481
1189482
1189483
1189484
1189485
1189487
1189488
1189490
1189491
1189493
1189494
1189495
1189496
1189498
1189499
1189500
1189501
1189503
1189504
1189505
1189506
1189508
1189510
1189511
1189513
1189514
1189515
1189517
1189518
1189519
1189520
1189521
1189522