913894
913370
913376
913379
913382
913384
913386
913387
913390
913392
913403
913405
913406
913409
913418
913420
913428
913437
913454
913467
913468
913470
913471
913476
913479
913483
913484
913488
913493
913502
913512
913517
913520
913522
913523
913525
913536
913537
913538
913541
913542
913545
913546
913550
913551
913553
913559
913565
913574
913577
913580
913589
913590
913600
913602
913610
913639
913648
913672
913673
913683
913686
913687
913694
913695
913698
913699
913700
913703
913709
913711
913712
913725
913726
913735
913739
913749
913753
913754
913755
913756
913761
913762
913763
913765
913770
913792
913800
913803
913824
913843
913844
913845
913852
913854
913882
913895
913903
913920
913940
913939
913949
913961
913969
913971
913973
913977
913982
913989