1352574
1352575
1352576
1352577
1352578
1352581
1352582
1352584
1352586
1352588
1352589
1352590
1352591
1352592
1352593
1352595
1352596
1352597
1352598
1352600
1352601
1352603
1352606
1352607
1352608
1352609
1352610
1352611
1352613
1352614
1352615
1352616
1352617
1352618
1352620
1352621
1352622
1352623
1352624
1352626
1352627
1352629
1352630
1352631
1352632
1352633
1352634
1352635
1352636
1352637
1352639
1352640
1352641
1352642
1352643
1352644
1352645
1352646
1352647
1352649
1352650
1352651
1352652
1352653
1352654
1352655
1352656
1352659
1352660
1352661
1352662
1352663
1352664
1352665
1352667
1352668
1352669
1352670
1352671
1352673
1352675
1352676
1352677
1352678
1352680
1352681
1352682
1352683
1352684
1352685
1352687
1352688
1352691
1352692
1352693
1352694
1352695
1352696
1352699
1352701
1352702
1352704
1352705
1352707
1352708
1352709
1352710
1352711
1352712
1352713
1352715
1352717
1352718
1352719
1352720
1352721
1352722
1352723
1352724
1352725
1352726
1352728
1352729
1352731
1352732
1352733
1352734
1352735
1352736
1352737
1352738
1352739
1352741
1352742
1352744
1352745
1352747
1352748
1352749
1352750