1231016
1231017
1231018
1231022
1230683
1230684
1230685
1230686
1230687
1230688
1230689
1230690
1230693
1230694
1230695
1230696
1230697
1230698
1230699
1230700
1230701
1230702
1230703
1230717
1230722
1230723
1230724
1230726
1230727
1230728
1230729
1230732
1230734
1230735
1230736
1230737
1230738
1230739
1230740
1230741
1230742
1230743
1230745
1230746
1230747
1230748
1230749
1230751
1230752
1230753
1230754
1230755
1230756
1230757
1230758
1230759
1230760
1230761
1230762
1230763
1230764
1230765
1230766
1230767
1230769
1230770
1230771
1230772
1230774
1230776
1230777
1230778
1230779
1230780
1230781
1230784
1230785
1230786
1230787
1230788
1230789
1230790
1230791
1230792
1230793
1230794
1230795
1230796
1230797
1230798
1230799
1230800
1230801
1230802
1230804
1230805
1230806
1230807
1230809
1230810
1230811
1230812
1230813
1230814
1230815
1230817
1230818
1230819
1230820
1230821
1230822
1230823
1230824
1230825
1230826
1230827
1230828
1230829
1230830
1230831
1230832
1230833
1230834
1230835
1230836
1230837
1230838
1230839
1230840
1230841
1230842
1230843
1230844
1230845
1230846
1230847
1230848
1230849
1230850
1230851
1230852
1230853
1230854
1230855
1230856
1230857
1230858
1230859
1230860
1230861
1230862
1230863
1230864
1230865
1230866
1230867
1230868
1230870
1230871
1230872
1230873
1230874
1230875
1230876
1230877
1230878
1230879
1230880
1230881
1230882
1230883
1230884
1230885
1230886
1230887
1230888
1230889
1230890
1230891
1230892
1230893
1230894
1230895
1230896
1230897
1230898
1230899
1230900
1230901
1230902
1230903
1230904
1230905
1230906
1230907
1230908
1230909
1230910
1230911
1230912
1230913
1230914
1230915
1230916
1230918
1230919
1230920
1230921
1230922
1230923
1230924
1230925
1230926
1230927
1230928
1230929
1230930
1230931
1230932
1230933
1230934
1230935
1230936
1230937
1230938
1230939
1230940
1230941
1230942
1230943
1230944
1230945
1230946
1230947
1230948
1230949
1230950
1230951
1230952
1230953
1230954
1230955
1230956
1230957
1230958
1230959
1230960
1230961
1230962
1230963
1230964
1230965
1230966
1230967
1230968
1230969
1230970
1230972
1230973
1230974
1230975
1230976
1230977
1230978
1230980
1230981
1230982
1230983
1230984
1230985
1230986
1230988
1230989
1230991
1230992
1230993
1230994
1230995
1230996
1230997
1230998
1230999
1231000
1231001
1231002
1231003
1231004
1231005
1231006
1231007
1231008
1231009
1231010
1231011
1231012
1231013
1231014
1231015
1231019
1231023
1231024
1231025
1231026
1231027
1231028
1231029
1231030
1231031
1231032
1231033
1231034
1231035
1231036
1231038
1231039
1231040
1231041
1231042
1231043
1231044
1231045
1231046
1231047
1231048
1231049
1231050
1231051
1231052
1231053
1231054
1231055
1231056
1231057
1231059
1231060
1231061
1231062
1231063
1231064
1231065
1231066
1231067
1231068
1231069
1231070
1231071
1231072
1231073
1231074
1231075
1231076
1231077
1231078
1231079
1231080
1231081
1231082
1231083
1231084
1231086
1231088
1231089
1231090
1231091
1231092
1231093
1231094
1231095
1231096
1231097
1231098
1231099
1231100
1231101
1231102
1231103
1231104
1231105
1231106
1231107
1231108
1231109
1231110
1231111
1231112
1231113
1231115
1231116
1231117
1231118
1231119
1231120
1231121
1231122
1231123
1231124
1231125
1231129
1231131
1231132
1231133
1231134
1231135
1231136
1231137
1231138
1231139
1231140
1231141
1231142
1231143
1231144
1231146
1231148
1231149
1231150
1231151
1231152
1231153
1231154
1231155
1231156
1231157
1231158
1231159
1231160
1231161
1231162
1231163
1231164
1231165
1231166
1231167
1231168
1231169
1231170
1231171
1231172
1231173
1231174
1231175
1231176
1231178
1231179
1231180
1231181
1231183
1231184
1231185
1231186
1231187
1231188
1231189
1231190
1231191
1231192
1231193
1231194
1231195
1231196
1231197
1231198
1231199
1231200
1231201
1231202
1231203
1231204
1231205
1231206
1231207
1231208
1231209
1231210
1231211
1231212
1231213
1231214
1231215
1231216
1231217
1231218
1231219
1231220
1231221
1231222
1231223
1231224
1231225
1231226
1231227
1231228
1231229
1231230
1231231
1231232
1231233
1231234
1231235
1231236
1231237
1231238
1231239
1231240
1231241
1231242
1231243
1231244
1231245
1231246
1231247
1231248
1231249
1231250
1231252
1231253
1231254
1231255
1231256
1231258
1231259
1231260
1231261
1231262
1231263
1231264
1231265
1231266
1231267
1231268
1231269
1231270
1231271
1231272
1231273
1231274
1231275
1231277
1231280
1231281
1231282
1231283
1231284
1231285
1231286
1231301
1231303
1231304
1231305
1231306
1231307
1231308
1231309
1231310
1231311
1231312
1231313
1231315
1231316
1231318
1231319
1231320
1231321
1231322
1231323
1231324
1231325
1231326
1231327
1231328
1231329
1231330
1231331
1231332
1231333
1231334
1231335
1231336
1231337
1231338
1231339
1231340
1231341
1231342
1231343
1231344
1231345
1231346
1231347
1231348
1231349
1231351
1231352
1231353
1231354
1231355
1231356
1231357
1231358
1231359
1231360
1231361
1231362
1231363
1231364
1231365
1231367
1231368
1231369
1231371
1231372
1231373
1231374
1231375
1231376
1231377
1231378
1231379
1231380
1231381
1231382
1231383
1231384
1231385
1231386
1231387
1231388
1231389
1231391
1231392
1231394
1231395
1231396
1231397
1231398
1231399
1231400
1231401
1231403
1231404
1231405
1231406
1231407
1231408
1231409
1231410
1231411
1231412
1231413
1231414
1231415
1231416
1231418
1231419
1231420
1231421
1231422
1231423
1231424
1231425
1231426
1231427
1231428
1231429
1231430
1231431
1231432
1231433
1231434
1231435
1231436
1231437
1231438
1231439
1231440
1231441
1231442
1231443
1231444
1231445
1231446
1231447
1231448
1231449
1231450
1231451
1231452
1231453
1231454
1231455
1231456
1231457
1231458
1231459
1231460
1231461
1231462
1231463
1231464
1231465
1231466
1231468
1231469
1231470
1231471
1231472
1231473
1231474
1231475
1231476
1231477
1231478
1231479
1231480
1231481
1231482
1231483
1231484
1231485
1231486
1231487
1231488
1231489
1231490
1231491
1231492
1231493
1231494
1231495
1231496
1231497
1231498
1231499
1231500
1231501
1231502
1231503
1231504
1231505
1231506
1231507
1231508
1231509
1231510
1231511
1231512
1231513
1231514
1231515
1231516
1231517
1231518
1231519
1231520
1231521
1231522
1231523
1231524
1231525
1231526
1231527
1231528
1231529