1227790
1227791
1227792
1227793
1227794
1227795
1227796
1227797
1227798
1227799
1227800
1227801
1227803
1227804
1227805
1227806
1227807
1227808
1227809
1227810
1227811
1227814
1227815
1227816
1227817
1227818
1227819
1227820
1227821
1227822
1227823
1227824
1227825
1227826
1227827
1227828
1227829
1227830
1227831
1227832
1227833
1227834
1227835
1227836
1227837
1227839
1227840
1227841
1227842
1227844
1227845
1227847
1227848
1227849
1227850
1227851
1227852
1227853
1227854
1227855
1227856
1227857
1227858
1227859
1227860
1227861
1227862
1227863
1227864
1227865
1227866
1227867
1227868
1227870
1227871
1227872
1227873
1227875
1227876
1227877
1227878
1227879
1227881
1227882
1227883
1227884
1227885
1227886
1227887
1227888
1227889
1227890
1227891
1227892
1227893
1227894
1227895
1227896
1227897
1227898
1227900
1227901
1227902
1227903
1227904
1227905
1227906
1227907
1227908
1227909
1227910
1227911
1227912
1227913
1227914
1227915
1227916
1227917
1227918
1227919
1227920
1227921
1227922
1227923
1227924
1227925
1227926
1227927
1227928
1227929
1227930
1227931
1227932
1227933
1227934
1227935
1227936
1227937
1227938
1227939
1227940
1227941
1227942
1227943
1227944
1227945
1227946
1227947
1227948
1227949
1227950
1227951
1227952
1227953
1227954
1227955
1227956
1227957
1227958
1227959
1227960
1227961
1227962
1227964
1227965
1227966
1227968
1227969
1227970
1227972
1227973
1227974
1227975
1227976
1227977
1227978
1227979
1227980
1227981
1227982
1227983
1227984
1227985
1227986
1227987
1227988
1227989
1227990
1227991
1227993
1227994
1227995
1227996
1227997
1227998
1227999
1228000
1228001
1228002
1228003
1228004
1228005
1228006
1228007
1228008
1228009
1228010
1228011
1228012
1228013
1228014
1228016
1228017
1228018
1228019
1228021
1228023
1228025
1228026
1228027
1228028
1228029
1228030
1228031
1228032
1228033
1228034
1228036
1228037
1228038
1228040
1228041
1228042
1228043
1228044
1228045
1228046
1228047
1228048
1228049
1228050
1228051
1228052
1228053
1228054
1228055
1228056
1228057
1228058
1228059
1228061
1228063
1228064
1228065
1228066
1228068
1228069
1228070
1228079
1228080
1228081
1228082
1228083
1228084
1228085
1228086
1228087
1228088
1228089
1228091
1228092
1228093
1228094
1228095
1228096
1228097
1228098
1228100
1228101
1228102
1228103
1228104
1228105
1228107
1228108
1228109
1228110
1228111
1228112
1228113
1228114
1228115
1228116
1228118
1228119
1228120
1228121
1228122
1228123
1228124
1228125
1228126
1228127
1228128
1228129
1228130
1228131
1228132
1228133
1228134
1228135
1228137
1228138
1228139
1228140
1228141
1228142
1228144
1228145
1228146
1228147
1228148
1228150
1228152
1228155
1228156
1228157
1228158
1228159
1228160
1228161
1228162
1228163
1228164
1228165
1228166
1228167
1228168
1228169
1228170
1228171
1228172
1228173
1228174
1228175
1228176
1228177
1228178
1228179
1228180
1228181
1228182
1228183
1228184
1228185
1228186
1228187
1228188
1228189
1228190
1228192
1228193
1228194
1228195
1228196
1228197
1228198
1228199
1228200
1228201
1228202
1228203
1228204
1228205
1228206
1228207
1228208
1228209
1228210
1228212
1228213
1228214
1228215
1228216
1228217
1228218
1228219
1228220
1228221
1228222
1228223
1228224
1228225
1228226
1228227
1228228
1228229
1228230
1228231
1228232
1228233
1228234
1228235
1228236
1228237
1228238
1228239
1228240
1228241
1228242
1228243
1228244
1228245
1228246
1228247
1228248
1228249
1228250
1228251
1228252
1228253
1228255
1228257
1228258
1228259
1228260
1228261
1228262
1228263
1228264
1228265
1228266
1228267
1228268
1228269
1228270
1228272
1228273
1228274
1228275
1228276
1228277
1228278
1228279
1228281
1228282
1228283
1228284
1228285
1228286
1228287
1228288
1228289
1228290
1228291
1228292
1228293
1228294
1228295
1228296
1228297
1228298
1228299
1228300
1228301
1228302
1228303
1228304
1228305
1228306
1228307
1228308
1228309
1228310
1228311
1228312
1228313
1228314
1228315
1228316
1228317
1228318
1228319
1228320
1228321
1228322
1228323
1228324
1228325
1228326
1228327
1228328
1228329
1228330
1228331
1228332
1228333
1228334
1228335
1228336
1228337
1228338
1228339
1228341
1228342
1228343
1228344
1228346
1228347
1228348
1228349
1228350
1228351
1228352
1228353
1228354
1228355
1228356
1228357
1228358
1228359
1228361
1228362
1228363
1228364
1228365
1228366
1228367
1228368
1228369
1228370
1228371
1228372
1228373
1228374
1228375
1228376
1228377
1228378
1228379
1228380
1228381
1228382
1228383
1228384
1228385
1228386
1228387
1228388
1228389
1228390
1228391
1228392
1228393
1228394
1228395
1228396
1228397
1228398
1228399
1228400
1228401
1228402
1228403
1228404
1228405
1228406
1228407
1228408
1228409
1228410
1228411
1228412
1228414
1228415
1228416
1228417
1228419
1228420
1228421
1228422
1228423
1228424
1228425
1228426
1228427
1228428
1228429
1228430
1228431
1228432
1228433
1228434
1228435
1228436
1228437
1228438
1228439
1228440
1228441
1228442
1228443
1228444
1228445
1228446
1228447
1228448
1228449
1228450
1228451
1228453
1228454
1228455
1228456
1228458
1228459
1228460
1228462
1228463
1228464
1228465
1228466
1228467
1228468
1228469
1228470
1228471
1228472
1228473
1228474
1228475
1228476
1228477
1228478
1228479
1228480
1228481
1228482
1228483
1228484
1228485
1228486
1228487
1228488
1228489
1228490
1228491
1228492
1228493
1228494
1228495
1228496
1228497
1228498
1228499
1228500
1228501
1228502
1228503
1228504
1228505
1228506
1228507
1228508
1228509
1228510
1228511
1228512
1228513
1228514
1228515
1228516
1228517
1228518
1228519
1228520
1228521
1228522
1228523
1228524
1228526
1228527
1228528
1228529
1228530
1228531
1228532
1228534
1228535
1228536
1228537
1228538
1228539
1228540
1228541
1228542
1228543
1228544
1228545
1228546
1228547
1228548
1228549
1228550
1228551
1228553
1228554
1228555
1228556
1228557
1228558
1228559
1228560
1228561
1228562
1228563
1228564
1228565
1228566
1228567
1228568
1228569
1228570
1228571
1228572
1228573
1228574
1228575
1228576
1228577
1228578
1228579
1228580
1228581
1228582
1228583
1228584
1228585
1228586
1228587
1228588
1228589
1228590
1228591
1228592
1228593
1228594
1228595
1228596
1228597
1228598
1228599
1228600
1228601
1228602
1228603
1228604
1228605
1228606
1228607
1228608
1228609
1228610
1228611
1228612
1228613
1228614
1228615
1228616
1228060
1228062
1228073
1228074
1228075
1228076
1228077
1228078