1345907
1345908
1345909
1345910
1345911
1345912
1345913
1345914
1345915
1345916
1345917
1345919
1345920
1345921
1345922
1345923
1345926
1345927
1345928
1345929
1345930
1345932
1345933
1345934
1345935
1345936
1345937
1345938
1345939
1345940
1345941
1345942
1345943
1345944
1345945
1345946
1345947
1345948
1345949
1345950
1345951
1345952
1345953
1345954
1345955
1345956
1345957
1345958
1345959
1345960
1345962
1345963
1345964
1345965
1345966
1345967
1345968
1345969
1345970
1345972
1345973
1345974
1345975
1345976
1345977
1345978
1345980
1345981
1345982
1345984
1345985
1345986
1345987
1345988
1345989
1345990
1345991
1345992
1345993
1345994
1345995
1345996
1345997
1345998
1345999
1346001
1346002
1346005
1346008
1346009
1346010
1346012
1346014
1346015
1346017
1346018
1346019
1346020
1346021
1346022
1346028
1346029
1346032
1346033
1346034
1346036
1346038
1346039
1346042
1346043
1346044
1346045
1346047
1346048
1346049
1346050
1346051
1346052
1346053
1346056
1346060
1346061
1346062
1346064
1346065
1346066
1346067
1346068
1346069
1346070
1346071
1346072
1346073
1346074
1346075
1346076
1346077
1346078
1346079
1346080
1346082
1346083
1346084
1346085
1346086
1346087
1346088
1346090
1346092
1346093
1346094
1346095
1346096
1346097
1346098
1346099
1346100
1346101
1346102
1346103
1346105
1346106
1346107
1346108
1346109
1346110
1346111
1346112
1346113
1346115
1346116
1346117
1346118
1346119