1277961
1277980
1277981
1277982
1277996
1277997
1277998
1277999
1278001
1278002
1278003
1278004
1278007
1278008
1278009
1278011
1276548
1278076
1278080
1278084
1278085
1278086
1278087
1278088
1278089
1278090
1278091
1278092
1278093
1276557
1278094
1278095
1278096
1278097
1278098
1278099
1278100
1278102
1278103
1278104
1278105
1278106
1278107
1278108
1278109
1278110
1278111
1278112
1278113
1278114
1278115
1278116
1278117
1278118
1278119
1278120
1278121
1278123
1278124
1278126
1278127
1278128
1278129
1278130
1278131
1278132
1278133
1278134
1278135
1278136
1278137
1278138
1278139
1278140
1278141
1278142
1278143
1278144
1278145
1278146
1278147
1278148
1278149
1278150
1278151
1278152
1278153
1278154
1278155
1278156
1278157
1278158
1278159
1278160
1278161
1278162
1278163
1278164
1278165
1278166
1278167
1278168
1278169
1278170
1278172
1278173
1278174
1278175
1278176
1278177
1278178
1278179
1278180
1278181
1278182
1278183
1278184
1278185
1278186
1278187
1278188
1278189
1278190
1278191
1278193
1278194
1278195
1278196
1278198
1278199
1276577
1278200
1278201
1278202
1278203
1278204
1278205
1278206
1278207
1278208
1278209
1278210
1278211
1278212
1278213
1278214
1278215
1278216
1278217
1278218
1278219
1278220
1278221
1278222
1278223
1278224
1278225
1278226
1278227
1278228
1278229
1278230
1278231
1278232
1278233
1278234
1278235
1278236
1278237
1278238
1278239
1278240
1278241
1278242
1278243
1278244
1278245
1278246
1278247
1278248
1276587
1278249
1278250
1278251
1278252
1278253
1278254
1278255
1278256
1278257
1278258
1278259
1278260
1278261
1278262
1278263
1278264
1278265
1278266
1278267
1278269
1278270
1278271
1278272
1278273
1278274
1278275
1278276
1278277
1278278
1278279
1278280
1278281
1278282
1278283
1278284
1278285
1278286
1278287
1278288
1278289
1278290
1278291
1278292
1278293
1278294
1278295
1278296
1278298
1278299
1276597
1278300
1278301
1278302
1278303
1278304
1278305
1278306
1278307
1278308
1278309
1278310
1278311
1278312
1278313
1278314
1278315
1278316
1278317
1278318
1278319
1278320
1278321
1278322
1278323
1276602
1278324
1278326
1278327
1278328
1278329
1278330
1278331
1278332
1278333
1278334
1278335
1278336
1278337
1278338
1278339
1278340
1278341
1278342
1278343
1278345
1278346
1278347
1278348
1278349
1278350
1278351
1278352
1278353
1278354
1278355
1278356
1278357
1278358
1278359
1278360
1278362
1278363
1278364
1278365
1278366
1278367
1278368
1278369
1278371
1278372
1278373
1278374
1278375
1278376
1278377
1278378
1278379
1278380
1278381
1278382
1278383
1278384
1278385
1278386
1278387
1278388
1278389
1278390
1278391
1278392
1278393
1278394
1278396
1278397
1278398
1278399
1278400
1278401
1278402
1278403
1278404
1278405
1278406
1278407
1278408
1278409
1278410
1278411
1278412
1278413
1278414
1278415
1278416
1278417
1278418
1278419
1278420
1278421
1278422
1278423
1278424
1278425
1278426
1278427
1278429
1278430
1278431
1278432
1278433
1278434
1278435
1278436
1278437
1278438
1278439
1278440
1278441
1278442
1278443
1278444
1278445
1278446
1278447
1278448
1278449
1278450
1278451
1278453
1276627
1278454
1278455
1278456
1278457
1278458
1278459
1278460
1278461
1278462
1278463
1278464
1278465
1278466
1278467
1278468
1278469
1278470
1278471
1278472
1278473
1278474
1278475
1278476
1278477
1278478
1278479
1278480
1278481
1278482
1278483
1278484
1278485
1278486
1278487
1278488
1278489
1278490
1278491
1278492
1278493
1278495
1278496
1278497
1278499
1278500
1278501
1278502
1278503
1278504
1278505
1278506
1278507
1278508
1278509
1278510
1278511
1278512
1278513
1278514
1278515
1278516
1278518
1278519
1278520
1278522
1278523
1278524
1278525
1278526
1278527
1278528
1278529
1278530
1278531
1278532
1278533
1278534
1278535
1278536
1278537
1278538
1278539
1278540
1278541
1278542
1278543
1278544
1278546
1278547
1278548
1278549
1278550
1278551
1278552
1278553
1278554
1278555
1278556
1278558
1278559
1278560
1278561
1278562
1278563
1278564
1278565
1278566
1278567
1278568
1278569
1278570
1278571
1278572
1278573
1278574
1278575
1278576
1278577
1278578
1278579
1278580
1278581
1278582
1278583
1278584
1278586
1278587
1278588
1278589
1278590
1278591
1278592
1278593
1278594
1278595
1278596
1278597
1278598
1278599
1278600
1278601
1278602
1278603
1278604
1278605
1278606
1278608
1278609
1278610
1278611
1278613
1278615
1278616
1278617
1278618
1278619
1278620
1278621
1278622
1278623
1278624
1278625
1278628
1278629
1278630
1278631
1278632
1278633
1278634
1278635
1278636
1278638
1278640
1278641
1278643
1278644
1278645
1278646
1278648
1278649
1278650
1278651
1278652
1278653
1278654
1278655
1278656
1278657
1278658
1278660
1278662
1278663
1278664
1278665
1278666
1278667
1278668
1278669
1278670
1278671
1278672
1278673
1278674
1278675
1278676
1278677
1278678
1278679
1278681
1278683
1278684
1276673
1278686
1278687
1278689
1278690
1278691
1278692
1278693
1278694
1278695
1278696
1278697
1278698
1278699
1278700
1278701
1278702
1278703
1278705
1278706
1278707
1278709
1278710
1276678
1278712
1278713
1278714
1278715
1278716
1278717
1278718
1278719
1278720
1278721
1278722
1278723
1278724
1278726
1278727
1278728
1278729
1278731
1278732
1278733
1278734
1278735
1278736
1278737
1278738
1278739
1278740
1278741
1278742
1278743
1278744
1278745
1278746
1278747
1278748
1278749
1278751
1278752
1278753
1278754
1278755
1278756
1278757
1278759
1278760
1276688
1278762
1278763
1278764
1278765
1278766
1278767
1278768
1278770
1278771
1278772
1278773
1278774
1278776
1278777
1278778
1278779
1278780
1278781
1278783
1278784
1278785
1276693
1278786
1278787
1278788
1278789
1278790
1278791
1278792
1278793
1278794
1278795
1278797
1278798
1278799
1278800
1278801
1278802
1278803
1278804
1278805
1278806
1278807
1278809
1278810
1276698
1278811
1278812
1278813
1278814
1276699
1278815
1278816
1276512
1278817
1278818
1278819
1278821
1278822
1278824
1278825
1278826
1278827
1278828
1278829
1278830
1278832
1278833
1278834
1278835
1278837
1278838
1278839
1278841
1278842
1278843
1278844
1278845
1278846
1278847
1278849
1278850
1278852
1278853
1278854
1278855
1278857
1278858
1278859
1278860
1278862
1278863
1278864
1278865
1278866
1278867
1278868
1278869
1278870
1278871
1278872
1278873
1278874
1278875
1278876
1278877
1278878
1278879
1278880
1278881
1278882
1278883
1278884
1278885
1278888
1278889
1278890
1278891
1278892
1278893
1278894
1278895
1278896
1278897
1278898
1278899
1278900
1278902
1278903
1278904
1278905
1278906
1278907
1278908
1278909
1278910
1278911
1278913
1278914
1278917
1278918
1278919
1278920
1278921
1278922
1278924
1278925
1278926
1278927
1278928
1278929
1278930
1278931
1278933
1278934
1278935
1278936
1278937
1278938
1278939
1278940
1278941
1278942
1278943
1278944
1278945
1278946
1278947
1278948
1278949
1278950
1278952
1278953
1278954
1278955
1278956
1278957
1278958
1278959
1278961
1278962
1278963
1278964
1278965
1278966
1278968
1278969
1278970
1278971
1278972
1278973
1278974
1278975
1278976
1278977
1278978
1278979
1278980
1278981
1278982
1278983
1278984
1278985
1276733
1278987
1278989
1278990
1278991
1278992
1278993
1278995
1278996
1278997
1278998
1278999
1279001
1279002
1279003
1279004
1279006
1279007
1279008
1279009
1279011
1279012
1279013
1279014
1279015
1279016
1279018
1279019
1279020
1279021
1279022
1279023
1279024
1279025
1279026
1279027
1279028
1279029
1279030
1279031
1279032
1279033
1279034
1279035
1279036
1279037
1279038
1279039
1279040
1279041
1279042
1279045
1279046
1279047
1279048
1279049
1279050
1279051
1279052
1279053
1279054
1279055
1279056
1279057
1279059
1279060
1279062
1276748
1279063
1279064
1279065
1279066
1279067
1279068
1279069
1279070
1279071
1279072
1279073
1279074
1279075
1279076
1279077
1279078
1279079
1279080
1279081
1279082
1279084
1279085
1279086
1279088
1279089
1279090
1279091
1279092
1279093
1279094
1279095
1279096
1279097
1279098
1279099
1279100
1279101
1279102
1279103
1279104
1279105
1279106
1279107
1276757
1279108
1279109
1279110
1279111
1276758
1279112
1279113
1279114
1279115
1279117
1279118
1279119
1279120
1279121
1279122
1279123
1279124
1279125
1279127
1279128
1279129
1279130
1279131
1279132
1279133
1279134
1279135
1279136
1279137
1276763
1279138
1279139
1279140
1279142
1279143
1279144
1279145
1279146
1279147
1279148
1279149
1279150
1279151
1279152
1279154
1279155
1279156
1279157
1279158
1279159
1279160
1279161
1279162
1279163
1279164
1279166
1279167
1279168
1279169
1279171
1279172
1279173
1279174
1279175
1279176
1279177
1279178
1279179
1279180
1279181
1279182
1279183
1279184
1279185
1279186
1279187
1279188
1279189
1279190
1279191
1279192
1279193
1279194
1279195
1279196
1279197
1279198
1279199
1279201
1279202
1279204
1279205
1279206
1279207
1279208
1279209
1279210
1279211
1279212
1279213
1279214
1279216
1279217
1279218
1276528
1279220
1279221
1279222
1279223
1279224
1279225
1279226
1279227
1279228
1279229
1279230
1279232
1279233
1279234
1279235
1279236
1279237
1279238
1276783
1279239
1279240
1279241
1279242
1279243
1279244
1279246
1279247
1279248
1276785
1279249
1279250
1279251
1279252
1279254
1279255
1279256
1279257
1279258
1279259
1279260
1279261
1279262
1279263
1276788
1279264
1279265
1279266
1279267
1279268
1279269
1279270
1279271
1279272
1279273
1279274
1279275
1279276
1279277
1279278
1279279
1279280
1279281
1279282
1279283
1279284
1279285
1279286
1279287
1276793
1279288
1279289
1279290
1279291
1279292
1279293
1279294
1279295
1279296
1279297
1279298
1279299
1279301
1279302
1279303
1279304
1279305
1279306
1279307
1279308
1279309
1279310
1279311
1279312
1279313
1279314
1279315
1279316
1279317
1276532
1276799
1279318
1279319
1279320
1279321
1276800
1279322
1279323
1279324
1279325
1279326
1279327
1279328
1279329
1279330
1279331
1279332
1279333
1279334
1279335
1279336
1279337
1279338
1279339
1279340
1276804
1279341
1279342
1279343
1279344
1279345
1279346
1279347
1279348
1279349
1279350
1279351
1279352
1279353
1279354
1279355
1279356
1279357
1279358
1279359
1279360
1279361
1279362
1279363
1279364
1279365
1279366
1279367
1279368
1279369
1276810
1279370
1279371
1279372
1279373
1279374
1279375
1279376
1279377
1279378
1279379
1279380
1279381
1279382
1279383
1279384
1279385
1279386
1279388
1279389
1279390
1279391
1279392
1279393
1279394
1279395
1279396
1279397
1279398
1279399
1279400
1279401
1279402
1279403
1279404
1279405
1279406
1279407
1279408
1279409
1279410
1279412
1279413
1279414
1279415
1276819
1279416
1279417
1279418
1279419
1279420
1279421
1279422
1279423
1279424
1279425
1279426
1279427
1279428
1279429
1279430
1279431
1279432
1279433
1279434
1279435
1279436
1279437
1279438
1279439
1279440
1279442
1279443
1279444
1279445
1276825
1279446
1279447
1279448
1279449
1279450
1279451
1279452
1279453
1279454
1279455
1279456
1279457
1279458
1279459
1279461
1279462
1279463
1279464
1279465
1279466
1279469
1279470
1279471
1279472
1279473
1279474
1279477
1279478
1279479
1279480
1279481
1279482
1279483
1279484
1279485
1279487
1279488
1279489
1279490
1279491
1279492
1279493
1279494
1279495
1279496
1279497
1279498
1279499
1279500
1279501
1279502
1279503
1279505
1279506
1279507
1279508
1279510
1279511
1279514
1279515
1279516
1279517
1279518
1279519
1279520
1279521
1279522
1279524
1279525
1279526
1279527
1279528
1279529
1279530
1279531
1279532
1279533
1279534
1279535
1279536
1279537
1279539
1279540
1279542
1279544
1279545
1279546
1279547
1279548
1279549
1279551
1279552
1279554
1279555
1279556
1279557
1279558
1279559
1279560
1279561
1279562
1279563
1279564
1279565
1279566
1279567
1279568
1276542
1279569
1276849
1279570
1279571
1279572
1279573
1276850
1279574
1279575
1279576
1279577
1279578
1279580
1279581
1279582
1279583
1279584
1279585
1279586
1279587
1279588
1279589
1279590
1279591
1279592
1279593
1279594
1279595
1279596
1279597
1279599
1279600
1279601
1279602
1279603
1279604
1279605
1279606
1279607
1279608
1279609
1279610
1279611
1279612
1279614
1279615
1279617
1279618
1279619
1279620
1279621
1279622
1279623
1279624
1279625
1279626
1279627
1279628
1279629
1279630
1279631
1279632
1279633
1279634
1279635
1279636
1279637
1279638
1279639
1279640
1279641
1279643
1279644
1279645
1279646
1279648
1279649
1279650
1279651
1279652
1279653
1279654
1279655
1279656
1279657
1279658
1279659
1279660
1279661
1279662
1279663
1279664
1279665
1279666
1279667
1279668
1279669
1279670
1279671
1279673
1279674
1279675
1279676
1279677
1279678
1279679
1279680
1279681
1279682
1279683
1279684
1279685
1279686
1279687
1279688
1279689
1279690
1279691
1279692
1279693
1279695
1279696
1279697
1279698
1279699
1279700
1279701
1279702
1279703
1279704
1279705
1279706
1279707
1279708
1279709
1279710
1279711
1279712
1279713
1279714
1279715
1279716
1279717
1279718
1279719
1279720
1279721
1279722
1279724
1279725
1279726
1276880
1279727
1279728
1279729
1279730
1279731
1279732
1279734
1279736
1279737
1279739
1279740
1279744
1279745
1279746
1276884
1279752
1279753
1279757
1279758
1279759
1279760
1279761
1279762
1279763
1279764
1279765
1279766
1279767
1279769
1279770
1279771
1279772
1279773
1279774
1279776
1279777
1279778
1279779
1279780
1279783
1279784
1279785
1279786
1279787
1279788
1279789
1279790
1279791
1279792
1279793
1279794
1279795
1279798
1279799
1279800
1279801
1279802
1279803
1279804
1279805
1279806
1279809
1279810
1279812
1279813
1279814
1279816
1279817
1279818
1279819
1279820
1279821
1279823
1279824
1279825
1279826
1279827
1279828
1279829
1279830
1279831
1279832
1279835
1279836
1279837
1279838
1279839
1279840
1279841
1279843
1279844
1279845
1279847
1279848
1279849
1279850
1279852
1279853
1279854
1279855
1279856
1279857
1279860
1279861
1279862
1279863
1279864
1279865
1279866
1279867
1279868
1279869
1279870
1279872
1279873
1279876
1279877
1279879
1279880
1279881
1279882
1279883
1279884
1279885
1279886
1279888
1279889
1279890
1279891
1279892
1279893
1279894
1279895
1279897
1276914
1279899
1279900
1279901
1279903
1279904
1279906
1279907
1279908
1279909
1279910
1279911
1279912
1279913
1279914
1279915
1279916
1279917
1279918
1279919
1279920
1279921
1279922
1279923
1279924
1279925
1279926
1279927
1279928
1279929
1279930
1279931
1279932
1279933
1279934
1279935
1279936
1279938
1279940
1279941
1279942
1279943
1279944
1279945
1279946
1279947
1279948
1279949
1279951
1279952
1279953
1279954
1279955
1279956
1279957
1279958
1279959
1279960
1279961
1279962
1279963
1279964
1279965
1279966
1279967
1279968
1279969
1279970
1279972
1279973
1276929
1279974
1279975
1279976
1279977
1279978
1279979
1279980
1279982
1279983
1279984
1279985
1279986
1279987
1279988
1279989
1279990
1279991
1279994
1279995
1279996
1279997
1279998
1276934
1279999
1280000
1280001
1280003
1280004
1280005
1280006
1280007
1280008
1280009
1280011
1280012
1280014
1280015
1280016
1280017
1280018
1280019
1280020
1280021
1280022
1280023
1276939
1280024
1280025
1280026
1280027
1280028
1280029
1280032
1280033
1280034
1280035
1280036
1280037
1280038
1280039
1280041
1280044
1280046
1280047
1280048
1280049
1280050
1280051
1280052
1280053
1280054
1280055
1280056
1280057
1280058
1280061
1280062
1280063
1280064
1280065
1280066
1280067
1280068
1280069
1280070
1280072
1280073
1280074
1280076
1280077
1280078
1280084
1280085
1280086
1280087
1280089
1280090
1280091
1280092
1280093
1280094
1280095
1280096
1280097
1280098
1276954
1280099
1280101
1280102
1280103
1280104
1280105
1280106
1280107
1280108
1280109
1280110
1280111
1280112
1280113
1280114
1280116
1280117
1280118
1280119
1280121
1280122
1280123
1280125
1280126
1280127
1280128
1280129
1280130
1280131
1280132
1280133
1280134
1280136
1280137
1280138
1280139
1280140
1280141
1280142
1280143
1280144
1280145
1280146
1280147
1280148
1280149
1280150
1280151
1280152
1280154
1276965
1280156
1280157
1280158
1280159
1280161
1280162
1280163
1280164
1280165
1280166
1280167
1280168
1280169
1280170
1280171
1280172
1280173
1280174
1280175
1280176
1280177
1280178
1280179
1280181
1280182
1280183
1280184
1280186
1280187
1280188
1280189
1280190
1280191
1280192
1280193
1280194
1280195
1280196
1280197
1280199
1280200
1280201
1280202
1280203
1280206
1280207
1280208
1280210
1280211
1280212
1280213
1280214
1280215
1280216
1280217
1280218
1280220
1280221
1280222
1280223
1280224
1280225
1280226
1280227
1280228
1280229
1276980
1280230
1280231
1280232
1280233
1276981
1280234
1280235
1280236
1280237
1280238
1280239
1280240
1280241
1280242
1280243
1280245
1280246
1280247
1280248
1280249
1280250
1280251
1280252
1280253
1276985
1280254
1280255
1280256
1280257
1280258
1280259
1280260
1280261
1280262
1280263
1280264
1280265
1280266
1280267
1280268
1280269
1280270
1280271
1280272
1280274
1280275
1280276
1280277
1280278
1276990
1280279
1280280
1280281
1280282
1280283
1280284
1280285
1280286
1280288
1280289
1280290
1280291
1280292
1280294
1280295
1280298
1280299
1280300
1280301
1280302
1280303
1280306
1280307
1280308
1280309
1280310
1280311
1280313
1280314
1280315
1280316
1280317
1280318
1280319
1280320
1280321
1280322
1280323
1280324
1280325
1280327
1280328
1280329
1280330
1277000
1280331
1280332
1280333
1280334
1280336
1280337
1280338
1280339
1280340
1280341
1280342
1280344
1280345
1280346
1280347
1280349
1280350
1280351
1280352
1280353
1280354
1280355
1280356
1280358
1280359
1280360
1277006
1280361
1280362
1280363
1280364
1280365
1280366
1280367
1280368
1280369
1280370
1280371
1280373
1280374
1280375
1280376
1280377
1280378
1280379
1280380
1277010
1280381
1280382
1280383
1280384
1280386
1280387
1280388
1280389
1280391
1280392
1280394
1280395
1280397
1280399
1280400
1280402
1280403
1280404
1280405
1277015
1280406
1280407
1280408
1280409
1280410
1280411
1280412
1280413
1280414
1280415
1280416
1280417
1280418
1280419
1280420
1280421
1280422
1280423
1280424
1280425
1280426
1280427
1280428
1280429
1280430
1280431
1280432
1280433
1280435
1280436
1280437
1280438
1280439
1280440
1280441
1280442
1280443
1280445
1280446
1280447
1280448
1280449
1280450
1280451
1280452
1280453
1280454
1280455
1280456
1277025
1280457
1280458
1280459
1280460
1280461
1280462
1280463
1280464
1280465
1280468
1280469
1280470
1280471
1280472
1280473
1280474
1280475
1280476
1280477
1280478
1280480
1280481
1277030
1280482
1280483
1280484
1280485
1280486
1280487
1280488
1280489
1280490
1280491
1280492
1280493
1280494
1280495
1280496
1280497
1280498
1280499
1280500
1280501
1280502
1280503
1280504
1280505
1280506
1280507
1280508
1280509
1280510
1280511
1280512
1280513
1280514
1280515
1280517
1280518
1280519
1280520
1280521
1280523
1280524
1280525
1280526
1280528
1280530
1280531
1280532
1280533
1280534
1280535
1280536
1280537
1280538
1280539
1280540
1280541
1280542
1280543
1280544
1280545
1280547
1280549
1280550
1280551
1280552
1280553
1280554
1280555
1280556
1277045
1280557
1280558
1280559
1280562
1280563
1280564
1280565
1280566
1280567
1280568
1280569
1280571
1280572
1280574
1280575
1280576
1280577
1280578
1280579
1280580
1277050
1280582
1280583
1280584
1280585
1280586
1280588
1280589
1280590
1280592
1280593
1280594
1280595
1280596
1280597
1280600
1280601
1280602
1280603
1280604
1280605
1280606
1277055
1280607
1280608
1280609
1280611
1280612
1277056
1280613
1280614
1280615
1280616
1280617
1280618
1280619
1280620
1280623
1280624
1280625
1280626
1280627
1280628
1280630
1280631
1280632
1277060
1280633
1280634
1280635
1280636
1280638
1280641
1280642
1280643
1280644
1280645
1280646
1280647
1280648
1280649
1280650
1280651
1280652
1280653
1280654
1280655
1280657
1277065
1280658
1280659
1280660
1280661
1280663
1280664
1280665
1280666
1280667
1280668
1280669
1280670
1280672
1280673
1280674
1280675
1280676
1280677
1280678
1280680
1280681
1280682
1277070
1280683
1280684
1280685
1280686
1280687
1280688
1280689
1280691
1280692
1280693
1280694
1280695
1280696
1280698
1280699
1280700
1280701
1280702
1280703
1280704
1280705
1280706
1280707
1277075
1280708
1280709
1280710
1280711
1280712
1280713
1280714
1280715
1280716
1280717
1280718
1280719
1280720
1280721
1280722
1280723
1280724
1280725
1280726
1280727
1280728
1280729
1280731
1280732
1277080
1280733
1280734
1280735
1280736
1280737
1280738
1280740
1280741
1280742
1280743
1280745
1280746
1280747
1280748
1280749
1280750
1280751
1280752
1280754
1280755
1280756
1280757
1280758
1280759
1280760
1280761
1280762
1280763
1280764
1280765
1280766
1280767
1280768
1280769
1280771
1280772
1280773
1280774
1280775
1280776
1280778
1280779
1280780
1280781
1280782
1280783
1280784
1280785
1280786
1280787
1280788
1280789
1280790
1280791
1280792
1280793
1280794
1280795
1280796
1280797
1280798
1280799
1280801
1280802
1280803
1280804
1280805
1280806
1280807
1280808
1280809
1280810
1280812
1280813
1280814
1280815
1280816
1280817
1280818
1280819
1280820
1280821
1280822
1280824
1280825
1280826
1280838
1280839
1280842
1280843
1280844
1280845
1280846
1280847
1280848
1280849
1280850
1280851
1280852
1280853
1280854
1280855
1280856
1280857
1280858
1280859
1280860
1280861
1280862
1280863
1280864
1280865
1280866
1280867
1280868
1280869
1280870
1280871
1280872
1280873
1280874
1280875
1280877
1280878
1280879
1280880
1280881
1280882
1280883
1280884
1280885
1280886
1280887
1280888
1280889
1280890
1280891
1280892
1280893
1280894
1280895
1280896
1280897
1280898
1280901
1280902
1280903
1280904
1280905
1280906
1280907
1280908
1280909
1280910
1280911
1280912
1280913
1280915
1280916
1280917
1280918
1280919
1280920
1280921
1280923
1280925
1280926
1280928
1280929
1280930
1280931
1280932
1280933
1280934
1280935
1280936
1280937
1280938
1280939
1280940
1280941
1280942
1280943
1280944
1280945
1280946
1280947
1280949
1280950
1280951
1280952
1280953
1280954
1280955
1280956
1280957
1280958
1280960
1280962
1280963
1280964
1280965
1280966
1280967
1280968
1280972
1280973
1280974
1280975
1280976
1280977
1280978
1280979
1280980
1280981
1280982
1280983
1280984
1280985
1280986
1280987
1280988
1280989
1280990
1280991
1280992
1280993
1280994
1280995
1280996
1280998
1280999
1281000
1281001
1281002
1281003
1281004
1281005
1281006
1281007
1281008
1281009
1281010
1281011
1281012
1281013
1281014
1281015
1281016
1281017
1281018
1281019
1281020
1281021
1281022
1281023
1281024
1281025
1281026
1281027
1281028
1281029
1281030
1281031
1281032
1281033
1281034
1281035
1281036
1281037
1281038
1281039
1281040
1281041
1281042
1281043
1281044
1281045
1281046
1281047
1281048
1281049
1281050
1281051
1281052
1281053
1281054
1281055
1281056
1281057
1281058
1281059
1281060
1281061
1281062
1281063
1281064
1281066
1281067
1281068
1281070
1281071
1281072
1281073
1281074
1281075
1281076
1281077
1281078
1281079
1281080
1281081
1281082
1281083
1281085
1281086
1281087
1281088
1281089
1281090
1281091
1281092
1281093
1281094
1281095
1281096
1281097
1281098
1281099
1281100
1281101
1281102
1281103
1281104
1281105
1281107
1281108
1281109
1281110
1281111
1281112
1281113
1281114
1281115
1281116
1281117
1281118
1281119
1281121
1281122
1281125
1281126
1281128
1281129
1281130
1281131
1281132
1281133
1281134
1281135
1281136
1281137
1281139
1281140
1281141
1281142
1281143
1281144
1281145
1281146
1281148
1281149
1281150
1281151
1281152
1281153
1281154
1281155
1281156
1281157
1281158
1281160
1281161
1281162
1281164
1281165
1281167
1281168
1281169
1281170
1281171
1281172
1281173
1281174
1281175
1281176
1281177
1281178
1281179
1281180
1274953
1277851
1277852
1277853
1277854
1277856
1277857
1277858
1277859
1277861
1277862
1277863
1277864
1277866
1277867
1277868
1277869
1277870
1277871
1277872
1277873
1277874
1277875
1277876
1277877
1277878
1277879
1277880
1277882
1277883
1277884
1277886
1277888
1277889
1277890
1277891
1277892
1277893
1277894
1277895
1277896
1277897
1277898
1277899
1277900
1277901
1277902
1277903
1277904
1277905
1277906
1277907
1277909
1277910
1277911
1277912
1277913
1277915
1277916
1277917
1277918
1277919
1277920
1277921
1277922
1277923
1277924
1277925
1277926
1277927
1277928
1277929
1277934
1277936
1277938
1277939
1277940
1277941
1277942
1277943
1277944
1277945
1277946
1277948
1277949
1277950
1277951
1277952
1277953
1277954
1277955
1277956
1277957
1277958
1277959
1277960
1277962
1277963
1277964
1277965
1277966
1277967
1277968
1277969
1277970
1277971
1277972
1277973
1277974
1277975
1277976
1277977
1277978
1277983
1277984
1277985
1277986
1277987
1277988
1277989
1277990
1277991
1277992
1277993
1277994
1278000
1278005
1278006
1278010
1278012
1278013
1278014
1278015
1278016
1278017
1278018
1278019
1278020
1278021
1278022
1278023
1278024
1278025
1278027
1278028
1278029
1278030
1278031
1278032
1278033
1278034
1278035
1278036
1278037
1278039
1278040
1278041
1278042
1278043
1278044
1278045
1278046
1278047
1278048
1278049
1278050
1278051
1278052
1278053
1278054
1278055
1278056
1278057
1278058
1278059
1278060
1278061
1278062
1278063
1278064
1278065
1278066
1278067
1278069
1278070
1278071
1278072
1278073
1278074
1278075
1278077
1278078
1278079
1278081
1278082
1276029
1280829
1280830
1280831
1280840
1276059
1275058
1276160
1275938
1275963
1275968
1275978
1275983
1275988
1276014
1276034
1280827
1280828
1280832
1280833
1280834
1280835
1280836
1280837
1276054
1276064
1276074
1276079
1276084
1276089
1276094
1276099
1276104
1276119
1276127
1276129
1276144
1276149
1275017
1275022
1276155
1274933
1274951
1274952
1275516
1275621
1275626
1275631
1275636
1275641
1275651
1275656
1275661
1275672
1275677
1275687
1275692
1275697
1275707
1275722
1275727
1275742
1275747
1275777
1275787
1275028
1275792
1275797
1275812
1275033
1275827
1275038
1275843
1275848
1275853
1275858
1275863
1275043
1275868
1275873
1275878
1275893
1275898
1275903
1275913
1275053
1275918
1274929
1274930
1274932
1274931
1274934
1274935
1274936
1274937
1274939
1274940
1274941
1274942
1274944
1274943
1274945
1274948
1274949
1274946
1274947
1274950
1274954
1274955
1274956
1274957
1274958
1274959
1274960
1274961
1274962
1274963
1274964
1274965
1274966
1274967
1274968
1274969
1274971
1274972
1274973
1274974
1274975
1274976
1274977
1274979
1274980
1274981
1274982
1274983
1274984
1274985
1274986
1274987
1274988
1274989
1274990
1274991
1274993
1274994
1274995
1274996
1274997
1274998
1274999
1275000
1275001
1275002
1275003
1275006
1275007
1275008
1275009
1275010
1275011
1275012
1275013
1275014
1275015
1275016
1275018
1275019
1275020
1275021
1275023
1275024
1275025
1275026
1275027
1275029
1275030
1275031
1275032
1275034
1275035
1275036
1275037
1275039
1275040
1275041
1275042
1275044
1275045
1275047
1275048
1275049
1275050
1275051
1275052
1275054
1275055
1275056
1275057
1275059
1275060
1275061
1275062
1275064
1275065
1275066
1275067
1275070
1275071
1275072
1275073
1275074
1275075
1275077
1275078
1275079
1275080
1275081
1275082
1275083
1275084
1275085
1275086
1275087
1275088
1275089
1275090
1275091
1275092
1275093
1275094
1275095
1275096
1275097
1275098
1275099
1275100
1275101
1275102
1275104
1275106
1275107
1275108
1275109
1275110
1275111
1275112
1275113
1275114
1275115
1275116
1275117
1275119
1275120
1275122
1275123
1275124
1275125
1275126
1275127
1275129
1275131
1275132
1275133
1275135
1275136
1275137
1275138
1275139
1275140
1275141
1275142
1275144
1275145
1275146
1275147
1275149
1275150
1275151
1275152
1275154
1275155
1275156
1275157
1275159
1275160
1275161
1275162
1275163
1275164
1275165
1275166
1275168
1275169
1275170
1275171
1275172
1275174
1275175
1275176
1275177
1275179
1275180
1275181
1275183
1275184
1275185
1275186
1275188
1275189
1275190
1275191
1275192
1275193
1275194
1275195
1275196
1275197
1275198
1275199
1275200
1275201
1275202
1275203
1275204
1275205
1275207
1275208
1275209
1275210
1275211
1275212
1275214
1275215
1275217
1275218
1275219
1275220
1275222
1275223
1275224
1275225
1275226
1275227
1275228
1275229
1275230
1275232
1275234
1275235
1275236
1275237
1275238
1275239
1275240
1275241
1275242
1275243
1275244
1275245
1275246
1275247
1275248
1275249
1275250
1275251
1275068
1275252
1275253
1275254
1275255
1275256
1275257
1275258
1275259
1275261
1275262
1275264
1275265
1275266
1275267
1275268
1275269
1275270
1275271
1275272
1275274
1275275
1275276
1275277
1275278
1275279
1275280
1275281
1275282
1275283
1275284
1275285
1275286
1275287
1275289
1275290
1275291
1275292
1275293
1275294
1275296
1275297
1275299
1275300
1275301
1275302
1275303
1275304
1275305
1275306
1275307
1275308
1275311
1275313
1275314
1275315
1275316
1275317
1275318
1275319
1275320
1275322
1275323
1275324
1275325
1275326
1275327
1275328
1275329
1275330
1275331
1275332
1275333
1275334
1275336
1275337
1275338
1275339
1275341
1275343
1275344
1275345
1275346
1275347
1275348
1275349
1275350
1275352
1275353
1275354
1275355
1275356
1275357
1275359
1275360
1275361
1275362
1275363
1275365
1275366
1275367
1275368
1275369
1275370
1275371
1275372
1275374
1275375
1275376
1275377
1275378
1275379
1275380
1275381
1275382
1275383
1275384
1275385
1275386
1275387
1275388
1275389
1275390
1275391
1275393
1275394
1275395
1275396
1275398
1275399
1275400
1275401
1275402
1275403
1275405
1275406
1275407
1275408
1275409
1275410
1275411
1275412
1275413
1275414
1275416
1275417
1275418
1275419
1275420
1275421
1275422
1275423
1275424
1275426
1275427
1275428
1275430
1275431
1275432
1275433
1275434
1275436
1275437
1275438
1275439
1275440
1275441
1275442
1275443
1275444
1275445
1275446
1275447
1275448
1275449
1275450
1275452
1275453
1275454
1275455
1275456
1275457
1275458
1275459
1275460
1275462
1275463
1275464
1275465
1275466
1275467
1275469
1275470
1275471
1275472
1275473
1275474
1275475
1275476
1275477
1275478
1275479
1275480
1275481
1275482
1275483
1275484
1275485
1275487
1275488
1275489
1275490
1275491
1275492
1275493
1275494
1275495
1275496
1275497
1275498
1275500
1275501
1275502
1275503
1275504
1275505
1275506
1275507
1275508
1275509
1275510
1275511
1275512
1275513
1275514
1275515
1275517
1275518
1275519
1275520
1275521
1275522
1275523
1275525
1275526
1275527
1275528
1275529
1275530
1275531
1275532
1275534
1275535
1275536
1275537
1275538
1275539
1275540
1275541
1275542
1275543
1275544
1275545
1275546
1275547
1275548
1275549
1275550
1275551
1275552
1275553
1275554
1275555
1275556
1275557
1275558
1275559
1275560
1275561
1275562
1275563
1275564
1275566
1275567
1275568
1275569
1275570
1275571
1275572
1275573
1275574
1275575
1275576
1275578
1275579
1275580
1275581
1275582
1275583
1275584
1275585
1275586
1275587
1275589
1275590
1275592
1275593
1275594
1275595
1275596
1275597
1275598
1275600
1275601
1275602
1275603
1275604
1275605
1275606
1275607
1275608
1275609
1275610
1275611
1275612
1275613
1275614
1275616
1275617
1275618
1275619
1275620
1275622
1275623
1275624
1275625
1275627
1275628
1275629
1275630
1275632
1275633
1275634
1275635
1275637
1275638
1275639
1275640
1275642
1275643
1275644
1275645
1275646
1275647
1275648
1275649
1275650
1275652
1275653
1275654
1275655
1275657
1275658
1275659
1275660
1275662
1275663
1275665
1275666
1275667
1275668
1275669
1275670
1275671
1275673
1275674
1275675
1275676
1275678
1275680
1275681
1275682
1275683
1275684
1275685
1275686
1275688
1275689
1275690
1275691
1275693
1275694
1275695
1275696
1275698
1275699
1275700
1275701
1275702
1275703
1275704
1275705
1275706
1275709
1275710
1275711
1275712
1275714
1275715
1275716
1275717
1275718
1275719
1275720
1275721
1275723
1275724
1275725
1275726
1275728
1275729
1275730
1275732
1275733
1275735
1275736
1275737
1275738
1275739
1275740
1275741
1275743
1275744
1275745
1275746
1275748
1275749
1275750
1275751
1275754
1275755
1275757
1275758
1275759
1275760
1275762
1275764
1275765
1275766
1275767
1275768
1275769
1275770
1275771
1275772
1275773
1275774
1275775
1275776
1275778
1275779
1275781
1275782
1275783
1275784
1275785
1275786
1275788
1275789
1275790
1275791
1275793
1275794
1275795
1275796
1275798
1275799
1275800
1275801
1275802
1275803
1275804
1275805
1275807
1275808
1275809
1275810
1275811
1275814
1275815
1275817
1275818
1275819
1275820
1275821
1275822
1275823
1275824
1275825
1275826
1275828
1275829
1275830
1275832
1275833
1275834
1275835
1275836
1275838
1275839
1275840
1275841
1275842
1275844
1275845
1275846
1275847
1275849
1275850
1275851
1275852
1275854
1275855
1275856
1275857
1275859
1275860
1275861
1275862
1275864
1275865
1275866
1275867
1275869
1275870
1275871
1275872
1275874
1275875
1275876
1275877
1275879
1275882
1275883
1275884
1275885
1275886
1275887
1275888
1275889
1275890
1275891
1275892
1275894
1275895
1275896
1275897
1275899
1275900
1275901
1275902
1275904
1275905
1275906
1275907
1275908
1275909
1275910
1275911
1275912
1275914
1275915
1275916
1275917
1275919
1275920
1275922
1275923
1275924
1275925
1275926
1275927
1275928
1275929
1275930
1275931
1275932
1275933
1275934
1275935
1275936
1275937
1275939
1275940
1275942
1275943
1275944
1275945
1275946
1275947
1275949
1275950
1275952
1275953
1275954
1275955
1275956
1275958
1275959
1275960
1275961
1275962
1275964
1275965
1275966
1275967
1275970
1275971
1275972
1275973
1275974
1275975
1275976
1275977
1275979
1275980
1275981
1275982
1275984
1275985
1275986
1275987
1275989
1275990
1275991
1275992
1275993
1275994
1275995
1275996
1275998
1276001
1276002
1276003
1276004
1276005
1276006
1276007
1276008
1276009
1276010
1276011
1276012
1276013
1276015
1276016
1276017
1276018
1276020
1276021
1276022
1276024
1276025
1276026
1276027
1276028
1276030
1276031
1276032
1276033
1276035
1276036
1276037
1276038
1276039
1276040
1276041
1276042
1276044
1276045
1276046
1276047
1276048
1276049
1276050
1276051
1276052
1276053
1276055
1276056
1276057
1276058
1276060
1276061
1276062
1276063
1276065
1276066
1276067
1276069
1276070
1276071
1276072
1276073
1276075
1276076
1276077
1276078
1276080
1276081
1276082
1276083
1276085
1276086
1276087
1276088
1276090
1276091
1276092
1276093
1276095
1276096
1276097
1276098
1276100
1276101
1276102
1276103
1276106
1276107
1276108
1276109
1276110
1276111
1276112
1276113
1276115
1276116
1276117
1276118
1276120
1276122
1276123
1276124
1276125
1276126
1275103
1276128
1276130
1276132
1276133
1276134
1276135
1276136
1276138
1276139
1276140
1276141
1276142
1276143
1276145
1276146
1276147
1276148
1276150
1276151
1276152
1276153
1276154
1276156
1276157
1276158
1276159
1276161
1276162
1276163
1276164
1276165
1276166
1276167
1276168
1276169
1276171
1276172
1276173
1276174
1276175
1276176
1276178
1276179
1276177
1276182
1276183
1276184
1276186
1276187
1276188
1276189
1276191
1276192
1276193
1276194
1276196
1276197
1276198
1276199
1276181
1276202
1276203
1276205
1276206
1276207
1276208
1276209
1276211
1276212
1276214
1276215
1276216
1276218
1276219
1276220
1276185
1276222
1276223
1276225
1276226
1276227
1276229
1276230
1276231
1276232
1276233
1276234
1276236
1276237
1276238
1276239
1276241
1276242
1276243
1276244
1276190
1276247
1276248
1276249
1276251
1276252
1276254
1276255
1276256
1276259
1276260
1276261
1276262
1276263
1276264
1276265
1276266
1276267
1276269
1276270
1276271
1276272
1276273
1276195
1276274
1276275
1276276
1276277
1276278
1276279
1276281
1276282
1276283
1276284
1276286
1276287
1276288
1276290
1276291
1276292
1276293
1276294
1276296
1276200
1276298
1276299
1276301
1276201
1276303
1276304
1276306
1276307
1276308
1276309
1276311
1276312
1276313
1276314
1276315
1276317
1276318
1276319
1276320
1276323
1276324
1276325
1276326
1276327
1276328
1276329
1276330
1276331
1276332
1276333
1276334
1276335
1276337
1276338
1276339
1276340
1276342
1276343
1276344
1276345
1276347
1276348
1276349
1276350
1276352
1276354
1276355
1276356
1276357
1276358
1276359
1276360
1276362
1276363
1276364
1276365
1276367
1276368
1276369
1276370
1276372
1276373
1276374
1276376
1276377
1276378
1276379
1276380
1276383
1276384
1276385
1276386
1276387
1276388
1276389
1276390
1276391
1276392
1276393
1276394
1276395
1276396
1276397
1276398
1276399
1276400
1276221
1276403
1276404
1276405
1276407
1276408
1276409
1276410
1276412
1276413
1276414
1276415
1276417
1276418
1276419
1276420
1276422
1276423
1276424
1276425
1276427
1276428
1276429
1276430
1276432
1276433
1276434
1276435
1276437
1276438
1276439
1276440
1276442
1276443
1276444
1276445
1276447
1276448
1276449
1276450
1276452
1276453
1276454
1276455
1276457
1276458
1276459
1276460
1276461
1276462
1276463
1276464
1276465
1276467
1276468
1276469
1276470
1276472
1276235
1276476
1276478
1276480
1276481
1276484
1276485
1276486
1276487
1276488
1276489
1276490
1276491
1276492
1276493
1276494
1276495
1276496
1276497
1276498
1276499
1276240
1276500
1276501
1276503
1276504
1276505
1276506
1276507
1275118
1276509
1276510
1276511
1276514
1276515
1276516
1276517
1276519
1276520
1276521
1276522
1276245
1276524
1276525
1276526
1276527
1276246
1276529
1276530
1276531
1276533
1276534
1276535
1276536
1276537
1276538
1276539
1276540
1276541
1276544
1276545
1276546
1276547
1276250
1276549
1276550
1276551
1276552
1276553
1276554
1276555
1276556
1276558
1276560
1276561
1276562
1276563
1276564
1276566
1276567
1276568
1276569
1276570
1276571
1276572
1276573
1276574
1276575
1276576
1276578
1276580
1276581
1276582
1276583
1276584
1276585
1276586
1276588
1276589
1276590
1276591
1276593
1276594
1276595
1276596
1276598
1276599
1276600
1276601
1276603
1276604
1276605
1276606
1276607
1276608
1276610
1276611
1276612
1276613
1276614
1276616
1276617
1276618
1276620
1276621
1276622
1276623
1276624
1276625
1276626
1276628
1276629
1276630
1276631
1276633
1276634
1276635
1276636
1276637
1276638
1276639
1276640
1276641
1276642
1276643
1276644
1276645
1276646
1276647
1276649
1276650
1276651
1276652
1276654
1276655
1276656
1276658
1276659
1276660
1276661
1276662
1276663
1276664
1276665
1276666
1276667
1276668
1276669
1276670
1276671
1276672
1276674
1276675
1276676
1276677
1276679
1276680
1276681
1276682
1276683
1276684
1276685
1276686
1276687
1276689
1276690
1276691
1276692
1276694
1276695
1276696
1276697
1276280
1276700
1276701
1276702
1276705
1276708
1276709
1276710
1276711
1276713
1276715
1276716
1276717
1276718
1276719
1276720
1276721
1276722
1276723
1276724
1276285
1276725
1276726
1276727
1276728
1276729
1276730
1276731
1276732
1276734
1276735
1276736
1276737
1276740
1276741
1276742
1276743
1276744
1276745
1276746
1276747
1276749
1276750
1276752
1276753
1276754
1276755
1276756
1275128
1276759
1276760
1276761
1276762
1276764
1276765
1276767
1276769
1276770
1276772
1276773
1276774
1276775
1276295
1276776
1276778
1276779
1276780
1276781
1276782
1276784
1276297
1276786
1276787
1276789
1276790
1276791
1276792
1276794
1276795
1276796
1276797
1276798
1276300
1276801
1276802
1276803
1276805
1276807
1276808
1276809
1276302
1276811
1276813
1276814
1276815
1276816
1276817
1276818
1276820
1276821
1276822
1276823
1276824
1276305
1276826
1276827
1276828
1276830
1276831
1276832
1276833
1276834
1276835
1276836
1276837
1276838
1276839
1276841
1276842
1276843
1276844
1276845
1276846
1276847
1276848
1276310
1276852
1276854
1276855
1276856
1276857
1276858
1276859
1276860
1276861
1276862
1276863
1276864
1276865
1276866
1276867
1276868
1276870
1276871
1276872
1276873
1276874
1276876
1276877
1276878
1276879
1276316
1276881
1276882
1276883
1276885
1276886
1276887
1276888
1276889
1276890
1276891
1276893
1276894
1276895
1276896
1276898
1276899
1276900
1276901
1276902
1276904
1276905
1276906
1276321
1276907
1276908
1276910
1276911
1276912
1276913
1276915
1276916
1276917
1276918
1276919
1276920
1276922
1276923
1276924
1276925
1276926
1276927
1276928
1276930
1276931
1276932
1276933
1276935
1276936
1276937
1276938
1276940
1276941
1276942
1276944
1276945
1276947
1276948
1276949
1276950
1276951
1276952
1276953
1276955
1276956
1276957
1276958
1276959
1276960
1276961
1276962
1276963
1276964
1276966
1276967
1276968
1276969
1276970
1276971
1276973
1276974
1276975
1276976
1276977
1276978
1276979
1276336
1276982
1276983
1276984
1276986
1276987
1276988
1276989
1276991
1276993
1276994
1276995
1276996
1276997
1276998
1276999
1277001
1277002
1277003
1277004
1277005
1276341
1277007
1277008
1277009
1277011
1277012
1277013
1277014
1277016
1277017
1277018
1277019
1277021
1277022
1277023
1277024
1277026
1277027
1277028
1277029
1277031
1277032
1277033
1277034
1277035
1277036
1277037
1277038
1277039
1277040
1277041
1277042
1277043
1277044
1277046
1277047
1277048
1277049
1277051
1277052
1277053
1277054
1276351
1277057
1277058
1277059
1277061
1277062
1277063
1277064
1277066
1277067
1277068
1277069
1277071
1277072
1277073
1277074
1277076
1277077
1277078
1277079
1277081
1277082
1277083
1277084
1277085
1277086
1277087
1277088
1277089
1277090
1277091
1277092
1277093
1277094
1277095
1277097
1277098
1277099
1277100
1277101
1277102
1277103
1277104
1277105
1277106
1277107
1276361
1277108
1277109
1277110
1277112
1277113
1277114
1277115
1277116
1277118
1277119
1277120
1277121
1277122
1277124
1277125
1277126
1277127
1277128
1277129
1277130
1277131
1277132
1277133
1277134
1276366
1277135
1277136
1277137
1277138
1277139
1277140
1277142
1277143
1277144
1277146
1277147
1277148
1277149
1277150
1277151
1277152
1277153
1277154
1277155
1277156
1277157
1277158
1277159
1277161
1276371
1277162
1277163
1277164
1277165
1277166
1277167
1277168
1277169
1277170
1277171
1277172
1277173
1277174
1277175
1277176
1277177
1277179
1277180
1277181
1277182
1277183
1277185
1277186
1277187
1277189
1277190
1277191
1277193
1277194
1277195
1277196
1277201
1277202
1277203
1277204
1277205
1277206
1277207
1277208
1277209
1277210
1277211
1277212
1277213
1277215
1277216
1277217
1277218
1277219
1277220
1277221
1277222
1277223
1277224
1277225
1277227
1277228
1277229
1277230
1277231
1277232
1277233
1277234
1277235
1277236
1277238
1277239
1277240
1277241
1277242
1277243
1277244
1277245
1277246
1277247
1277248
1277249
1277250
1277251
1277252
1277253
1277254
1277255
1277256
1277257
1277258
1277259
1277260
1277261
1277262
1277263
1277264
1277265
1277266
1277267
1277268
1277269
1277270
1275148
1277271
1277272
1277273
1277274
1277275
1277276
1277277
1277278
1277279
1277281
1277282
1277283
1277284
1277285
1277286
1277287
1277288
1277289
1277290
1277291
1277292
1277293
1277294
1277295
1277296
1277297
1277298
1277299
1277300
1277301
1277302
1277303
1277304
1277305
1277306
1277307
1277308
1277309
1277310
1277311
1277312
1277313
1277314
1277315
1277316
1277318
1277319
1277320
1277321
1276402
1277322
1277324
1277325
1277326
1277327
1277328
1277329
1277330
1277331
1277333
1277334
1277335
1277336
1277337
1277338
1277339
1277340
1277341
1276406
1277342
1277343
1277344
1277345
1277346
1277347
1277348
1277349
1277350
1277351
1277352
1277353
1277354
1277355
1277356
1277357
1277358
1277361
1277362
1277363
1277364
1277365
1277366
1276411
1277367
1277368
1277370
1277371
1277372
1277373
1277374
1277375
1277376
1277377
1277378
1277379
1277380
1277381
1277382
1277383
1277386
1277387
1277388
1277389
1277390
1277391
1277392
1276416
1277393
1277394
1275153
1277395
1277396
1277397
1277398
1277399
1277400
1277401
1277402
1277403
1277404
1277405
1277406
1277407
1277408
1277409
1277410
1277411
1277412
1277413
1277414
1277415
1276421
1277416
1277417
1277418
1277419
1277420
1277421
1277422
1277423
1277425
1277426
1277427
1277428
1277429
1277430
1277431
1277432
1277433
1277434
1277435
1277436
1277437
1277438
1277439
1277440
1276426
1277441
1277442
1277443
1277444
1277445
1277446
1277447
1277448
1277449
1277450
1277451
1277452
1277453
1277454
1277455
1277456
1277457
1277458
1277459
1277460
1277461
1277462
1277463
1277465
1276431
1277466
1277467
1277469
1277470
1277471
1277472
1277473
1277474
1277475
1277476
1277477
1277478
1277479
1277480
1277481
1277482
1277483
1277484
1277485
1277487
1277488
1277489
1277490
1277491
1276436
1277492
1277493
1277494
1277495
1277496
1277497
1277498
1277499
1277500
1277502
1277503
1277504
1277505
1277506
1277507
1277508
1277509
1277510
1277511
1277512
1277513
1277514
1277515
1277516
1276441
1277517
1277518
1275158
1277519
1277520
1277521
1277522
1277523
1277524
1277525
1277528
1277529
1277530
1277531
1277532
1277534
1277535
1277536
1277537
1277538
1277539
1277540
1277541
1276446
1277543
1277544
1277545
1277546
1277547
1277548
1277549
1277550
1277551
1277552
1277553
1277555
1277556
1277557
1277558
1277559
1277560
1277561
1277562
1277563
1277564
1277565
1277566
1277567
1276451
1277569
1277570
1277571
1277572
1277573
1277574
1277575
1277576
1277577
1277578
1277579
1277580
1277581
1277582
1277583
1277584
1277585
1277586
1277587
1277588
1277589
1277590
1277591
1277592
1276456
1277593
1277594
1277595
1277596
1277597
1277598
1277599
1277600
1277601
1277602
1277603
1277604
1277605
1277606
1277607
1277608
1277609
1277610
1277611
1277613
1277614
1277615
1277616
1277617
1277618
1277619
1277620
1277621
1277622
1277623
1277624
1277625
1277626
1277627
1277629
1277630
1277631
1277632
1277633
1277634
1277635
1277636
1277637
1277638
1277640
1277641
1277642
1277643
1276466
1277644
1277645
1277646
1277647
1277648
1277649
1277650
1277651
1277652
1277653
1277654
1277655
1277656
1277657
1277658
1277659
1277660
1277661
1277662
1277663
1277664
1277665
1277666
1277667
1276471
1277668
1277669
1277670
1277671
1277672
1277673
1277674
1277675
1277676
1277677
1277678
1277679
1277680
1277681
1277682
1277684
1277685
1277686
1277687
1277688
1277689
1277690
1277691
1277693
1277694
1277695
1277696
1277697
1277698
1277699
1277700
1277702
1277703
1277704
1277705
1277706
1277707
1277708
1277709
1277710
1277711
1277712
1277713
1277715
1277716
1277717
1277718
1277719
1277720
1277721
1277722
1277723
1277724
1277725
1277726
1277727
1277728
1277730
1277731
1277732
1277733
1277734
1277735
1275173
1277736
1277737
1277738
1277739
1277740
1277741
1277742
1277743
1277744
1277745
1277746
1277747
1277748
1277749
1277750
1277751
1277752
1277753
1277754
1277755
1277756
1277757
1277759
1277760
1277761
1277762
1277763
1277765
1277766
1277767
1277768
1277769
1277770
1277771
1277772
1277773
1277774
1277775
1277776
1277777
1277778
1277779
1277780
1277781
1277782
1277783
1277785
1277786
1277787
1277788
1277789
1277790
1277791
1277792
1277793
1277794
1277795
1277796
1277797
1277798
1277799
1277800
1277801
1277802
1277803
1277804
1277805
1277806
1277807
1277808
1277809
1277810
1277811
1277812
1277813
1277814
1277815
1277816
1277817
1277818
1277819
1277820
1277821
1277822
1277823
1277824
1277825
1277826
1277827
1277828
1277829
1277830
1277831
1277832
1277833
1277834
1277835
1277836
1277837
1277838
1277839
1277840
1277841
1277842
1277843
1277844
1277845
1277846
1277847
1277848
1277849
1277850
1276508
1277860
1277865
1277881
1277885
1277914
1276523
1277930
1277931
1277932
1277933
1277935
1277937