1217930
1217931
1217932
1217933
1217934
1217935
1217936
1217937
1217938
1217939
1217940
1217941
1217942
1217943
1217944
1217945
1217946
1217947
1217948
1217949
1217950
1217951
1217952
1217953
1217954
1217955
1217957
1217958
1217959
1217960
1217961
1217962
1217963
1217964
1217965
1217966
1217967
1217968
1217969
1217970
1217971
1217973
1217974
1217975
1217976
1217977
1217978
1217979
1217980
1217981
1217982
1217983
1217984
1217985
1217986
1217987
1217988
1217989
1217990
1217992
1217993
1217995
1217996
1217997
1217998
1217999
1218000
1218001
1218003
1218004
1218005
1218006
1218007
1218008
1218009
1218010
1218012
1218013
1218014
1218015
1218016
1218017
1218019
1218020
1218021
1218022
1218023
1218024
1218025
1218026
1218027
1218028
1218029
1218030
1218031
1218032
1218033
1218034
1218035
1218036
1218037
1218038
1218039
1218040
1218041
1218042
1218043
1218044
1218045
1218046
1218047
1218048
1218049
1218050
1218051
1218052
1218053
1218054
1218055
1218057
1218058
1218059
1218061
1218062
1218063
1218065
1218066
1218067
1218068
1218069
1218070
1218071
1218072
1218073
1218074
1218075
1218076
1218077
1218079
1218080
1218081
1218082
1218083
1218084
1218085
1218086
1218087
1218088
1218089
1218090
1218091
1218092
1218093
1218094
1218095
1218096
1218097
1218099
1218100
1218101
1218102
1218103
1218104
1218105
1218106
1218107
1218108
1218109
1218110
1218111
1218112
1218113
1218114
1218115
1218116
1218117
1218118
1218119
1218120
1218121
1218122
1218123
1218124
1218125
1218126
1218127
1218128
1218129
1218130
1218131
1218132
1218133
1218134
1218135
1218136
1218137
1218138
1218139
1218140
1218141
1218142
1218143
1218144
1218145
1218146
1218147
1218148
1218149
1218150
1218151
1218152
1218153
1218154
1218155
1218156
1218157
1218158
1218159
1218160
1218161
1218162
1218163
1218164
1218165
1218166
1218167
1218168
1218169
1218170
1218171
1218172
1218173
1218174
1218175
1218176
1218177
1218178
1218179
1218180
1218181
1218182
1218183
1218184
1218185
1218186
1218187
1218188
1218189
1218190
1218191
1218192
1218193
1218194
1218195
1218196
1218197
1218198
1218199
1218200
1218201
1218202
1218203
1218204
1218205
1218206
1218207
1218208
1218209
1218210
1218211
1218212
1218213
1218214
1218215
1218216
1218217
1218219
1218220
1218221
1218222
1218223
1218224
1218225
1218226
1218227
1218228
1218229
1218230
1218231
1218232
1218233
1218234
1218235
1218236
1218237
1218238
1218240
1218241
1218242
1218243
1218244
1218245
1218246
1218247
1218248
1218249
1218250
1218251
1218252
1218253
1218254
1218255
1218256
1218257
1218258
1218259
1218260
1218261
1218262
1218263
1218264
1218265
1218266
1218267
1218269
1218270
1218271
1218272
1218273
1218274
1218275
1218276
1218277
1218278
1218279
1218280
1218281
1218282
1218283
1218284
1218285
1218286
1218287
1218289
1218290
1218291
1218292
1218293
1218294
1218295
1218296
1218297
1218298
1218299
1218300
1218301
1218302
1218303
1218304
1218305
1218306
1218307
1218308
1218309
1218310
1218311
1218312
1218313
1218314
1218315
1218317
1218318
1218319
1218320
1218321
1218322
1218324
1218325
1218326
1218327
1218328
1218329
1218330
1218331
1218332
1218333
1218335
1218336
1218337
1218338
1218339
1218340
1218341
1218342
1218343
1218344
1218345
1218346
1218347
1218348
1218349
1218350
1218351
1218352
1218353
1218354
1218355
1218356
1218357
1218358
1218359
1218360
1218361
1218362
1218363
1218364
1218365
1218366
1218367
1218368
1218369
1218370
1218371
1218372
1218373
1218374
1218375
1218376
1218377
1218378
1218379
1218380
1218381
1218382
1218383
1218384
1218385
1218386
1218387
1218388
1218389
1218390
1218391
1218392
1218393
1218394
1218395
1218397
1218398
1218399
1218400
1218401
1218402
1218403
1218404
1218405
1218406
1218408
1218409
1218410
1218411
1218412
1218413
1218414
1218415
1218416
1218417
1218418
1218419
1218420
1218421
1218422
1218423
1218424
1218425
1218426
1218427
1218428
1218429
1218430
1218431
1218432
1218433
1218434
1218435
1218436
1218437
1218438
1218439
1218440
1218441
1218442
1218443
1218445
1218446
1218447
1218448
1218449
1218450
1218451
1218452
1218453
1218454
1218455
1218456
1218457
1218458
1218459
1218460
1218461
1218462
1218463
1218464
1218465
1218466
1218467
1218469
1218470
1218471
1218472
1218473
1218474
1218475
1218476
1218477
1218478
1218479
1218480
1218481
1218482
1218483
1218484
1218485
1218486
1218487
1218488
1218489
1218490
1218491
1218492
1218493
1218494
1218495
1218496
1218497
1218498
1218499
1218500
1218501
1218502
1218503
1218504
1218505
1218506
1218507
1218508
1218509
1218510
1218511
1218512
1218513
1218514
1218515
1218516
1218517
1218518
1218520
1218521
1218522
1218523
1218524
1218525
1218526
1218527
1218528
1218529
1218530
1218531
1218532
1218533
1218534
1218535
1218536
1218537
1218538
1218539
1218540
1218541
1218542
1218543
1218544
1218545
1218546
1218547
1218548
1218549
1218550
1218551
1218552
1218554
1218555
1218556
1218557
1218558
1218559
1218560
1218561
1218562
1218563
1218564
1218565
1218566
1218567
1218568
1218569
1218570
1218571
1218572
1218573
1218574
1218575
1218576
1218577
1218578
1218579
1218580
1218581
1218582
1218583
1218584
1218585
1218586
1218587
1218588
1218589
1218590
1218591
1218592
1218593
1218594
1218595
1218596
1218597
1218598
1218599
1218600
1218601
1218602
1218603
1218604
1218605
1218606
1218607
1218608
1218609
1218610
1218611
1218612
1218613
1218614
1218615
1218616
1218617
1218618
1218619
1218620
1218621
1218622
1218623
1218624
1218625
1218626
1218627
1218628
1218629
1218630
1218631
1218632
1218633
1218635
1218636
1218637
1218638
1218639
1218640
1218641
1218642
1218643
1218644
1218645
1218646
1218647
1218648
1218649
1218650
1218651
1218652
1218653
1218655
1218656
1218657
1218658
1218659
1218660
1218661
1218662