40878094
40882203
40876072
40880167
40878140
40879013
40882277
40876136
40878185
40880251
40878224
40882345
40876203
40880304
40880324
40878279
40876261
40880372
40882420
40878349
40876316
40880430
40882502
40876361
40878407
40880494
40876403
40878452
40882575
40876439
40878492
40878527
40880577
40876491
40882658
40878563
40876536
40878589
40880665
40882723
40878631
40876588
40878681
40876634
40882779
40876665
40878726
40880776
40882841
40876722
40880844
40878804
40876798
40878856
40882973
40876839
40878901
40880952
40883028
40876897
40878763
40878971
40883075
40876939
40881044
40883139
40879052
40877011
40881126
40874997
40879100
40883199
40875030
40879148
40881197
40883249
40875071
40877133
40883287
40879199
40875109
40876777
40881271
40875144
40877191
40879242
40875176
40881321
40879309
40875216
40882907
40877281
40881390
40875261
40879381
40875298
40881452
40877363
40879425
40875340
40877430
40875389
40881535
40879493
40877482
40875446
40875458
40875475
40877525
40879566
40881614
40875490
40877562
40875525
40881672
40879644
40877597
40881730
40877649
40875605
40879721
40881806
40877720
40875687
40879785
40877776
40881889
40879842
40875747
40879889
40877850
40875815
40881962
40879932
40875866
40877927
40879977
40882033
40880039
40877992
40882088
40875959
40882139
40880097
40878055
40876018