39006221
39008273
39002132
39004201
39010351
39008342
39006297
39004250
39002212
39010409
39004315
39008418
39010475
39002284
39006386
39010484
39004380
39008479
39002353
39006450
39010579
39008543
39004449
39002407
39006503
39004495
39010648
39006557
39008607
39002490
39010696
39008653
39006606
39004578
39010740
39006663
39008712
39002572
39006717
39010816
39004674
39008772
39002656
39008811
39004740
39006795
39008869
39006860
39008912
39002774
39004845
39008954
39002817
39006924
39002843
39008994
39004908
39004948
39006996
39002903
39009049
39004992
39002955
39009119
39007077
39005041
39002994
39009170
39003033
39007142
39005099
39003078
39009226
39005160
39003139
39009287
39005230
39007278
39003219
39005282
39009418
39005332
39007381
39003288
39005369
39009494
39007453
39005416
39001325
39003386
39007519
39005475
39009573
39001393
39003456
39009631
39005539
39007589
39001464
39005573
39009681
39007634
39003560
39001516
39005615
39005622
39009730
39007684
39001556
39009773
39005683
39001598
39007754
39009833
39001643
39005757
39007806
39003720
39007851
39001715
39003782
39007896
39009959
39005876
39001789
39007949
39003856
39007981
39010030
39005955
39008017
39001876
39009342
39010083
39003954
39006014
39008078
39010137
39001965
39006086
39004046
39010194
39008161
39006146
39002058
39008206
39008209
39010264
39004133