38338583
38336539
38340643
38334506
38344755
38342711
38338633
38336588
38334555
38340711
38336643
38334597
38342794
38344845
38338724
38340786
38336697
38334677
38342871
38336742
38338816
38340891
38336798
38342959
38334780
38338884
38336852
38340985
38336905
38334867
38343076
38338988
38336962
38334934
38341089
38343165
38337024
38339087
38334993
38341192
38343249
38337110
38337111
38335065
38337164
38343308
38335129
38339225
38341288
38337213
38335189
38343384
38337255
38339328
38335240
38333208
38343454
38337313
38341433
38339407
38335312
38337367
38333277
38341481
38343539
38335367
38337441
38339509
38341558
38335417
38343615
38333395
38337511
38341614
38335494
38339607
38337584
38333493
38335558
38341714
38337645
38343792
38339697
38335616
38341798
38335672
38333636
38337735
38339784
38343905
38341871
38335729
38337810
38339866
38335796
38343989
38333752
38341953
38337896
38335866
38342031
38339986
38337961
38344108
38335922
38342112
38335978
38338035
38340100
38344212
38336030
38333988
38338089
38342210
38336094
38338143
38340236
38334104
38338196
38344352
38342330
38338241
38336201
38338287
38334208
38344457
38336270
38340374
38338349
38342444
38336322
38344548
38334310
38338417
38336381
38340476
38342532
38334367
38338467
38336443
38344648
38334411
38340566
38338524
38342634
38336495
38334456