41117699
41115685
41113640
41111618
41117762
41115737
41113714
41111684
41115786
41117836
41113781
41115837
41117886
41115886
41117935
41113842
41111813
41115943
41117992
41113926
41111884
41118043
41116037
41111943
41118093
41113998
41114058
41116106
41118156
41112013
41118183
41112066
41114119
41116170
41118235
41112105
41114182
41116231
41118282
41112144
41118332
41112201
41116299
41114257
41116325
41112259
41118404
41116364
41114319
41116402
41114382
41116433
41118481
41112350
41116469
41112385
41114436
41116500
41118562
41116522
41112430
41114485
41116563
41118612
41114534
41112489
41116603
41118651
41118659
41114579
41118681
41112539
41116641
41114617
41118726
41112585
41116683
41114649
41112622
41118790
41114701
41112667
41116780
41118843
41112702
41116805
41114766
41118885
41112749
41118918
41114827
41116875
41112807
41118954
41116928
41112848
41118994
41114906
41119025
41116987
41112903
41119053
41114984
41119085
41117039
41112956
41119113
41117076
41119149
41113021
41117124
41119172
41115088
41119196
41113067
41117174
41119224
41111039
41117222
41113128
41115195
41111118
41113172
41117279
41113197
41115260
41111172
41117348
41113257
41111227
41115334
41113309
41111277
41117430
41115391
41111299
41113367
41111324
41117472
41115458
41111377
41113435
41117531
41117578
41113495
41115545
41111476
41117633
41113560
41115616
41111549