38686720
38684675
38682639
38686757
38680626
38682679
38686789
38684745
38688852
38680670
38686813
38680700
38684802
38682757
38686855
38682144
38683773
38684851
38680760
38688962
38682833
38686933
38680811
38684913
38682883
38689039
38685833
38686241
38687005
38680868
38684970
38680892
38682940
38689111
38685025
38682982
38687077
38680942
38685062
38689171
38683029
38681004
38685103
38687161
38689230
38681060
38683108
38685156
38689289
38685201
38681114
38687259
38683191
38685238
38681187
38687340
38685301
38683262
38681243
38685368
38681275
38687421
38683328
38681311
38687465
38683387
38685443
38681350
38687527
38681396
38685505
38683462
38681454
38683519
38687617
38681502
38685598
38683581
38687677
38681566
38685678
38687743
38683655
38681624
38687800
38685755
38683711
38681685
38687857
38681747
38687925
38683840
38681813
38685912
38683899
38687999
38685959
38681890
38683947
38688057
38686033
38681967
38688136
38686110
38684064
38684104
38682060
38688204
38688276
38684220
38686287
38688335
38684250
38684262
38682218
38688385
38686344
38684316
38688456
38686412
38682318
38680272
38684372
38680308
38682358
38680329
38686481
38684435
38688555
38682412
38680370
38684487
38686534
38680396
38684546
38686594
38680460
38682521
38688695
38684607
38686665
38688619
38680541
38688757