39303170
39300030
39305249
39307309
39301176
39303227
39305305
39303273
39307383
39301251
39303315
39304126
39305376
39303354
39307455
39301319
39299296
39305444
39303420
39301393
39305489
39307542
39299361
39303477
39305541
39301452
39299416
39303512
39307609
39305587
39299466
39301517
39303576
39299487
39305633
39301576
39303625
39299532
39305688
39299568
39303675
39305733
39301638
39299614
39299640
39303738
39301694
39301707
39305803
39299669
39303783
39301741
39299695
39305864
39301793
39303850
39299772
39305930
39301841
39303908
39299849
39305996
39301901
39303991
39301963
39306060
39299921
39301989
39304057
39299983
39306130
39302039
39300006
39302068
39306206
39302123
39300092
39304189
39302201
39300162
39304258
39306313
39302255
39306350
39304326
39306391
39302303
39300260
39306443
39304398
39302367
39300333
39306506
39300367
39304465
39302425
39300407
39302464
39306572
39301112
39300446
39304566
39302523
39306625
39300497
39304608
39306682
39300545
39302624
39304688
39300596
39302648
39306763
39300640
39304754
39306805
39300686
39302734
39300718
39304816
39306869
39302784
39300762
39304880
39302835
39306930
39300827
39304937
39302894
39306998
39300887
39302936
39304999
39307056
39300935
39302995
39307102
39305066
39301002
39303054
39305130
39307182
39301054
39303112
39307251
39305211