40865792
40861748
40859703
40865857
40863819
40861814
40859771
40865932
40857742
40861852
40863911
40859819
40865968
40861903
40863959
40857820
40866014
40859873
40857865
40866062
40861977
40864042
40859949
40857915
40866108
40864094
40862055
40857975
40866169
40864126
40862098
40864153
40858010
40860059
40866209
40866231
40862145
40858059
40864205
40866258
40860148
40862197
40858112
40864263
40858153
40864320
40862278
40860233
40858187
40858222
40864381
40862339
40860326
40864447
40862407
40858333
40862465
40860420
40864532
40862516
40858448
40860497
40864602
40862573
40864665
40858538
40860586
40862643
40858568
40862674
40864722
40858620
40862723
40864776
40860709
40858665
40864818
40862783
40864873
40858730
40862850
40860811
40864916
40858797
40862901
40858846
40862943
40864994
40860921
40865033
40862997
40858925
40863031
40860987
40858947
40863048
40858984
40865128
40863088
40861058
40863124
40859031
40863149
40859072
40861120
40865232
40863188
40859129
40865279
40861188
40863236
40865325
40861236
40859207
40863314
40865372
40861286
40859246
40865422
40859282
40861338
40863395
40865469
40859352
40861421
40865517
40863474
40859404
40865560
40861500
40859460
40865606
40863565
40861540
40859506
40865660
40863634
40861588
40859565
40865733
40859605
40863717
40861670
40859638