38486016
38492165
38488077
38490129
38483992
38490162
38486071
38492234
38490204
38488158
38484066
38486158
38490263
38488217
38492324
38490307
38484182
38486231
38488295
38492399
38490355
38486278
38490403
38484290
38490438
38492487
38486350
38490502
38486416
38488471
38492573
38484391
38486460
38490564
38492644
38488558
38486523
38484477
38492683
38490645
38492716
38486584
38490719
38492772
38488679
38486656
38484617
38492820
38490795
38488768
38486730
38492893
38484706
38490863
38488841
38492950
38484770
38490917
38486838
38488908
38493016
38490972
38484832
38486920
38488982
38491036
38493087
38484909
38489019
38491085
38484952
38487015
38489070
38485002
38491163
38487078
38489141
38485067
38487142
38491241
38489205
38485136
38487196
38491298
38489270
38491352
38487264
38489326
38485239
38487310
38489363
38485277
38491421
38489393
38487357
38485314
38489433
38487392
38491489
38483307
38485362
38487430
38489487
38491536
38487475
38485432
38489537
38491596
38485485
38487535
38489589
38491641
38491676
38485538
38489634
38483510
38487626
38491728
38485591
38489693
38485630
38487686
38491792
38489751
38485667
38487744
38491859
38485716
38483671
38487774
38489822
38487820
38485780
38489879
38491952
38483773
38489925
38487879
38485833
38492016
38485883
38489988
38487945
38483874
38485924
38492070
38488019
38490068
38485974
38492125