39567364
39561237
39565333
39563293
39567402
39561276
39565385
39563349
39561303
39567458
39561328
39565429
39563387
39567503
39561378
39565481
39563440
39561413
39567557
39563485
39567584
39565539
39561481
39563540
39565587
39567636
39561536
39563584
39567683
39565643
39567724
39563654
39565711
39561618
39561664
39563729
39565781
39563792
39565845
39561755
39563860
39565909
39561840
39565954
39563920
39566003
39563988
39566033
39561961
39566073
39564051
39562024
39566124
39564094
39566173
39564153
39562116
39566223
39564206
39566279
39562193
39566323
39564284
39562258
39566361
39564327
39560244
39566415
39562320
39564370
39560296
39566455
39564423
39566498
39560360
39562413
39564478
39566548
39560411
39562496
39560456
39566604
39564558
39560486
39566656
39562561
39564619
39560532
39564662
39560567
39566719
39562626
39560582
39560592
39564698
39560615
39564714
39566789
39560648
39562697
39564769
39560684
39566830
39562751
39560708
39566877
39564833
39560738
39562823
39566920
39564892
39560799
39566965
39562881
39562885
39567004
39564957
39560872
39562944
39567051
39565004
39562987
39560953
39567097
39563016
39565066
39563033
39560986
39567146
39565116
39561024
39567182
39563090
39565168
39567221
39561091
39563146
39565223
39567280
39561145
39563201
39561160
39561178
39565277
39561205
39563255