39159810
39168005
39161884
39159858
39166004
39163960
39168060
39161954
39159911
39164032
39168133
39166099
39159972
39164075
39162036
39168195
39166179
39162092
39164141
39160055
39168265
39160093
39166246
39168311
39162176
39164225
39160131
39166302
39160169
39168375
39162236
39164291
39166364
39162290
39160249
39168444
39164375
39166438
39162351
39160304
39168495
39164445
39166494
39168549
39162408
39160367
39166514
39164509
39166564
39168612
39162479
39160432
39168678
39164586
39166640
39162553
39160506
39168739
39162601
39164655
39160570
39168791
39162655
39166766
39160628
39168832
39164737
39162706
39168867
39160679
39168902
39162767
39164815
39168923
39160739
39166905
39164883
39162843
39160799
39160844
39167021
39164974
39162928
39160899
39162993
39165064
39160977
39167136
39163062
39161051
39165150
39163131
39161140
39167285
39165239
39163200
39161199
39165312
39163273
39167387
39165356
39161263
39159233
39163349
39165416
39159276
39161341
39167499
39163410
39159322
39165467
39161397
39163461
39165518
39159376
39167598
39159407
39161457
39163515
39165576
39159433
39159459
39163563
39159493
39165638
39161544
39167695
39159534
39163633
39159557
39165704
39161631
39159590
39167790
39163699
39159624
39165785
39163749
39161709
39159680
39167877
39159708
39165869
39163822
39167920
39159736
39161790
39159760
39165935
39163893