40007681
40009740
40005659
40009777
40003658
40007754
40001619
40009822
40005755
40009864
40007842
40001699
40003747
40005824
40009925
40009973
40007927
40005895
40010003
40003866
40001819
40010027
40005951
40010055
40008017
40001888
40010091
40003959
40006007
40010125
40001950
40010170
40008124
40006085
40010218
40004086
40006136
40002064
40008243
40006196
40010295
40002135
40010348
40004214
40010379
40008338
40006294
40002216
40010445
40004302
40006369
40008420
40002300
40010518
40008475
40006432
40004403
40002377
40010568
40006483
40008548
40010630
40002439
40006545
40004498
40008594
40010668
40010691
40006604
40002513
40008659
40010738
40004600
40008710
40006669
40010783
40004653
40002609
40008768
40006730
40010830
40004704
40002677
40006784
40008834
40004769
40006837
40004821
40002780
40008925
40006884
40004888
40006939
40009017
40002874
40006977
40004947
40009103
40005011
40007060
40000929
40002986
40000953
40009161
40000987
40005097
40007146
40001018
40003073
40001053
40009246
40003142
40001109
40007254
40009316
40005226
40001164
40009380
40007333
40003238
40005287
40001193
40001215
40009426
40001239
40005358
40001267
40001285
40009494
40003351
40007450
40001313
40005439
40001353
40009549
40007526
40003444
40005505
40001414
40009612
40007598
40001466
40005583
40009686
40001525
40003579