40835084
40837135
40833056
40839205
40833084
40835137
40839238
40837197
40833118
40839274
40835203
40833161
40837263
40839318
40833208
40839366
40835274
40837325
40839416
40833279
40837382
40833332
40839477
40837443
40833359
40837486
40839537
40833416
40835482
40839595
40837550
40833467
40837589
40833503
40837981
40839670
40835584
40833543
40837642
40839698
40839720
40833580
40837691
40835669
40839770
40837752
40839810
40833670
40839849
40837814
40833720
40835774
40839886
40837863
40839922
40833795
40835858
40839961
40837921
40839988
40840025
40833901
40840050
40840077
40835984
40838035
40840114
40834004
40840148
40838102
40836081
40840188
40834050
40838171
40834085
40840230
40836165
40834121
40840265
40838235
40840296
40834157
40840327
40838290
40836247
40834200
40840347
40840373
40838331
40834248
40840414
40836324
40838379
40840441
40834301
40840467
40836388
40838444
40834353
40840508
40840535
40834397
40838502
40836459
40838544
40836500
40840598
40834460
40840634
40838595
40836557
40834521
40840667
40840693
40838646
40836619
40840715
40834580
40840747
40838719
40836676
40840781
40834660
40840821
40840846
40836756
40840864
40840880
40834740
40840899
40838853
40840929
40836842
40840955
40838922
40834842
40836896
40838990
40836967
40834935
40839061
40837026
40832937
40839106
40835013
40832977
40837078
40839150
40833010