39790592
39788572
39784489
39790642
39786550
39790674
39788634
39786601
39784554
39790719
39788704
39786660
39784617
39786672
39790792
39788752
39784675
39790833
39790860
39788815
39786782
39784744
39790892
39788877
39790937
39786868
39784821
39788929
39791003
39784881
39786930
39786933
39788978
39791042
39789012
39784930
39786995
39791093
39789052
39787018
39791143
39785012
39789111
39782972
39787108
39783025
39785076
39791220
39789185
39783068
39785131
39785132
39791286
39789240
39783113
39785200
39783158
39791358
39789312
39787294
39783208
39785263
39791413
39789368
39785321
39789422
39787393
39791490
39783310
39789463
39785383
39789510
39787463
39783396
39791601
39785462
39789561
39787540
39783464
39789609
39785527
39789637
39791699
39787622
39789670
39785602
39789708
39783580
39789735
39787689
39791797
39785680
39789780
39791838
39787757
39789820
39791887
39783699
39785755
39787817
39789870
39791949
39789909
39787867
39783782
39785837
39789954
39787922
39790001
39785910
39783894
39790047
39785977
39790081
39788044
39783963
39790121
39788095
39786072
39784031
39790176
39790205
39788172
39786148
39790249
39784109
39788245
39786206
39786211
39790311
39784169
39790358
39788330
39786287
39790404
39784265
39788388
39786358
39790454
39784347
39790495
39788450
39790547
39786461
39788524
39784436