39131138
39127050
39125017
39129122
39122983
39131198
39123011
39129169
39131238
39127145
39125098
39123057
39131282
39123096
39129241
39127218
39131333
39125194
39129302
39123164
39127273
39131386
39129360
39131410
39123224
39125283
39131433
39127340
39129421
39123287
39125365
39129466
39127438
39123346
39129510
39125419
39123398
39127510
39129566
39125473
39123434
39123463
39129618
39125524
39127590
39123500
39125583
39129683
39123541
39127640
39125636
39123590
39127697
39129745
39123611
39125686
39123654
39127752
39129820
39125745
39123729
39127828
39125781
39129887
39125818
39127867
39123778
39129950
39125856
39127916
39123857
39125909
39127959
39130020
39128008
39125961
39130077
39123952
39128056
39126011
39130142
39123999
39128109
39126075
39124036
39128150
39130197
39126124
39124080
39128187
39130246
39126170
39124125
39128227
39126204
39124160
39128263
39130312
39126255
39128309
39124219
39126301
39130397
39128352
39124283
39126346
39128406
39130473
39124333
39126403
39128463
39124387
39130544
39126470
39128526
39124450
39128573
39130622
39126541
39124519
39128627
39130682
39126609
39124586
39128691
39130741
39126694
39130790
39124656
39128768
39130835
39124707
39126763
39128828
39130897
39124763
39126834
39128883
39124815
39130971
39128937
39124871
39131039
39129001
39126957
39129031
39124941
39131086
39129083