40366083
40368138
40370211
40366130
40364084
40368182
40370249
40368213
40370285
40366207
40370307
40364165
40368270
40370342
40366248
40368297
40370370
40368344
40364250
40368379
40366341
40368423
40366400
40364363
40362320
40368468
40362336
40362349
40362361
40368514
40366480
40362393
40364455
40362417
40366515
40368565
40366554
40362472
40368626
40364531
40366607
40364566
40362552
40368702
40366670
40364646
40368756
40366730
40364690
40362648
40368808
40364735
40366800
40368856
40362724
40364774
40362755
40368901
40366873
40364833
40362793
40368957
40362832
40364905
40366956
40362878
40369035
40367005
40364967
40362948
40369094
40362968
40367072
40365042
40362999
40369160
40365076
40363033
40367136
40369212
40367171
40363080
40365146
40365175
40369274
40363150
40365216
40367265
40369319
40367306
40365270
40369377
40363234
40367348
40363272
40365338
40369450
40363309
40367416
40365401
40369499
40367461
40363369
40369541
40365467
40363422
40367522
40369585
40367555
40365516
40369631
40363491
40367611
40365576
40369674
40363559
40367657
40369722
40365637
40363619
40369784
40367737
40365725
40363683
40369835
40369875
40363740
40367835
40365825
40363791
40364023
40369948
40367911
40365878
40363852
40370019
40365932
40363893
40370060
40365987
40368048
40370100
40363962
40366042
40368100
40370150