40198145
40202243
40204301
40200223
40198206
40200262
40204360
40202320
40198241
40204405
40202365
40198272
40200323
40198311
40204460
40200389
40202451
40204510
40198385
40204545
40200451
40204580
40204582
40198441
40202559
40200523
40198486
40204646
40198509
40198532
40204691
40202644
40200611
40198577
40204744
40202723
40198635
40204798
40200704
40202771
40198722
40204873
40200787
40202836
40202882
40204939
40198805
40200885
40202937
40205020
40202987
40200952
40203035
40205088
40198951
40201021
40203075
40205129
40199003
40205165
40201087
40203135
40205184
40205206
40199069
40201126
40205239
40203194
40201170
40199128
40205290
40203266
40201221
40199180
40205336
40201273
40203327
40205375
40199238
40203356
40201323
40205433
40199298
40203396
40201370
40205487
40203443
40199370
40201422
40205528
40203497
40199413
40205565
40201472
40203536
40205626
40199487
40201535
40203589
40203622
40205677
40201590
40199554
40203666
40205738
40199602
40201661
40203726
40205808
40203766
40201722
40203798
40199704
40205859
40201779
40199737
40203852
40205908
40201847
40203895
40205958
40199825
40203948
40201904
40206024
40204005
40199925
40201980
40206077
40204052
40206122
40202030
40204104
40206179
40200040
40202089
40197997
40204159
40198040
40202147
40204209
40200125
40198078
40202192
40204249