38504455
38506521
38507086
38510632
38504507
38508610
38510674
38509134
38506590
38508642
38504572
38510722
38506656
38508705
38510765
38502578
38504629
38508758
38510810
38502619
38506716
38502656
38504703
38510859
38508815
38506776
38502692
38510907
38508884
38502744
38504794
38506843
38510960
38506899
38504867
38502824
38511030
38508992
38506952
38504934
38511088
38502904
38507010
38509064
38505008
38511153
38502972
38511205
38509199
38511250
38505113
38503066
38507171
38509274
38511325
38503139
38509670
38509334
38505241
38511393
38507242
38503217
38507317
38509395
38511461
38507392
38505347
38509456
38503334
38511532
38509509
38507479
38505441
38509563
38511618
38507534
38509614
38503473
38507596
38511702
38505563
38507667
38509726
38505661
38511822
38507735
38503644
38509795
38507779
38511886
38505750
38509848
38507838
38509891
38511945
38503785
38505859
38512007
38509968
38507933
38503860
38510021
38507984
38512095
38503922
38510075
38508037
38505995
38512168
38508080
38503997
38510147
38506098
38504051
38512249
38508155
38504083
38510230
38504112
38506171
38508226
38512326
38504138
38510306
38504172
38508284
38504204
38506258
38512402
38510376
38504270
38506318
38508367
38512490
38510444
38504318
38506378
38508435
38504358
38510507
38512560
38506440
38508505
38504417
38510565