39325696
39329795
39333895
39331857
39327774
39329842
39325764
39331913
39333971
39325823
39329920
39331979
39334031
39327924
39325890
39332036
39334087
39330001
39325942
39332095
39330054
39334164
39326015
39330138
39334236
39332208
39330194
39334298
39328157
39334349
39332306
39330260
39326199
39328266
39334449
39332408
39330363
39326303
39330409
39334524
39328402
39332523
39330484
39334583
39326408
39332562
39330530
39334640
39324413
39326232
39332632
39330598
39334701
39324466
39326530
39332688
39330652
39328614
39334774
39324544
39330708
39332757
39326633
39324592
39334833
39328705
39332815
39330771
39324657
39334898
39332863
39330830
39334935
39326747
39328796
39324713
39332928
39330891
39334995
39324783
39330935
39326856
39333009
39328927
39335078
39324846
39326936
39333101
39329012
39331062
39326978
39324935
39331108
39333165
39329083
39327039
39325030
39331185
39333240
39329158
39325094
39327145
39331259
39333310
39329218
39325176
39331328
39333381
39329286
39325230
39327287
39329337
39331411
39333459
39325275
39325295
39329395
39333535
39325350
39329460
39331526
39333581
39325397
39329504
39327457
39325433
39333636
39331602
39329575
39333688
39327570
39331689
39325548
39333747
39329657
39325593
39327666
39331762
39333824
39325636