41584644
41580558
41582615
41586729
41580607
41584714
41583625
41586779
41580656
41582720
41586839
41584793
41580720
41584830
41586886
41584865
41580780
41582829
41586930
41584904
41586970
41580832
41582888
41587000
41584975
41580881
41587031
41582936
41587062
41580924
41585029
41582991
41580959
41587115
41585084
41583061
41581014
41587179
41581047
41581072
41585185
41581091
41587236
41583163
41581124
41585235
41587292
41581151
41585275
41583236
41581191
41587349
41581217
41585321
41583280
41587384
41581256
41585375
41587424
41583356
41581327
41587476
41585461
41583426
41587524
41581381
41585490
41587553
41581433
41587587
41585540
41583499
41587624
41585600
41583556
41587655
41581516
41583594
41585658
41587720
41581611
41587761
41585722
41583692
41585749
41587808
41581676
41583743
41585800
41587857
41581730
41583796
41587896
41585851
41583838
41581796
41585892
41585921
41587979
41579802
41585953
41583908
41581876
41585978
41579846
41588040
41583971
41579894
41581944
41586053
41588101
41586082
41584046
41588151
41579961
41586128
41584125
41582082
41580038
41586199
41584190
41582153
41586249
41580141
41586294
41584260
41582222
41586321
41586351
41580219
41584329
41586398
41582316
41584375
41580281
41586445
41584422
41586493
41580360
41582427
41584475
41580402
41586548
41584517
41586617
41582538
41584591
41580498
41586676