42362887
42369034
42364978
42367039
42377280
42358864
42375250
42356836
42373234
42369173
42354845
42363054
42371258
42367170
42365140
42361052
42375407
42373371
42356993
42359056
42377491
42354981
42369317
42363175
42367343
42375538
42365305
42373497
42375550
42357123
42369454
42355120
42371506
42377677
42363342
42361321
42359294
42373633
42357264
42378695
42375704
42365468
42377808
42369622
42355287
42363496
42367612
42373761
42371729
42375844
42365615
42357435
42359501
42361558
42373876
42363644
42377980
42367745
42355460
42371856
42369810
42375978
42365780
42357591
42373988
42355565
42363781
42359695
42367887
42367896
42378139
42372015
42369969
42361779
42374099
42376149
42357742
42363894
42355712
42368031
42378281
42366003
42374221
42376282
42370143
42359929
42361978
42372239
42364048
42355865
42378401
42368168
42374344
42366162
42376418
42358008
42370295
42364199
42378554
42362190
42356047
42358097
42360146
42372435
42368341
42374481
42378581
42366339
42376581
42374803
42370459
42358203
42364352
42362362
42372612
42374658
42358310
42368571
42378828
42364505
42370649
42376806
42360430
42366574
42358409
42362550
42368720
42372826
42356447
42376934
42364669
42366737
42358558
42374952
42370861
42362703
42356173
42368890
42377116
42364831
42360745
42373034
42366904
42358718
42375104
42356692
42373075
42354656
42371071