1524906446625951769
1524988209524051968
1525021011963428864
1525082335410065408
1525074324364853256
1525237980985806893
1524925393056169993
1525120002063572992
1525065662644817921
1525067290626166785
1525133818348376065
1525147818607972353
1525210212575195137
1525214118755635201
1525217465961222145
1525160090269106177
1525036495463190530
1525133395541561346
1525155349900234754
1525159997692383234
1525175813028646914
1525108301532434435
1525150107691323396
1525055231083614208
1524978310144528393
1525049399973380097
1525114167144873984
1524981997961154576
1525055901824163841
1525124260284575745
1525047184235831296
1525121469876936708
1525168004098564099
1525215781331542019
1525148552283955206
1525132443182845952
1524942538985054220
1524941592133509133
1525164417092136961
1524927560810897408
1525096462018920448
1525119198166499328
1524990534732984321
1525008983450431489
1525022972586733569
1525127833537761280
1525200429201637376
1525023969358794752
1525087837837611009
1525166257129103360
1525128784235704321
1525151593901047808
1525116061057798145
1525005797566124032
1525012096181751808
1525159933330735111
1525039739228798984
1524999182897008641
1525071446178942977
1525104167555059713
1525177520995323905
1524952193371095053
1525159840288493570
1525216423487885314
1525145207867592707
1525215715657142275
1524988612080807936
1525122201871167488
1525139085777588227
1525132348072804352
1525161763179745285
1525179756257361920
1525206015683219460
1525019225877782529
1525043126871662593
1525109357595205633
1525165375079456769
1525016979706355714
1525174396532449280
1525070797529915392
1525159760491950080
1525190320077545472
1525074222422409216
1525121170777030656
1524995903299411970
1524998144706109442
1525059481176006658
1525085133988061187
1525115552473178115
1525124478660927491
1525020108564881413
1525037672099627008
1525041153439055872
1525137133488463878
1525195984057286656
1525216577188204544
1525159685787115528
1525141823802441728
1525037220603764736
1525112938025349120
1525097799141965829
1525122759881379840
1525144392490799104
1525125233908322304
1525121733769973760
1525187263386333185
1525051730634981376
1525073441413644288
1525198046342316032
1525209156050997248
1525083944513077249
1525107684646834177
1525016399512588289
1525070896075100160
1525072188260466689
1525096052881342465
1525114654158209025
1525138206420877313
1524989637768450048
1525014567763464192
1525169762178846720
1525038434586337280
1525134550254465024
1525096858078662657
1525130499416821765
1525076204138684416
1525090261499535361
1525092287851683841
1525102687783641089
1525163025770110977
1525182629456273409
1525187412271456257
1525077785231908866
1525108111035490306
1525124370674376706
1525238318870454274
1525098862070964224
1525203621608038400
1525217098208780288
1525217736883838976
1525170843432763392
1525031216835174402
1525117786116300804
1525135961625174019
1525187318059081731
1525072037882077189
1525155026796167168
1524964416244129799
1525054628139782144
1525165427692818432
1525073637249777665
1525180914199928833
1525250638430588929
1525211727868178433
1525036784861818880
1525077502426853376
1524996644118339584
1525043825407827968
1525119074375704576
1525022532939796481
1525086162746068993
1525111279018553347
1525121392924143619
1525136021846994948
1525155668013068293
1525233865681514500
1525036385568161793
1525094720912994313
1525207427288903690
1524918354439438338
1524996201686368258
1525014874861993986
1525227246453129218
1525101105721507840
1525058548635402243
1525113560355024897
1525089890739814404
1525150243540676608
1525150173214785538
1525187203604926464
1525193181394092036
1525050066796429312
1525116893572612106
1525155292236873729
1525046344078991360
1525095747879837696
1525263468433121280
1524999512984637440
1525008074699952128
1525028426213740544
1525054302116630528
1525058792093794304
1525079523892645892
1525096206438907904
1525109911088254981
1525166380798169093
1525140225391054855
1525027009554010114
1525046822246535170
1525152840699858946
1525078857040134149
1525090506295988227
1525129683901337603
1525154964649267203
1525201874261102595
1525110419098042368
1525067121033719808
1525008817788002304
1525038146051874816
1525067536395640832
1525043438646972417
1524948480585867265
1524966414926454785
1525034270343012353
1525054898341126145
1525112259185463296
1525172132593942528
1525217849941364736
1525216721480687619
1525050557722918913
1525024587603378176
1525061696523468800
1525056051665674241
1525124431437340673
1525121318798204928
1525082542986211329
1525136664410173440
1525055411484626944
1524966583830986752
1525000200716173312
1525001976047616000
1525005508087791616
1525012693899427841
1525049883710865409
1525060581312577537
1525083240377237505
1525114591532957697
1525126081522581505
1525190383285714945
1525183096097759232
1525059365723586562
1525106121018589186
1525119146639376386
1525142844792520706
1525214520276303874
1525175922994855936
1525166444060745728