31235862
31235863
31235864
31235865
31235866
31235867
31235868
31235869
31235870
31235871
31235872
31235873
31235874
31235876
31235877
31235878
31235879
31235880
31235881
31235882
31235883
31235884
31235885
31235886
31235887
31235889
31235890
31235891
31235892
31235893
31235894
31235895
31235896
31235898
31235899
31235900
31235901
31235902
31235903
31235904
31235906
31235907
31235908
31235909
31235910
31235911
31235912
31235913
31235914
31235917
31235918
31235920
31235921
31235922
31235923
31235924
31235925
31235926
31235927
31235928
31235929
31235930
31235931
31235936
31235937
31235938
31235939
31235941
31235942
31235943
31235944
31235945
31235947
31235948
31235949
31235950
31235951
31235952
31235954
31235955
31235957
31235958
31235960
31235962
31235964
31235965
31235967
31235968
31235970
31235971
31235973
31235974
31235975
31235977
31235978
31235979
31235980
31235982
31235983
31235986
31235987
31235988
31235989
31235990
31235991
31235992
31235993
31235994
31235996
31235997
31235998
31236000
31236001
31236002
31236003
31236004
31236005
31236007
31236008
31236010
31236011
31236012
31236015
31236017
31236018
31236019
31236020
31236021
31236022
31236024
31236025
31236026
31236030
31236032
31236033
31236035
31236036
31236037
31236041
31236042
31236044
31236045
31236048
31236049
31236052
31236054
31236056
31236057
31236060
31236062
31236063
31236065
31236066
31236067
31236069
31236070
31236071
31236073
31236075
31236077
31236078
31236079
31236080
31236081
31236083
31236084
31236086
31236087
31236088
31236089
31236090
31236091
31236092
31236093
31236095
31236096
31236097
31236100
31236101
31236103
31236105
31236107
31236110
31236112
31236114
31236115
31236116
31236117
31236118
31236119
31236120
31236122
31236123
31236124
31236126
31236127
31236128
31236129
31236131
31236133
31236136
31236137
31236139
31236140
31236141
31236142
31236143
31236145
31236147
31236148
31236149
31236151
31236152
31236155
31236156
31236157
31236158
31236160
31236161
31236162
31236165
31236166
31236173
31236176
31236177
31236178
31236179
31236180
31236181
31236182
31236183
31236184
31236186
31236188
31236189
31236190
31236191
31236192
31236193
31236194
31236196
31236197
31236198
31236200
31236201
31236202
31236203
31236204
31236205
31236206
31236208
31236209
31236210
31236211
31236212
31236213
31236214
31236215
31236216
31236217
31236218
31236219
31236220
31236221
31236222
31236223
31236224
31236225
31236226
31236227
31236230
31236231
31236232
31236233
31236234
31236235
31236239
31236241
31236242
31236243
31236244
31236245
31236246
31236247
31236248
31236250
31236252
31236253
31236254
31236255
31236256
31236258
31236261
31236262
31236263
31236265
31236266
31236267
31236271
31236273
31236274
31236275
31236277
31236279
31236281
31236282
31236283
31236285
31236286
31236287
31236296
31236297
31236298
31236299
31236301
31236302
31236303
31236304
31236306
31236307
31236308
31236309
31236310
31236311
31236312
31236313
31236314
31236315
31236316
31236317
31236319
31236320
31236324
31236326
31236327
31236328
31236331
31236332
31236333
31236334
31236335
31236336
31236337
31236338
31236339
31236340
31236341
31236342
31236344
31236345
31236346
31236347
31236348
31236349
31236352
31236353
31236354
31236357
31236362
31236363
31236364
31236365
31236366
31236367
31236370
31236371
31236372
31236373
31236375
31236376
31236377
31236380
31236381
31236382
31236383
31236385
31236386
31236387
31236388
31236389
31236391
31236392
31236393
31236395
31236396
31236397
31236398
31236399
31236400
31236402
31236404
31236405
31236406
31236410
31236412
31236413
31236414
31236415
31236416
31236417
31236418
31236419
31236420
31236421
31236423
31236424
31236425
31236426
31236427
31236428
31236429
31236430
31236431
31236433
31236434
31236435
31236436
31236438
31236439
31236440
31236442
31236443
31236446
31236448
31236450
31236451
31236452
31236454
31236455
31236456
31236459
31236462
31236463
31236464
31236465
31236467
31236469
31236470
31236474
31236476
31236477
31236478
31236479
31236480
31236481
31236485
31236489
31236493
31236494
31236495
31236496
31236503
31236504
31236512
31236515
31236516
31236519
31236520
31236521
31236522
31236528
31236529
31236531
31236532
31236538
31236539
31236546
31236547
31236551
31236552
31236555
31236556
31236559
31236560
31236561
31236564
31236566
31236567
31236568
31236571
31236574
31236575
31236576
31236577
31236579
31236582
31236583
31236585
31236586
31236587
31236589
31236593
31236594
31236595
31236598
31236599
31236601
31236602
31236603
31236604
31236607
31236608
31236609
31236612
31236613
31236614
31236615
31236617
31236619
31236621
31236622
31236623
31236625
31236626
31236628
31236629
31236630
31236631
31236633
31236634
31236635
31236636
31236637
31236638
31236639
31236640
31236645
31236647
31236648
31236649
31236651
31236652
31236657
31236661
31236662
31236663
31236664
31236666
31236668
31236669
31236670
31236671
31236672
31236673
31236678
31236679
31236680
31236682
31236684
31236685
31236687
31236688
31236689
31236690
31236691
31236692
31236693
31236696
31236697
31236698
31236699
31236700
31236702
31236704
31236705
31236710
31236711
31236712
31236713
31236714
31236715
31236718
31236719
31236720
31236722
31236724
31236725
31236726
31236727
31236728
31236729
31236730
31236731
31236732
31236733
31236734
31236735
31236736
31236737
31236738
31236741
31236742
31236743
31236744
31236745
31236746
31236747
31236748
31236750
31236752
31236753
31236754
31236755
31236756
31236758
31236759
31236760
31236761
31236762
31236763
31236764
31236766
31236768
31236769
31236770
31236771
31236774
31236776
31236779
31236780
31236781
31236782
31236785
31236786
31236791
31236792
31236793
31236794
31236795
31236796
31236797
31236799
31236800
31236801
31236802
31236803
31236804
31236805
31236807
31236808
31236809
31236811
31236814
31236815
31236816
31236817
31236818
31236819
31236820
31236826
31236828
31236829
31236832
31236833
31236836
31236838
31236844
31236846
31236847
31236848
31236849
31236850
31236852
31236854
31236855
31236859
31236860
31236862
31236866
31236867
31236868
31236869
31236871
31236872
31236873
31236874
31236875
31236876
31236877
31236878
31236879
31236880
31236881
31236882
31236883
31236884
31236885
31236886
31236890
31236891
31236892
31236893
31236894
31236898
31236899
31236902
31236905
31236906
31236908
31236910
31236913
31236914
31236916
31236919
31236920
31236921
31236922
31236923
31236924
31236925
31236926
31236927
31236928
31236929
31236931
31236933
31236934
31236937
31236939
31236940
31236943
31236946
31236947
31236948
31236949
31236950
31240293
31239951
31239953
31239954
31239961
31239962
31239963
31239964
31239967
31239968
31239974
31239978
31239979
31239980
31239982
31239984
31239991
31239992
31239993
31239995
31239997
31239998
31240000
31240003
31240004
31240007
31240009
31240015
31240018
31240019
31240021
31240024
31240025
31240043
31240045
31240048
31240050
31240051
31240052
31240053
31240054
31240056
31240062
31240063
31240066
31240069
31240070
31240071
31240073
31240074
31240075
31240078
31240080
31240084
31240085
31240086
31240089
31240091
31240092
31240096
31240097
31240098
31240100
31240103
31240104
31240105
31240107
31240108
31240109
31240110
31240113
31240114
31240115
31240116
31240117
31240118
31240120
31240122
31240123
31240125
31240127
31240137
31240138
31240143
31240146
31240147
31240148
31240150
31240152
31240154
31240156
31240160
31240162
31240163
31240164
31240177
31240179
31240180
31240181
31240183
31240184
31240187
31240188
31240189
31240195
31240198
31240200
31240202
31240205
31240206
31240211
31240213
31240214
31240215
31240217
31240222
31240225
31240226
31240231
31240233
31240242
31240243
31240244
31240246
31240247
31240248
31240267
31240272
31240275
31240280
31240288
31240289
31240292
31240297
31240298
31240299
31240303
31240304
31240306
31240307
31240308
31240309
31240310
31240312
31240316
31240317
31240321
31240322
31240323
31240324
31240327
31240328
31240330
31240331
31240332
31240333
31240337
31240339
31240342
31240343
31240344
31240345
31240346
31240347
31240351
31240352
31240355
31240356
31240359
31240361
31240362
31240363
31240364
31240365
31240366
31240370
31240372
31240373
31240374
31240375
31240376
31240378
31240379
31240381
31240382
31240383
31240384
31240385
31240386
31240388
31240390
31240392
31240394
31240395
31240396
31240397
31240402
31240403
31240404
31240406
31240407
31240408
31240411
31240413
31240416
31240419
31240421
31240422
31240424
31240425
31240426
31240427
31240428
31240429
31240433
31240434
31240435
31240436
31240441
31240442
31240443
31240444
31240451
31240456
31240458
31240466
31240467
31240469
31240470
31240475
31240478
31240479
31240482
31240487
31240488
31240493
31240495
31240497
31240501
31240503
31240504
31240506
31240507
31240509
31240515
31240516
31240517
31240520
31240522
31240523
31240525
31240529
31240533
31240534
31240540
31240541
31240542
31240543
31240545
31240547
31240548
31240550
31240553
31240555
31240557
31240559
31240560
31240561
31240563
31240564
31240565
31240566
31240568
31240575
31240578
31240582
31240583
31240586
31240587
31240589
31240590
31240592
31240598
31240600
31240601
31240605
31240606
31240607
31240608
31240610
31240611
31240612
31240613
31240617
31240618
31240619
31240620
31240621
31240622
31240623
31240628
31240632
31240636
31240637
31240639
31240640
31240641
31240642
31240643
31240644
31240647
31240649
31240651
31240656
31240658
31240659
31240667
31240668
31240670
31240671
31240676
31240678
31240680
31240683
31240687
31240692
31240699
31240701
31240704
31240706
31240707
31240715
31240716
31240717
31240718
31240719
31240722
31240724
31240725
31240726
31240730
31240731
31240734
31240736
31240737
31240738
31240739
31240740
31240741
31240742
31240744
31240746
31240747
31240748
31240751
31240752
31240753
31240756
31240757
31240759
31240760
31240761
31240762
31240763
31240764
31240765
31240766
31240767
31240768
31240769
31240770
31240771
31240773
31240774
31240775
31240776
31240777
31240778
31240779
31240780
31240781
31240785
31240788
31240789
31240791
31240792
31240794
31240795
31240796
31240798
31240799
31240800
31240804
31240805
31240807
31240809
31240810
31240811
31240812
31240813
31240814
31240815
31240817
31240818
31240820
31240821
31240823
31240824
31240825
31240826
31240827
31240828
31240829
31240830
31240831
31240832
31240833
31240834
31240835
31240836
31240837
31240838
31240840
31240844
31240846
31240847
31240848
31240854
31240855
31240859
31240861
31240866
31240867
31240868
31240871
31240879
31240883
31240884
31240886
31240890
31240898
31240899
31240900
31240904
31240905
31240906
31240907
31240908
31240910
31240911
31240912
31240914
31240946
31240947
31240948
31240950
31240954
31240955
31240957
31240958
31240961
31240962
31240964
31240969
31240971
31240972
31240973
31240974
31240975
31241102
31241105
31241108
31241109
31241110
31241112
31241116
31241117
31241119
31241120
31241123
31241124
31241125
31241127
31241128
31241129
31241134
31241135
31241140
31241144
31241145
31241147
31241148
31241149
31241150
31241151
31241152
31241153
31241156
31241157
31241158
31241159
31241160
31241161
31241164
31241166
31241169
31241170
31241173
31241174
31241176
31241180
31241181
31241182
31241183
31241184
31241185
31241186
31241187
31241188
31241189
31241195
31241199
31241201
31241203
31241204
31241205
31241206
31241207
31241208
31241209
31241214
31241215
31241216
31241217
31241219
31241220
31241221
31241228
31241233
31241235
31241238
31241240
31241245
31241246
31241251
31241252
31241264
31241265
31241268
31241270
31241271
31241275
31241277
31241279
31241283
31241284
31241287
31241288
31241289
31241290
31241291
31241292
31241293
31241294
31241295
31241296
31241297
31241302
31241303
31241305
31241306
31241307
31241309
31241310
31241311
31241312
31241313
31241316
31241317
31241319
31241320
31241321
31241322
31241332
31241333
31241335
31241336
31241337
31241338
31241340
31241341
31241342
31241343
31241345
31241346
31241347
31241348
31241349
31241353
31241355
31241359
31241360
31241361
31241362
31241364
31241365
31241366
31241367
31241369
31241372
31241373
31241377
31241378
31241379
31241382
31241383
31241384
31241385
31241386
31241388
31241392
31241393
31241394
31241395
31241396
31241397
31241398
31241399
31241401
31241403
31241404
31241405
31241406
31241410
31241411
31241412
31241416
31241418
31241420
31241421
31241422
31241423
31241424
31241425
31241426
31241437
31241439
31241440
31241441
31241444
31241445
31241448
31241449
31241450
31241451
31241452
31241456
31241458
31241459
31241460
31241461
31241463
31241464
31241465
31241468
31241470
31241471
31241472
31241474
31241475
31241476
31241482
31241484
31241486
31241488
31241490
31241491
31241492
31241500
31241502
31241503
31241505
31241506
31241510
31241511
31241512
31241513
31241514
31241517
31241518
31241520
31241522
31241523
31241524
31241525
31241532
31241533
31241535
31241536
31241537
31241539
31241540
31241541
31241542
31241544
31241546
31241553
31241555
31241556
31241557
31241558
31241560
31241561
31241562
31241563
31241564
31241565
31241566
31241567
31241568
31241570
31241571
31241572
31241574
31241575
31241578
31241580
31241581
31241584
31241589
31241591
31241592
31241593
31241594
31241595
31241596
31241597
31241599
31241600
31241601
31241602
31241604
31241605
31241608
31241609
31241610
31241611
31241612
31241615
31241617
31241619
31241621
31241623
31241624
31241625
31241627
31241628
31241629
31241630
31241631
31241632
31241634
31241638
31241639
31241640
31241641
31241644
31241645
31241647
31241648
31241653
31241655
31241660
31241661
31241664
31241665
31241666
31241667
31241668
31241669
31241670
31241672
31241673
31241675
31241676
31241677
31241678
31241679
31241680
31241682
31241683
31241684
31241686
31241687
31241688
31241692
31241695
31241696
31241700
31241701
31241702
31241703
31241705
31241708
31241709
31241710
31241711
31241712
31241714
31241715
31241716
31241717
31241719
31241720
31241721
31241723
31241724
31241726
31241728
31241730
31241732
31241733
31241736
31241740
31241741
31241742
31241744
31241745
31241747
31241749
31241753
31241754
31241755
31241761
31241765
31241766
31241767
31241776
31241777
31241778
31241779
31241780
31241784
31241785
31241790
31241792
31241796
31241798
31241812
31241815
31241816
31241817
31241818
31241822
31241823
31241825
31241826
31241827
31241828
31241832
31241835
31241836
31241837
31241838
31241839
31241840
31241843
31241851
31241854
31241857
31241858
31241859
31241862
31241863
31241865
31241866
31241867
31241869
31241870
31241871
31241872
31241873
31241875
31241876
31241877
31241878
31241879
31241880
31241881
31241882
31241883
31241886
31241888
31241889
31241891
31241892
31241893
31241895
31241896
31241898
31241899
31241901
31241908
31241909
31241913
31241914
31241915
31241916
31241917
31241921
31241922
31241923
31241924
31241925
31241927
31241928
31241929
31241932
31241934
31241935
31241938
31241940
31241941
31241942
31241943
31241945
31241946
31241947
31241949
31241950
31241951
31241953
31241954
31241956
31241957
31241960
31241961
31241963
31241966
31241968
31241970
31241974
31241975
31241976
31241977
31241978
31241979
31241982
31241983
31241985
31241989
31241990
31241991
31241993
31241994
31241995
31241996
31241998
31241999
31242001
31242004
31242007
31242008
31242016
31242018
31242023
31242024
31242038
31242039
31242041
31242043
31242044
31242045
31242047
31242048
31242087
31242088
31242089
31242091
31242095
31242099
31242100
31242109
31242110
31242111
31242112
31242113
31242114
31242115
31242116
31242118
31242120
31242121
31242126
31242127
31242128
31242134
31242143
31242149
31242150
31242152
31242154
31242155
31242157
31242158
31242159
31242160
31242161
31242163
31242164
31242166
31242167
31242168
31242169
31242170
31242173
31242175
31242177
31242178
31242182
31242183
31242184
31242185
31242186
31242187
31242191
31242192
31242193
31242194
31242195
31242196
31242198
31242199
31242200
31242202
31242204
31242206
31242207
31242210
31242213
31242215
31242221
31242222
31242231
31242232
31242233
31242234
31242237
31242241
31242242
31242243
31242244
31242245
31242247
31242248
31242250
31242251
31242252
31242256
31242257
31242261
31242262
31242263
31242264
31242265
31242268
31242269
31242271
31242273
31242274
31242276
31242281
31242282
31242283
31242284
31242286
31242289
31242292
31242293
31242311
31242315
31242321
31242322
31242323
31242324
31242325
31242326
31242327
31242329
31242330
31242332
31242333
31242338
31242353
31242354
31242369
31242371
31242372
31242373
31242374
31242375
31242376
31242377
31242379
31242382
31242383
31242385
31242386
31242392
31242393
31242394
31242396
31242397
31242398
31242403
31242405
31242406
31242408
31242409
31242415
31242416
31242428
31242429
31242430
31242431
31242433
31242435
31242436
31242437
31242444
31242447
31242453
31242482
31242493
31242496
31242497
31242498
31242508
31242509
31242512
31242515
31242516
31242517
31242519
31242523
31242524
31242525
31242526
31242529
31242532
31242533
31242538
31242540
31242541
31242543
31242545
31242546
31242547
31242554
31242556
31242557
31242558
31242561
31242564
31242565
31242567
31242568
31242569
31242570
31242571
31242572
31242573
31242582
31242588
31242591
31242593
31242594
31242601
31242610
31242613
31242619
31242627
31242629
31242638
31242640
31242641
31242644
31242645
31242649
31242652
31242654
31242655
31242657
31242658
31242662
31242668
31242669
31242671
31242682
31242687
31242688
31242691
31235842
31235843
31235844
31235845
31235846
31235847
31235848
31235849
31235850
31235851
31235852
31235853
31235854
31235855
31235856
31235857
31235858
31235859
31235860
31235861
31235932
31235933
31235935
31235961
31235966
31235972
31235976
31235984
31236009
31236016
31236029
31236031
31236027
31236028
31236040
31236038
31236039
31236043
31236047
31236050
31236051
31236053
31236059
31236106
31236109
31236132
31236135
31236150
31236153
31236154
31236159
31236168
31236170
31236171
31236195
31236207
31236238
31236240
31236251
31236257
31236268
31236270
31236288
31236289
31236292
31236294
31236295
31236300
31236321
31236322
31236329
31236343
31236351
31236356
31236361
31236369
31236374
31236379
31236394
31236401
31236407
31236409
31236422
31236445
31236447
31236466
31236460
31236461
31236483
31236487
31236484
31236486
31236497
31236500
31236501
31236517
31236513
31236525
31236527
31236535
31236536
31236542
31236544
31236549
31236558
31236562
31236570
31236573
31236581
31236588
31236590
31236592
31236600
31236611
31236616
31236624
31236632
31236642
31236643
31236644
31236646
31236655
31236656
31236659
31236660
31236665
31236667
31236677
31236681
31236683
31236686
31236695
31236709
31236716
31236723
31236739
31236740
31236765
31236767
31236777
31236787
31236788
31236789
31236790
31236810
31236821
31236822
31236830
31236823
31236824
31236825
31236835
31236827
31236831
31236837
31236841
31236843
31236853
31236857
31236858
31236861
31236863
31236864
31236865
31236887
31236888
31236889
31236896
31236897
31236901
31236904
31236907
31236909
31236911
31236912
31236917
31236918
31236930
31236935
31236932
31236936
31236938
31236942
31236951
31236952
31236954
31236955
31236957
31236958
31236959
31236960
31236961
31236956
31236962
31236964
31236965
31236966
31236967
31236968
31236969
31236971
31236975
31236976
31236977
31236980
31236981
31236982
31236983
31236985
31236987
31236988
31236990
31236991
31236992
31236993
31236994
31236996
31237000
31237001
31237002
31237003
31237004
31237005
31237006
31237008
31237009
31237010
31237011
31237012
31237013
31237015
31237016
31237017
31237018
31237021
31237022
31237023
31237024
31237025
31237026
31237027
31237028
31237029
31237031
31237033
31237034
31237035
31237036
31237037
31237038
31237039
31237040
31237041
31237042
31237043
31237046
31237047
31237048
31237049
31237050
31237051
31237053
31237054
31237055
31237056
31237057
31237059
31237060
31237061
31237062
31237063
31237064
31237065
31237066
31237069
31237070
31237071
31237073
31237074
31237075
31237076
31237077
31237078
31237079
31237080
31237081
31237082
31237083
31237084
31237085
31237086
31237087
31237089
31237090
31237091
31237093
31237095
31237096
31237097
31237098
31237100
31237101
31237102
31237105
31237106
31237108
31237109
31237111
31237112
31237113
31237114
31237117
31237118
31237119
31237120
31237121
31237122
31237124
31237125
31237126
31237127
31237130
31237131
31237133
31237134
31237135
31237136
31237137
31237138
31237141
31237142
31237144
31237145
31237146
31237147
31237148
31237149
31237150
31237151
31237152
31237154
31237155
31237156
31237157
31237158
31237159
31237160
31237162
31237163
31237164
31237165
31237166
31237168
31237169
31237170
31237171
31237172
31237173
31237174
31237176
31237177
31237178
31237179
31237180
31237181
31237182
31237183
31237184
31237185
31237187
31237188
31237190
31237192
31237193
31237194
31237195
31237197
31237198
31237199
31237200
31237201
31237202
31237203
31237204
31237205
31237207
31237208
31237209
31237210
31237211
31237212
31237213
31237214
31237215
31237216
31237217
31237218
31237219
31237220
31237221
31237222
31237223
31237226
31237227
31237228
31237229
31237231
31237232
31237233
31237234
31237235
31237236
31237237
31237238
31237239
31237240
31237241
31237242
31237243
31237244
31237245
31237246
31237248
31237249
31237250
31237251
31237252
31237253
31237254
31237255
31237256
31237257
31237258
31237259
31237260
31237261
31237262
31237263
31237264
31237265
31237266
31237267
31237268
31237269
31237270
31237272
31237273
31237276
31237277
31237278
31237279
31237280
31237282
31237283
31237285
31237286
31237287
31237288
31237289
31237290
31237291
31237292
31237293
31237294
31237295
31237297
31237298
31237299
31237300
31237301
31237302
31237304
31237305
31237306
31237307
31237308
31237310
31237311
31237312
31237313
31237314
31237315
31237316
31237317
31237318
31237319
31237320
31237321
31237322
31237323
31237324
31237325
31237326
31237327
31237328
31237329
31237331
31237332
31237333
31237334
31237335
31237336
31237337
31237338
31237339
31237340
31237341
31237342
31237343
31237345
31237346
31237347
31237348
31237349
31237351
31237352
31237354
31237356
31237357
31237358
31237359
31237360
31237361
31237363
31237364
31237365
31237366
31237367
31237368
31237369
31237370
31237371
31237372
31237373
31237374
31237376
31237377
31237378
31237379
31237381
31237382
31237383
31237384
31237385
31237386
31237387
31237388
31237389
31237392
31237393
31237394
31237396
31237397
31237398
31237399
31237400
31237401
31237402
31237403
31237404
31237405
31237406
31237407
31237408
31237410
31237411
31237412
31237415
31237416
31237417
31237418
31237419
31237420
31237421
31237423
31237424
31237425
31237426
31237427
31237428
31237429
31237431
31237432
31237433
31237434
31237436
31237437
31237439
31237440
31237441
31237442
31237443
31237444
31237445
31237446
31237447
31237448
31237449
31237450
31237451
31237452
31237453
31237455
31237456
31237457
31237459
31237460
31237461
31237462
31237463
31237464
31237465
31237466
31237467
31237469
31237470
31237471
31237472
31237473
31237474
31237475
31237477
31237478
31237479
31237480
31237482
31237483
31237484
31237485
31237486
31237487
31237488
31237489
31237490
31237491
31237492
31237493
31237494
31237495
31237496
31237497
31237498
31237499
31237500
31237501
31237502
31237503
31237504
31237505
31237506
31237507
31237508
31237509
31237510
31237511
31237512
31237513
31237514
31237515
31237516
31237517
31237518
31237519
31237520
31237521
31237522
31237523
31237524
31237525
31237526
31237527
31237528
31237529
31237530
31237531
31237532
31237533
31237534
31237535
31237536
31237537
31237538
31237540
31237541
31237542
31237543
31237545
31237546
31237547
31237548
31237549
31237550
31237551
31237552
31237553
31237554
31237555
31237556
31237557
31237560
31237561
31237563
31237564
31237565
31237566
31237567
31237568
31237569
31237570
31237571
31237572
31237573
31237574
31237575
31237576
31237577
31237578
31237580
31237581
31237582
31237583
31237584
31237585
31237587
31237589
31237590
31237591
31237592
31237594
31237595
31237596
31237598
31237599
31237600
31237602
31237603
31237604
31237605
31237606
31237607
31237608
31237609
31237610
31237611
31237612
31237613
31237614
31237615
31237616
31237617
31237618
31237619
31237620
31237621
31237622
31237624
31237625
31237628
31237629
31237630
31237631
31237633
31237634
31237636
31237637
31237638
31237639
31237641
31237642
31237643
31237644
31237646
31237648
31237649
31237650
31237651
31237652
31237653
31237654
31237655
31237656
31237658
31237660
31237661
31237662
31237663
31237664
31237665
31237666
31237667
31237668
31237669
31237670
31237671
31237672
31237675
31237676
31237677
31237678
31237679
31237680
31237681
31237682
31237683
31237684
31237685
31237686
31237688
31237689
31237690
31237691
31237693
31237694
31237695
31237696
31237697
31237699
31237700
31237702
31237703
31237705
31237706
31237707
31237708
31237709
31237710
31237711
31237714
31237715
31237716
31237718
31237719
31237720
31237723
31237724
31237725
31237727
31237728
31237730
31237731
31237732
31237733
31237734
31237735
31237738
31237739
31237740
31237741
31237742
31237743
31237744
31237745
31237746
31237747
31237748
31237749
31237751
31237752
31237756
31237757
31237758
31237759
31237761
31237762
31237763
31237764
31237765
31237766
31237767
31237768
31237773
31237774
31237776
31237777
31237778
31237779
31237780
31237782
31237783
31237785
31237786
31237788
31237789
31237790
31237791
31237793
31237794
31237796
31237797
31237799
31237800
31237803
31237806
31237807
31237809
31237810
31237811
31237812
31237813
31237815
31237816
31237817
31237819
31237820
31237821
31237822
31237823
31237824
31237826
31237827
31237828
31237829
31237830
31237831
31237832
31237833
31237834
31237835
31237836
31237837
31237838
31237839
31237840
31237843
31237844
31237845
31237846
31237847
31237850
31237851
31237852
31237853
31237855
31237856
31237858
31237859
31237860
31237862
31237863
31237864
31237865
31237866
31237867
31237869
31237870
31237871
31237872
31237873
31237874
31237875
31237877
31237878
31237879
31237881
31237882
31237884
31237885
31237886
31237889
31237891
31237892
31237893
31237895
31237897
31237898
31237899
31237900
31237901
31237902
31237903
31237904
31237905
31237906
31237907
31237908
31237910
31237911
31237912
31237913
31237914
31237915
31237916
31237917
31237918
31237919
31237920
31237921
31237924
31237925
31237929
31237931
31237932
31237933
31237934
31237935
31237936
31237937
31237938
31237940
31237941
31237943
31237944
31237946
31237948
31237949
31237950
31237951
31237952
31237953
31237954
31237955
31237956
31237958
31237959
31237960
31237961
31237962
31237963
31237964
31237965
31237966
31237968
31237971
31237973
31237974
31237975
31237976
31237977
31237978
31237979
31237980
31237982
31237983
31237984
31237987
31237988
31237989
31237990
31237991
31237992
31237994
31237995
31237996
31237997
31237998
31237999
31238000
31238001
31238002
31238004
31238005
31238006
31238007
31238008
31238009
31238010
31238011
31238013
31238014
31238015
31238016
31238017
31238019
31238020
31238023
31238024
31238025
31238026
31238027
31238029
31238030
31238031
31238032
31238033
31238034
31238035
31238036
31238038
31238039
31238040
31238041
31238042
31238043
31238044
31238045
31238046
31238047
31238048
31238050
31238051
31238052
31238053
31238054
31238055
31238056
31238057
31238058
31238059
31238061
31238062
31238063
31238064
31238065
31238066
31238067
31238068
31238069
31238070
31238071
31238073
31238074
31238075
31238076
31238077
31238078
31238079
31238080
31238081
31238083
31238084
31238085
31238086
31238088
31238089
31238090
31238091
31238093
31238094
31238095
31238096
31238097
31238098
31238099
31238100
31238101
31238103
31238104
31238106
31238108
31238110
31238111
31238112
31238113
31238114
31238115
31238116
31238118
31238119
31238120
31238121
31238122
31238123
31238124
31238125
31238126
31238127
31238128
31238129
31238130
31238131
31238132
31238133
31238135
31238136
31238137
31238138
31238139
31238140
31238141
31238142
31238144
31238145
31238146
31238147
31238148
31238149
31238150
31238151
31238153
31238154
31238155
31238156
31238157
31238158
31238159
31238162
31238163
31238164
31238165
31238166
31238167
31238169
31238170
31238171
31238172
31238174
31238175
31238176
31238177
31238178
31238179
31238180
31238181
31238182
31238183
31238184
31238185
31238187
31238188
31238189
31238190
31238191
31238192
31238193
31238194
31238195
31238196
31238197
31238198
31238200
31238201
31238203
31238204
31238205
31238206
31238207
31238209
31238210
31238211
31238212
31238213
31238214
31238215
31238216
31238217
31238218
31238219
31238220
31238221
31238222
31238223
31238224
31238225
31238226
31238228
31238229
31238230
31238231
31238232
31238233
31238234
31238235
31238236
31238237
31238238
31238239
31238240
31238241
31238242
31238244
31238245
31238246
31238248
31238249
31238251
31238252
31238253
31238254
31238255
31238256
31238257
31238259
31238260
31238265
31238266
31238267
31238268
31238270
31238271
31238273
31238274
31238275
31238276
31238277
31238279
31238280
31238281
31238282
31238283
31238284
31238286
31238287
31238288
31238289
31238290
31238291
31238292
31238293
31238294
31238295
31238297
31238298
31238299
31238300
31238301
31238302
31238303
31238304
31238305
31238306
31238307
31238308
31238309
31238310
31238311
31238313
31238316
31238318
31238319
31238320
31238322
31238323
31238324
31238325
31238326
31238327
31238328
31238329
31238330
31238332
31238333
31238334
31238335
31238336
31238339
31238341
31238342
31238343
31238344
31238345
31238346
31238347
31238348
31238350
31238351
31238352
31238353
31238354
31238355
31238356
31238357
31238358
31238359
31238360
31238361
31238362
31238364
31238365
31238366
31238367
31238368
31238369
31238371
31238372
31238373
31238376
31238377
31238379
31238380
31238381
31238382
31238383
31238385
31238387
31238388
31238390
31238391
31238392
31238394
31238395
31238396
31238398
31238399
31238400
31238401
31238402
31238403
31238404
31238405
31238408
31238409
31238410
31238411
31238412
31238413
31238414
31238415
31238418
31238419
31238420
31238421
31238422
31238423
31238424
31238425
31238426
31238427
31238428
31238429
31238430
31238432
31238434
31238437
31238439
31238440
31238441
31238442
31238447
31238449
31238451
31238452
31238454
31238455
31238456
31238458
31238460
31238461
31238464
31238465
31238466
31238468
31238469
31238470
31238471
31238473
31238475
31238476
31238477
31238478
31238479
31238480
31238482
31238484
31238485
31238486
31238488
31238489
31238491
31238492
31238493
31238495
31238497
31238498
31238499
31238501
31238503
31238504
31238505
31238508
31238511
31238512
31238514
31238517
31238518
31238525
31238526
31238528
31238529
31238530
31238531
31238532
31238533
31238534
31238535
31238537
31238540
31238542
31238543
31238545
31238546
31238548
31238551
31238552
31238553
31238554
31238556
31238559
31238560
31238561
31238562
31238564
31238565
31238566
31238567
31238568
31238571
31238572
31238573
31238574
31238575
31238576
31238577
31238578
31238580
31238581
31238582
31238584
31238587
31238589
31238590
31238592
31238593
31238595
31238596
31238597
31238598
31238599
31238602
31238604
31238607
31238608
31238610
31238611
31238613
31238614
31238615
31238616
31238618
31238621
31238624
31238625
31238626
31238627
31238628
31238629
31238630
31238631
31238633
31238634
31238635
31238637
31238638
31238639
31238643
31238644
31238646
31238648
31238649
31238650
31238651
31238652
31238653
31238654
31238655
31238656
31238657
31238658
31238659
31238660
31238663
31238664
31238665
31238666
31238667
31238668
31238669
31238670
31238671
31238672
31238674
31238675
31238677
31238678
31238679
31238681
31238685
31238688
31238689
31238691
31238692
31238694
31238695
31238696
31238697
31238699
31238700
31238701
31238704
31238705
31238706
31238707
31238709
31238711
31238712
31238713
31238714
31238715
31238716
31238717
31238718
31238719
31238720
31238721
31238724
31238725
31238726
31238727
31238728
31238729
31238730
31238731
31238732
31238733
31238734
31238736
31238737
31238738
31238740
31238741
31238742
31238743
31238745
31238746
31238747
31238749
31238751
31238752
31238753
31238754
31238755
31238756
31238757
31238758
31238759
31238760
31238762
31238763
31238764
31238765
31238766
31238767
31238768
31238770
31238771
31238773
31238774
31238776
31238778
31238779
31238780
31238781
31238782
31238783
31238785
31238786
31238787
31238788
31238789
31238790
31238791
31238792
31238795
31238796
31238797
31238798
31238799
31238800
31238803
31238805
31238807
31238808
31238809
31238810
31238811
31238812
31238813
31238816
31238819
31238821
31238822
31238823
31238824
31238826
31238828
31238830
31238831
31238832
31238833
31238834
31238835
31238836
31238837
31238838
31238839
31238842
31238846
31238847
31238849
31238850
31238851
31238854
31238855
31238858
31238859
31238864
31238865
31238866
31238867
31238868
31238869
31238870
31238871
31238872
31238875
31238876
31238877
31238878
31238879
31238881
31238882
31238884
31238885
31238887
31238889
31238892
31238902
31238903
31238909
31238911
31238912
31238913
31238914
31238915
31238916
31238917
31238919
31238921
31238923
31238925
31238926
31238927
31238932
31238933
31238936
31238937
31238938
31238939
31238941
31238942
31238944
31238945
31238946
31238947
31238948
31238949
31238951
31238952
31238953
31238954
31238955
31238956
31238957
31238959
31238960
31238961
31238962
31238963
31238964
31238965
31238966
31238967
31238969
31238970
31238972
31238973
31238974
31238975
31238976
31238978
31238979
31238980
31238981
31238982
31238984
31238985
31238986
31241582
31238990
31238993
31238994
31238995
31238996
31238997
31238998
31238999
31239000
31239001
31239002
31239003
31239005
31239006
31239008
31239009
31239010
31239011
31239012
31239013
31239014
31241583
31239016
31239017
31239018
31239019
31239021
31239023
31239024
31239025
31239026
31239030
31239031
31239032
31239036
31239037
31239038
31239039
31239040
31239041
31239043
31239045
31239047
31239048
31239049
31239050
31239053
31239054
31239055
31239056
31239057
31239058
31239059
31241585
31239061
31239062
31239064
31239065
31239066
31239068
31239069
31239071
31239072
31239073
31239074
31239075
31239077
31239080
31239081
31239084
31239085
31241586
31239087
31239088
31239092
31239093
31239094
31239095
31239097
31239098
31239099
31239100
31239101
31239102
31239105
31239106
31239107
31239108
31239109
31239110
31239112
31239113
31239114
31239115
31239116
31239117
31239118
31239119
31239120
31239122
31239123
31239124
31239125
31239126
31239127
31239129
31239131
31239133
31239135
31239136
31239137
31239139
31239140
31239141
31239142
31239143
31239144
31239145
31239146
31239147
31239148
31239149
31239150
31239151
31239152
31239153
31239156
31239158
31239159
31239160
31239162
31239164
31239165
31239166
31239167
31239168
31239170
31239172
31239173
31239174
31239175
31239177
31239179
31239181
31239183
31239184
31239185
31239186
31239187
31239188
31239189
31239191
31239192
31239193
31239194
31239195
31239196
31239197
31239198
31239199
31239200
31239201
31239203
31239205
31239207
31239208
31239209
31239210
31239212
31239213
31239215
31239216
31239217
31239218
31239219
31239220
31239223
31239224
31239225
31239227
31239229
31239230
31239231
31239233
31239234
31239235
31239237
31239238
31239239
31239240
31239241
31239242
31239243
31239244
31239245
31239247
31239248
31239250
31239251
31239252
31239254
31239256
31239257
31239258
31239259
31239261
31239262
31239263
31239264
31239265
31239266
31239268
31239269
31239270
31239271
31239272
31239274
31239275
31239276
31239278
31239279
31239280
31239281
31239282
31239283
31239285
31239286
31239287
31239288
31239289
31239291
31239292
31239294
31239295
31239296
31239297
31239298
31239299
31239301
31239302
31239303
31239304
31239305
31239306
31239307
31239308
31239309
31239310
31239311
31239312
31239313
31239314
31239315
31239316
31239317
31239318
31239319
31239320
31239321
31239322
31239324
31239326
31239327
31239328
31239329
31239330
31239331
31239332
31239333
31239334
31239335
31239336
31239337
31239338
31239339
31239341
31239344
31239345
31239346
31239348
31239350
31239351
31239352
31239353
31239356
31239357
31239359
31239361
31239362
31239363
31239364
31239365
31239366
31239367
31239368
31239369
31239370
31239371
31239372
31239375
31239376
31239377
31239380
31239381
31239383
31239385
31239386
31239388
31239390
31239391
31239392
31239393
31239396
31239398
31239399
31239401
31239402
31239403
31239404
31239406
31239407
31239408
31239413
31239414
31239415
31239416
31239417
31239420
31239422
31239424
31239426
31239428
31239429
31239430
31239432
31239433
31239437
31239438
31239439
31239443
31239446
31239449
31239450
31239451
31239452
31239455
31239456
31239457
31239459
31239460
31239461
31239462
31239463
31239464
31239465
31239466
31239468
31239469
31239470
31239471
31239472
31239473
31239475
31239477
31239479
31239480
31239481
31239484
31239487
31239488
31239489
31239490
31239492
31239493
31239495
31239498
31239500
31239502
31239503
31239504
31239506
31239508
31239509
31239511
31239512
31239513
31239515
31239518
31239519
31239520
31239521
31239523
31239527
31239528
31239530
31239531
31239532
31239533
31239534
31239535
31239537
31239540
31239541
31239542
31239544
31239545
31239546
31239547
31239548
31239549
31239550
31239551
31239552
31239553
31239554
31239556
31239558
31239559
31239560
31239563
31239565
31239567
31239568
31239571
31239572
31239573
31239574
31239575
31239576
31239577
31239578
31239579
31239580
31239581
31239582
31239583
31239584
31239585
31239586
31239587
31239588
31239589
31239590
31239591
31239592
31239593
31239594
31239595
31239596
31239597
31239598
31239599
31239600
31239603
31239604
31239605
31239606
31239607
31239608
31239609
31239610
31239611
31239612
31239615
31239616
31239619
31239621
31239622
31239623
31239624
31239625
31239626
31239627
31239628
31239631
31239633
31239634
31239635
31239637
31239638
31239639
31239640
31239641
31239642
31239643
31239644
31239646
31239647
31239648
31239649
31239651
31239654
31239655
31239656
31239657
31239658
31239659
31239661
31239662
31239666
31239667
31239668
31239669
31239670
31239671
31239673
31239674
31239675
31239676
31239677
31239678
31239679
31239680
31239681
31239683
31239684
31239685
31239686
31239688
31239689
31239691
31239693
31239695
31239696
31239698
31239700
31239701
31239702
31239703
31239704
31239705
31239707
31239708
31239709
31239710
31239711
31239712
31239715
31239716
31239718
31239719
31239721
31239723
31239724
31239725
31239726
31239728
31239729
31239730
31239731
31239734
31239737
31239738
31239740
31239741
31239742
31239743
31239744
31239746
31239747
31239748
31239749
31239750
31239751
31239752
31239753
31239754
31239755
31239756
31239757
31239758
31239759
31239760
31239761
31239762
31239763
31239764
31239767
31239768
31239770
31239772
31239774
31239776
31239777
31239778
31239779
31239780
31239781
31239782
31239784
31239785
31239786
31239787
31239788
31239789
31239790
31239792
31239794
31239795
31239800
31239802
31239807
31239808
31239809
31239810
31239811
31239813
31239814
31239816
31239818
31239819
31239822
31239824
31239826
31239827
31239829
31239830
31239831
31239832
31239833
31239835
31239836
31239838
31239840
31239842
31239844
31239847
31239848
31239849
31239850
31239852
31239853
31239854
31239855
31239856
31239857
31239859
31239861
31239864
31239865
31239866
31239867
31239869
31239870
31239871
31239872
31239873
31239875
31239876
31239878
31239881
31239883
31239886
31239887
31239888
31239889
31239890
31239891
31239894
31239896
31239897
31239899
31239900
31239901
31239902
31239903
31239904
31239905
31239907
31239908
31239909
31239910
31239911
31239912
31239914
31239915
31239916
31239918
31239919
31239920
31239922
31239923
31239924
31239925
31239926
31239928
31239930
31239931
31239932
31239933
31239936
31239938
31239939
31239940
31239941
31239943
31239944
31239945
31239947
31239948
31239949
31239950
31239952
31239955
31239956
31239959
31239960
31239965
31239972
31239973
31239975
31239981
31239983
31239986
31239987
31239988
31239989
31239990
31239996
31239999
31240001
31240002
31240008
31240010
31240012
31240014
31240017
31240020
31240022
31240023
31240027
31240028
31240030
31240032
31240034
31240035
31240036
31240039
31240041
31240042
31240044
31240047
31240058
31240061
31240065
31240068
31240077
31240082
31240088
31240090
31240095
31240099
31240102
31240112
31240119
31240129
31240131
31240135
31240140
31240144
31240145
31240155
31240158
31240159
31240168
31240169
31240170
31240172
31240174
31240176
31240182
31240185
31240190
31240192
31240193
31240196
31240204
31240208
31240209
31240210
31240212
31240218
31240223
31240227
31240228
31240230
31240232
31240235
31240237
31240238
31240239
31240240
31240245
31240251
31240255
31240257
31240258
31240259
31240261
31240264
31240265
31240268
31240269
31240270
31240271
31240273
31240274
31240276
31240277
31240278
31240283
31240285
31240286
31240287
31240291
31240294
31240300
31240302
31240314
31240315
31240320
31240334
31240335
31240336
31240338
31240350
31240358
31240360
31240367
31240369
31240371
31240389
31240391
31240400
31240401
31240405
31240409
31240418
31240420
31240431
31240432
31240439
31240440
31240448
31240449
31240450
31240455
31240457
31240461
31240462
31240465
31240472
31240474
31240477
31240484
31240486
31240491
31240492
31240496
31240502
31240514
31240521
31240526
31240530
31240531
31240535
31240538
31240546
31240549
31240554
31240558
31240571
31240572
31240574
31240576
31240577
31240580
31240588
31240593
31240594
31240603
31240604
31240614
31240616
31240626
31240627
31240631
31240633
31240635
31240648
31240650
31240653
31240654
31240657
31240664
31240666
31240669
31240674
31240685
31240690
31240691
31240696
31240698
31240703
31240709
31240710
31240712
31240714
31240721
31240723
31240728
31240729
31240733
31240743
31240749
31240754
31240758
31240784
31240787
31240790
31240793
31240803
31240808
31240816
31240819
31240822
31240839
31240841
31240842
31240845
31240850
31240851
31240852
31240853
31240856
31240857
31240858
31240860
31240862
31240864
31240865
31240870
31240872
31240874
31240876
31240877
31240878
31240880
31240881
31240885
31240889
31240892
31240893
31240895
31240896
31240897
31240901
31240902
31240903
31240909
31240921
31240922
31240927
31240928
31240929
31240931
31240932
31240933
31240934
31240935
31240936
31240937
31240938
31240939
31240941
31240942
31240943
31240944
31240945
31240949
31240952
31240953
31240956
31240959
31240963
31240965
31240968
31240970
31240976
31240978
31240979
31240980
31240981
31240983
31240984
31240985
31240986
31240987
31240988
31240989
31240990
31240991
31240992
31240993
31240994
31240995
31240998
31240999
31241000
31241001
31241002
31241003
31241004
31241006
31241007
31241008
31241009
31241010
31241011
31241012
31241015
31241016
31241020
31241021
31241022
31241023
31241024
31241025
31241026
31241028
31241029
31241030
31241031
31241032
31241033
31241034
31241035
31241036
31241037
31241038
31241039
31241041
31241042
31241043
31241044
31241045
31241046
31241047
31241048
31241049
31241050
31241051
31241052
31241055
31241056
31241058
31241059
31241060
31241061
31241062
31241063
31241064
31241066
31241067
31241069
31241070
31241071
31241072
31241073
31241074
31241075
31241077
31241078
31241079
31241082
31241085
31241086
31241088
31241089
31241090
31241092
31241093
31241094
31241096
31241097
31241100
31241101
31241107
31241114
31241115
31241122
31241126
31241130
31241132
31241133
31241138
31241139
31241142
31241143
31241154
31241155
31241162
31241165
31241167
31241168
31241172
31241175
31241177
31241179
31241191
31241192
31241193
31241194
31241196
31241198
31241202
31241210
31241211
31241213
31241218
31241222
31241223
31241224
31241225
31241226
31241227
31241230
31241232
31241234
31241237
31241242
31241243
31241247
31241249
31241250
31241253
31241254
31241255
31241256
31241257
31241258
31241259
31241261
31241262
31241263
31241266
31241272
31241274
31241276
31241278
31241281
31241282
31241285
31241286
31241301
31241304
31241314
31241315
31241318
31241324
31241326
31241327
31241328
31241329
31241330
31241331
31241334
31241339
31241350
31241351
31241354
31241356
31241357
31241368
31241370
31241371
31241375
31241380
31241381
31241387
31241389
31241391
31241400
31241409
31241413
31241415
31241419
31241429
31241431
31241432
31241434
31241435
31241447
31241453
31241462
31241466
31241480
31241481
31241483
31241495
31241496
31241497
31241498
31241499
31241501
31241504
31241509
31241516
31241519
31241521
31241528
31241529
31241530
31241531
31241543
31241547
31241549
31241551
31241559
31241569
31241573
31241577
31241587
31241590
31241598
31241607
31241614
31241616
31241618
31241622
31241626
31241633
31241635
31241637
31241643
31241650
31241652
31241654
31241657
31241658
31241662
31241663
31241671
31241681
31241689
31241691
31241693
31241694
31241699
31241704
31241707
31241713
31241718
31241722
31241727
31241731
31241734
31241735
31241737
31241743
31241746
31241748
31241751
31241756
31241757
31241758
31241759
31241763
31241764
31241768
31241770
31241771
31241773
31241775
31241782
31241788
31241789
31241791
31241793
31241794
31241799
31241801
31241803
31241804
31241805
31241806
31241807
31241808
31241809
31241810
31241811
31241813
31241814
31241820
31241821
31241831
31241834
31241842
31241845
31241846
31241847
31241848
31241849
31241850
31241852
31241853
31241856
31241861
31241864
31241868
31241874
31241884
31241885
31241887
31241890
31241894
31241897
31241900
31241904
31241905
31241907
31241910
31241911
31241912
31241919
31241920
31241931
31241937
31241939
31241944
31241948
31241959
31241964
31241967
31241969
31241971
31241972
31241986
31241988
31241992
31241997
31242000
31242003
31242005
31242006
31242010
31242011
31242012
31242013
31242015
31242017
31242019
31242020
31242021
31242022
31242025
31242026
31242028
31242029
31242030
31242031
31242032
31242033
31242034
31242035
31242036
31242037
31242040
31242051
31242052
31242053
31242055
31242056
31242059
31242060
31242062
31242064
31242068
31242069
31242070
31242073
31242074
31242080
31242082
31242083
31242084
31242085
31242086
31242090
31242092
31242094
31242097
31242098
31242104
31242105
31242106
31242117
31242119
31242124
31242125
31242130
31242132
31242136
31242137
31242138
31242140
31242141
31242142
31242145
31242146
31242147
31242148
31242153
31242171
31242172
31242176
31242179
31242180
31242181
31242188
31242189
31242201
31242203
31242205
31242209
31242211
31242212
31242214
31242217
31242218
31242219
31242224
31242225
31242229
31242236
31242238
31242240
31242246
31242254
31242255
31242258
31242259
31242260
31242267
31242270
31242272
31242275
31242278
31242279
31242280
31242285
31242287
31242288
31242290
31242295
31242300
31242302
31242303
31242304
31242305
31242306
31242307
31242308
31242309
31242310
31242314
31242317
31242320
31242328
31242331
31242334
31242335
31242336
31242337
31242339
31242341
31242342
31242344
31242345
31242346
31242347
31242348
31242350
31242351
31242352
31242355
31242356
31242357
31242358
31242359
31242360
31242361
31242362
31242363
31242365
31242366
31242367
31242368
31242370
31242378
31242380
31242381
31242384
31242387
31242389
31242390
31242400
31242404
31242411
31242412
31242413
31242417
31242418
31242419
31242421
31242424
31242425
31242426
31242432
31242451
31242463
31242466
31242470
31242471
31242481
31242488
31242490
31242492
31242499
31242502
31242503
31242507
31242521
31242522
31242531
31242539
31242544
31242550
31242553
31242562
31242563
31242577
31242581
31242585
31242590
31242596
31242597
31242598
31242609
31242611
31242615
31242617
31242618
31242621
31242624
31242625
31242632
31242633
31242636
31242637
31242639
31242643
31242646
31242647
31242648
31242650
31242651
31242656
31242660
31242661
31242664
31242670
31242673
31242677
31242678
31242679
31242680
31242681
31242683
31242684
31242685
31242686
31242692
31242693
31242694
31242695
31242696
31242697
31242698
31242701
31242702
31242703
31242704
31242705
31242706
31242707
31242708
31242709
31242710
31242711
31242712
31242714
31242715
31242717
31242718
31242719
31242721
31242722
31242723
31242724
31242726
31242727
31242728
31242730
31242731
31242732
31242733
31242734
31242735
31242736
31242737
31242739
31242741
31242742
31242743
31242745
31242746
31242747
31242749
31242750
31242751
31242752
31242753
31242754
31242755
31242756
31242757
31242758
31242434
31242439
31242441
31242446
31242448
31242494
31242495
31242500
31242504
31242527
31242528
31242534
31242536
31242537
31242552
31242576
31242578
31242579
31242589
31242599
31242600
31242602
31242605
31242606
31242607
31242628
31242631
31242653
31242663
31242666
31242667
31242672
31242674
31242689
31242690
31242505
31242551
31242555
31242574
31242575
31242580
31242583
31242586
31242587
31242592
31242603
31242604
31235157
31235158
31235159
31235160
31235161
31235162
31235163
31235164
31235165
31235167
31235168
31235170
31235171
31235172
31235173
31235174
31235175
31235176
31235177
31235178
31235179
31235180
31235181
31235182
31235183
31235184
31235185
31235186
31235187
31235188
31235189
31235190
31235191
31235192
31235193
31235194
31235195
31235196
31235197
31235198
31235199
31235200
31235201
31235202
31235203
31235204
31235205
31235206
31235207
31235208
31235209
31235210
31235211
31235212
31235213
31235216
31235217
31235218
31235219
31235220
31235222
31235223
31235225
31235226
31235227
31235229
31235230
31235231
31235232
31235233
31235234
31235235
31235236
31235238
31235240
31235241
31235242
31235243
31235244
31235245
31235246
31235249
31235250
31235251
31235252
31235253
31235254
31235255
31235258
31235259
31235260
31235261
31235262
31235263
31235264
31235265
31235266
31235267
31235268
31235269
31235270
31235271
31235273
31235275
31235276
31235279
31235280
31235281
31235282
31235284
31235286
31235289
31235292
31235294
31235296
31235297
31235298
31235299
31235301
31235303
31235304
31235307
31235309
31235311
31235314
31235316
31235317
31235319
31235321
31235323
31235324
31235327
31235329
31235330
31235331
31235332
31235335
31235338
31235339
31235340
31235341
31235342
31235343
31235346
31235348
31235350
31235353
31235355
31235356
31235357
31235358
31235359
31235360
31235362
31235363
31235364
31235365
31235367
31235368
31235369
31235370
31235371
31235372
31235373
31235376
31235377
31235379
31235380
31235381
31235382
31235384
31235385
31235386
31235387
31235389
31235390
31235391
31235393
31235394
31235395
31235396
31235397
31235398
31235399
31235400
31235402
31235403
31235404
31235405
31235406
31235407
31235408
31235409
31235410
31235411
31235413
31235415
31235416
31235417
31235418
31235419
31235420
31235421
31235423
31235424
31235425
31235427
31235428
31235429
31235430
31235431
31235433
31235434
31235435
31235436
31235437
31235438
31235439
31235440
31235443
31235446
31235447
31235448
31235449
31235451
31235452
31235453
31235455
31235456
31235457
31235458
31235459
31235460
31235461
31235462
31235463
31235464
31235466
31235469
31235471
31235472
31235474
31235477
31235478
31235479
31235480
31235482
31235483
31235484
31235485
31235486
31235487
31235488
31235490
31235491
31235492
31235493
31235494
31235495
31235496
31235497
31235499
31235500
31235501
31235502
31235503
31235504
31235505
31235506
31235507
31235508
31235509
31235510
31235512
31235513
31235514
31235515
31235516
31235517
31235518
31235519
31235520
31235521
31235522
31235523
31235524
31235525
31235526
31235527
31235528
31235530
31235531
31235532
31235534
31235536
31235537
31235538
31235539
31235540
31235541
31235542
31235543
31235544
31235545
31235546
31235547
31235548
31235549
31235550
31235551
31235552
31235553
31235554
31235555
31235557
31235559
31235560
31235561
31235562
31235563
31235564
31235565
31235567
31235569
31235570
31235571
31235573
31235574
31235576
31235577
31235578
31235579
31235580
31235581
31235582
31235583
31235584
31235585
31235587
31235588
31235589
31235590
31235591
31235592
31235593
31235594
31235595
31235596
31235598
31235599
31235600
31235601
31235602
31235603
31235604
31235605
31235606
31235607
31235608
31235609
31235610
31235611
31235612
31235613
31235614
31235616
31235617
31235618
31235620
31235621
31235622
31235623
31235624
31235625
31235626
31235627
31235628
31235629
31235631
31235632
31235633
31235634
31235635
31235636
31235638
31235639
31235641
31235642
31235643
31235644
31235645
31235646
31235647
31235648
31235649
31235651
31235653
31235654
31235655
31235656
31235657
31235658
31235659
31235660
31235661
31235662
31235663
31235664
31235665
31235666
31235667
31235668
31235669
31235670
31235672
31235673
31235674
31235675
31235676
31235677
31235678
31235679
31235680
31235681
31235682
31235683
31235684
31235685
31235686
31235687
31235688
31235689
31235690
31235691
31235692
31235693
31235694
31235695
31235696
31235697
31235698
31235700
31235701
31235702
31235703
31235704
31235705
31235706
31235707
31235708
31235709
31235710
31235711
31235712
31235713
31235715
31235716
31235717
31235718
31235719
31235721
31235722
31235723
31235726
31235728
31235729
31235730
31235731
31235732
31235733
31235734
31235735
31235736
31235737
31235738
31235740
31235741
31235742
31235743
31235744
31235745
31235746
31235747
31235748
31235750
31235751
31235753
31235754
31235755
31235756
31235757
31235758
31235759
31235760
31235761
31235762
31235763
31235764
31235765
31235767
31235768
31235769
31235770
31235771
31235773
31235774
31235775
31235776
31235777
31235778
31235780
31235781
31235782
31235783
31235784
31235786
31235787
31235788
31235789
31235790
31235791
31235792
31235793
31235794
31235795
31235796
31235797
31235798
31235799
31235800
31235802
31235803
31235804
31235805
31235806
31235807
31235808
31235809
31235810
31235811
31235812
31235813
31235815
31235816
31235817
31235818
31235819
31235821
31235822
31235823
31235824
31235825
31235826
31235827
31235828
31235829
31235830
31235831
31235832
31235833
31235834
31235835
31235836
31235837
31235838
31235839
31235840
31235841