32922810
32922811
32922812
32922813
32922814
32922815
32922816
32922817
32922818
32922819
32922820
32922821
32922822
32922824
32922826
32922827
32922828
32922829
32922830
32922831
32922832
32922833
32922834
32922835
32922837
32922838
32922839
32922840
32922841
32922842
32922843
32922844
32922845
32922846
32922847
32922848
32922850
32922851
32922853
32922854
32922855
32922856
32922857
32922858
32922859
32922860
32922861
32922862
32922863
32922864
32922865
32922866
32922867
32922868
32922869
32922870
32922871
32922872
32922873
32922874
32922875
32922876
32922877
32922878
32922879
32922880
32922881
32922882
32922883
32922884
32922885
32922886
32922887
32922888
32922889
32922890
32922891
32922892
32922893
32922894
32922895
32922896
32922897
32922898
32922899
32922901
32922902
32922903
32922904
32922905
32922906
32922907
32922908
32922909
32922910
32922911
32922912
32922913
32922914
32922915
32922917
32922918
32922919
32922920
32922921
32922922
32922923
32922924
32922925
32922926
32922927
32922928
32922929
32922930
32922932
32922933
32922934
32922935
32922938
32922939
32922940
32922941
32922942
32922944
32922946
32922947
32922948
32922949
32922950
32922951
32922952
32922953
32922955
32922957
32922958
32922959
32922960
32922962
32922963
32922964
32922965
32922966
32922967
32922968
32922969
32922970
32922971
32922973
32922974
32922975
32922976
32922977
32922978
32922980
32922981
32922982
32922984
32922985
32922986
32922987
32922988
32922989
32922992
32922993
32922994
32922996
32922997
32922998
32922999
32923000
32923001
32923002
32923003
32923004
32923005
32923006
32923007
32923008
32923009
32923010
32923012
32923013
32923014
32923015
32923018
32923019
32923020
32923021
32923022
32923023
32923024
32923025
32923026
32923027
32923028
32923029
32923030
32923031
32923032
32923033
32923034
32923036
32923037
32923039
32923041
32923042
32923043
32923044
32923045
32923046
32923047
32923048
32923049
32923052
32923054
32923055
32923056
32923057
32923058
32923060
32923062
32923063
32923064
32923065
32923066
32923068
32923069
32923070
32923071
32923072
32923074
32923075
32923076
32923077
32923078
32923079
32923081
32923082
32923083
32923084
32923085
32923086
32923087
32923088
32923089
32923091
32923092
32923093
32923095
32923096
32923097
32923098
32923099
32923100
32923104
32923105
32923106
32923107
32923108
32923109
32923110
32923111
32923112
32923113
32923114
32923115
32923116
32923117
32923118
32923119
32923120
32923122
32923123
32923127
32923128
32923130
32923131
32923132
32923133
32923134
32923135
32923137
32923139
32923141
32923142
32923143
32923144
32923145
32923147
32923148
32923150
32923151
32923152
32923154
32923155
32923156
32923157
32923158
32923159
32923160
32923161
32923162
32923163
32923164
32923166
32923167
32923168
32923169
32923170
32923171
32923172
32923174
32923176
32923178
32923179
32923180
32923181
32923184
32923186
32923187
32923190
32923191
32923193
32923196
32923199
32923200
32923202
32923203
32923207
32923208
32923209
32923210
32923211
32923214
32923215
32923217
32923218
32923220
32923222
32923224
32923225
32923226
32923228
32923231
32923232
32923233
32923236
32923237
32923238
32923242
32923243
32923244
32923245
32923247
32923248
32923250
32923251
32923252
32923254
32923256
32923257
32923258
32923262
32923263
32923264
32923267
32923269
32923270
32923271
32923273
32923274
32923277
32923279
32923280
32923281
32923282
32923284
32923286
32923288
32923289
32923290
32923293
32923295
32923296
32923299
32923304
32923306
32923308
32923309
32923310
32923312
32923313
32923314
32923315
32923316
32923317
32923318
32923319
32923320
32923321
32923322
32923323
32923324
32923325
32923326
32923327
32923329
32923330
32923331
32923332
32923336
32923337
32923338
32923339
32923340
32923341
32923342
32923343
32923344
32923345
32923348
32923349
32923351
32923352
32923353
32923354
32923355
32923356
32923357
32923358
32923361
32923362
32923363
32923364
32923365
32923366
32923367
32923368
32923369
32923370
32923371
32923372
32923373
32923374
32923375
32923377
32923378
32923379
32923380
32923381
32923382
32923383
32923384
32923385
32923386
32923387
32923388
32923389
32923390
32923391
32923392
32923393
32923394
32923395
32923396
32923398
32923399
32923400
32923401
32923402
32923403
32923404
32923405
32923406
32923407
32923408
32923410
32923411
32923412
32923413
32923415
32923416
32923417
32923418
32923419
32923420
32923421
32923422
32923424
32923425
32923426
32923427
32923428
32923429
32923430
32923431
32923432
32923433
32923434
32923435
32923436
32923437
32923440
32923441
32923442
32923443
32923444
32923445
32923446
32923447
32923448
32923449
32923450
32923451
32923453
32923454
32923455
32923456
32923457
32923458
32923460
32923461
32923463
32923464
32923465
32923466
32923467
32923468
32923469
32923470
32923471
32923472
32923474
32923475
32923476
32923477
32923478
32923479
32923480
32923481
32923483
32923484
32923485
32923486
32923488
32923489
32923490
32923491
32923492
32923493
32923495
32923496
32923497
32923498
32923499
32923500
32923501
32923502
32923503
32923504
32923505
32923507
32923508
32923509
32923510
32923511
32923512
32923513
32923514
32923515
32923516
32923517
32923520
32923521
32923522
32923524
32923527
32923530
32923532
32923533
32923537
32923538
32923539
32923541
32923543
32923545
32923546
32923547
32923548
32923549
32923550
32923552
32923553
32923554
32923555
32923556
32923557
32923558
32923559
32923560
32923561
32923562
32923563
32923564
32923565
32923566
32923567
32923568
32923569
32923570
32923571
32923573
32923574
32923575
32923576
32923577
32923579
32923580
32923581
32923582
32923584
32923585
32923586
32923587
32923588
32923589
32923591
32923592
32923593
32923594
32923595
32923596
32923597
32923598
32923599
32923600
32923601
32923602
32923603
32923604
32923605
32923607
32923610
32923612
32923613
32923616
32923618
32923619
32923620
32923621
32923622
32923623
32923624
32923626
32923627
32923628
32923629
32923630
32923631
32923632
32923633
32923634
32923635
32923636
32923637
32923638
32923640
32923642
32923643
32923644
32923645
32923646
32923647
32923650
32923651
32923652
32923655
32923656
32923658
32923660
32923662
32923663
32923664
32923665
32923666
32923667
32923668
32923669
32923670
32923671
32923672
32923676
32923678
32923679
32923681
32923682
32923683
32923687
32923688
32923692
32923694
32923695
32923699
32923701
32923702
32923703
32923705
32923706
32923707
32923708
32923709
32923710
32923711
32923712
32923713
32923714
32923715
32923716
32923717
32923720
32923721
32923722
32923723
32923724
32923726
32923727
32923728
32923729
32923730
32923731
32923732
32923733
32923734
32923735
32923737
32923738
32923741
32923742
32923743
32923745
32923746
32923747
32923750
32923751
32923752
32923756
32923758
32923762
32923763
32923764
32923766
32923767
32923768
32923771
32923774
32923781
32923782
32923783
32923788
32923789
32923790
32923791
32923792
32923793
32923796
32923798
32923799
32923800
32923803
32923806
32923808
32923809
32923810
32923811
32923812
32923813
32923820
32923821
32923823
32923824
32923825
32923826
32923828
32923829
32923832
32923836
32923837
32923841
32923842
32923845
32923848
32923857
32923860
32923862
32923863
32923864
32923866
32923867
32923871
32923872
32923874
32923876
32923877
32923878
32923883
32923885
32923887
32923889
32923890
32923892
32923899
32923900
32923901
32923902
32923905
32923906
32923911
32923914
32923916
32923919
32923923
32923927
32923928
32923931
32923932
32923937
32923941
32923942
32923944
32923945
32923949
32923952
32923959
32923962
32923964
32923966
32923969
32923972
32923973
32923975
32923981
32923982
32923988
32923989
32923996
32923997
32924003
32924007
32924008
32924010
32924012
32924014
32924015
32924016
32924017
32924018
32924019
32924020
32924021
32924022
32924023
32924024
32924025
32924026
32924028
32924029
32924030
32924031
32924032
32924033
32924034
32924036
32924038
32924039
32924040
32924041
32924042
32924043
32924044
32924045
32924047
32924048
32924050
32924053
32924054
32924055
32924058
32924059
32924061
32924062
32924064
32924066
32924067
32924068
32924069
32924071
32924072
32924074
32924075
32924077
32924078
32924079
32924080
32924081
32924082
32924084
32924086
32924087
32924088
32924089
32924090
32924091
32924093
32924094
32924095
32924096
32924098
32924099
32924100
32924101
32924102
32924104
32924105
32924106
32924108
32924109
32924110
32924111
32924112
32924113
32924115
32924116
32924117
32924118
32924119
32924120
32924122
32924123
32924124
32924125
32924126
32924127
32924128
32924129
32924130
32924131
32924132
32924133
32924134
32924135
32924136
32924137
32924138
32924139
32924140
32924141
32924143
32924145
32924146
32924147
32924148
32924149
32924150
32924152
32924153
32924155
32924156
32924157
32924158
32924159
32924160
32924161
32924163
32924164
32924165
32924166
32924167
32924168
32924169
32924170
32924171
32924172
32924173
32924174
32924175
32924176
32924178
32924179
32924180
32924181
32924182
32924183
32924184
32924185
32924186
32924187
32924188
32924189
32924190
32924191
32924193
32924194
32924195
32924196
32924197
32924198
32924199
32924200
32924201
32924202
32924203
32924204
32924205
32924206
32924207
32924209
32924210
32924211
32924212
32924213
32924214
32924216
32924218
32924219
32924220
32924221
32924222
32924223
32924225
32924227
32924228
32924229
32924230
32924232
32924233
32924234
32924236
32924237
32924238
32924239
32924240
32924241
32924242
32924243
32924244
32924245
32924246
32924247
32924248
32924249
32924250
32924251
32924252
32924253
32924254
32924255
32924256
32924257
32924258
32924259
32924260
32924261
32924263
32924264
32924265
32924266
32924267
32924268
32924269
32924270
32924271
32924272
32924273
32924274
32924275
32924276
32924277
32924278
32924279
32924280
32924281
32924282
32924283
32924284
32924285
32924286
32924287
32924288
32924289
32924290
32924292
32924294
32924295
32924296
32924298
32924299
32924300
32924301
32924302
32924303
32924304
32924305
32924306
32924308
32924309
32924310
32924312
32924313
32924314
32924316
32924317
32924318
32924319
32924320
32924322
32924323
32924324
32924326
32924327
32924328
32924329
32924330
32924331
32924334
32924335
32924337
32924338
32924340
32924341
32924342
32924343
32924347
32924349
32924351
32924352
32924353
32924355
32924356
32924358
32924360
32924362
32924365
32924366
32924370
32924371
32924372
32924376
32924377
32924379
32924380
32924381
32924383
32924384
32924385
32924392
32924393
32924394
32924397
32924398
32924401
32924403
32924404
32924405
32924407
32924408
32924409
32924410
32924413
32924414
32924415
32924416
32924419
32924422
32924426
32924428
32924429
32924431
32924435
32924437
32924439
32924440
32924441
32924443
32924448
32924451
32924453
32924454
32924457
32924458
32924459
32924461
32924462
32924464
32924466
32924467
32924471
32924472
32924473
32924474
32924475
32924477
32924478
32924479
32924481
32924482
32924485
32924486
32924488
32924489
32924490
32924491
32924492
32924494
32924495
32924500
32924501
32924503
32924505
32924510
32924511
32924516
32924519
32924522
32924523
32924524
32924525
32924526
32924527
32924528
32924530
32924532
32924535
32924537
32924538
32924542
32924546
32924547
32924548
32924550
32924551
32924553
32924554
32924555
32924556
32924557
32924558
32924562
32924564
32924565
32924566
32924567
32924569
32924571
32924572
32924573
32924575
32924578
32924580
32924582
32924584
32924585
32924586
32924589
32924590
32924591
32924592
32924595
32924599
32924601
32924602
32924603
32924604
32924606
32924608
32924610
32924611
32924613
32924614
32924615
32924619
32924620
32924622
32924623
32924624
32924626
32924627
32924629
32924630
32924631
32924633
32924635
32924636
32924639
32924640
32924641
32924643
32924645
32924648
32924649
32924650
32924651
32924652
32924653
32924654
32924655
32924656
32924658
32924659
32924661
32924662
32924663
32924665
32924666
32924667
32924668
32924669
32924670
32924671
32924673
32924674
32924675
32924676
32924677
32924678
32924679
32924680
32924681
32924682
32924683
32924684
32924685
32924686
32924687
32924689
32924690
32924691
32924692
32924693
32924694
32924695
32924696
32924697
32924698
32924699
32924701
32924702
32924703
32924704
32924705
32924707
32924708
32924709
32924710
32924711
32924712
32924713
32924716
32924717
32924718
32924720
32924721
32924722
32924723
32924725
32924727
32924728
32924729
32924731
32924732
32924733
32924734
32924735
32924737
32924738
32924739
32924740
32924741
32924742
32924743
32924744
32924746
32924747
32924748
32924749
32924750
32924753
32924754
32924755
32924756
32924757
32924758
32924759
32924760
32924761
32924763
32924764
32924765
32924766
32924767
32924768
32924770
32924771
32924772
32924773
32924774
32924775
32924776
32924777
32924778
32924779
32924780
32924781
32924782
32924783
32924784
32924785
32924787
32924788
32924789
32924790
32924791
32924792
32924793
32924795
32924796
32924798
32924799
32924800
32924801
32924802
32924803
32924805
32924806
32924807
32924808
32924809
32924810
32924811
32924812
32924813
32924815
32924816
32924817
32924818
32924819
32924820
32924821
32924822
32924823
32924824
32924827
32924828
32924830
32924831
32924832
32924834
32924835
32924838
32924839
32924840
32924842
32924843
32924844
32924845
32924846
32924847
32924848
32924849
32924852
32924854
32924855
32924856
32924857
32924858
32924859
32924860
32924862
32924863
32924864
32924865
32924866
32924867
32924869
32924870
32924872
32924873
32924874
32924875
32924877
32924878
32924879
32924880
32924884
32924885
32924886
32924887
32924888
32924889
32924891
32924892
32924894
32924896
32924898
32924899
32924902
32924903
32924904
32924905
32924906
32924908
32924909
32924911
32924912
32924913
32924914
32924917
32924918
32924919
32924921
32924922
32924923
32924924
32924925
32924927
32924929
32924930
32924931
32924934
32924935
32924938
32924939
32924940
32924941
32924945
32924950
32924951
32924952
32924953
32924956
32924959
32924961
32924964
32924965
32924967
32924970
32924971
32924975
32924976
32924977
32924978
32924980
32924981
32924982
32924983
32924984
32924985
32924986
32924987
32924988
32924990
32924992
32924993
32924995
32924997
32925001
32925002
32925004
32925006
32925007
32925008
32925010
32925011
32925014
32925015
32925016
32925018
32925019
32925022
32925023
32925024
32925025
32925026
32925027
32925028
32925031
32925032
32925033
32925034
32925037
32925038
32925040
32925041
32925044
32925045
32925046
32925047
32925049
32925050
32925051
32925052
32925053
32925054
32925055
32925057
32925058
32925059
32925060
32925062
32925066
32925067
32925068
32925071
32925074
32925075
32925079
32925080
32925082
32925085
32925086
32925088
32925089
32925091
32925093
32925096
32925097
32925100
32925101
32925105
32925107
32925108
32925112
32925113
32925115
32925116
32925118
32925121
32925125
32925127
32925130
32925135
32925137
32925142
32925145
32925146
32925147
32925152
32925153
32925154
32925162
32925164
32925167
32925171
32925172
32925173
32925175
32925178
32925179
32925182
32925183
32925184
32925186
32925189
32925192
32925199
32925200
32925205
32925206
32925207
32925208
32925211
32925212
32925213
32925214
32925215
32925216
32925219
32925222
32925224
32925229
32925230
32925233
32925247
32925249
32925251
32925253
32925255
32925257
32925259
32925260
32925264
32925267
32925269
32925270
32925273
32925274
32925277
32925278
32925280
32925281
32925284
32925285
32925286
32925289
32925290
32925291
32925294
32925295
32925296
32925299
32925302
32925304
32925305
32925306
32925307
32925310
32925311
32925314
32925315
32925316
32925317
32925319
32925320
32925321
32925323
32925324
32925325
32925326
32925327
32925328
32925329
32925330
32925332
32925334
32925335
32925338
32925340
32925341
32925342
32925343
32925345
32925346
32925352
32925354
32925355
32925357
32925359
32925360
32925361
32925362
32925363
32925370
32925374
32925375
32925377
32925378
32925383
32925384
32925388
32925389
32925390
32925392
32925393
32925396
32925398
32925400
32925402
32925403
32925406
32925408
32925413
32925417
32925418
32925420
32925421
32925422
32925423
32925425
32925426
32925428
32925429
32925430
32925431
32925432
32925433
32925435
32925436
32925437
32925438
32925439
32925440
32925443
32925444
32925446
32925447
32925448
32925450
32925451
32925455
32925457
32925458
32925460
32925461
32925462
32925463
32925464
32925465
32925466
32925469
32925470
32925471
32925472
32925473
32925474
32925476
32925479
32925480
32925481
32925483
32925484
32925486
32925491
32925495
32925497
32925499
32925502
32925504
32925505
32925507
32925508
32925509
32925513
32925519
32925520
32925525
32925526
32925533
32925534
32925539
32925540
32925542
32925543
32925544
32925547
32925550
32925552
32925554
32925555
32925556
32925557
32925558
32925559
32925561
32925562
32925563
32925566
32925567
32925569
32925570
32925573
32925574
32925576
32925577
32925578
32925581
32925582
32925583
32925585
32925586
32925587
32925588
32925589
32925591
32925593
32925594
32925596
32925598
32925601
32925603
32925604
32925605
32925606
32925607
32925608
32925609
32925610
32925612
32925613
32925615
32925616
32925618
32925619
32925620
32925621
32925623
32925624
32925625
32925627
32925628
32925629
32925630
32925631
32925632
32925635
32925636
32925637
32925638
32925640
32925642
32925645
32925647
32925649
32925651
32925652
32925653
32925654
32925655
32925658
32925659
32925661
32925662
32925663
32925664
32925665
32925669
32925670
32925671
32925672
32925676
32925677
32925678
32925680
32925682
32925683
32925688
32925692
32925693
32925694
32925695
32925696
32925697
32925698
32925700
32925701
32925703
32925704
32925705
32925706
32925708
32925709
32925710
32925711
32925713
32925714
32925715
32925716
32925717
32925718
32925719
32925720
32925721
32925724
32925726
32925727
32925729
32925730
32925731
32925732
32925736
32925737
32925741
32925742
32925744
32925746
32925747
32925750
32925752
32925754
32925755
32925756
32925757
32925758
32925760
32925761
32925762
32925763
32925764
32925768
32925769
32925770
32925773
32925774
32925776
32925777
32925779
32925780
32925781
32925783
32925784
32925785
32925786
32925787
32925789
32925791
32925792
32925797
32925798
32925799
32925800
32925801
32925802
32925803
32925805
32925807
32925808
32925809
32925810
32925811
32925814
32925815
32925816
32925817
32925818
32925824
32925825
32925826
32925827
32925828
32925829
32925830
32925831
32925834
32925835
32925836
32925839
32925841
32925842
32925844
32925845
32925847
32925848
32925849
32925850
32925851
32925853
32925855
32925858
32925861
32925862
32925863
32925868
32925869
32925871
32925873
32925874
32925875
32925876
32925878
32925880
32925881
32925882
32925883
32925884
32925887
32925888
32925889
32925891
32925892
32925894
32925895
32925896
32925897
32925898
32925899
32925900
32925903
32925904
32925905
32925907
32925908
32925909
32925911
32925912
32925914
32925915
32925916
32925918
32925920
32925922
32925923
32925924
32925925
32925926
32925927
32925929
32925930
32925931
32925932
32925933
32925934
32925936
32925938
32925939
32925940
32925941
32925942
32925943
32925944
32925945
32925946
32925948
32925950
32925952
32925953
32925957
32925958
32925960
32925961
32925962
32925964
32925966
32925967
32925968
32925969
32925971
32925973
32925974
32925977
32925978
32925979
32925980
32925981
32925982
32925983
32925986
32925987
32925988
32925989
32925990
32925991
32925992
32925993
32925995
32925997
32926000
32926001
32926002
32926004
32926006
32926008
32926009
32926010
32926011
32926014
32926015
32926016
32926017
32926018
32926019
32926022
32926023
32926024
32926025
32926026
32926028
32926029
32926030
32926031
32926032
32926033
32926034
32926035
32926036
32926038
32926039
32926040
32926042
32926043
32926044
32926047
32926049
32926050
32926051
32926053
32926054
32926056
32926057
32926058
32926059
32926060
32926061
32926062
32926063
32926064
32926065
32926066
32926067
32926071
32926072
32926073
32926074
32926075
32926076
32926077
32926078
32926079
32926080
32926081
32926082
32926083
32926084
32926085
32926086
32926087
32926088
32926091
32926092
32926093
32926096
32926098
32926100
32926101
32926103
32926106
32926107
32926109
32926110
32926111
32926112
32926113
32926116
32926117
32926118
32926119
32926121
32926122
32926125
32926126
32926128
32926130
32926132
32926133
32926134
32926136
32926137
32926138
32926141
32926142
32926143
32926146
32926149
32926152
32926153
32926154
32926155
32926157
32926159
32926163
32926166
32926167
32926169
32926170
32926172
32926174
32926175
32926177
32926179
32926180
32926181
32926183
32926184
32926185
32926186
32926187
32926188
32926189
32926190
32926191
32926192
32926194
32926195
32926196
32926197
32926198
32926199
32926200
32926202
32926204
32926206
32926207
32926208
32926209
32926210
32926211
32926213
32926214
32926215
32926218
32926220
32926221
32926222
32926223
32926224
32926225
32926226
32926228
32926229
32926231
32926232
32926234
32926236
32926238
32926240
32926241
32926242
32926244
32926245
32926246
32926247
32926248
32926249
32926250
32926251
32926252
32926253
32926254
32926255
32926256
32926257
32926258
32926260
32926261
32926262
32926263
32926266
32926267
32926268
32926269
32926270
32926271
32926272
32926273
32926274
32926278
32926279
32926280
32926281
32926283
32926284
32926285
32926286
32926287
32926288
32926289
32926290
32926291
32926292
32926295
32926296
32926297
32926298
32926300
32926301
32926302
32926306
32926307
32926309
32926310
32926311
32926312
32926313
32926314
32926315
32926316
32926318
32926319
32926321
32926323
32926325
32926326
32926327
32926328
32926330
32926332
32926333
32926335
32926336
32926337
32926338
32926340
32926342
32926344
32926345
32926346
32926347
32926349
32926350
32926351
32926354
32926355
32926356
32926357
32926358
32926359
32926362
32926363
32926364
32926366
32926367
32926368
32926369
32926370
32926371
32926372
32926373
32926375
32926376
32926377
32926378
32926380
32926382
32926383
32926384
32926385
32926386
32926387
32926388
32926389
32926390
32926391
32926393
32926394
32926395
32926396
32926398
32926399
32926400
32926401
32926402
32926403
32926404
32926405
32926407
32926409
32926412
32926413
32926414
32926415
32926416
32926417
32926419
32926420
32926421
32926422
32926423
32926424
32926425
32926426
32926427
32926428
32926430
32926431
32926434
32926435
32926436
32926437
32926439
32926442
32926443
32926444
32926446
32926447
32926448
32926449
32926451
32926452
32926453
32926454
32926455
32926456
32926457
32926458
32926460
32926461
32926462
32926463
32926465
32926467
32926469
32926471
32926473
32926474
32926475
32926476
32926477
32926479
32926483
32926485
32926486
32926488
32926489
32926490
32926491
32926493
32926495
32926497
32926498
32926499
32926500
32926501
32926502
32926503
32926504
32926506
32926507
32926509
32926512
32926514
32926515
32926516
32926517
32926519
32926520
32926522
32926524
32926525
32926526
32926527
32926528
32926530
32926531
32926533
32926535
32926537
32926538
32926539
32926540
32926541
32926542
32926544
32926545
32926546
32926547
32926549
32926551
32926552
32926554
32926555
32926556
32926557
32926558
32926559
32926560
32926562
32926563
32926565
32926566
32926567
32926569
32926571
32926572
32926573
32926574
32926575
32926576
32926578
32926579
32926580
32926581
32926582
32926584
32926585
32926587
32926589
32926590
32926592
32926596
32926598
32926601
32926602
32926603
32926604
32926605
32926606
32926609
32926611
32926612
32926621
32926623
32926624
32926625
32926628
32926629
32926630
32926632
32926633
32926634
32926635
32926636
32926637
32926639
32926640
32926643
32926645
32926646
32926647
32926649
32926650
32926651
32926652
32926653
32926654
32926656
32926657
32926658
32926659
32926660
32926662
32926663
32926665
32926666
32926667
32926668
32926669
32926670
32926671
32926672
32926673
32926675
32926677
32926678
32926679
32926680
32926682
32926683
32926684
32926685
32926686
32926687
32926689
32926691
32926692
32926693
32926694
32926696
32926698
32926699
32926700
32926701
32926702
32926703
32926704
32926705
32926706
32926708
32926709
32926710
32926713
32926714
32926715
32926716
32926717
32926720
32926721
32926723
32926725
32926726
32926728
32926729
32926732
32926734
32926735
32926737
32926738
32926740
32926741
32926742
32926743
32926746
32926747
32926750
32926751
32926752
32926753
32926755
32926758
32926762
32926764
32926765
32926766
32926767
32926768
32926769
32926770
32926771
32926773
32926774
32926779
32926780
32926782
32926783
32926788
32926789
32926790
32926791
32926792
32926794
32926795
32926798
32926799
32926800
32926803
32926804
32926805
32926806
32926807
32926808
32926809
32926811
32926813
32926815
32926816
32926817
32926818
32926819
32926820
32926821
32926822
32926823
32926824
32926826
32926829
32926831
32926832
32926834
32926835
32926836
32926837
32926839
32926840
32926841
32926842
32926843
32926844
32926845
32926848
32926850
32926851
32926852
32926853
32926854
32926856
32926857
32926858
32926859
32926860
32926861
32926862
32926863
32926864
32926865
32926866
32926867
32926868
32926869
32926872
32926873
32926874
32926875
32926876
32926877
32926878
32926879
32926880
32926882
32926883
32926884
32926885
32926886
32926888
32926889
32926890
32926892
32926893
32926894
32926895
32926896
32926897
32926898
32926899
32926901
32926902
32926904
32926906
32926907
32926908
32926909
32926911
32926912
32926913
32926914
32926915
32926919
32926920
32926921
32926922
32926923
32926925
32926926
32926928
32926929
32926930
32926932
32926933
32926935
32926936
32926937
32926940
32926941
32926942
32926944
32926945
32926946
32926947
32926949
32926950
32926952
32926953
32926955
32926956
32926958
32926961
32926962
32926963
32926965
32926967
32926969
32926970
32926971
32926972
32926975
32926976
32926977
32926978
32926981
32926982
32926983
32926984
32926985
32926986
32926987
32926992
32926993
32926994
32926995
32926996
32926997
32926998
32926999
32927000
32927001
32927002
32927003
32927004
32927005
32927007
32927008
32927011
32927012
32927013
32927015
32927016
32927017
32927018
32927019
32927020
32927021
32927022
32927024
32927025
32927026
32927027
32927029
32927030
32927031
32927032
32927035
32927036
32927038
32927039
32927040
32927042
32927043
32927045
32927047
32927048
32927050
32927052
32927054
32927056
32927057
32927059
32927060
32927061
32927064
32927065
32927067
32927068
32927069
32927071
32927073
32927074
32927078
32927079
32927080
32927083
32927084
32927086
32927087
32927088
32927092
32927094
32927096
32927097
32927099
32927101
32927102
32927105
32927106
32927107
32927111
32927114
32927117
32927118
32927119
32927120
32927123
32927124
32927125
32927130
32927132
32927133
32927135
32927137
32927139
32927141
32927149
32927151
32927154
32927156
32927157
32927158
32927159
32927161
32927166
32927170
32927172
32927173
32927176
32927177
32927178
32927182
32927183
32927184
32927185
32927187
32927190
32927191
32927192
32927195
32927196
32927198
32927199
32927201
32927204
32927205
32927208
32927210
32927213
32927214
32927219
32927220
32927221
32927222
32927223
32927224
32927227
32927228
32927231
32927233
32927234
32927235
32927236
32927238
32927239
32927243
32927245
32927246
32927248
32927255
32927256
32927263
32927264
32927265
32927268
32927270
32927271
32927272
32927275
32927277
32927281
32927282
32927283
32927284
32927290
32927291
32927293
32927297
32927308
32927311
32927312
32927314
32927317
32927320
32927329
32927332
32927333
32927336
32927337
32927338
32927340
32927341
32927344
32927346
32927350
32927356
32927362
32927364
32927366
32927368
32927370
32927371
32927376
32927377
32927378
32927381
32927382
32927385
32927388
32927391
32927392
32927395
32927399
32927401
32927404
32927406
32927408
32927411
32927416
32927417
32927418
32927419
32927420
32927421
32927422
32927424
32927427
32927428
32927429
32927437
32927438
32927443
32927444
32927447
32927448
32927449
32927450
32927451
32927454
32927455
32927456
32927458
32927459
32927460
32927462
32927463
32927464
32927465
32927466
32927468
32927469
32927472
32927473
32927475
32927476
32927478
32927479
32927480
32927481
32927482
32927483
32927484
32927485
32927487
32927488
32927489
32927490
32927491
32927492
32927493
32927494
32927495
32927496
32927498
32927499
32927500
32927501
32927502
32927503
32927504
32927506
32927507
32927508
32927510
32927511
32927512
32927513
32927514
32927515
32927517
32927518
32927519
32927520
32927523
32927525
32927526
32927527
32927528
32927529
32927530
32927531
32927533
32927537
32927538
32927539
32927540
32927541
32927543
32927545
32927546
32927547
32927550
32927551
32927554
32927555
32927556
32927557
32927559
32927560
32927561
32927566
32927567
32927568
32927570
32927572
32927573
32927574
32927575
32927576
32927577
32927578
32927579
32927580
32927581
32927582
32927584
32927585
32927586
32927588
32927591
32927593
32927594
32927595
32927596
32927598
32927600
32927601
32927602
32927603
32927604
32927606
32927607
32927608
32927609
32927610
32927611
32927612
32927613
32927614
32927615
32927617
32927618
32927620
32927622
32927623
32927624
32927625
32927626
32927627
32927629
32927630
32927633
32927634
32927635
32927636
32927637
32927638
32927639
32927640
32927641
32927643
32927644
32927645
32927646
32927647
32927648
32927649
32927650
32927652
32927653
32927654
32927656
32927657
32927658
32927660
32927662
32927664
32927665
32927666
32927667
32927671
32927675
32927678
32927682
32927683
32927684
32927685
32927687
32927688
32927690
32927691
32927692
32927694
32927695
32927696
32927697
32927698
32927699
32927700
32927702
32927703
32927705
32927706
32927707
32927708
32927709
32927710
32927711
32927712
32927713
32927714
32927715
32927717
32927718
32927719
32927720
32927721
32927722
32927723
32927724
32927725
32927726
32927727
32927728
32927729
32927731
32927734
32927735
32927736
32927737
32927738
32927740
32927741
32927742
32927743
32927744
32927745
32927746
32927748
32927749
32927752
32927754
32927755
32927756
32927757
32927758
32927759
32927760
32927761
32927764
32927765
32927767
32927768
32927769
32927771
32927772
32927773
32927774
32927775
32927776
32927779
32927780
32927781
32927782
32927783
32927784
32927785
32927786
32927787
32927788
32927789
32927790
32927791
32927794
32927795
32927796
32927797
32927798
32927800
32927801
32927802
32927803
32927806
32927808
32927809
32927810
32927813
32927814
32927815
32927816
32927817
32927818
32927819
32927820
32927821
32927825
32927826
32927827
32927828
32927829
32927830
32927831
32927832
32927833
32927834
32927835
32927836
32927837
32927839
32927840
32927841
32927843
32927845
32927846
32927848
32927850
32927851
32927852
32927853
32927857
32927858
32927860
32927861
32927862
32927864
32927865
32927866
32927868
32927869
32927870
32927871
32927872
32927874
32927875
32927877
32927879
32927881
32927882
32927883
32927884
32927886
32927887
32927888
32927890
32927891
32927892
32927894
32927895
32927896
32927897
32927898
32927900
32927901
32927902
32927904
32927905
32927906
32927908
32927909
32927910
32927912
32927913
32927914
32927915
32927916
32927917
32927918
32927919
32927923
32927924
32927926
32927927
32927928
32927929
32927930
32927932
32927933
32927934
32927935
32927936
32927938
32927939
32927940
32927941
32927942
32927944
32927945
32927946
32927947
32927948
32927949
32927950
32927951
32927952
32927953
32927954
32927955
32927956
32927957
32927959
32927960
32927961
32927962
32927963
32927964
32927965
32927967
32927968
32927969
32927970
32927971
32927972
32927973
32927974
32927975
32927976
32927977
32927978
32927979
32927981
32927982
32927983
32927984
32927985
32927986
32927987
32927989
32927992
32927994
32927995
32927997
32927998
32927999
32928000
32928002
32928004
32928005
32928006
32928008
32928009
32928010
32928011
32928012
32928013
32928014
32928015
32928016
32928017
32928018
32928019
32928020
32928022
32928023
32928024
32928025
32928026
32928028
32928029
32928030
32928032
32928033
32928034
32928036
32928037
32928039
32928041
32928043
32928045
32928047
32928048
32928050
32928051
32928052
32928053
32928054
32928056
32928057
32928059
32928065
32928068
32928069
32928070
32928071
32928072
32928073
32928077
32928079
32928080
32928083
32928084
32928085
32928086
32928087
32928089
32928092
32928093
32928094
32928095
32928096
32928097
32928098
32928100
32928101
32928102
32928103
32928104
32928106
32928108
32928109
32928112
32928114
32928116
32928118
32928121
32928122
32928124
32928125
32928128
32928131
32928132
32928133
32928134
32928135
32928136
32928137
32928138
32928139
32928141
32928142
32928143
32928144
32928145
32928146
32928148
32928149
32928150
32928152
32928153
32928154
32928155
32928156
32928157
32928158
32928159
32928160
32928161
32928162
32928163
32928164
32928165
32928166
32928167
32928168
32928169
32928172
32928173
32928174
32928177
32928178
32928180
32928181
32928185
32928187
32928189
32928190
32928191
32928192
32928194
32928195
32928197
32928198
32928202
32928203
32928204
32928205
32928208
32928209
32928211
32928213
32928215
32928217
32928218
32928220
32928221
32928223
32928224
32928225
32928226
32928229
32928230
32928232
32928233
32928234
32928235
32928237
32928239
32928240
32928241
32928242
32928244
32928245
32928246
32928247
32928248
32928249
32928250
32928251
32928253
32928254
32928256
32928257
32928258
32928259
32928260
32928261
32928262
32928263
32928265
32928268
32928269
32928270
32928271
32928273
32928274
32928276
32928277
32928278
32928279
32928280
32928281
32928282
32928284
32928285
32928286
32928289
32928290
32928291
32928292
32928295
32928296
32928297
32928298
32928299
32928300
32928301
32928302
32928303
32928304
32928305
32928306
32928307
32928308
32928309
32928311
32928312
32928314
32928315
32928317
32928318
32928319
32928320
32928321
32928324
32928325
32928326
32928328
32928329
32928330
32928331
32928333
32928336
32928338
32928339
32928341
32928342
32928343
32928345
32928346
32928347
32928348
32928349
32928350
32928351
32928353
32928357
32928358
32928360
32928361
32928362
32928364
32928365
32928366
32928367
32928368
32928370
32928372
32928373
32928374
32928375
32928376
32928377
32928379
32928380
32928381
32928383
32928384
32928386
32928387
32928388
32928389
32928390
32928391
32928392
32928393
32928395
32928396
32928397
32928398
32928399
32928400
32928402
32928404
32928407
32928408
32928409
32928410
32928411
32928414
32928415
32928417
32928418
32928419
32928420
32928422
32928423
32928424
32928425
32928426
32928427
32928428
32928429
32928431
32928433
32928434
32928437
32928439
32928440
32928441
32928443
32928445
32928448
32928449
32928450
32928451
32928452
32928454
32928455
32928456
32928457
32928459
32928461
32928462
32928465
32928466
32928467
32928468
32928469
32928471
32928472
32928473
32928475
32928476
32928478
32928479
32928480
32928481
32928482
32928485
32928487
32928488
32928490
32928491
32928492
32928494
32928495
32928496
32928497
32928498
32928499
32928500
32928501
32928502
32928503
32928506
32928507
32928508
32928509
32928510
32928511
32928512
32928513
32928514
32928516
32928518
32928519
32928522
32928523
32928524
32928525
32928526
32928527
32928528
32928530
32928531
32928533
32928534
32928536
32928537
32928538
32928540
32928542
32928543
32928544
32928546
32928547
32928548
32928549
32928550
32928551
32928553
32928555
32928556
32928558
32928559
32928560
32928561
32928564
32928565
32928566
32928567
32928568
32928569
32928570
32928571
32928572
32928573
32928574
32928575
32928576
32928577
32928578
32928579
32928580
32928581
32928582
32928583
32928584
32928585
32928586
32928587
32928588
32928590
32928591
32928592
32928593
32928595
32928596
32928597
32928598
32928599
32928600
32928602
32928603
32928604
32928605
32928606
32928607
32928608
32928610
32928611
32928612
32928613
32928614
32928615
32928616
32928617
32928618
32928619
32928620
32928621
32928622
32928623
32928624
32928626
32928627
32928628
32928631
32928632
32928633
32928634
32928637
32928638
32928640
32928641
32928642
32928643
32928644
32928646
32928647
32928648
32928649
32928651
32928653
32928655
32928656
32928657
32928658
32928659
32928660
32928662
32928663
32928665
32928666
32928668
32928669
32928670
32928671
32928672
32928673
32928675
32928676
32928677
32928678
32928679
32928680
32928682
32928684
32928685
32928686
32928688
32928690
32928691
32928692
32928693
32928695
32928696
32928699
32928700
32928701
32928702
32928703
32928704
32928705
32928706
32928707
32928708
32928709
32928710
32928711
32928712
32928713
32928714
32928715
32928717
32928718
32928719
32928720
32928721
32928722
32928723
32928724
32928725
32928726
32928727
32928729
32928730
32928731
32928733
32928734
32928735
32928736
32928737
32928738
32928739
32928740
32928743
32928744
32928745
32928746
32928747
32928748
32928751
32928752
32928753
32928754
32928755
32928757
32928760
32928761
32928762
32928764
32928765
32928766
32928767
32928770
32928771
32928773
32928776
32928777
32928778
32928779
32928781
32928782
32928783
32928786
32928787
32928789
32928791
32928792
32928793
32928794
32928795
32928799
32928800
32928801
32928802
32928803
32928804
32928805
32928806
32928807
32928808
32928809
32928811
32928812
32928813
32928814
32928815
32928817
32928818
32928819
32928820
32928821
32928822
32928823
32928824
32928825
32928827
32928828
32928829
32928830
32928832
32928833
32928834
32928835
32928838
32928839
32928840
32928841
32928842
32928843
32928844
32928845
32928847
32928848
32928850
32928851
32928852
32928853
32928854
32928856
32928857
32928858
32928859
32928860
32928861
32928862
32928865
32928866
32928867
32928871
32928872
32928873
32928875
32928876
32928877
32928878
32928879
32928880
32928882
32928883
32928884
32928885
32928886
32928888
32928889
32928890
32928891
32928893
32928894
32928895
32928896
32928897
32928898
32928901
32928903
32928904
32928906
32928907
32928908
32928909
32928910
32928911
32928912
32928913
32928914
32928918
32928919
32928920
32928921
32928922
32928924
32928926
32928927
32928928
32928930
32928931
32928932
32928933
32928934
32928935
32928936
32928938
32928939
32928940
32928941
32928942
32928943
32928945
32928946
32928947
32928948
32928949
32928950
32928951
32928952
32928954
32928955
32928957
32928959
32928960
32928961
32928965
32928966
32928967
32928968
32928969
32928970
32928971
32928972
32928976
32928977
32928978
32928979
32928981
32928982
32928983
32928986
32928987
32928988
32928990
32928991
32928992
32928993
32928994
32928995
32928996
32928997
32928998
32928999
32929000
32929001
32929002
32929003
32929004
32929005
32929006
32929007
32929008
32929010
32929011
32929012
32929013
32929014
32929016
32929017
32929018
32929019
32929020
32929021
32929022
32929023
32929024
32929025
32929026
32929027
32929028
32929029
32929030
32929031
32929032
32929033
32929034
32929035
32929036
32929037
32929039
32929040
32929041
32929042
32929043
32929044
32929046
32929047
32929048
32929049
32929050
32929052
32929053
32929054
32929055
32929056
32929057
32929058
32929059
32929060
32929061
32929063
32929064
32929065
32929066
32929067
32929068
32929069
32929071
32929072
32929076
32929077
32929078
32929079
32929080
32929082
32929083
32929086
32929087
32929088
32929090
32929091
32929092
32929094
32929096
32929097
32929098
32929099
32929100
32929101
32929102
32929103
32929104
32929106
32929107
32929108
32929110
32929111
32929113
32929115
32929116
32929117
32929118
32929119
32929120
32929121
32929122
32929123
32929126
32929127
32929128
32929129
32929130
32929131
32929132
32929133
32929134
32929135
32929136
32929137
32929138
32929139
32929140
32929141
32929143
32929145
32929146
32929148
32929149
32929151
32929153
32929154
32929156
32929157
32929158
32929159
32929160
32929161
32929162
32929163
32929164
32929165
32929166
32929167
32929168
32929169
32929170
32929171
32929172
32929173
32929174
32929175
32929176
32929177
32929178
32929180
32929181
32929182
32929184
32929187
32929188
32929189
32929190
32929191
32929192
32929193
32929195
32929196
32929198
32929199
32929200
32929201
32929202
32929204
32929205
32929206
32929207
32929208
32929209
32929210
32929211
32929212
32929213
32929214
32929215
32929216
32929218
32929219
32929220
32929221
32929223
32929224
32929225
32929226
32929227
32929228
32929229
32929230
32929231
32929232
32929233
32929234
32929236
32929237
32929238
32929239
32929240
32929241
32929242
32929244
32929245
32929246
32929247
32929248
32929249
32929250
32929252
32929253
32929254
32929255
32929256
32929257
32929258
32929260
32929261
32929262
32929263
32929265
32929266
32929268
32929269
32929270
32929271
32929272
32929273
32929274
32929275
32929276
32929277
32929280
32929281
32929282
32929283
32929284
32929285
32929286
32929287
32929289
32929290
32929291
32929292
32929293
32929294
32929295
32929297
32929298
32929299
32929300
32929301
32929302
32929303
32929304
32929305
32929306
32929308
32929309
32929310
32929311
32929312
32929314
32929315
32929316
32929317
32929318
32929319
32929320
32929321
32929322
32929323
32929324
32929325
32929327
32929328
32929330
32929331
32929333
32929335
32929336
32929337
32929339
32929340
32929341
32929342
32929343
32929344
32929345
32929347
32929348
32929349
32929350
32929351
32929354
32929355
32929356
32929358
32929360
32929363
32929364
32929365
32929366
32929367
32929368
32929370
32929371
32929372
32929373
32929374
32929376
32929378
32929381
32929383
32929384
32929385
32929386
32929388
32929389
32929392
32929393
32929394
32929395
32929396
32929398
32929401
32929402
32929404
32929405
32929409
32929410
32929412
32929413
32929414
32929415
32929418
32929419
32929420
32929421
32929423
32929424
32929427
32929428
32929431
32929432
32929433
32929434
32929435
32929437
32929438
32929440
32929441
32929442
32929443
32929444
32929445
32929449
32929450
32929451
32929452
32929453
32929454
32929455
32929457
32929458
32929460
32929462
32929463
32929464
32929465
32929466
32929467
32929468
32929469
32929472
32929473
32929474
32929475
32929477
32929478
32929479
32929482
32929483
32929484
32929485
32929487
32929488
32929490
32929492
32929494
32929495
32929496
32929498
32929499
32929500
32929501
32929502
32929504
32929506
32929507
32929508
32929509
32929510
32929512
32929513
32929514
32929515
32929516
32929517
32929518
32929519
32929520
32929522
32929523
32929525
32929526
32929527
32929528
32929529
32929530
32929531
32929532
32929533
32929534
32929535
32929536
32929537
32929538
32929540
32929542
32929543
32929544
32929545
32929546
32929549
32929552
32929553
32929554
32929555
32929557
32929558
32929559
32929560
32929561
32929562
32929564
32929566
32929567
32929568
32929569
32929570
32929571
32929573
32929574
32929575
32929576
32929577
32929579
32929580
32929581
32929582
32929583
32929585
32929586
32929587
32929589
32929590
32929591
32929592
32929593
32929594
32929596
32929597
32929598
32929600
32929601
32929604
32929605
32929606
32929607
32929609
32929610
32929611
32929612
32929613
32929614
32929616
32929617
32929618
32929619
32929620
32929621
32929623
32929625
32929626
32929628
32929630
32929631
32929633
32929635
32929636
32929638
32929639
32929640
32929641
32929643
32929644
32929645
32929646
32929648
32929649
32929650
32929651
32929652
32929653
32929655
32929656
32929657
32929658
32929660
32929661
32929663
32929665
32929666
32929667
32929668
32929669
32929670
32929671
32929672
32929673
32929674
32929675
32929676
32929678
32929679
32929680
32929681
32929682
32929683
32929685
32929686
32929687
32929690
32929691
32929692
32929693
32929694
32929695
32929696
32929697
32929699
32929700
32929701
32929702
32929703
32929704
32929705
32929706
32929707
32929708
32929709
32929710
32929711
32929712
32929713
32929715
32929716
32929717
32929718
32929719
32929720
32929721
32929723
32929724
32929726
32929727
32929728
32929729
32929732
32929733
32929735
32929736
32929737
32929738
32929739
32929740
32929743
32929744
32929745
32929746
32929747
32929749
32929751
32929752
32929753
32929754
32929756
32929757
32929758
32929759
32929760
32929761
32929762
32929763
32929764
32929766
32929767
32929769
32929771
32929772
32929773
32929774
32929775
32929778
32929780
32929783
32929784
32929785
32929786
32929787
32929789
32929790
32929792
32929793
32929794
32929795
32929796
32929799
32929800
32929802
32929804
32929805
32929806
32929807
32929809
32929813
32929814
32929815
32929816
32929817
32929818
32929819
32929820
32929822
32929823
32929824
32929827
32929828
32929829
32929830
32929832
32929833
32929836
32929837
32929838
32929839
32929840
32929842
32929843
32929845
32929847
32929848
32929850
32929851
32929853
32929854
32929857
32929859
32929860
32929862
32929863
32929865
32929866
32929867
32929868
32929870
32929873
32929877
32929879
32929881
32929882
32929883
32929885
32929888
32929889
32929890
32929891
32929893
32929894
32929895
32929896
32929897
32929898
32929900
32929901
32929902
32929904
32929906
32929909
32929910
32929911
32929912
32929913
32929914
32929918
32929919
32929920
32929922
32929923
32929924
32929925
32929928
32929929
32929930
32929932
32929933
32929934
32929936
32929937
32929938
32929940
32929941
32929942
32929943
32929945
32929946
32929947
32929948
32929949
32929950
32929951
32929952
32929953
32929954
32929955
32929956
32929958
32929959
32929960
32929962
32929964
32929967
32929968
32929969
32929970
32929971
32929972
32929973
32929974
32929975
32929976
32929979
32929980
32929981
32929982
32929983
32929984
32929989
32929990
32929992
32929994
32929995
32929996
32929998
32929999
32930000
32930001
32930002
32930003
32930004
32930005
32930006
32930008
32930009
32930010
32930012
32930014
32930015
32930017
32930020
32930021
32930022
32930023
32930024
32930025
32930026
32930027
32930028
32930030
32930032
32930034
32930035
32930036
32930037
32930038
32930039
32930040
32930042
32930043
32930045
32930047
32930049
32930050
32930052
32930053
32930054
32930055
32930058
32930060
32930062
32930063
32930065
32930066
32930068
32930069
32930070
32930071
32930072
32930073
32930074
32930075
32930076
32930077
32930078
32930079
32930080
32930082
32930083
32930084
32930085
32930086
32930088
32930089
32930090
32930091
32930092
32930096
32930097
32930099
32930100
32930101
32930102
32930103
32930105
32930107
32930108
32930109
32930111
32930113
32930115
32930116
32930117
32930119
32930120
32930121
32930122
32930123
32930125
32930127
32930128
32930130
32930131
32930132
32930134
32930137
32930138
32930140
32930142
32930143
32930145
32930146
32930147
32930149
32930151
32930152
32930153
32930155
32930159
32930161
32930163
32930164
32930165
32930167
32930169
32930170
32930171
32930172
32930174
32930176
32930177
32930178
32930179
32930180
32930181
32930183
32930185
32930186
32930187
32930188
32930189
32930190
32930193
32930194
32930195
32930196
32930197
32930198
32930199
32930200
32930201
32930202
32930203
32930204
32930205
32930207
32930209
32930210
32930211
32930212
32930214
32930217
32930219
32930220
32930221
32930222
32930223
32930224
32930225
32930228
32930229
32930230
32930232
32930235
32930236
32930238
32930240
32930242
32930243
32930244
32930245
32930246
32930248
32930250
32930252
32930253
32930254
32930255
32930256
32930259
32930260
32930261
32930262
32930264
32930266
32930268
32930270
32930271
32930274
32930276
32930278
32930279
32930280
32930281
32930282
32930283
32930284
32930285
32930286
32930287
32930288
32930291
32930292
32930294
32930295
32930296
32930297
32930299
32930300
32930301
32930302
32930303
32930304
32930305
32930306
32930307
32930309
32930311
32930312
32930315
32930316
32930317
32930319
32930320
32930321
32930322
32930323
32930324
32930325
32930327
32930329
32930331
32930333
32930335
32930336
32930338
32930339
32930341
32930342
32930344
32930345
32930347
32930348
32930350
32930352
32930353
32930354
32930355
32930357
32930360
32930362
32930363
32930366
32930371
32930372
32930374
32930377
32930378
32930379
32930380
32930381
32930384
32930385
32930386
32930389
32930390
32930393
32930394
32930396
32930397
32930400
32930402
32930403
32930405
32930406
32930407
32930409
32930411
32930412
32930413
32930414
32930415
32930416
32930418
32930420
32930421
32930422
32930423
32930425
32930428
32930429
32930430
32930431
32930432
32930435
32930436
32930437
32930439
32930440
32930441
32930443
32930444
32930445
32930446
32930447
32930448
32930450
32930451
32930452
32930453
32930455
32930457
32930459
32930460
32930462
32930463
32930464
32930465
32930466
32930467
32930468
32930469
32930470
32930472
32930473
32930474
32930476
32930477
32930478
32930479
32930480
32930481
32930482
32930484
32930485
32930486
32930487
32930489
32930490
32930491
32930492
32930493
32930494
32930495
32930496
32930497
32930498
32930499
32930500
32930501
32930502
32930503
32930505
32930506
32930507
32930508
32930509
32930510
32930511
32930512
32930513
32930514
32930515
32930517
32930518
32930519
32930520
32930521
32930522
32930523
32930529
32930530
32930531
32930532
32930533
32930534
32930536
32930537
32930538
32930539
32930541
32930542
32930544
32930545
32930546
32930547
32930548
32930551
32930552
32930555
32930557
32930559
32930561
32930562
32930563
32930565
32930566
32930568
32930569
32930570
32930571
32930572
32930573
32930574
32930576
32930578
32930580
32930581
32930582
32930583
32930585
32930586
32930587
32930588
32930590
32930592
32930594
32930595
32930596
32930597
32930600
32930602
32930603
32930604
32930605
32930607
32930608
32930609
32930610
32930612
32930613
32930616
32930617
32930618
32930620
32930625
32930628
32930630
32930631
32930633
32930635
32930636
32930637
32930638
32930640
32930641
32930642
32930643
32930645
32930648
32930649
32930650
32930651
32930652
32930653
32930654
32930655
32930657
32930659
32930663
32930664
32930665
32930666
32930669
32930670
32930672
32930674
32930675
32930676
32930677
32930679
32930681
32930682
32930684
32930685
32930687
32930688
32930689
32930693
32930694
32930696
32930697
32930699
32930700
32930701
32930702
32930703
32930705
32930707
32930710
32930711
32930712
32930716
32930717
32930718
32930720
32930721
32930723
32930726
32930727
32930729
32930730
32930731
32930732
32930734
32930735
32930736
32930738
32930740
32930741
32930743
32930745
32930748
32930749
32930751
32930752
32930753
32930754
32930756
32930758
32930759
32930760
32930764
32930765
32930766
32930768
32930769
32930771
32930773
32930774
32930775
32930776
32930777
32930778
32930780
32930781
32930783
32930784
32930785
32930790
32930791
32930794
32930795
32930797
32930799
32930800
32930802
32930805
32930806
32930807
32930808
32930809
32930810
32930814
32930815
32930817
32930818
32930819
32930820
32930821
32930823
32930825
32930827
32930828
32930829
32930830
32930831
32930833
32930834
32930836
32930838
32930840
32930842
32930843
32930844
32930845
32930846
32930848
32930849
32930852
32930853
32930854
32930856
32930857
32930859
32930861
32930862
32930863
32930864
32930865
32930866
32930867
32930868
32930870
32930872
32930873
32930874
32930875
32930876
32930877
32930878
32930879
32930880
32930881
32930882
32930883
32930885
32930886
32930888
32930890
32930891
32930893
32930894
32930895
32930898
32930900
32930901
32930902
32930903
32930904
32930905
32930908
32930909
32930910
32930911
32930912
32930913
32930914
32930915
32930916
32930917
32930918
32930919
32930920
32930923
32930924
32930925
32930926
32930927
32930928
32930929
32930930
32930931
32930933
32930935
32930937
32930938
32930941
32930942
32930944
32930946
32930947
32930948
32930952
32930953
32930954
32930956
32930957
32930959
32930961
32930962
32930965
32930966
32930967
32930970
32930972
32930973
32930974
32930976
32930978
32930979
32930980
32930981
32930982
32930983
32930984
32930986
32930987
32930988
32930991
32930992
32930993
32930995
32930996
32930998
32930999
32931000
32931001
32931004
32931005
32931006
32931007
32931008
32931009
32931010
32931011
32931013
32931014
32931017
32931018
32931019
32931020
32931021
32931022
32931023
32931024
32931027
32931028
32931029
32931030
32931031
32931032
32931033
32931034
32931035
32931036
32931037
32931038
32931039
32931041
32931042
32931043
32931045
32931046
32931047
32931048
32931049
32931050
32931052
32931053
32931054
32931055
32931056
32931058
32931059
32931060
32931062
32931063
32931064
32931065
32931066
32931067
32931068
32931069
32931070
32931071
32931072
32931073
32931074
32931075
32931077
32931078
32931080
32931081
32931083
32931084
32931085
32931086
32931089
32931090
32931092
32931093
32931094
32931095
32931096
32931097
32931098
32931099
32931100
32931101
32931102
32931104
32931105
32931106
32931107
32931108
32931109
32931110
32931112
32931113
32931114
32931115
32931116
32931118
32931119
32931120
32931122
32931123
32931124
32931125
32931126
32931127
32931128
32931129
32931130
32931131
32931133
32931135
32931136
32931137
32931138
32931139
32931140
32931141
32931142
32931143
32931144
32931145
32931146
32931147
32931148
32931149
32931150
32931152
32931153
32931154
32931155
32931156
32931157
32931158
32931159
32931160
32931161
32931163
32931164
32931165
32931166
32931167
32931168
32931169
32931171
32931172
32931173
32931174
32931175
32931176
32931177
32931178
32931180
32931181
32931182
32931183
32931184
32931185
32931186
32931187
32931188
32931189
32931190
32931191
32931192
32931193
32931194
32931195
32931196
32931197
32931198
32931199
32931200
32931201
32931202
32931203
32931204
32931205
32931206
32931207
32931208
32931209
32931210
32931211
32931212
32931213
32931215
32931216
32931217
32931218
32931219
32931220
32931221
32931222
32931223
32931224
32931225
32931226
32931227
32931230
32931231
32931233
32931234
32931235
32931237
32931238
32931239
32931240
32931241
32931243
32931244
32931245
32931246
32931247
32931248
32931249
32931251
32931252
32931253
32931254
32931255
32931256
32931257
32931259
32931260
32931261
32931262
32931263
32931264
32931265
32931266
32931267
32931268
32931269
32931270
32931271
32931272
32931273
32931274
32931276
32931277
32931278
32931279
32931280
32931281
32931282
32931285
32931286
32931288
32931289
32931290
32931291
32931292
32931293
32931294
32931295
32931296
32931297
32931298
32931299
32931300
32931301
32931302
32931303
32931305
32931306
32931307
32931308
32931309
32931310
32931311
32931312
32931313
32931315
32931316
32931317
32931318
32931319
32931321
32931322
32931323
32931326
32931327
32931328
32931330
32931331
32931333
32931335
32931336
32931337
32931340
32931341
32931343
32931344
32931345
32931346
32931348
32931349
32931350
32931355
32931357
32931358
32931359
32931361
32931362
32931363
32931364
32931365
32931366
32931367
32931368
32931369
32931371
32931372
32931373
32931376
32931378
32931379
32931380
32931381
32931383
32931384
32931385
32931386
32931388
32931389
32931391
32931392
32931394
32931395
32931396
32931397
32931398
32931400
32931401
32931402
32931404
32931405
32931407
32931408
32931410
32931412
32931413
32931415
32931416
32931417
32931418
32931420
32931421
32931422
32931423
32931424
32931425
32931427
32931428
32931429
32931431
32931433
32931434
32931435
32931436
32931437
32931438
32931439
32931441
32931443
32931444
32931445
32931446
32931448
32931449
32931450
32931451
32931452
32931453
32931454
32931458
32931459
32931460
32931461
32931462
32931463
32931464
32931465
32931466
32931467
32931469
32931470
32931472
32931473
32931474
32931475
32931476
32931478
32931480
32931481
32931483
32931485
32931486
32931487
32931488
32931489
32931490
32931492
32931494
32931495
32931497
32931498
32931500
32931501
32931502
32931503
32931504
32931505
32931506
32931508
32931509
32931512
32931514
32931516
32931518
32931519
32931521
32931522
32931523
32931525
32931527
32931528
32931529
32931530
32931532
32931533
32931534
32931535
32931536
32931537
32931538
32931539
32931541
32931545
32931547
32931548
32931549
32931550
32931551
32931552
32931553
32931554
32931555
32931556
32931557
32931560
32931561
32931562
32931563
32931564
32931565
32931566
32931567
32931568
32931569
32931570
32931572
32931573
32931575
32931576
32931577
32931579
32931580
32931581
32931582
32931585
32931586
32931587
32931588
32931589
32931590
32931591
32931592
32931593
32931594
32931595
32931596
32931599
32931600
32931601
32931602
32931604
32931605
32931606
32931607
32931608
32931609
32931610
32931611
32931612
32931616
32931617
32931618
32931619
32931620
32931622
32931624
32931625
32931626
32931627
32931628
32931629
32931630
32931631
32931632
32931633
32931634
32931635
32931636
32931637
32931638
32931639
32931641
32931643
32931644
32931645
32931646
32931648
32931649
32931650
32931651
32931653
32931654
32931658
32931659
32931660
32931661
32931662
32931663
32931664
32931665
32931666
32931667
32931668
32931670
32931671
32931672
32931673
32931674
32931676
32931677
32931679
32931680
32931681
32931683
32931685
32931686
32931687
32931688
32931690
32931692
32931693
32931694
32931696
32931697
32931698
32931699
32931701
32931702
32931703
32931704
32931705
32931706
32931707
32931708
32931709
32931710
32931711
32931712
32931714
32931716
32931717
32931720
32931721
32931723
32931725
32931726
32931728
32931729
32931731
32931733
32931734
32931737
32931738
32931739
32931740
32931744
32931746
32931747
32931749
32931751
32931752
32931753
32931754
32931755
32931756
32931757
32931758
32931759
32931760
32931764
32931765
32931766
32931768
32931769
32931770
32931771
32931772
32931773
32931775
32931776
32931777
32931778
32931780
32931781
32931782
32931785
32931786
32931787
32931788
32931789
32931790
32931791
32931792
32931793
32931794
32931796
32931797
32931798
32931799
32931800
32931801
32931802
32931803
32931804
32931805
32931806
32931807
32931810
32931811
32931812
32931813
32931814
32931815
32931816
32931818
32931819
32931822
32931823
32931825
32931826
32931827
32931828
32931830
32931832
32931833
32931834
32931835
32931836
32931837
32931838
32931840
32931843
32931844
32931845
32931846
32931847
32931848
32931849
32931851
32931852
32931853
32931854
32931855
32931856
32931857
32931860
32931862
32931863
32931864
32931865
32931866
32931869
32931870
32931871
32931872
32931873
32931874
32931875
32931878
32931879
32931880
32931881
32931883
32931884
32931885
32931888
32931889
32931890
32931891
32931893
32931894
32931896
32931897
32931898
32931899
32931900
32931903
32931904
32931905
32931906
32931907
32931908
32931909
32931912
32931914
32931915
32931918
32931919
32931925
32931926
32931927
32931929
32931930
32931932
32931933
32931936
32931937
32931938
32931939
32931940
32931941
32931942
32931944
32931946
32931947
32931949
32931950
32931951
32931953
32931954
32931955
32931956
32931957
32931958
32931959
32931962
32931963
32931964
32931965
32931966
32931967
32931968
32931969
32931970
32931971
32931972
32931974
32931976
32931978
32931979
32931980
32931982
32931983
32931984
32931985
32931986
32931988
32931989
32931990
32931992
32931993
32931994
32931996
32931997
32931999
32932000
32932001
32932002
32932003
32932005
32932007
32932008
32932009
32932010
32932012
32932013
32932014
32932015
32932017
32932018
32932019
32932021
32932022
32932024
32932025
32932026
32932027
32932029
32932030
32932032
32932033
32932034
32932035
32932037
32932038
32932039
32932040
32932042
32932044
32932045
32932046
32932047
32932048
32932051
32932053
32932054
32932055
32932056
32932057
32932059
32932060
32932062
32932063
32932064
32932066
32932070
32932071
32932072
32932073
32932074
32932075
32932076
32932079
32932080
32932083
32932085
32932086
32932087
32932088
32932089
32932091
32932092
32932094
32932095
32932096
32932097
32932098
32932099
32932100
32932101
32932102
32932103
32932104
32932105
32932106
32932107
32932108
32932109
32932110
32932112
32932113
32932116
32932118
32932119
32932121
32932122
32932123
32932124
32932126
32932127
32932128
32932130
32932131
32932132
32932133
32932134
32932136
32932137
32932138
32932139
32932140
32932141
32932142
32932144
32932145
32932146
32932147
32932148
32932149
32932150
32932151
32932152
32932153
32932154
32932155
32932156
32932157
32932158
32932159
32932161
32932162
32932163
32932164
32932166
32932167
32932168
32932169
32932170
32932171
32932172
32932173
32932174
32932175
32932176
32932177
32932178
32932179
32932180
32932181
32932182
32932184
32932185
32932186
32932187
32932188
32932189
32932190
32932191
32932192
32932194
32932195
32932196
32932197
32932198
32932199
32932200
32932201
32932202
32932203
32932204
32932205
32932206
32932207
32932208
32932209
32932210
32932211
32932213
32932214
32932215
32932216
32932217
32932218
32932219
32932220
32932221
32932222
32932223
32932224
32932225
32932226
32932227
32932228
32932230
32932231
32932232
32932233
32932234
32932235
32932236
32932237
32932238
32932239
32932240
32932241
32932242
32932243
32932244
32932245
32932246
32932247
32932248
32932250
32932251
32932252
32932253
32932254
32932255
32932256
32932257
32932258
32932259
32932260
32932262
32932263
32932264
32932265
32932266
32932267
32932268
32932269
32932270
32932271
32932272
32932273
32932274
32932275
32932276
32932277
32932281
32932282
32932283
32932284
32932285
32932286
32932287
32932288
32932289
32932290
32932292
32932293
32932294
32932295
32932296
32932297
32932298
32932299
32932300
32932301
32932302
32932303
32932304
32932305
32932306
32932307
32932308
32932309
32932310
32932311
32932312
32932313
32932315
32932316
32932318
32932319
32932320
32932321
32932322
32932324
32932325
32932326
32932328
32932329
32932330
32932332
32932334
32932335
32932336
32932337
32932338
32932339
32932340
32932341
32932342
32932343
32932344
32932345
32932347
32932348
32932349
32932350
32932351
32932352
32932353
32932354
32932355
32932356
32932357
32932359
32932360
32932361
32932362
32932363
32932364
32932365
32932366
32932367
32932368
32932370
32932371
32932372
32932374
32932375
32932376
32932377
32932379
32932380
32932381
32932383
32932384
32932385
32932386
32932387
32932388
32932389
32932390
32932391
32932392
32932393
32932395
32932396
32932397
32932398
32932399
32932400
32932402
32932403
32932404
32932405
32932406
32932407
32932408
32932409
32932410
32932412
32932413
32932414
32932415
32932416
32932417
32932418
32932419
32932420
32932421
32932422
32932423
32932424
32932425
32932426
32932427
32932428
32932429
32932430
32932432
32932433
32932434
32932436
32932437
32932438
32932439
32932442
32932443
32932444
32932445
32932448
32932449
32932450
32932451
32932452
32932453
32932454
32932455
32932458
32932459
32932460
32932461
32932462
32932463
32932464
32932465
32932466
32932467
32932469
32932470
32932471
32932472
32932473
32932475
32932476
32932477
32932479
32932480
32932481
32932482
32932483
32932484
32932485
32932486
32932487
32932488
32932491
32932492
32932493
32932494
32932495
32932496
32932497
32932499
32932500
32932501
32932502
32932503
32932504
32932505
32932506
32932507
32932508
32932509
32932510
32932511
32932513
32932514
32932515
32932516
32932517
32932518
32932519
32932520
32932521
32932522
32932524
32932525
32932526
32932527
32932528
32932529
32932530
32932531
32932532
32932533
32932534
32932535
32932536
32932537
32932538
32932539
32932540
32932541
32932542
32932543
32932544
32932546
32932547
32932548
32932549
32932550
32932551
32932552
32932553
32932554
32932555
32932556
32932557
32932558
32932559
32932560
32932561
32932562
32932563
32932564
32932566
32932567
32932570
32932571
32932572
32932573
32932576
32932577
32932578
32932579
32932580
32932582
32932583
32932584
32932585
32932586
32932587
32932589
32932590
32932591
32932592
32932593
32932595
32932597
32932598
32932599
32932600
32932602
32932603
32932604
32932605
32932606
32932607
32932608
32932609
32932611
32932612
32932613
32932614
32932615
32932617
32932618
32932619
32932622
32932623
32932625
32932626
32932627
32932628
32932629
32932630
32932631
32932632
32932633
32932635
32932636
32932637
32932638
32932639
32932640
32932642
32932643
32932644
32932645
32932647
32932649
32932650
32932652
32932653
32932654
32932655
32932656
32932658
32932659
32932660
32932661
32932662
32932663
32932664
32932666
32932667
32932668
32932669
32932670
32932672
32932673
32932675
32932676
32932677
32932678
32932679
32932681
32932683
32932685
32932687
32932688
32932689
32932690
32932691
32932692
32932694
32932695
32932696
32932697
32932698
32932699
32932700
32932702
32932703
32932704
32932705
32932706
32932707
32932708
32932710
32932711
32932712
32932713
32932714
32932715
32932716
32932717
32932718
32932719
32932720
32932721
32932724
32932726
32932727
32932728
32932729
32932730
32932731
32932732
32932733
32932734
32932735
32932736
32932737
32932738
32932739
32932740
32932742
32932743
32932744
32932745
32932746
32932748
32932749
32932752
32932753
32932754
32932755
32932756
32932757
32932759
32932760
32932762
32932763
32932764
32932767
32932769
32932770
32932771
32932772
32932773
32932774
32932775
32932779
32932780
32932782
32932783
32932784
32932785
32932787
32932788
32932789
32932790
32932791
32932792
32932793
32932794
32932795
32932796
32932797
32932798
32932799
32932800
32932801
32932802
32932804
32932805
32932806
32932807
32932808
32932809
32932811
32932813
32932814
32932815
32932817
32932818
32932819
32932820
32932821
32932822
32932823
32932824
32932825
32932828
32932829
32932830
32932831
32932832
32932833
32932834
32932836
32932837
32932838
32932842
32932843
32932845
32932846
32932847
32932848
32932849
32932851
32932852
32932854
32932855
32932857
32932858
32932859
32932860
32932861
32932862
32932863
32932865
32932866
32932867
32932868
32932869
32932870
32932871
32932872
32932873
32932874
32932875
32932877
32932878
32932879
32932880
32932881
32932882
32932886
32932887
32932888
32932889
32932890
32932891
32932893
32932894
32932895
32932896
32932898
32932900
32932901
32932903
32932904
32932907
32932909
32932910
32932911
32932912
32932914
32932917
32932918
32932919
32932920
32932921
32932922
32932924
32932926
32932927
32932928
32932929
32932930
32932933
32932935
32932937
32932939
32932942
32932944
32932945
32932946
32932947
32932950
32932951
32932952
32932953
32932954
32932955
32932956
32932957
32932960
32932962
32932963
32932965
32932967
32932968
32932969
32932970
32932971
32932972
32932973
32932976
32932977
32932978
32932980
32932981
32932982
32932983
32932984
32932986
32932988
32932990
32932991
32932993
32932994
32932996
32932998
32932999
32933000
32933001
32933002
32933003
32933004
32933005
32933006
32933007
32933008
32933009
32933010
32933012
32933013
32933014
32933015
32933016
32933018
32933019
32933020
32933021
32933023
32933024
32933025
32933027
32933028
32933029
32933031
32933032
32933033
32933034
32933035
32933037
32933039
32933040
32933042
32933044
32933046
32933048
32933050
32933051
32933053
32933054
32933056
32933057
32933058
32933059
32933062
32933063
32933064
32933067
32933069
32933071
32933072
32933074
32933075
32933077
32933079
32933080
32933081
32933083
32933084
32933086
32933087
32933088
32933089
32933091
32933092
32933094
32933095
32933096
32933097
32933098
32933102
32933103
32933104
32933105
32933106
32933108
32933109
32933112
32933114
32933115
32933116
32933117
32933118
32933120
32933124
32933127
32933128
32933131
32933134
32933135
32933136
32933138
32933139
32933141
32933142
32933144
32933145
32933146
32933148
32933151
32933152
32933153
32933155
32933156
32933157
32933158
32933160
32933161
32933162
32933164
32933165
32933166
32933167
32933168
32933170
32933171
32933173
32933175
32933176
32933177
32933178
32933179
32933180
32933181
32933182
32933183
32933185
32933186
32933187
32933188
32933189
32933191
32933192
32933193
32933194
32933195
32933196
32933198
32933199
32933200
32933201
32933202
32933204
32933205
32933206
32933210
32933211
32933212
32933213
32933214
32933215
32933216
32933217
32933218
32933219
32933220
32933221
32933222
32933224
32933225
32933226
32933227
32933228
32933229
32933230
32933232
32933233
32933234
32933235
32933236
32933237
32933238
32933239
32933242
32933244
32933246
32933247
32933248
32933249
32933251
32933252
32933253
32933254
32933256
32933257
32933259
32933260
32933261
32933263
32933264
32933265
32933266
32933268
32933269
32933270
32933271
32933272
32933273
32933274
32933276
32933278
32933280
32933281
32933282
32933284
32933285
32933286
32933289
32933290
32933291
32933292
32933294
32933297
32933298
32933299
32933300
32933301
32933306
32933308
32933309
32933310
32933314
32933315
32933316
32933318
32933319
32933321
32933322
32933323
32933325
32933326
32933327
32933329
32933330
32933331
32933332
32933334
32933335
32933336
32933337
32933338
32933339
32933341
32933342
32933343
32933344
32933345
32933347
32933348
32933349
32933350
32933351
32933352
32933353
32933354
32933356
32933357
32933359
32933360
32933362
32933363
32933364
32933365
32933366
32933367
32933369
32933370
32933371
32933372
32933374
32933375
32933377
32933378
32933379
32933381
32933383
32933386
32933388
32933389
32933390
32933391
32933393
32933394
32933395
32933397
32933398
32933399
32933400
32933401
32933403
32933404
32933406
32933407
32933408
32933409
32933411
32933413
32933418
32933419
32933420
32933421
32933422
32933424
32933425
32933426
32933428
32933431
32933432
32933433
32933434
32933436
32933437
32933439
32933441
32933444
32933445
32933446
32933447
32933448
32933450
32933451
32933453
32933454
32933455
32933456
32933458
32933459
32933460
32933461
32933462
32933463
32933464
32933465
32933466
32933467
32933468
32933469
32933470
32933471
32933472
32933474
32933475
32933476
32933479
32933480
32933481
32933482
32933483
32933484
32933485
32933487
32933488
32933489
32933490
32933493
32933494
32933495
32933497
32933498
32933500
32933501
32933503
32933505
32933506
32933507
32933508
32933510
32933511
32933512
32933513
32933514
32933518
32933519
32933523
32933524
32933526
32933527
32933528
32933529
32933530
32933531
32933534
32933535
32933537
32933538
32933539
32933541
32933542
32933543
32933544
32933546
32933547
32933548
32933550
32933551
32933553
32933555
32933556
32933557
32933558
32933559
32933560
32933561
32933562
32933563
32933564
32933567
32933568
32933569
32933570
32933571
32933573
32933576
32933578
32933579
32933580
32933581
32933583
32933585
32933586
32933587
32933588
32933589
32933593
32933594
32933598
32933600
32933602
32933603
32933605
32933606
32933608
32933609
32933611
32933612
32933613
32933614
32933617
32933621
32933622
32933626
32933628
32933629
32933632
32933635
32933636
32933637
32933639
32933641
32933642
32933643
32933645
32933646
32933648
32933649
32933651
32933654
32933655
32933656
32933658
32933659
32933661
32933662
32933663
32933664
32933666
32933670
32933672
32933675
32933677
32933680
32933681
32933682
32933684
32933685
32933686
32933688
32933689
32933691
32933692
32933694
32926613
32926614
32926616
32926617
32926618
32926619