32969617
32969618
32969621
32969671
32969673
32969674
32969679
32969696
32969698
32969725
32969731
32969737
32969738
32969739
32969742
32969745
32969746
32969747
32969748
32969767
32969769
32969771
32969773
32969775
32969776
32969777
32969778
32969779
32969784
32969788
32969790
32969791
32969793
32969800
32969801
32969804
32969805
32969806
32969807
32969808
32969810
32969814
32969816
32969817
32969818
32969819
32969821
32969824
32969825
32969828
32969829
32969830
32969831
32969832
32969833
32969837
32969838
32969840
32969845
32969847
32969852
32969865
32969645
32969892
32969897
32969898
32969902
32969903
32969912
32969913
32969916
32969927
32969929
32969934
32969938
32969946
32969948
32969949
32969965
32969975
32969976
32969981
32969982
32969992
32969994
32969995
32970001
32970005
32970006
32970007
32970008
32970013
32970026
32970029
32970030
32970032
32970041
32970042
32970043
32970045
32970046
32970048
32970049
32970051
32970054
32970057
32970059
32970067
32970069
32970070
32970071
32970072
32970073
32970074
32970075
32970076
32970077
32970078
32970079
32970080
32970081
32970082
32970083
32970084
32970085
32970086
32970088
32970089
32970090
32970091
32970093
32970095
32970097
32970098
32970099
32970102
32970104
32970106
32970107
32970108
32970109
32970110
32970111
32970112
32970113
32970115
32970116
32970117
32970119
32970124
32970127
32970128
32970129
32970132
32970133
32970134
32970135
32970137
32970140
32970142
32970143
32970144
32970146
32970147
32970148
32970151
32970152
32970153
32970155
32970161
32970162
32970164
32970172
32970174
32970175
32970180
32970187
32970215
32970232
32970234
32970235
32970238
32970239
32970241
32970243
32970247
32970248
32970250
32970252
32970253
32970255
32970256
32970257
32970262
32970263
32970268
32970271
32970272
32970273
32970274
32970277
32970278
32970280
32970281
32970285
32970286
32970287
32970290
32970291
32970292
32970293
32970294
32970296
32970299
32970300
32970301
32970302
32970303
32970304
32970306
32970308
32970309
32970310
32970311
32970314
32970315
32970316
32970318
32970327
32970329
32970330
32970331
32970335
32970339
32970340
32970343
32970345
32970347
32970348
32970349
32970350
32970351
32970353
32970354
32970355
32970356
32970357
32970358
32970360
32970361
32970362
32970368
32970369
32970370
32970373
32970374
32970376
32970378
32970379
32970383
32970384
32970385
32970386
32970388
32970390
32970391
32970398
32970400
32970401
32970402
32970404
32970406
32970407
32970411
32970412
32970413
32970414
32970415
32970416
32970417
32970425
32970429
32970432
32970434
32970435
32970436
32970437
32970440
32970441
32970442
32970445
32970452
32970454
32970455
32970460
32970461
32970462
32970463
32970464
32970466
32970467
32970468
32970479
32970484
32970487
32970503
32970507
32970510
32970511
32970516
32970519
32970530
32970531
32970532
32970533
32970534
32970538
32970540
32970545
32970549
32970551
32970552
32970559
32970561
32970565
32970566
32970572
32970574
32970578
32970579
32970580
32970581
32970582
32970586
32970599
32970602
32970603
32970604
32970606
32970610
32970612
32970613
32970614
32970615
32970616
32970619
32970620
32970622
32970624
32970635
32970638
32970640
32970664
32970667
32970673
32970676
32970683
32970684
32970685
32970686
32970687
32970691
32970696
32970698
32972342
32970699
32970701
32970709
32970743
32970744
32970745
32970747
32970751
32970752
32970753
32970754
32970755
32970760
32970761
32970765
32970768
32970771
32970772
32972345
32970775
32970776
32970793
32970795
32970803
32970805
32970814
32970816
32970834
32970836
32970844
32970849
32970850
32970852
32970861
32970862
32970874
32970875
32970876
32970879
32970880
32970889
32970890
32970894
32970895
32970896
32970901
32970915
32970921
32972351
32970923
32970925
32970927
32970936
32970938
32970941
32970942
32972356
32976564
32971926
32971930
32971931
32971935
32971938
32971943
32971944
32969017
32971962
32971963
32971964
32971968
32971969
32971970
32971971
32971972
32971974
32971976
32971977
32971984
32971986
32971997
32971998
32971999
32972000
32972003
32972008
32972014
32972015
32972025
32972026
32972032
32972037
32972038
32972039
32972040
32972049
32972064
32972065
32972097
32972101
32972102
32972109
32972112
32972118
32972125
32972126
32972129
32972138
32972140
32972141
32972142
32972143
32972144
32972146
32972149
32972150
32972153
32972156
32972159
32969060
32972166
32972172
32972183
32972192
32972194
32972195
32972204
32972207
32972208
32972222
32972225
32965408
32965410
32965411
32965412
32965413
32965414
32965415
32965417
32965418
32965419
32965420
32965421
32965422
32965423
32965424
32965425
32965426
32965428
32965429
32965430
32965431
32965432
32965433
32965434
32965435
32965436
32965437
32965438
32965439
32965440
32965441
32965443
32965444
32965445
32965446
32965447
32965448
32965449
32965450
32965451
32972235
32965454
32965455
32965456
32965459
32965460
32965461
32965462
32965463
32965464
32965465
32965467
32965468
32965469
32965470
32965471
32965472
32965473
32965474
32965475
32972236
32965477
32965478
32965479
32965480
32965481
32965482
32965483
32965485
32965487
32965488
32965490
32965491
32965493
32965494
32965495
32972237
32965497
32965498
32965499
32965500
32965501
32965502
32965503
32965504
32965505
32965506
32965507
32965508
32965510
32965511
32965512
32965513
32965514
32965516
32965518
32965519
32965520
32965521
32965522
32965523
32965524
32965525
32965526
32965528
32965530
32965531
32965533
32965534
32965535
32965536
32965538
32965539
32965540
32965541
32965542
32965543
32965544
32965545
32965546
32965547
32965548
32965549
32965550
32965551
32965552
32965553
32965554
32965555
32965556
32965557
32965558
32965559
32965560
32965561
32965562
32965563
32965564
32965565
32965566
32965567
32965568
32965569
32965570
32965571
32965572
32965573
32965574
32965577
32965578
32965580
32965581
32965582
32965583
32965584
32965585
32965586
32965587
32965588
32965589
32965590
32965591
32965592
32965593
32965594
32965595
32965596
32965597
32965598
32965599
32965600
32965601
32965602
32965603
32965605
32965606
32965607
32965608
32965609
32965610
32965611
32965612
32965613
32965614
32965615
32965616
32965617
32965619
32965620
32965621
32965622
32965623
32965624
32965625
32965627
32965628
32965629
32965630
32965631
32965632
32965633
32965634
32965635
32965636
32965637
32965638
32965639
32965640
32965642
32965644
32965645
32965646
32965647
32965648
32965650
32965652
32965654
32965655
32965656
32965657
32965658
32965660
32965661
32965662
32965663
32965664
32965665
32965666
32965667
32965669
32965670
32965671
32965672
32965673
32965675
32965677
32965678
32965679
32965680
32965681
32965682
32965683
32965684
32965685
32965686
32965687
32965688
32965689
32965690
32965691
32965692
32965693
32965695
32965696
32965697
32965698
32965699
32965700
32965701
32965702
32965703
32965706
32965707
32965708
32965709
32965710
32965711
32965712
32965713
32965714
32965715
32965716
32965717
32965718
32965719
32965720
32965721
32972246
32965723
32965725
32965726
32965727
32965728
32965729
32965730
32965731
32965732
32965734
32965735
32965736
32965737
32965739
32965740
32965741
32965742
32965743
32965744
32965746
32965747
32965748
32965749
32965751
32965752
32965753
32965754
32965755
32965756
32965757
32965759
32965760
32965761
32965763
32965764
32965766
32965767
32965768
32965769
32965772
32965774
32965775
32965776
32965777
32965779
32965780
32965781
32965783
32965784
32965785
32965787
32965788
32965790
32965791
32965792
32965796
32965797
32965798
32965799
32972249
32965801
32965802
32965803
32965804
32965805
32965806
32965807
32965808
32965809
32965810
32965813
32965814
32965816
32965817
32965818
32965819
32965820
32965821
32965824
32965825
32965826
32965827
32965829
32965831
32965833
32965834
32965835
32965836
32965837
32965842
32965844
32965846
32965847
32965848
32965849
32965851
32965852
32965853
32965854
32965855
32965856
32965858
32965859
32965861
32965865
32965866
32965868
32965869
32965870
32965871
32965872
32965873
32965874
32965875
32965876
32972252
32965879
32965880
32965881
32965883
32965884
32965885
32965886
32965887
32965888
32965889
32965890
32965891
32965892
32965894
32965896
32965897
32965898
32965899
32965900
32965901
32965902
32965903
32965904
32965905
32965907
32965908
32965909
32965910
32965912
32965913
32965914
32965916
32965917
32965918
32965919
32965921
32965922
32965923
32965924
32965925
32965926
32965928
32965929
32965930
32965931
32965932
32965933
32965934
32965935
32965936
32965937
32965938
32965939
32965940
32965941
32965942
32965943
32965944
32965945
32965946
32965947
32965948
32965949
32965950
32965951
32965952
32965953
32965954
32965955
32965957
32965958
32965959
32965960
32965963
32965964
32965965
32965966
32965967
32965968
32965969
32965970
32965971
32965972
32965973
32965975
32965976
32965978
32965980
32965983
32965984
32965985
32965986
32965987
32965988
32965990
32965992
32965994
32965996
32965999
32966000
32966001
32966004
32966005
32966010
32966011
32966012
32966013
32966014
32966017
32966018
32966019
32966020
32966021
32966022
32966024
32966025
32966026
32966027
32966028
32966029
32966031
32966036
32966037
32966038
32966039
32966040
32966044
32966045
32966046
32966047
32966048
32966052
32966054
32966055
32966058
32966059
32966061
32966062
32966063
32966064
32966066
32966067
32966068
32966070
32966072
32966075
32966079
32966080
32966081
32966082
32966083
32966084
32966085
32966087
32966089
32966090
32966091
32966092
32966094
32966095
32966096
32966097
32966098
32966099
32966100
32966101
32966102
32966103
32966104
32966105
32966106
32966107
32966108
32966109
32966110
32966111
32966112
32966113
32966114
32966115
32966116
32966117
32966118
32966119
32966120
32966121
32966122
32966123
32966124
32966125
32966126
32966127
32966128
32966129
32966130
32966131
32966132
32966133
32966134
32966136
32966137
32966138
32966139
32966140
32966141
32966142
32966143
32966144
32966145
32966146
32966147
32966148
32966149
32966150
32966151
32966152
32966153
32966154
32966155
32972263
32966157
32966158
32966161
32966163
32966164
32966165
32966166
32966167
32966168
32966169
32966170
32966172
32966174
32966175
32972264
32966177
32966180
32966181
32966182
32966183
32966184
32966185
32966186
32966188
32966189
32966190
32966191
32966192
32966193
32966194
32966195
32966196
32966197
32966198
32966199
32966201
32966202
32966203
32966204
32966205
32966206
32966207
32966208
32972265
32966210
32966212
32966213
32966215
32966216
32966218
32966220
32966222
32966224
32966225
32966226
32972266
32966229
32966231
32966232
32966233
32966234
32966235
32966236
32966237
32966238
32966241
32966242
32966243
32966244
32966245
32966247
32966249
32966250
32966252
32966253
32966257
32966258
32966259
32966260
32966261
32966263
32966264
32966266
32966268
32966269
32966270
32966271
32966273
32966274
32966276
32966277
32966280
32966281
32966282
32966283
32966284
32966285
32966286
32966287
32966288
32966289
32966290
32966291
32966292
32966293
32966296
32966297
32966298
32966299
32966300
32966301
32966302
32966303
32966304
32966305
32966306
32966307
32966308
32966310
32966311
32966316
32966318
32966319
32966320
32966322
32966323
32966324
32966325
32966326
32966327
32966328
32972270
32966330
32966331
32966332
32966333
32966334
32966335
32966336
32966337
32966339
32966340
32966342
32966343
32966344
32966345
32966346
32966347
32966348
32966349
32966350
32966351
32966352
32966353
32966354
32966355
32966356
32966357
32966358
32966360
32966363
32966364
32966365
32966366
32966367
32966368
32966369
32966370
32966371
32966373
32966375
32966376
32966377
32966378
32966379
32966380
32966381
32972272
32966383
32966384
32966387
32966388
32966389
32966390
32966391
32966392
32966394
32966395
32966396
32966397
32966398
32966399
32966400
32972273
32966403
32966404
32966405
32966406
32966407
32966409
32966410
32966411
32966412
32966413
32966414
32966416
32966417
32966418
32966419
32966420
32966421
32966423
32966424
32966425
32966427
32966428
32966429
32966430
32966431
32966433
32966434
32966435
32966437
32966439
32966440
32966441
32966442
32966443
32966446
32966448
32966449
32966450
32966451
32966452
32966453
32966454
32972275
32966456
32966458
32966459
32966460
32966462
32966463
32966464
32966465
32966467
32966469
32966471
32966474
32966475
32972276
32966477
32966479
32966480
32966482
32966483
32966484
32966485
32966486
32966490
32966491
32966493
32966494
32966496
32966497
32966499
32966500
32966501
32966502
32966503
32966504
32966505
32966506
32966509
32966510
32966511
32966512
32966513
32966514
32966516
32966517
32966518
32966519
32966520
32966521
32966522
32966523
32966524
32966526
32966527
32966530
32966531
32966532
32966534
32966535
32966538
32966539
32966540
32966541
32966542
32966544
32966545
32966546
32966548
32966549
32966550
32966551
32966554
32966555
32966556
32966557
32966558
32966559
32966560
32966561
32966562
32966563
32966564
32966565
32966566
32966567
32966568
32966569
32966570
32966571
32966572
32966573
32966574
32966576
32966578
32966579
32966580
32966581
32966582
32966583
32966584
32966585
32966586
32966587
32966589
32966590
32966592
32966593
32966594
32966598
32966601
32972281
32966605
32966606
32966607
32966609
32966610
32966612
32966619
32966621
32966624
32966625
32966628
32966630
32966631
32966632
32966633
32966635
32966637
32966638
32966639
32966641
32966642
32966643
32966644
32966645
32966646
32966647
32966649
32966651
32966652
32966654
32966655
32966656
32966657
32966658
32966659
32966661
32966665
32966666
32966669
32966670
32966671
32966673
32966674
32966675
32966676
32966677
32966678
32966679
32966680
32966681
32966682
32966683
32966684
32966686
32966687
32966688
32966690
32966691
32966694
32966695
32966696
32966697
32966698
32966699
32966701
32966703
32966704
32966706
32966707
32966708
32966711
32966712
32966713
32966714
32966718
32966719
32966722
32966723
32966724
32966726
32966727
32966729
32966730
32966731
32966732
32966733
32966735
32966736
32966737
32966738
32966739
32966740
32966742
32966743
32966745
32966747
32966748
32966749
32966751
32966752
32972287
32966754
32966755
32966757
32966758
32966760
32966761
32966763
32966764
32966765
32966766
32966767
32966768
32966769
32966770
32966774
32966775
32966777
32966779
32966780
32966782
32966784
32966785
32966789
32966790
32966792
32966793
32966794
32966795
32966798
32966800
32966803
32966805
32966808
32966814
32966818
32966819
32966820
32966822
32966823
32966825
32966826
32972290
32966832
32966834
32966835
32966837
32966838
32966839
32966840
32966841
32966842
32966844
32966847
32966848
32966850
32966851
32966853
32966855
32966857
32966858
32966859
32966860
32966865
32966866
32966867
32966869
32966870
32966872
32966873
32966875
32966876
32966878
32966880
32966883
32966885
32966886
32966887
32966890
32966892
32966894
32966895
32966896
32966898
32966899
32966900
32966901
32966902
32966903
32966904
32966906
32972293
32966908
32966909
32966911
32966913
32966914
32966915
32966917
32966918
32966920
32966922
32966924
32966926
32966927
32966930
32966931
32972294
32966936
32966937
32966939
32966940
32966941
32966942
32966943
32966944
32966947
32966949
32966950
32966951
32966952
32966954
32972295
32966958
32966959
32966961
32966962
32966963
32966965
32966968
32966969
32966970
32966972
32966974
32966975
32966976
32966977
32966978
32966980
32966981
32966982
32966983
32966985
32966986
32966989
32966992
32966993
32966994
32966995
32966998
32967000
32967003
32967005
32967006
32967007
32967008
32967009
32967010
32967012
32967013
32967014
32967015
32967016
32967017
32967019
32967020
32967021
32967022
32967023
32967024
32967025
32967026
32967027
32967028
32967029
32967030
32967031
32967032
32967033
32967034
32967035
32967036
32967037
32967038
32967039
32972298
32967041
32967042
32967043
32967044
32967045
32967046
32967047
32967048
32967049
32967050
32967051
32967052
32967053
32967054
32967055
32967057
32967058
32967059
32967060
32967061
32967062
32967066
32967068
32967069
32967071
32967072
32967073
32967074
32967076
32967077
32967078
32967079
32967080
32967082
32967085
32967088
32967089
32967090
32967091
32967092
32967093
32967094
32967096
32967097
32967098
32967100
32967101
32967103
32967104
32972301
32967107
32967108
32967109
32967110
32967111
32967112
32967114
32967115
32967116
32967117
32967118
32967119
32967120
32967121
32967122
32967123
32967124
32967125
32967126
32967127
32967128
32967129
32967131
32967132
32967133
32972302
32967136
32967137
32967138
32967139
32967143
32967144
32967147
32967150
32967152
32967153
32967155
32967156
32967159
32967160
32967161
32967163
32967164
32967165
32967167
32967169
32967170
32967174
32967175
32967176
32967179
32967180
32972304
32967182
32967183
32967184
32967185
32967186
32967187
32967189
32967190
32967191
32967192
32967193
32967194
32967195
32967196
32967199
32967200
32967201
32967202
32967203
32968787
32967205
32967206
32967207
32967208
32967209
32968788
32968789
32967214
32967215
32968790
32967218
32967220
32967222
32967223
32967224
32967225
32967226
32967227
32967228
32967229
32967230
32967231
32967232
32967233
32967234
32967235
32967236
32967237
32967238
32968794
32967240
32967242
32967244
32967245
32967246
32967247
32967248
32967249
32967250
32967251
32967252
32967253
32967254
32968797
32967256
32967257
32967258
32967259
32967260
32967261
32968798
32967263
32967264
32967265
32967266
32967267
32967268
32967269
32968799
32967271
32968800
32967273
32968801
32967276
32967277
32967278
32967279
32968802
32967281
32967282
32967283
32967284
32968803
32967287
32967288
32967289
32967290
32967291
32967292
32967293
32967294
32967295
32968804
32967297
32967298
32967299
32967301
32967303
32967304
32968807
32967306
32967307
32967308
32967309
32967310
32967311
32967312
32967315
32967316
32967318
32968810
32967320
32967321
32967322
32968811
32967324
32967326
32967328
32967329
32967330
32968812
32967332
32967333
32967334
32967335
32967336
32967337
32967338
32967339
32967340
32967341
32968813
32967343
32967344
32967345
32967346
32967347
32967348
32967349
32967350
32967351
32967352
32968817
32967354
32967355
32972311
32967358
32967359
32967360
32967361
32967362
32967363
32967365
32967367
32968820
32967369
32967370
32967372
32967373
32967374
32967375
32967376
32967377
32968822
32967379
32967381
32967382
32967383
32967385
32967386
32967388
32967389
32968825
32967394
32967396
32967397
32967398
32967399
32968826
32967401
32967403
32967405
32972313
32967407
32967409
32967410
32967411
32967412
32967413
32967414
32967415
32967416
32967417
32967418
32967419
32967420
32968829
32968830
32967423
32967426
32967428
32967429
32968832
32967431
32967432
32972314
32968833
32967435
32967436
32967437
32967438
32967439
32967440
32968834
32967443
32967444
32967445
32967446
32967448
32967449
32967450
32967452
32967453
32968837
32967455
32967456
32967457
32972315
32967459
32967460
32967461
32967462
32967463
32967464
32967465
32968838
32968839
32967468
32967469
32967470
32967471
32967472
32967473
32967475
32967476
32967480
32967481
32967482
32967483
32968843
32972316
32967486
32967487
32967488
32968844
32967490
32967491
32967493
32967494
32968845
32967496
32967498
32967500
32967501
32967502
32967503
32967504
32968847
32972317
32968848
32967510
32967511
32967512
32967514
32967515
32967516
32967517
32967519
32967520
32967521
32967522
32968850
32967524
32967525
32967526
32967527
32967528
32967529
32967530
32967531
32967532
32968851
32967534
32967535
32967536
32967537
32967538
32967539
32967540
32967541
32967542
32968854
32967544
32967545
32967546
32967547
32968855
32967549
32967550
32967551
32967552
32967553
32967554
32967555
32968857
32967557
32967558
32967559
32967560
32967561
32967562
32967563
32967564
32967565
32967566
32967567
32967568
32967569
32967570
32967571
32967572
32967573
32967574
32967575
32968860
32967577
32967578
32967579
32967580
32967581
32967582
32967583
32968863
32967586
32967587
32967588
32972320
32967590
32967591
32968864
32967593
32967594
32967595
32967596
32968865
32967598
32967600
32967601
32967602
32967603
32968866
32967605
32968867
32967607
32967608
32967609
32967611
32967612
32972321
32967614
32967615
32967616
32967617
32967618
32967619
32968869
32967621
32967622
32967623
32967624
32967625
32967626
32968870
32967628
32967629
32967630
32967631
32968871
32967633
32967635
32968873
32967637
32967638
32967639
32967640
32967641
32967642
32972322
32967644
32968875
32967646
32967647
32967649
32967650
32967653
32967655
32967656
32968877
32967658
32967659
32967660
32967661
32967662
32968878
32967664
32967665
32967666
32967667
32967668
32967669
32967671
32967672
32967673
32967674
32967675
32967676
32967678
32967679
32967680
32967681
32967682
32967683
32967684
32967685
32967686
32967687
32967688
32967689
32967690
32967691
32967692
32967693
32967694
32967695
32967696
32967697
32967698
32967699
32967701
32967702
32967703
32967704
32967705
32968887
32967707
32967709
32967710
32967711
32967712
32967714
32967716
32967717
32967718
32967720
32967721
32968890
32967723
32967724
32967725
32967726
32967728
32967729
32967730
32967731
32967732
32967733
32967734
32967735
32967737
32967738
32967739
32967740
32967741
32967742
32967743
32967744
32967745
32967746
32967747
32967748
32967749
32968895
32967751
32968896
32967753
32967754
32967755
32967756
32967759
32967760
32967762
32967763
32967764
32967765
32967766
32967767
32967768
32967769
32967770
32967771
32967772
32967773
32967774
32967775
32967776
32967777
32968900
32967779
32967780
32967781
32968901
32967783
32967784
32967785
32967786
32967789
32967790
32967791
32968904
32967793
32967794
32967795
32967796
32967797
32967798
32967799
32967801
32967802
32967803
32968906
32967805
32967806
32967807
32967808
32967809
32967810
32968907
32967812
32967813
32967814
32967815
32967816
32967817
32968908
32967820
32967821
32967822
32967823
32967824
32967825
32967826
32968910
32967828
32967829
32967830
32967831
32967833
32967834
32967835
32967836
32968913
32967838
32967840
32967841
32968914
32967844
32967845
32967846
32967847
32968915
32967849
32967850
32967851
32968916
32967854
32967856
32967857
32967858
32968917
32967860
32967861
32967862
32967863
32967864
32967865
32967866
32967867
32967869
32967870
32968920
32967873
32967875
32967876
32967877
32967878
32967880
32967881
32967882
32967884
32967885
32967886
32967887
32967888
32967889
32967890
32968923
32967893
32967894
32967896
32967897
32968925
32967900
32967902
32967903
32967905
32967906
32967907
32967908
32967909
32967910
32968927
32968928
32967914
32967915
32967916
32967917
32967918
32967919
32967920
32968929
32967922
32967923
32967924
32967925
32967926
32967927
32968930
32967929
32967930
32967931
32967932
32968931
32968932
32967935
32967936
32967937
32968933
32967939
32967942
32967943
32967944
32967947
32967948
32967949
32967950
32967951
32967952
32967953
32968935
32967955
32967956
32967957
32968937
32967959
32967961
32968938
32967963
32967964
32967966
32968939
32967968
32967970
32967972
32967973
32967976
32967977
32968941
32967980
32967982
32968942
32967984
32967985
32968943
32967988
32967990
32967992
32967993
32967994
32967995
32967996
32967997
32967998
32968945
32968000
32968946
32968006
32968007
32968947
32968011
32968012
32968013
32968014
32968015
32968016
32968017
32968018
32968019
32968022
32968950
32968024
32968025
32968026
32968027
32968028
32968029
32968030
32968032
32968033
32968034
32968035
32968036
32968952
32968038
32968039
32968040
32968041
32968042
32968043
32968953
32968045
32968047
32968955
32968049
32968050
32968051
32968052
32968053
32968054
32968056
32968057
32968058
32968059
32968060
32968061
32968062
32968063
32968958
32968065
32968067
32968068
32968069
32968070
32968071
32968072
32968073
32968074
32968075
32968076
32968960
32968078
32968079
32968080
32968081
32968083
32968085
32968086
32968087
32972340
32968089
32968090
32968091
32968092
32968093
32968094
32968964
32968096
32968097
32968099
32968100
32968101
32968102
32968104
32968105
32968106
32968108
32968109
32968111
32972341
32968113
32968114
32968115
32968116
32968117
32968118
32968968
32968120
32968121
32968122
32968969
32968124
32968125
32968126
32968127
32968128
32968970
32968130
32968131
32968132
32968133
32968972
32968135
32968136
32968137
32968138
32968139
32968140
32968141
32968142
32968143
32968974
32968145
32968146
32968975
32968149
32968150
32968151
32968152
32968153
32968976
32968155
32968157
32968158
32968160
32968162
32968163
32968164
32968165
32968167
32968168
32968169
32968170
32968979
32968173
32968174
32968175
32968176
32968177
32968178
32968179
32968180
32968181
32968182
32968183
32968184
32968185
32968186
32968187
32968188
32968189
32968190
32968191
32968192
32968193
32972344
32968195
32968196
32968197
32968198
32968200
32968201
32968203
32968986
32968205
32968206
32968207
32968208
32968209
32968210
32968211
32968212
32968213
32968214
32968215
32968216
32968217
32968989
32968219
32968220
32968221
32968222
32968223
32968224
32968225
32968226
32968227
32968228
32968990
32968230
32968231
32968232
32968233
32968992
32968235
32968237
32968239
32968240
32968241
32968242
32968243
32968244
32968245
32968246
32968247
32968248
32968251
32968252
32968253
32968996
32968255
32968256
32968258
32968259
32968997
32968261
32968263
32968264
32968998
32968266
32968268
32968999
32968270
32968272
32968273
32968274
32968275
32968276
32968277
32968278
32969000
32968280
32968281
32968282
32969001
32968284
32968286
32968288
32968289
32969003
32968291
32968292
32968293
32968294
32968296
32968297
32968298
32968299
32969005
32968302
32968304
32968305
32969006
32968307
32968309
32968310
32969007
32968312
32968314
32968315
32968316
32968317
32968318
32968319
32968321
32968322
32968323
32968324
32968325
32968327
32968328
32968329
32968331
32968332
32968333
32968334
32968335
32968336
32968337
32968338
32968339
32969012
32968342
32968344
32968346
32968348
32968349
32968350
32968352
32969016
32968355
32968356
32968357
32968358
32968359
32968360
32968361
32968362
32968363
32968364
32968365
32968366
32968367
32968368
32968369
32968370
32969018
32968372
32968373
32968374
32968375
32968376
32968377
32968378
32969020
32968380
32969021
32968382
32968383
32969022
32968385
32968386
32968387
32968388
32969023
32968390
32968391
32968392
32968393
32968394
32968395
32968396
32968397
32968398
32968399
32968400
32968401
32968402
32968403
32968404
32968406
32968407
32968408
32968409
32968410
32968411
32968414
32968415
32969028
32968419
32968420
32968421
32968422
32968423
32969029
32968425
32968426
32969030
32968428
32968430
32968431
32968432
32968433
32968434
32968435
32968436
32969031
32968438
32968439
32968440
32968441
32968442
32968443
32968444
32968447
32968448
32969035
32968456
32968457
32968458
32968459
32968460
32969037
32968462
32968463
32968464
32968465
32972355
32968467
32968468
32968469
32968471
32968472
32968473
32968475
32968476
32968477
32968478
32968480
32968481
32968482
32968483
32968484
32968485
32968486
32968487
32968488
32969043
32968491
32968492
32968493
32968494
32968495
32968496
32968497
32968498
32968499
32968500
32968501
32968502
32969045
32968506
32968507
32968508
32968509
32969047
32968511
32968512
32968514
32968515
32968516
32968517
32968518
32968519
32969049
32968521
32968522
32968523
32972357
32968525
32968526
32968527
32968528
32968529
32969051
32968531
32968532
32968533
32968536
32968537
32968538
32968539
32968540
32968541
32968542
32968543
32968544
32968545
32968546
32968547
32968548
32968549
32968550
32968551
32968552
32968553
32969054
32968555
32968556
32968557
32968558
32968559
32968560
32968561
32968562
32968563
32968564
32968565
32968566
32968568
32968569
32968570
32969059
32968573
32968574
32968575
32968576
32968577
32968578
32968579
32968580
32968581
32968582
32968583
32968584
32968585
32969061
32968587
32969062
32968589
32968590
32968591
32968592
32968593
32968596
32968597
32968598
32968599
32968600
32968601
32968602
32968603
32968604
32968605
32968606
32968607
32968609
32968610
32968611
32968612
32968613
32968614
32968615
32968616
32969068
32968618
32968619
32968620
32968621
32968623
32968625
32969070
32968627
32968628
32968629
32968630
32968631
32968634
32968635
32968637
32968638
32968639
32968640
32968641
32968642
32968643
32968644
32968645
32968646
32969073
32968648
32968649
32968650
32968651
32968652
32968653
32968654
32969074
32968656
32968657
32968658
32968659
32968660
32968661
32968662
32968663
32968664
32968665
32968666
32969078
32972363
32968669
32968671
32968672
32968673
32968674
32968675
32968676
32968677
32968678
32969079
32968680
32968681
32968684
32968685
32969082
32968687
32968688
32968689
32968690
32968692
32968693
32968694
32968695
32968696
32968697
32968698
32968699
32968700
32968701
32968702
32968704
32968705
32968706
32968707
32968708
32968709
32968710
32968711
32968712
32968713
32968714
32969087
32968716
32968717
32968718
32969088
32968720
32968721
32969089
32968724
32968725
32969090
32968728
32968729
32968732
32968733
32968734
32968735
32969091
32968737
32968738
32968739
32968742
32968743
32969093
32968745
32968746
32968747
32968748
32968749
32968750
32968751
32968752
32968753
32969094
32968755
32968756
32969095
32968758
32968759
32968760
32969096
32968762
32968764
32968765
32972367
32968767
32969098
32968769
32968770
32968772
32968773
32968774
32968775
32968776
32968777
32969099
32968779
32968780
32968781
32968782
32968783
32968784
32968785
32968808
32968819
32968821
32968823
32968828
32968831
32968836
32968841
32968859
32968862
32968868
32968872
32968876
32968880
32968882
32968885
32968888
32968893
32968898
32968905
32968909
32968918
32968919
32968922
32968924
32968944
32968957
32968961
32968966
32968978
32968991
32969009
32969014
32969019
32969027
32969033
32969083
32969085
32969097
32969127
32969129
32969143
32969146
32969148
32969173
32969174
32969178
32969181
32969182
32969183
32969191
32969192
32969185
32969198
32969186
32969188
32969212
32969213
32969214
32969220
32969190
32969227
32969233
32969234
32969193
32969194
32969196
32969255
32969197
32969260
32969261
32969262
32969263
32969264
32969267
32969268
32969200
32969202
32969285
32969203
32969204
32969296
32969298
32969206
32969207
32969208
32969209
32969318
32969319
32969321
32969322
32969325
32969340
32969342
32969352
32969216
32969217
32969218
32969380
32969224
32969225
32969409
32969228
32969229
32969422
32969439
32969236
32969237
32969238
32969240
32969475
32969241
32969242
32969243
32969489
32969496
32969497
32969245
32969247
32969248
32969515
32969516
32969249
32969519
32969521
32969250
32969529
32969530
32969531
32969252
32969253
32969254
32969277
32969299
32969301
32969789
32969792
32969304
32969795
32969305
32969802
32969306
32969307
32969812
32969813
32969308
32969309
32969310
32969835
32969312
32969313
32969314
32969315
32969853
32969854
32969316
32969857
32969859
32969860
32969862
32969869
32969870
32969872
32969320
32969883
32969323
32969324
32969901
32969326
32969906
32969907
32969910
32969911
32969328
32969919
32969329
32969924
32969330
32969331
32969937
32969333
32969334
32969953
32969955
32969956
32969957
32969959
32969337
32969961
32969964
32969969
32969973
32969977
32969341
32969988
32969344
32969998
32969345
32970003
32969346
32970011
32970012
32970015
32969348
32970017
32969349
32970022
32970025
32969350
32970027
32970028
32970034
32970036
32970037
32970040
32969354
32969355
32970056
32969356
32970060
32970064
32970066
32969358
32969359
32969361
32969364
32969365
32970103
32969366
32969368
32969369
32969370
32969371
32969372
32969373
32970145
32969374
32969375
32970158
32969376
32969377
32969378
32969379
32970178
32969381
32969382
32969384
32970204
32969386
32969387
32969388
32970220
32969391
32969392
32970245
32969394
32969395
32970259
32970260
32970264
32970265
32970266
32969398
32969399
32970275
32969400
32970279
32970282
32969402
32969403
32969405
32969407
32969408
32969410
32969411
32969412
32969414
32969415
32969416
32969418
32969419
32970381
32970382
32970392
32969423
32970408
32969427
32970421
32970422
32970427
32969431
32970438
32969434
32969435
32970458
32970471
32970474
32970475
32970476
32970480
32970483
32970491
32969442
32970492
32970494
32970495
32970498
32970499
32970500
32970501
32970506
32970508
32969446
32970515
32969448
32970525
32970528
32969449
32969450
32969451
32970537
32970542
32970543
32969453
32970548
32969454
32970556
32970558
32969456
32970564
32969457
32970568
32970570
32970575
32969460
32969461
32970589
32969462
32970593
32969463
32969464
32969465
32969466
32969467
32970617
32970618
32969469
32970632
32969471
32969472
32970643
32970645
32970653
32970655
32969476
32969477
32969479
32969480
32969481
32970689
32969482
32970694
32969483
32969484
32969485
32970708
32970711
32970712
32970713
32970716
32970718
32970719
32970720
32970722
32970723
32970724
32970725
32970727
32970728
32970729
32970731
32970733
32969491
32970741
32969492
32969493
32970748
32970750
32970757
32970763
32970766
32969498
32970778
32969500
32970783
32970787
32970788
32970792
32969503
32970797
32970798
32970799
32969504
32969505
32970807
32970810
32970811
32970812
32970815
32969507
32970818
32970821
32969508
32970822
32970823
32970824
32969509
32970829
32970832
32969511
32970839
32969512
32970847
32969513
32969514
32969517
32969520
32970884
32969522
32970900
32969524
32970902
32970904
32969525
32970909
32970924
32970926
32970933
32970935
32970939
32969532
32970944
32970945
32969533
32969534
32970957
32970960
32969536
32969537
32969538
32969539
32969544
32971008
32969546
32969547
32969549
32969550
32969551
32969552
32971055
32969554
32969555
32971061
32969557
32971089
32969562
32969563
32969565
32969566
32969567
32969568
32969569
32971129
32969570
32971137
32969571
32971141
32969573
32971157
32971158
32971161
32969576
32969577
32969580
32969585
32971224
32969589
32969590
32969595
32969597
32969598
32969599
32969600
32969601
32969602
32969603
32971304
32971306
32969605
32969606
32969608
32969609
32971333
32969611
32971348
32971349
32969614
32971355
32969615
32971365
32969620
32969623
32969624
32969625
32969626
32969627
32969628
32969629
32971432
32969630
32971436
32971437
32969631
32971441
32971444
32969632
32971447
32971448
32969633
32969634
32969635
32969636
32971466
32969637
32969638
32971478
32969639
32969640
32969641
32969643
32971507
32969646
32971525
32969648
32969649
32969650
32971543
32969652
32971551
32969653
32969654
32971561
32971564
32969656
32971575
32969658
32969659
32971586
32971588
32969661
32971598
32971599
32969663
32971604
32969664
32969665
32969666
32969668
32969670
32971667
32969677
32969678
32971680
32969680
32971699
32971702
32969684
32969685
32969686
32971717
32969689
32969693
32971758
32969700
32969701
32969702
32969703
32969705
32969706
32971826
32971827
32969708
32969709
32969710
32971846
32969712
32971855
32969713
32971856
32971860
32971861
32971866
32971867
32969716
32969717
32969719
32971884
32969720
32969721
32969723
32969724
32969727
32969728
32971933
32969729
32971936
32969730
32971940
32971941
32969733
32969734
32969735
32969736
32969741
32969743
32969749
32969750
32972042
32969751
32969752
32972051
32972054
32972056
32969754
32969755
32969756
32969757
32969758
32972080
32969759
32972087
32972092
32969761
32969762
32969763
32969764
32969765
32969766
32969768
32969770
32969772
32969782
32969783
32969785
32969786
32969787
32972268
32969797
32969798
32972288
32969803
32969809
32972360
32969815
32969820
32969823
32969826
32969827
32972467
32972474
32969839
32969841
32969842
32969844
32969846
32972544
32969851
32972573
32972581
32972590
32972598
32972602
32972603
32969863
32969867
32969868
32972645
32972646
32972647
32972648
32969871
32972656
32969873
32972664
32969875
32972672
32972675
32969877
32972678
32972681
32972688
32969879
32969880
32972700
32972703
32972709
32969884
32969885
32969886
32972725
32969887
32972730
32969888
32969889
32969890
32969891
32969894
32972770
32969896
32969900
32972821
32972838
32972844
32969917
32969918
32969921
32972911
32972927
32969928
32969930
32969931
32969932
32969935
32972980
32972982
32972996
32972998
32969941
32969944
32969947
32973053
32969952
32969954
32972261
32969960
32973101
32973104
32969962
32969963
32973116
32969966
32973137
32973138
32973143
32969970
32973149
32969971
32969974
32969978
32969980
32969984
32969985
32969990
32973250
32973253
32969993
32973283
32973293
32973296
32973300
32973313
32973314
32970004
32970009
32970010
32973354
32973372
32973376
32970016
32973385
32973387
32970018
32973392
32973398
32973402
32970021
32973408
32973412
32970023
32970024
32970160
32974105
32970163
32970166
32970168
32970169
32974153
32970171
32970181
32974217
32974224
32970185
32974234
32970188
32970190
32970191
32970192
32970194
32974280
32970196
32970197
32970198
32970201
32974313
32974329
32970207
32974344
32970209
32970210
32970211
32970212
32970213
32970214
32970217
32970218
32974400
32974405
32974407
32970221
32974410
32970222
32970224
32970226
32970227
32974448
32970229
32970231
32970237
32970244
32974534
32970249
32970254
32974601
32974641
32970307
32970319
32974911
32974912
32970323
32970324
32974930
32970325
32970326
32970328
32970336
32974992
32970338
32970341
32970342
32970344
32970352
32970359
32970367
32970372
32975216
32970393
32970394
32975283
32975285
32970396
32975289
32970397
32975296
32970409
32975362
32970424
32970430
32970431
32975506
32970443
32970444
32970446
32970448
32970449
32975561
32970451
32970465
32970477
32975701
32970481
32975798
32970509
32975933
32970536
32975996
32970554
32970569
32976167
32976169
32976173
32970573
32970576
32976197
32970585
32976255
32976259
32970590
32970591
32970594
32976291
32970595
32976292
32970596
32970597
32970598
32970601
32970605
32970607
32970609
32970611
32970621
32970623
32970625
32976452
32976458
32970628
32970630
32970631
32970637
32970639
32970641
32970644
32976545
32970646
32970647
32976556
32976560
32970649
32976568
32976576
32976601
32970657
32970658
32970659
32970661
32976651
32970668
32970671
32970672
32970674
32970675
32970677
32970678
32970680
32970682
32970692
32970695
32970697
32970702
32970703
32970704
32970706
32970730
32970732
32970734
32970735
32970736
32970737
32970742
32970746
32970756
32970758
32970767
32970769
32970770
32970774
32970779
32970782
32970784
32970786
32970789
32970790
32970796
32970800
32970804
32970806
32970808
32970817
32970826
32970827
32970830
32970833
32970835
32970837
32970838
32970841
32970842
32970851
32970853
32970854
32970856
32970858
32970860
32970864
32970867
32970868
32970870
32970871
32970872
32970881
32970882
32970885
32970886
32970888
32970891
32970892
32970897
32970899
32970903
32970905
32970906
32970907
32970910
32970913
32970914
32970917
32970918
32970919
32970920
32970922
32970928
32970930
32970931
32970934
32970937
32970943
32970946
32970947
32970948
32970949
32970951
32970953
32970954
32970955
32970958
32970959
32970962
32970965
32970967
32970968
32970971
32970973
32970974
32970975
32970976
32970977
32970979
32970980
32970982
32970983
32970984
32970986
32970987
32970989
32970992
32970993
32970994
32970995
32970996
32970997
32970998
32970999
32971000
32971001
32971003
32971005
32971009
32971013
32971015
32971018
32971019
32971021
32971022
32971023
32971025
32971026
32971027
32971028
32971029
32971031
32971032
32971034
32971036
32971037
32971038
32971039
32971041
32971044
32971045
32971047
32971048
32971049
32971056
32971058
32971060
32971063
32971065
32971066
32971068
32971069
32971070
32971072
32971075
32971076
32971078
32971080
32971081
32971082
32971084
32971085
32971086
32971091
32971092
32971093
32971094
32971095
32971096
32971097
32971100
32971101
32971102
32971103
32972307
32971104
32971105
32971106
32971107
32971108
32971110
32971111
32971112
32971114
32971115
32971116
32971117
32971119
32971121
32971122
32971123
32971124
32971125
32971126
32971127
32971131
32971132
32971133
32971134
32971135
32971136
32971140
32971142
32971143
32971144
32971148
32971149
32971153
32971154
32971155
32971159
32971162
32971163
32971164
32971165
32971166
32971167
32971169
32971171
32971172
32971173
32971174
32971175
32971176
32971177
32971178
32971181
32971182
32971183
32971185
32971186
32971187
32971189
32971190
32971193
32971194
32971196
32971197
32971198
32971201
32971202
32971203
32971209
32971210
32971211
32971212
32971213
32971214
32971215
32971216
32971217
32971218
32971220
32971222
32971223
32971226
32971228
32971231
32971232
32971233
32971234
32971235
32971237
32971239
32971241
32971242
32971244
32971245
32971247
32971248
32971249
32971250
32971251
32971252
32971254
32971256
32971257
32971258
32971259
32971261
32971262
32971263
32971264
32971265
32971268
32971270
32971271
32971273
32971274
32971275
32971276
32971278
32971279
32971280
32971281
32971282
32971283
32971284
32971285
32971286
32971287
32971288
32971291
32971292
32971293
32971294
32971297
32971298
32971299
32971302
32971303
32971305
32971307
32971309
32971310
32971311
32971312
32971313
32971314
32971315
32971316
32971317
32971320
32971321
32971323
32971324
32971325
32971326
32971327
32971328
32971330
32971331
32971332
32971334
32971336
32971337
32971338
32971340
32971341
32971342
32971343
32971344
32971345
32971346
32971347
32971350
32971351
32971352
32971353
32971354
32971356
32971358
32971360
32971361
32971362
32971366
32971367
32971368
32971369
32971371
32971372
32971373
32971375
32971376
32971378
32971380
32971382
32971383
32971385
32971386
32971388
32971389
32971392
32971393
32971398
32971399
32971400
32971402
32971403
32971404
32971405
32971407
32971409
32971410
32971412
32971413
32971416
32971418
32971421
32971422
32971423
32971424
32971425
32971426
32971428
32971430
32971433
32971434
32971435
32971438
32971439
32971440
32971442
32971443
32971445
32971449
32971452
32971454
32971456
32971457
32971458
32971460
32971461
32971462
32971463
32971465
32971467
32971468
32971469
32971470
32971471
32971472
32971473
32971476
32971477
32971480
32971481
32971482
32971484
32971485
32971486
32971487
32971488
32971489
32971490
32971491
32971492
32971494
32971495
32971496
32971497
32971499
32971500
32971501
32971502
32971503
32971505
32971506
32971508
32971509
32971510
32971512
32971513
32971514
32971515
32971516
32971517
32971518
32971519
32971520
32971521
32971522
32971526
32971527
32971528
32971530
32971531
32971532
32971533
32971534
32971535
32971536
32971537
32971539
32971541
32971542
32971544
32971545
32971547
32971552
32971553
32971554
32971555
32971556
32971557
32971558
32971559
32971562
32971565
32971566
32971567
32971568
32971569
32971570
32971572
32971573
32971577
32971578
32971579
32971581
32971582
32971583
32971585
32971589
32971590
32971591
32971592
32971593
32971594
32971595
32971596
32971600
32971601
32971602
32971603
32971606
32971607
32971608
32971609
32971610
32971611
32971612
32971615
32971616
32971617
32971619
32971620
32971621
32971622
32971623
32971625
32971627
32971629
32971630
32971631
32971632
32971633
32971636
32971638
32971639
32971640
32971641
32971642
32971644
32971645
32971646
32971647
32971648
32971649
32971651
32971652
32971653
32971655
32971656
32971657
32971658
32971659
32971660
32971661
32971662
32971663
32971664
32971668
32971669
32971670
32971671
32971672
32971674
32971675
32971676
32971677
32971678
32971681
32971683
32971684
32971685
32971687
32971689
32971690
32971691
32971692
32971693
32971694
32971695
32971696
32971697
32971698
32971700
32971701
32971703
32971704
32971706
32971708
32971710
32971711
32971712
32971713
32971714
32971715
32971716
32971718
32971719
32971720
32971721
32971722
32971723
32971726
32971727
32971728
32971729
32971731
32971733
32971734
32971735
32971736
32971737
32971738
32971739
32971740
32971742
32971743
32971744
32971745
32971746
32971749
32971750
32971751
32971752
32971755
32971756
32971759
32971760
32971762
32971763
32971764
32971765
32971766
32971769
32971770
32971771
32971772
32971775
32971777
32971779
32971782
32971783
32971784
32971785
32971786
32971787
32971788
32971790
32971792
32971793
32971794
32971795
32971796
32971797
32971798
32971799
32971801
32971802
32971803
32971804
32971805
32971806
32971808
32971809
32971812
32971813
32971814
32971815
32971816
32971817
32971818
32971819
32971820
32971821
32971822
32971824
32971828
32971832
32971833
32971834
32971835
32971836
32971837
32971838
32971839
32971840
32971841
32971842
32971845
32971848
32971849
32971857
32971859
32971862
32971868
32971869
32971870
32971872
32971873
32971874
32971875
32971878
32971879
32971881
32971883
32971885
32971886
32971888
32971889
32971891
32971893
32971895
32971896
32971897
32971899
32971900
32971902
32971903
32971906
32971907
32971910
32971913
32971916
32971918
32971920
32971922
32971924
32971925
32971929
32971945
32971947
32971949
32971951
32971954
32971958
32971960
32971961
32971966
32971973
32971982
32971985
32971988
32971989
32971995
32971996
32972001
32972005
32972006
32972010
32972017
32972021
32972022
32972023
32972024
32972027
32972029
32972036
32972041
32972043
32972052
32972053
32972059
32972060
32972061
32972062
32972066
32972068
32972069
32972071
32972076
32972077
32972078
32972079
32972081
32972083
32972088
32972089
32972090
32972091
32972095
32972100
32972104
32972106
32972108
32972110
32972114
32972115
32972119
32972120
32972122
32972124
32972127
32972128
32972135
32972136
32972137
32972139
32972145
32972151
32972152
32972158
32972161
32972162
32972165
32972177
32972178
32972179
32972181
32972184
32972185
32972186
32972187
32972188
32972190
32972196
32972197
32972198
32972199
32972200
32972201
32972202
32972205
32972206
32972209
32972210
32972211
32972212
32972213
32972214
32972216
32972218
32972219
32972221
32972223
32972224
32972226
32972229
32972231
32972233
32972234
32972240
32972242
32972243
32972248
32972250
32972254
32972255
32972256
32972257
32972258
32972259
32972278
32972283
32972284
32972285
32972286
32972289
32972291
32972299
32972300
32972303
32972305
32972306
32972308
32972309
32972312
32972318
32972319
32972324
32972326
32972328
32972329
32972331
32972332
32972333
32972335
32972337
32972338
32972339
32972343
32972347
32972349
32972353
32972354
32972364
32972365
32972366
32972370
32972373
32972374
32972375
32972376
32972378
32972379
32972380
32972358
32972381
32972383
32972384
32972385
32972386
32972388
32972389
32972390
32972391
32972392
32972393
32972396
32972399
32972400
32972403
32972404
32972405
32972406
32972407
32972410
32972411
32972412
32972413
32972414
32972415
32972416
32972417
32972418
32972419
32972421
32972422
32972423
32972425
32972428
32972429
32972430
32972432
32972434
32972435
32972436
32972437
32972439
32972440
32972441
32972443
32972446
32972448
32972451
32972453
32972455
32972456
32972457
32972458
32972459
32972463
32972464
32972465
32972466
32972470
32972471
32972472
32972475
32972477
32972478
32972479
32972362
32972481
32972482
32972483
32972484
32972485
32972487
32972488
32972489
32972490
32972491
32972493
32972494
32972495
32972496
32972497
32972498
32972499
32972500
32972501
32972502
32972503
32972504
32972505
32972506
32972507
32972508
32972509
32972511
32972512
32972513
32972514
32972515
32972516
32972517
32972518
32972519
32972520
32972521
32972522
32972525
32972526
32972527
32972528
32972529
32972530
32972531
32972532
32972533
32972534
32972535
32972536
32972539
32972540
32972541
32972542
32972545
32972546
32972547
32972548
32972550
32972552
32972553
32972554
32972555
32972556
32972558
32972559
32972561
32972562
32972563
32972564
32972565
32972566
32972569
32972570
32972571
32972572
32972574
32972575
32972576
32972577
32972578
32972579
32972582
32972583
32972584
32972585
32972587
32972588
32972594
32972595
32972596
32972597
32972599
32972600
32972601
32972604
32972607
32972609
32972610
32972611
32972612
32972613
32972615
32972616
32972617
32972618
32972619
32972620
32972622
32972623
32972624
32972625
32972627
32972628
32972629
32972630
32972631
32972632
32972634
32972636
32972637
32972638
32972639
32972640
32972641
32972650
32972651
32972652
32972653
32972369
32972655
32972657
32972659
32972661
32972662
32972665
32972666
32972667
32972669
32972673
32972674
32972676
32972679
32972684
32972690
32972691
32972692
32972694
32972695
32972697
32972698
32972699
32972701
32972702
32972371
32972704
32972705
32972712
32972713
32972714
32972715
32972717
32972718
32972719
32972720
32972722
32972723
32972724
32972727
32972372
32972729
32972731
32972732
32972733
32972734
32972737
32972738
32972739
32972740
32972741
32972742
32972744
32972745
32972746
32972747
32972749
32972750
32972751
32972752
32972753
32972756
32972757
32972758
32972759
32972760
32972762
32972764
32972766
32972767
32972771
32972772
32972777
32972778
32972779
32972781
32972783
32972786
32972788
32972789
32972790
32972791
32972792
32972794
32972795
32972796
32972797
32972798
32972799
32972801
32972803
32972804
32972806
32972807
32972808
32972809
32972813
32972814
32972815
32972817
32972823
32972827
32972832
32972833
32972834
32972836
32972839
32972843
32972846
32972849
32972850
32972851
32972853
32972854
32972856
32972857
32972860
32972861
32972863
32972866
32972868
32972869
32972871
32972872
32972873
32972875
32972876
32972877
32972878
32972879
32972880
32972882
32972883
32972884
32972887
32972888
32972889
32972891
32972893
32972896
32972897
32972898
32972899
32972901
32972902
32972903
32972904
32972905
32972906
32972907
32972909
32972910
32972913
32972914
32972918
32972919
32972921
32972922
32972923
32972924
32972926
32972929
32972930
32972932
32972934
32972935
32972937
32972938
32972939
32972941
32972942
32972943
32972944
32972945
32972947
32972948
32972949
32972950
32972951
32972952
32972953
32972954
32972955
32972956
32972958
32972959
32972960
32972961
32972962
32972963
32972964
32972965
32972966
32972967
32972970
32972972
32972974
32972976
32972977
32972979
32972981
32972983
32972985
32972988
32972989
32972990
32972991
32972992
32972993
32972999
32973000
32973001
32973002
32973004
32973007
32973008
32973009
32973011
32973013
32973015
32973016
32973017
32973018
32973019
32973020
32973024
32973025
32973026
32973028
32973029
32973030
32973032
32973033
32973034
32973036
32973037
32973038
32973039
32973040
32973043
32973044
32973045
32973046
32973047
32973049
32973050
32973051
32973055
32973056
32973057
32973058
32973059
32973060
32973061
32973062
32973064
32973065
32973066
32973067
32973068
32973070
32973071
32973072
32973073
32973074
32973076
32973077
32973079
32973080
32973082
32973083
32973084
32973085
32973086
32973087
32973088
32973089
32973090
32973091
32973093
32973094
32973095
32973096
32973097
32973098
32973100
32973102
32973103
32973106
32973107
32973108
32973109
32973110
32973111
32973112
32973113
32973118
32973120
32973122
32973124
32973125
32973126
32973127
32973128
32973129
32973130
32973131
32973134
32973135
32973136
32973140
32973141
32973144
32973145
32973146
32973150
32973151
32973152
32973155
32973157
32973158
32973159
32973160
32973161
32973162
32973163
32973164
32973165
32973167
32973168
32973169
32973170
32973172
32973173
32973174
32973175
32973177
32973178
32973179
32973180
32973181
32973182
32973183
32973184
32973185
32973187
32973188
32973189
32973190
32973191
32973192
32973193
32973195
32973196
32973197
32973198
32973199
32973200
32973201
32973202
32973203
32973204
32973205
32973206
32973207
32973208
32973209
32973210
32973211
32973212
32973213
32973214
32973215
32973216
32973217
32973218
32973219
32973220
32973222
32973223
32973224
32973226
32973227
32973228
32973229
32973230
32973231
32973232
32973234
32973235
32973237
32973240
32973241
32973242
32973243
32973244
32973245
32973246
32973248
32973249
32973254
32973255
32973256
32973257
32973258
32973259
32973260
32973262
32973263
32973265
32973266
32973267
32973268
32973269
32973270
32973272
32973273
32973276
32973277
32973278
32973279
32973280
32973281
32973284
32973286
32973288
32973290
32973292
32973297
32973298
32973302
32973303
32973307
32973310
32973311
32973312
32973315
32973316
32973319
32973320
32973321
32973324
32973327
32973328
32973329
32973330
32973334
32973335
32973336
32973338
32973339
32973340
32973344
32973346
32973348
32973350
32973351
32973353
32973361
32973364
32973368
32973369
32973373
32973377
32973378
32973380
32973382
32973384
32973388
32973389
32973391
32973393
32973394
32973399
32973404
32973405
32973406
32973407
32973409
32973410
32973413
32973414
32973415
32973418
32973423
32973428
32973429
32973430
32973431
32973432
32973433
32973434
32973435
32973437
32973438
32973440
32973443
32973444
32973447
32973448
32973449
32973452
32973453
32973454
32973457
32973458
32973459
32973460
32973461
32973462
32973463
32973464
32973465
32973466
32973467
32973468
32973469
32973471
32973474
32973476
32973477
32973479
32973482
32973483
32973484
32973485
32973486
32973487
32973488
32973490
32973491
32973493
32973495
32973499
32973501
32973504
32973505
32973506
32973507
32973508
32973509
32973510
32973515
32973516
32973517
32973521
32973523
32973524
32973526
32973527
32973528
32973529
32973530
32973531
32973532
32973533
32973536
32973538
32973539
32973540
32973541
32973542
32973544
32973547
32973548
32973549
32973551
32973554
32973555
32973556
32973560
32973561
32973563
32973566
32973567
32973568
32973569
32973570
32973572
32973574
32973575
32973576
32973577
32973578
32973579
32973580
32973583
32973587
32973589
32973591
32973592
32973594
32973595
32973596
32973598
32973599
32973600
32973602
32973603
32973604
32973606
32973608
32973609
32973610
32973612
32973613
32973614
32973615
32973616
32973617
32973618
32973620
32973621
32973622
32973623
32973624
32973626
32973627
32973628
32973629
32973630
32973631
32973632
32973633
32973634
32973635
32973636
32973637
32973638
32973640
32973641
32973642
32973643
32973644
32973645
32973646
32973647
32973648
32973650
32973651
32973653
32973655
32973656
32973658
32973660
32973661
32973662
32973663
32973664
32973665
32973666
32973667
32973669
32973670
32973671
32973673
32973675
32973677
32973678
32973681
32973682
32973683
32973684
32973685
32973686
32973687
32973688
32973689
32973690
32973691
32973692
32973693
32973694
32973696
32973697
32973698
32973699
32973700
32973701
32973702
32973703
32973704
32973705
32973706
32973707
32973708
32973709
32973710
32973711
32973712
32973713
32973714
32973715
32973716
32973717
32973718
32973719
32973720
32973721
32973723
32973724
32973725
32973726
32973727
32973728
32973729
32973730
32973731
32973732
32973733
32973734
32973736
32973737
32973738
32973739
32973740
32973741
32973742
32973744
32973745
32973746
32973747
32973748
32973749
32973750
32973752
32973753
32973755
32973756
32973757
32973758
32973759
32973760
32973761
32973762
32973763
32973764
32973765
32973766
32973767
32973769
32973770
32973772
32973773
32973774
32973775
32973776
32973777
32973778
32973779
32973780
32973781
32973783
32973784
32973785
32973786
32973787
32973788
32973789
32973791
32973792
32973793
32973794
32973796
32973797
32973798
32973799
32973801
32973802
32973803
32973805
32973806
32973807
32973808
32973811
32973812
32973813
32973814
32973815
32973817
32973818
32973820
32973822
32973823
32973826
32973828
32973829
32973830
32973831
32973832
32973833
32973835
32973837
32973838
32973839
32973840
32973841
32973842
32973846
32973847
32973848
32973850
32973851
32973852
32973853
32973854
32973855
32973857
32973859
32973860
32973861
32973862
32973864
32973865
32973866
32973868
32973869
32973872
32973874
32973876
32973879
32973880
32973883
32973325
32973888
32973890
32973891
32973892
32973893
32973894
32973895
32973896
32973897
32973898
32973900
32973901
32973902
32973903
32973905
32973906
32973907
32973910
32973911
32973913
32973914
32973331
32973919
32973920
32973923
32973924
32973926
32973927
32973928
32973930
32973931
32973933
32973934
32973935
32973936
32973937
32973938
32973939
32973940
32973941
32973942
32973945
32973946
32973947
32973949
32973951
32973952
32973953
32973954
32973957
32973958
32973959
32973960
32973961
32973962
32973964
32973965
32973966
32973967
32973968
32973969
32973970
32973972
32973974
32973975
32973976
32973977
32973978
32973980
32973981
32973982
32973983
32973986
32973988
32973345
32973991
32973992
32973993
32973995
32973996
32973997
32973999
32974000
32974001
32974004
32974006
32974007
32974011
32974016
32974021
32974023
32974026
32974029
32974030
32974031
32974034
32974035
32974036
32974038
32974042
32974043
32974044
32974045
32974046
32974047
32974049
32974051
32974052
32973358
32974053
32974056
32974057
32974061
32974063
32974065
32974066
32974067
32974068
32974069
32974071
32974073
32974074
32974075
32974077
32973363
32974078
32974079
32974080
32974081
32974082
32974083
32974085
32974088
32974090
32974091
32974092
32973366
32974093
32974094
32974095
32973367
32974099
32974100
32974101
32974106
32974108
32974109
32974110
32974111
32974113
32974115
32974116
32974117
32974118
32974120
32974121
32974122
32974123
32974124
32974125
32974126
32974127
32974128
32974129
32974130
32974131
32974132
32973374
32974134
32974135
32974136
32974137
32974139
32974140
32974143
32974144
32974145
32974148
32974149
32974150
32974151
32974154
32974155
32974157
32974158
32973379
32974159
32974160
32974161
32974163
32974164
32974166
32974167
32974168
32973381
32974171
32974173
32974174
32974175
32974176
32974177
32974178
32974179
32974180
32974182
32974183
32974184
32974185
32974186
32974187
32974188
32974190
32974192
32974193
32974194
32974195
32974196
32974197
32974198
32974200
32974201
32974202
32974203
32974204
32974205
32974206
32974207
32974209
32974211
32974212
32974213
32974218
32974219
32974220
32974221
32974222
32974223
32974225
32974226
32974228
32974229
32974231
32974235
32974236
32974237
32973395
32974238
32974239
32974240
32974241
32974242
32973396
32974243
32974245
32974246
32974247
32974248
32974249
32974250
32974251
32974253
32974254
32974256
32974257
32974258
32974259
32974260
32974261
32974263
32974264
32974265
32974267
32974268
32974269
32974272
32974273
32974275
32974277
32974278
32974279
32974281
32974283
32974284
32974285
32974287
32974288
32974289
32974290
32974291
32974292
32974294
32974300
32974301
32974302
32974303
32974304
32974306
32974307
32974310
32974316
32974317
32974318
32974321
32974324
32974325
32974326
32974327
32974328
32974330
32974331
32974332
32974333
32974334
32974336
32974337
32974340
32974341
32974342
32974343
32974346
32974348
32973417
32974349
32974350
32974351
32974352
32974353
32974354
32974355
32974356
32974357
32974358
32973419
32974359
32974360
32974362
32973420
32974365
32974366
32974368
32974369
32974370
32974371
32974372
32974373
32974374
32974375
32974377
32974380
32974381
32974382
32973424
32974383
32974384
32974385
32974386
32974387
32974388
32974390
32974393
32974396
32974401
32974402
32974406
32974409
32974411
32974413
32974414
32974415
32974416
32974417
32974418
32974422
32974423
32974424
32974425
32974426
32974427
32974428
32974429
32974430
32974431
32974432
32974437
32974438
32974439
32974440
32974441
32974442
32974446
32974450
32974454
32974456
32974459
32974460
32974461
32974462
32974463
32974464
32974466
32974467
32974468
32974469
32974470
32974471
32974473
32974474
32974475
32974476
32974480
32974481
32974483
32974485
32974486
32974487
32974488
32974489
32974491
32974492
32974493
32974494
32974495
32974496
32974497
32974498
32974500
32974501
32974503
32974504
32974506
32974507
32974509
32974510
32974511
32974512
32974513
32973450
32974514
32974516
32974517
32974518
32974519
32974520
32974521
32974522
32974523
32974524
32974525
32974526
32974527
32974528
32974529
32974530
32974532
32974533
32974535
32974537
32974538
32974542
32974543
32974544
32974545
32974546
32974550
32974551
32974554
32974555
32974556
32974557
32974560
32974561
32974562
32974563
32974566
32974567
32974568
32974569
32974570
32974571
32974572
32974573
32974575
32974577
32974579
32974580
32974581
32974582
32974583
32974584
32974585
32974586
32974587
32974591
32974592
32974593
32974595
32974596
32974599
32974602
32974604
32974605
32974607
32974608
32974609
32974611
32974612
32974613
32974615
32974617
32974618
32974619
32974621
32974622
32974623
32973472
32974626
32974628
32974629
32974630
32974631
32974632
32974634
32974635
32974636
32974637
32974639
32974640
32974644
32974645
32974646
32974648
32974649
32974650
32974651
32974652
32974653
32974654
32974655
32974657
32974658
32974660
32974662
32974664
32974668
32974669
32974672
32974673
32974675
32974677
32974678
32974679
32974680
32974681
32974682
32974683
32974685
32974686
32974687
32974688
32974689
32974691
32974692
32974694
32974695
32974696
32974698
32974699
32974701
32974702
32974703
32974704
32974705
32974706
32974707
32974708
32974709
32974710
32974711
32974712
32974713
32974714
32974715
32974716
32974718
32974721
32974722
32974723
32974724
32974725
32974726
32974727
32974728
32974730
32974731
32974732
32974733
32974735
32974736
32974737
32974738
32974739
32974740
32974741
32974742
32974744
32974745
32974746
32974747
32974748
32974749
32974750
32974751
32974752
32974753
32974754
32974756
32974758
32974759
32974760
32974761
32974762
32974763
32974764
32974765
32974767
32974768
32974769
32974770
32974772
32974774
32974775
32974778
32974780
32974782
32974783
32974784
32974785
32974787
32974788
32974789
32974790
32974791
32974792
32974793
32974794
32974795
32974796
32974797
32974799
32974802
32974803
32974804
32974805
32974806
32974808
32974809
32974810
32974811
32974812
32974813
32974814
32974815
32974817
32974818
32974819
32974820
32974821
32974822
32974823
32974826
32974828
32974830
32974831
32974832
32974833
32974834
32974835
32974836
32974838
32974839
32974840
32974841
32974843
32974844
32974847
32974848
32974849
32974850
32974851
32974852
32974853
32974854
32974855
32974856
32974857
32974858
32974860
32974861
32974862
32974863
32974866
32974867
32974868
32974869
32974870
32974871
32974873
32974874
32974875
32974878
32974881
32974884
32974886
32974887
32974888
32974889
32974891
32974893
32974895
32974896
32974899
32974900
32974902
32974903
32974904
32974905
32974906
32974907
32974908
32974909
32974913
32974914
32974915
32974916
32974917
32974918
32974919
32974920
32974921
32974922
32974923
32974925
32974926
32974927
32974928
32974931
32974933
32974935
32974936
32974938
32974940
32974941
32974942
32974943
32974944
32974945
32974946
32974948
32974950
32974951
32974952
32974953
32974954
32974955
32974956
32974957
32974959
32974960
32974961
32974962
32974965
32974967
32974968
32974969
32974970
32974972
32974973
32974975
32974976
32974977
32974978
32974979
32974980
32974981
32974982
32974983
32974984
32974986
32974987
32974988
32974989
32974990
32974991
32974993
32974996
32974997
32974998
32974999
32975001
32975002
32975003
32975004
32975005
32975007
32975008
32975009
32975010
32975011
32975013
32975014
32975016
32975017
32975018
32975019
32975020
32975021
32975023
32975024
32975025
32975026
32975027
32975028
32975029
32975030
32975031
32975032
32975033
32975034
32975035
32975036
32975037
32975038
32975039
32975040
32975041
32975042
32975044
32975046
32975047
32975050
32975051
32975057
32975058
32975059
32975061
32975062
32975066
32975067
32975068
32975069
32975071
32975073
32975074
32975075
32975076
32975077
32975078
32975079
32975080
32975081
32975082
32975085
32975086
32975087
32975088
32975092
32975094
32975095
32975096
32975097
32975098
32975099
32975100
32975101
32975102
32975103
32975105
32975106
32975107
32975108
32975109
32975110
32975111
32975113
32975114
32975115
32975116
32975117
32975119
32975120
32975121
32975122
32975123
32975124
32975125
32975127
32975128
32975131
32975133
32975134
32975135
32975138
32975139
32975140
32975142
32975143
32975145
32975146
32975149
32975151
32975152
32975153
32975156
32975158
32975160
32975161
32975162
32975164
32975165
32975168
32975169
32975170
32975174
32975175
32975176
32975177
32975178
32975179
32975181
32975183
32975184
32975185
32975187
32975188
32975190
32975191
32975192
32975194
32975195
32975197
32975201
32975202
32975203
32975205
32975207
32975208
32975210
32975211
32975212
32975213
32975219
32975220
32975221
32975222
32975223
32975230
32975231
32975232
32975233
32975234
32975236
32975238
32975240
32975241
32975242
32975243
32975244
32975247
32975249
32975258
32975261
32975264
32975268
32975269
32975270
32975274
32975276
32975278
32975279
32975280
32975281
32975284
32975286
32975287
32975288
32975292
32975293
32975295
32975299
32975300
32975301
32975303
32975304
32975305
32975307
32975308
32975309
32975310
32975311
32975312
32975315
32975316
32975317
32975322
32975323
32975324
32975325
32975326
32975328
32975329
32975330
32975332
32975333
32975334
32975335
32975336
32975337
32975338
32975339
32975340
32975341
32975342
32975344
32975346
32975348
32975349
32975351
32975352
32975353
32975354
32975355
32975356
32975357
32975358
32975361
32975363
32975365
32975366
32975368
32975369
32975370
32975371
32975372
32975373
32975374
32975375
32975377
32975378
32975379
32975380
32975381
32975382
32975383
32975384
32975385
32975386
32975387
32975388
32975389
32975392
32975393
32975394
32975395
32975396
32975397
32975398
32975399
32975400
32975402
32975403
32975404
32975406
32975407
32975409
32975414
32975415
32975416
32975418
32975421
32975422
32975424
32975425
32975426
32975427
32975428
32975430
32975432
32975433
32975435
32975436
32975437
32975439
32975442
32975444
32975445
32975446
32975447
32975449
32975450
32975451
32975453
32975454
32975455
32975457
32975459
32975464
32975465
32975466
32975473
32975475
32975476
32975479
32975480
32975482
32975483
32975485
32975486
32975487
32975488
32975490
32975491
32975492
32975493
32975494
32975495
32975499
32975500
32975501
32975502
32975507
32975508
32975509
32975511
32975513
32975515
32975516
32975518
32975519
32975521
32975522
32975524
32975525
32975526
32975529
32975532
32975533
32975534
32975535
32975537
32975538
32975540
32975541
32975542
32975543
32975544
32975547
32975548
32975550
32975552
32975554
32975555
32975556
32975557
32975559
32975560
32975564
32975566
32975567
32975569
32975570
32975575
32975576
32975577
32975580
32975585
32975586
32975587
32975589
32975590
32975591
32975593
32975594
32975595
32975600
32975601
32975602
32975603
32975604
32975605
32975606
32975607
32975608
32975610
32975611
32975613
32975614
32975617
32975619
32975620
32975621
32975622
32975624
32975625
32975626
32975627
32975628
32975629
32975632
32975633
32975635
32975636
32975640
32975641
32975642
32975644
32975645
32975646
32975647
32975648
32975649
32975650
32975651
32975652
32975653
32975656
32975657
32975658
32975659
32975660
32975661
32975662
32975663
32975666
32975667
32975669
32975670
32975671
32975672
32975673
32975675
32975676
32975677
32975678
32972253
32975680
32975682
32975684
32975685
32975686
32975687
32975688
32975692
32975694
32975696
32975698
32975699
32975702
32975703
32975704
32975705
32975706
32975707
32975709
32975711
32975712
32975713
32975714
32975715
32975717
32975718
32975719
32975721
32975722
32975725
32975726
32975728
32975729
32975731
32975732
32975734
32975735
32975736
32975739
32975740
32975742
32975744
32975745
32975747
32975749
32975750
32975751
32975752
32975753
32975754
32975755
32975756
32975757
32975758
32975761
32975762
32975764
32975765
32975766
32975767
32975768
32975769
32975770
32975772
32975773
32975774
32975776
32975777
32975778
32975781
32975785
32975786
32975787
32975788
32975789
32975790
32975791
32975792
32975793
32975794
32975795
32975796
32975797
32975799
32975800
32975801
32975802
32975803
32975805
32975808
32975810
32975812
32975813
32975814
32975816
32975817
32975818
32975819
32975821
32975822
32975828
32975831
32975832
32975833
32975834
32975835
32975836
32975839
32975842
32975845
32975848
32975850
32975851
32975852
32975853
32975854
32975857
32975859
32975860
32975862
32975864
32975867
32975869
32975871
32975872
32975874
32975875
32975876
32975877
32975878
32975881
32975884
32975885
32975886
32975887
32975888
32975890
32975891
32975892
32975893
32975895
32975897
32975899
32975900
32975903
32975905
32975906
32975908
32975909
32975912
32975914
32975915
32975916
32975919
32975922
32975923
32975924
32975925
32975930
32975936
32975937
32975938
32975940
32975941
32975942
32975943
32975945
32975947
32975949
32975950
32975952
32975953
32975954
32975955
32975956
32975957
32975958
32975959
32975960
32975961
32975962
32975963
32975965
32975967
32975968
32975969
32975970
32975971
32975972
32975973
32975974
32975976
32975977
32975978
32975979
32975980
32975981
32975984
32975985
32975986
32975987
32975988
32975989
32975990
32975992
32975993
32975994
32975997
32975998
32975999
32976000
32976004
32976005
32976006
32976010
32976011
32976013
32976014
32976017
32976019
32976020
32976021
32976022
32976023
32976024
32976029
32976030
32976031
32976034
32976035
32976036
32976037
32976040
32976041
32976043
32976045
32976046
32976047
32976048
32976051
32976052
32976053
32976057
32976058
32976059
32976060
32976061
32976063
32976064
32976066
32976067
32976070
32976071
32976072
32976075
32976076
32976077
32976078
32976080
32976081
32976083
32976084
32976085
32976086
32976087
32976088
32976089
32976090
32976091
32976092
32976093
32976094
32976095
32976096
32976097
32976099
32976102
32976104
32976105
32976106
32976107
32976108
32976109
32976111
32976112
32976114
32976115
32976117
32976118
32976119
32976120
32976121
32976122
32976124
32976125
32976126
32976127
32976128
32976129
32976130
32976132
32976134
32976135
32976136
32976138
32976140
32976142
32976143
32976144
32976146
32976148
32976150
32976152
32976153
32976155
32976156
32976157
32976158
32976159
32976160
32976161
32976164
32976166
32976171
32976174
32976175
32976176
32976177
32976178
32976180
32976182
32976184
32976186
32976187
32976188
32976190
32976191
32976192
32976193
32976194
32976195
32976201
32976202
32976203
32976207
32976208
32976210
32976211
32976214
32976215
32976218
32976219
32976220
32976223
32976224
32976225
32976226
32976227
32976228
32976230
32976231
32976232
32976233
32976234
32976238
32976239
32976240
32976242
32976244
32976245
32976246
32976247
32976249
32976250
32976251
32976252
32976253
32976256
32976257
32976258
32976261
32976262
32976264
32976265
32976266
32976267
32976268
32976272
32976273
32976274
32976275
32976276
32976278
32976279
32976280
32976282
32976283
32976284
32976285
32976287
32976293
32976294
32976296
32976297
32976298
32976299
32976300
32976301
32976302
32976304
32976305
32976306
32976307
32976308
32976309
32976310
32976311
32976312
32976313
32976314
32976315
32976316
32976317
32976318
32976319
32976320
32976322
32976323
32976324
32976325
32976326
32976327
32976328
32976329
32976330
32976332
32976333
32976334
32976336
32976337
32976340
32976341
32976342
32976346
32976347
32976348
32976349
32976351
32976353
32976354
32976355
32976358
32976360
32976361
32976362
32976364
32976369
32976370
32976372
32976373
32976374
32976381
32976382
32976383
32976384
32976387
32976388
32976389
32976390
32976392
32976393
32976396
32976398
32976400
32976403
32976404
32976405
32976406
32976408
32976409
32976410
32976411
32976413
32976414
32976415
32976417
32976418
32976419
32976420
32976421
32976422
32976424
32976426
32976427
32976428
32976429
32976430
32976433
32976434
32976435
32976436
32976439
32976440
32976441
32976443
32976444
32976447
32976448
32976449
32976450
32976454
32976461
32976462
32976463
32976464
32976465
32976467
32976469
32976470
32976471
32976472
32976475
32976476
32976479
32976480
32976481
32976482
32976483
32976485
32976486
32976487
32976488
32976489
32976490
32976491
32976492
32976493
32976494
32976495
32976496
32976497
32976498
32976499
32976500
32976501
32976502
32976503
32976505
32976506
32976507
32976508
32976509
32976510
32976511
32976514
32976515
32976516
32976517
32976518
32976519
32976520
32976521
32976523
32976524
32976525
32976526
32976527
32976528
32976529
32976530
32976532
32976533
32976534
32976535
32976537
32976538
32976540
32976541
32976543
32976544
32976546
32976547
32976548
32976550
32976553
32976554
32976555
32976557
32976562
32976563
32976565
32976566
32976567
32976569
32976570
32976571
32976572
32976573
32976574
32976577
32976578
32976579
32976580
32976581
32976582
32976583
32976584
32976585
32976587
32976588
32976589
32976591
32976592
32976593
32976594
32976595
32976596
32976600
32976602
32976603
32976604
32976606
32976607
32976609
32976610
32976614
32976615
32976618
32976619
32976620
32976621
32976622
32976623
32976624
32976625
32976626
32976627
32976628
32976631
32976632
32976633
32976635
32976637
32976638
32976642
32976643
32976645
32976646
32976653
32976654
32976656
32976657
32976659
32976660
32976661
32976662
32976663
32976668
32976669
32976670
32976671
32976673
32976675
32976676
32976677
32976679
32976680
32976683
32976684
32976686
32976687
32976688
32976689
32976690
32976691
32976692
32976693
32976694
32976696
32976697
32976698
32976699
32976700
32968792
32968814
32968815
32968852
32968858
32968883
32968894
32968980
32968981
32968987
32969024
32969032
32969055
32969064
32969076
32969100
32969101
32969102
32969104
32969105
32969107
32969110
32969111
32969113
32969114
32969116
32969117
32969119
32969120
32969121
32969122
32969123
32969124
32969125
32969128
32969131
32969133
32969134
32969136
32969138
32969141
32969144
32969149
32969150
32969152
32969153
32969154
32969155
32969156
32969157
32969159
32969162
32969163
32969166
32969167
32969168
32969175
32969176
32969177
32969179
32969180
32969219
32969222
32969223
32969235
32969256
32969257
32969265
32969269
32969271
32969272
32969274
32969275
32969278
32969280
32969281
32969282
32969284
32969286
32969287
32969289
32969290
32969293
32969294
32969295
32969300
32969360
32969362
32969367
32969389
32969390
32969406
32969417
32969436
32969468
32969518
32969526
32969540
32969541
32969542
32969545
32969548
32969556
32969558
32969581
32969564
32969578
32969579
32969582
32969586
32969591
32969592
32969593
32969596