32507903
32507905
32507906
32507907
32507908
32507909
32507912
32507913
32507914
32507916
32507917
32507918
32507920
32507921
32507922
32507924
32507925
32507926
32507927
32507928
32507930
32507931
32507933
32507934
32507936
32507937
32507938
32507939
32507940
32507942
32507945
32507947
32507948
32507949
32507952
32507954
32507955
32507956
32507957
32507958
32507959
32507965
32507966
32507967
32507968
32507969
32507972
32507973
32507974
32507975
32507978
32507979
32507981
32507982
32507983
32507984
32507986
32507987
32507989
32507990
32507991
32507993
32507994
32507996
32507997
32507999
32508000
32508001
32508003
32508004
32508007
32508009
32508010
32508011
32508012
32508013
32508014
32508016
32508017
32508019
32508021
32508022
32508024
32508025
32508026
32508028
32508030
32508031
32508032
32508033
32508035
32508038
32508039
32508044
32508045
32508046
32508047
32508048
32508050
32508051
32508052
32508053
32508054
32508056
32508057
32508059
32508060
32508061
32508062
32508064
32508065
32508068
32508069
32508070
32508071
32508072
32508074
32508075
32508076
32508077
32508078
32508080
32508082
32508083
32508084
32508085
32508086
32508087
32508088
32508089
32508090
32508091
32508092
32508093
32508094
32508095
32508096
32508097
32508098
32508099
32508100
32508101
32508102
32508103
32508104
32508105
32508106
32508108
32508109
32508110
32508111
32508112
32508115
32508116
32508118
32508119
32508121
32508123
32508124
32508125
32508126
32508127
32508130
32508131
32508133
32508134
32508135
32508136
32508138
32508139
32508140
32508141
32508142
32508143
32508144
32508145
32508147
32508148
32508149
32508150
32508151
32508152
32508153
32508154
32508155
32508156
32508157
32508158
32508159
32508160
32508162
32508163
32508164
32508165
32508166
32508167
32508168
32508170
32508171
32508174
32508175
32508177
32508178
32508179
32508180
32508181
32508182
32508183
32508184
32508185
32508186
32508187
32508188
32508189
32508190
32508191
32508192
32508193
32508194
32508195
32508196
32508197
32508198
32508199
32508200
32508201
32508202
32508203
32508204
32508205
32508206
32508208
32508209
32508210
32508211
32508212
32508213
32508214
32508215
32508216
32508217
32508218
32508219
32508221
32508223
32508224
32508225
32508226
32508227
32508229
32508230
32508231
32508233
32508234
32508235
32508236
32508237
32508238
32508239
32508240
32508241
32508242
32508243
32508244
32508245
32508246
32508247
32508249
32508251
32508252
32508253
32508254
32508255
32508256
32508257
32508258
32508259
32508260
32508261
32508262
32508263
32508264
32508265
32508267
32508268
32508269
32508270
32508271
32508274
32508276
32508278
32508279
32508280
32508281
32508282
32508283
32508284
32508285
32508286
32508288
32508289
32508291
32508292
32508294
32508295
32508296
32508297
32508298
32508299
32508300
32508302
32508303
32508305
32508306
32508307
32508309
32508310
32508311
32508312
32508313
32508314
32508315
32508316
32508317
32508318
32508319
32508320
32508322
32508325
32508326
32508327
32508328
32508330
32508331
32508332
32508333
32508334
32508335
32508336
32508338
32508339
32508340
32508341
32508344
32508345
32508346
32508348
32508350
32508351
32508352
32508353
32508355
32508356
32508359
32508360
32508361
32508362
32508363
32508365
32508366
32508367
32508369
32508370
32508371
32508372
32508373
32508374
32508375
32508377
32508378
32508379
32508380
32508381
32508382
32508383
32508384
32508385
32508386
32508387
32508388
32508389
32508390
32508391
32508392
32508393
32508394
32508395
32508396
32508398
32508399
32508400
32508402
32508403
32508405
32508406
32508407
32508408
32508409
32508410
32508411
32508412
32508413
32508414
32508415
32508416
32508417
32508418
32508419
32508420
32508422
32508424
32508426
32508427
32508429
32508430
32508431
32508432
32508433
32508434
32508436
32508437
32508438
32508439
32508440
32508441
32508443
32508445
32508446
32508447
32508448
32508449
32508450
32508451
32508452
32508455
32508456
32508458
32508459
32508460
32508462
32508463
32508464
32508465
32508466
32508468
32508469
32508471
32508472
32508473
32508474
32508475
32508479
32508482
32508483
32508484
32508488
32508489
32508490
32508491
32508492
32508493
32508494
32508495
32508496
32508497
32508498
32508499
32508500
32508501
32508502
32508503
32508504
32508506
32508507
32508508
32508509
32508510
32508511
32508512
32508513
32508514
32508515
32508516
32508517
32508518
32508519
32508520
32508521
32508522
32508524
32508525
32508526
32508527
32508529
32508533
32508536
32508537
32508538
32508539
32508541
32508542
32508543
32508544
32508547
32508548
32508549
32508551
32508552
32508553
32508554
32508556
32508557
32508558
32508559
32508560
32508561
32508562
32508563
32508564
32508565
32508566
32508567
32508568
32508569
32508570
32508572
32508574
32508575
32508576
32508577
32508578
32508579
32508580
32508581
32508582
32508583
32508584
32508585
32508586
32508588
32508589
32508590
32508592
32508593
32508594
32508595
32508596
32508597
32508599
32508600
32508601
32508605
32508606
32508607
32508608
32508609
32508610
32508611
32508614
32508615
32508617
32508619
32508620
32508621
32508622
32508623
32508624
32508625
32508626
32508629
32508630
32508632
32508634
32508635
32508637
32508638
32508639
32508640
32508641
32508643
32508644
32508645
32508646
32508648
32508651
32508652
32508654
32508655
32508656
32508657
32508658
32508659
32508661
32508662
32508663
32508664
32508666
32508667
32508668
32508669
32508670
32508673
32508674
32508676
32508678
32508679
32508684
32508686
32508688
32508690
32508695
32508697
32508699
32508700
32508701
32508702
32508703
32508705
32508706
32508707
32508708
32508709
32508710
32508711
32508713
32508714
32508715
32508716
32508717
32508718
32508719
32508720
32508721
32508724
32508725
32508726
32508728
32508729
32508730
32508731
32508732
32508734
32508735
32508736
32508737
32508740
32508741
32508742
32508743
32508744
32508745
32508747
32508748
32508749
32508750
32508751
32508753
32508754
32508755
32508756
32508757
32508758
32508759
32508761
32508762
32508763
32508764
32508768
32508770
32508771
32508774
32508775
32508776
32508777
32508780
32508782
32508784
32508786
32508787
32508788
32508790
32508791
32508792
32508793
32508794
32508795
32508796
32508797
32508798
32508799
32508800
32508801
32508802
32508803
32508804
32508805
32508806
32508808
32508809
32508811
32508812
32508816
32508817
32508818
32508819
32508820
32508821
32508822
32508823
32508825
32508826
32508827
32508829
32508831
32508832
32508833
32508834
32508836
32508838
32508839
32508840
32508841
32508842
32508844
32508845
32508847
32508848
32508849
32508850
32508851
32508852
32508853
32508854
32508856
32508859
32508860
32508861
32508863
32508865
32508866
32508867
32508868
32508870
32508871
32508873
32508874
32508875
32508876
32508877
32508878
32508880
32508881
32508883
32508884
32508885
32508886
32508887
32508888
32508889
32508890
32508891
32508892
32508894
32508895
32508896
32508897
32508898
32508900
32508901
32508902
32508903
32508905
32508906
32508910
32508911
32508912
32508913
32508914
32508915
32508916
32508918
32508919
32508920
32508921
32508922
32508923
32508927
32508928
32508929
32508930
32508931
32508933
32508934
32508938
32508939
32508944
32508945
32508947
32508948
32508949
32508951
32508953
32508954
32508955
32508957
32508958
32508959
32508960
32508962
32508963
32508964
32508966
32508967
32508969
32508970
32508971
32508972
32508973
32508974
32508975
32508976
32508982
32508983
32508984
32508985
32508986
32508988
32508989
32508991
32508993
32508994
32508995
32508996
32508997
32508998
32508999
32509001
32509003
32509004
32509005
32509006
32509007
32509009
32509010
32509013
32509014
32509017
32509018
32509019
32509022
32509023
32509024
32509025
32509026
32509028
32509030
32509031
32509032
32509034
32509035
32509036
32509037
32509038
32509040
32509041
32509043
32509044
32509045
32509046
32509050
32509052
32509053
32509056
32509057
32509059
32509061
32509062
32509063
32509064
32509065
32509066
32509068
32509069
32509070
32509071
32509072
32509074
32509075
32509076
32509078
32509079
32509080
32509081
32509082
32509086
32509088
32509090
32509091
32509092
32509096
32509097
32509098
32509104
32509105
32509106
32509107
32509110
32509111
32509112
32509113
32509115
32509118
32509121
32509122
32509124
32509125
32509126
32509129
32509130
32509131
32509132
32509133
32509134
32509136
32509138
32509140
32509141
32509142
32509143
32509144
32509145
32509146
32509147
32509148
32509149
32509151
32509152
32509156
32509158
32509160
32509161
32509163
32509165
32509168
32509169
32509170
32509171
32509172
32509173
32509174
32509176
32509177
32509179
32509180
32509184
32509185
32509186
32509187
32509191
32509192
32509194
32509195
32509197
32509200
32509202
32509203
32509206
32509207
32509208
32509209
32509210
32509211
32509212
32509213
32509214
32509218
32509219
32509220
32509222
32509223
32509225
32509226
32509227
32509228
32509229
32509230
32509233
32509234
32509236
32509238
32509241
32509242
32509243
32509246
32509247
32509248
32509249
32509251
32509252
32509253
32509256
32509257
32509259
32509263
32509264
32509266
32509267
32509268
32509274
32509275
32509276
32509277
32509279
32509281
32509282
32509284
32509285
32509286
32509287
32509288
32509290
32509296
32509298
32509299
32509300
32509302
32509303
32509304
32509305
32509307
32509309
32509310
32509313
32509314
32509317
32509319
32509327
32509330
32509340
32509341
32509347
32509348
32509349
32509350
32509351
32509353
32509359
32509363
32509365
32509366
32509367
32509369
32509370
32509371
32509373
32509374
32509375
32509378
32509379
32509381
32509382
32509383
32509385
32509386
32509387
32509390
32509392
32509397
32509398
32509400
32509401
32509404
32509407
32509410
32509411
32509412
32509415
32509418
32509419
32509420
32509421
32509423
32509431
32509433
32509435
32509437
32509439
32509441
32509445
32509448
32509451
32509452
32509454
32509456
32509457
32509458
32509459
32509460
32509461
32509462
32509463
32509464
32509465
32509466
32509469
32509470
32509473
32509474
32509476
32509477
32509478
32509484
32509485
32509486
32509488
32509489
32509490
32509492
32509493
32509495
32509496
32509497
32509499
32509501
32509503
32509504
32509506
32509507
32509508
32509510
32509512
32509513
32509514
32509515
32509518
32509521
32509523
32509524
32509525
32509526
32509527
32509529
32509531
32509532
32509533
32509537
32509538
32509539
32509540
32509544
32509545
32509548
32509553
32509554
32509558
32509559
32509561
32509562
32509563
32509565
32509566
32509569
32509570
32509571
32509574
32509576
32509577
32509579
32509583
32509584
32509585
32509587
32509588
32509590
32509596
32509603
32509606
32509611
32509614
32509615
32509616
32509618
32509620
32509622
32509623
32509624
32509626
32509630
32509633
32509636
32509639
32509640
32509641
32509643
32509644
32509646
32509648
32509649
32509650
32509651
32509654
32509657
32509661
32509662
32509663
32509664
32509665
32509666
32509667
32509668
32509669
32509671
32509672
32509673
32509675
32509676
32509677
32509678
32509679
32509681
32509682
32509683
32509684
32509686
32509687
32509688
32509689
32509692
32509693
32509694
32509697
32509700
32509701
32509702
32509704
32509707
32509709
32509712
32509713
32509715
32509716
32509717
32509719
32509725
32509726
32509727
32509728
32509729
32509733
32509734
32509736
32509737
32509739
32509740
32509743
32509748
32509752
32509753
32509756
32509758
32509759
32509760
32509761
32509763
32509764
32509766
32509767
32509768
32509771
32509773
32509774
32509775
32509776
32509777
32509779
32509780
32509782
32509783
32509784
32509786
32509787
32509791
32509793
32509794
32509795
32509796
32509798
32509799
32509801
32509802
32509806
32509810
32509811
32509812
32509813
32509814
32509818
32509821
32509822
32509826
32509829
32509830
32509831
32509838
32509840
32509842
32509846
32509849
32509850
32509851
32509852
32509853
32509855
32509856
32509857
32509859
32509860
32509861
32509862
32509864
32509865
32509869
32509872
32509876
32509877
32509879
32509881
32509882
32509885
32509888
32509889
32509893
32509894
32509897
32509898
32509901
32509902
32509903
32509907
32509908
32509909
32509910
32509911
32509912
32509913
32509917
32509918
32509919
32509923
32509926
32509927
32509930
32509931
32509933
32509934
32509939
32509940
32509945
32509946
32509949
32509951
32509952
32509953
32509954
32509956
32509957
32509962
32509963
32509966
32509972
32509974
32509977
32509978
32509979
32509982
32509983
32509985
32509987
32509988
32509989
32509990
32509992
32509993
32509995
32509996
32509998
32510000
32510005
32510007
32510008
32510009
32510011
32510012
32510015
32510016
32510017
32510018
32510020
32510022
32510029
32510030
32510033
32510038
32510041
32510043
32510045
32510046
32510048
32510049
32510057
32510060
32510062
32510063
32510068
32510069
32510070
32510072
32510073
32510078
32510080
32510085
32510086
32510090
32510091
32510093
32510096
32510100
32510105
32510106
32510107
32510108
32510113
32510115
32510116
32510119
32510120
32510122
32510124
32510125
32510130
32510134
32510135
32510136
32510139
32510141
32510144
32510146
32510150
32510152
32510154
32510155
32510160
32510163
32510167
32510168
32510172
32510176
32510181
32510183
32510184
32510185
32510187
32510188
32510193
32510194
32510195
32510196
32510198
32510199
32510200
32510202
32510203
32510204
32510205
32510206
32510207
32510210
32510212
32510213
32510217
32510220
32510224
32510225
32510228
32510230
32510231
32510234
32510237
32510238
32510239
32510242
32510243
32510244
32510245
32510248
32510250
32510252
32510253
32510254
32510255
32510256
32510257
32510258
32510259
32510260
32510262
32510263
32510264
32510269
32510270
32510271
32510272
32510273
32510274
32510275
32510277
32510278
32510281
32510284
32510289
32510290
32510292
32510293
32510294
32510295
32510296
32510297
32510300
32510301
32510303
32510307
32510310
32510311
32510313
32510316
32510317
32510319
32510321
32510322
32510323
32510327
32510329
32510331
32510332
32510333
32510335
32510336
32510337
32510340
32510342
32510344
32510345
32510346
32510349
32510351
32510352
32510355
32510358
32510360
32510363
32510364
32510367
32510369
32510370
32510371
32510372
32510374
32510376
32510377
32510378
32510379
32510386
32510388
32510390
32510396
32510397
32510398
32510399
32510401
32510402
32510403
32510404
32510406
32510409
32510410
32510411
32510412
32510413
32510417
32510419
32510421
32510423
32510426
32510427
32510428
32510429
32510430
32510431
32510432
32510433
32510434
32510436
32510439
32510442
32510444
32510447
32510448
32510452
32510453
32510456
32510458
32510459
32510463
32510468
32510471
32510472
32510473
32510474
32510475
32510479
32510480
32510482
32510483
32510490
32510491
32510493
32510495
32510497
32510498
32510500
32510504
32510505
32510508
32510509
32510512
32510513
32510514
32510517
32510519
32510523
32510525
32510528
32510532
32510533
32510538
32510543
32510544
32510545
32510546
32510547
32510548
32510551
32510553
32510557
32510560
32510564
32510566
32510568
32510569
32510570
32510571
32510572
32510575
32510576
32510577
32510581
32510582
32510583
32510587
32510590
32510595
32510596
32510597
32510600
32510601
32510604
32510605
32510608
32510610
32510614
32510615
32510616
32510617
32510621
32510622
32510623
32510625
32510627
32510629
32510630
32510631
32510634
32510635
32510636
32510638
32510639
32510640
32510641
32510643
32510646
32510647
32510649
32510650
32510651
32510654
32510655
32510656
32510657
32510659
32510660
32510661
32510662
32510663
32510664
32510665
32510666
32510668
32510669
32510670
32510672
32510673
32510675
32510676
32510677
32510678
32510680
32510684
32510685
32510687
32510688
32510691
32510692
32510695
32510696
32510698
32510700
32510702
32510703
32510705
32510709
32510710
32510711
32510712
32510715
32510717
32510719
32510720
32510723
32510724
32510728
32510732
32510740
32510742
32510746
32510751
32510754
32510755
32510756
32510757
32510762
32510763
32510766
32510767
32510768
32510770
32510773
32510774
32510775
32510778
32510779
32510782
32510783
32510785
32510787
32510791
32510795
32510796
32510798
32510800
32510802
32510803
32510805
32510808
32510809
32510811
32510812
32510813
32510814
32510815
32510816
32510819
32510820
32510822
32510823
32510825
32510827
32510831
32510832
32510834
32510836
32510841
32510842
32510845
32510846
32510847
32510849
32510850
32510854
32510855
32510859
32510860
32510861
32510863
32510864
32510865
32510866
32510868
32510870
32510871
32510872
32510874
32510877
32510882
32510883
32510885
32510888
32510889
32510890
32510891
32510893
32510895
32510897
32510900
32510903
32510905
32510908
32510909
32510910
32510911
32510912
32510914
32510916
32510917
32510920
32510922
32510923
32510925
32510927
32510928
32510929
32510930
32510931
32510932
32510934
32510935
32510936
32510937
32510938
32510940
32510942
32510943
32510944
32510945
32510946
32510949
32510951
32510952
32510953
32510955
32510958
32510960
32510962
32510964
32510965
32510966
32510967
32510972
32510973
32510974
32510978
32510981
32510982
32510983
32510985
32510987
32510989
32510992
32510994
32510996
32510997
32510999
32511002
32511004
32511006
32511007
32511008
32511012
32511013
32511014
32511015
32511016
32511017
32511018
32511020
32511021
32511022
32511024
32511032
32511038
32511040
32511041
32511042
32511043
32511047
32511048
32511049
32511052
32511054
32511055
32511057
32511059
32511060
32511061
32511062
32511066
32511067
32511069
32511071
32511073
32511074
32511078
32511082
32511083
32511084
32511085
32511086
32511088
32511090
32511092
32511093
32511094
32511096
32511100
32511101
32511102
32511103
32511107
32511108
32511110
32511112
32511114
32511119
32511120
32511121
32511124
32511127
32511128
32511129
32511132
32511133
32511134
32511135
32511136
32511138
32511139
32511140
32511141
32511142
32511148
32511150
32511155
32511156
32511157
32511158
32511159
32511161
32511164
32511165
32511166
32511170
32511173
32511178
32511180
32511183
32511184
32511185
32511187
32511188
32511189
32511191
32511193
32511195
32511196
32511198
32511199
32511201
32511202
32511203
32511204
32511205
32511206
32511207
32511208
32511209
32511211
32511215
32511225
32511227
32511231
32511233
32511237
32511239
32511244
32511245
32511248
32511250
32511251
32511252
32511253
32511257
32511258
32511259
32511272
32511277
32511279
32511282
32511286
32511294
32511304
32511306
32511307
32511316
32511317
32511319
32511320
32511322
32511325
32511326
32511329
32511334
32511335
32511338
32511344
32511345
32511346
32511347
32511349
32511351
32511353
32511360
32511362
32511366
32511370
32511372
32511374
32511378
32511379
32511382
32511383
32511384
32511385
32511388
32511391
32511398
32511399
32511401
32511403
32511404
32511405
32511407
32511409
32511411
32511413
32511414
32511415
32511416
32511417
32511418
32511419
32511423
32511425
32511427
32511431
32511432
32511434
32511435
32511437
32511438
32511441
32511445
32511446
32511447
32511453
32511454
32511455
32511458
32511459
32511460
32511461
32511462
32511465
32511466
32511471
32511478
32511482
32511487
32511488
32511489
32511490
32511492
32511494
32511495
32511498
32511500
32511502
32511503
32511504
32511506
32511507
32511508
32511509
32511511
32511512
32511513
32511514
32511515
32511516
32511520
32511527
32511528
32511533
32511534
32511538
32511542
32511543
32511544
32511547
32511549
32511550
32511554
32511555
32511565
32511566
32511570
32511571
32511574
32511575
32511578
32511581
32511584
32511585
32511586
32511588
32511589
32511590
32511592
32511594
32511595
32511596
32511602
32511607
32511609
32511610
32511613
32511618
32511620
32511622
32511623
32511628
32511629
32511630
32511632
32511636
32511638
32511641
32511642
32511643
32511648
32511650
32511653
32511659
32511667
32511670
32511677
32511678
32511679
32511681
32511682
32511684
32511687
32511689
32511695
32511697
32511699
32511702
32511703
32511706
32511713
32511715
32511716
32511720
32511721
32511723
32511729
32511730
32511735
32511738
32511741
32511742
32511745
32511747
32511751
32511753
32511755
32511757
32511760
32511761
32511763
32511764
32511765
32511766
32511769
32511770
32511771
32511773
32511776
32511778
32511779
32511781
32511782
32511790
32511791
32511795
32511796
32511801
32511804
32511806
32511807
32511808
32511810
32511813
32511814
32511815
32511817
32511819
32511821
32511823
32511824
32511827
32511829
32511832
32511833
32511834
32511837
32511840
32511843
32511845
32511847
32511848
32511849
32511852
32511853
32511856
32511860
32511862
32511863
32511864
32511865
32511867
32511869
32511871
32511875
32511879
32511880
32511882
32511883
32511884
32511886
32511889
32511891
32511892
32511893
32511894
32511899
32511900
32511906
32511907
32511908
32511909
32511911
32511912
32511913
32511917
32511918
32511919
32511922
32511923
32511924
32511930
32511932
32511933
32511935
32511938
32511939
32511946
32511947
32511948
32511949
32511950
32511951
32511952
32511955
32511957
32511958
32511959
32511960
32511961
32511966
32511969
32511972
32511973
32511978
32511981
32511982
32511983
32511984
32511986
32511988
32511990
32511993
32511995
32511997
32511998
32512001
32512002
32512005
32512008
32512009
32512013
32512014
32512015
32512019
32512025
32512027
32512032
32512033
32512035
32512036
32512037
32512040
32512043
32512050
32512051
32512055
32512064
32512067
32512069
32512071
32512072
32512074
32512075
32512077
32512084
32512085
32512087
32512088
32512090
32512091
32512092
32512094
32512095
32512096
32512097
32512098
32512099
32512100
32512103
32512104
32512106
32512107
32512112
32512117
32512119
32512120
32512121
32512126
32512129
32512132
32512134
32512135
32512137
32512138
32512140
32512145
32512146
32512147
32512149
32512150
32512153
32512155
32512156
32512158
32512159
32512160
32512165
32512168
32512169
32512170
32512174
32512175
32512176
32512185
32512186
32512188
32512194
32512195
32512196
32512197
32512198
32512199
32512200
32512203
32512204
32512206
32512207
32512208
32512209
32512210
32512211
32512212
32512215
32512216
32512217
32512218
32512219
32512220
32512221
32512222
32512224
32512225
32512226
32512227
32512228
32512230
32512231
32512233
32512235
32512237
32512238
32512240
32512241
32512244
32512247
32512249
32512255
32512257
32512259
32512261
32512264
32512266
32512273
32512275
32512280
32512282
32512286
32512287
32512289
32512291
32512292
32512299
32512300
32512301
32512303
32512307
32512310
32512312
32512313
32512314
32512315
32512316
32512317
32512318
32512319
32512320
32512322
32512323
32512326
32512327
32512329
32512330
32512331
32512335
32512336
32512337
32512338
32512339
32512341
32512344
32512345
32512346
32512350
32512351
32512355
32512356
32512358
32512361
32512364
32512367
32512368
32512369
32512371
32512372
32512374
32512375
32512380
32512381
32512384
32512388
32512389
32512390
32512391
32512392
32512393
32512396
32512397
32512398
32512400
32512403
32512404
32512406
32512407
32512408
32512415
32512418
32512419
32512420
32512421
32512422
32512427
32512428
32512430
32512431
32512432
32512433
32512435
32512439
32512441
32512442
32512445
32512446
32512452
32512453
32512456
32512457
32512458
32512461
32512463
32512465
32512468
32512469
32512471
32512472
32512475
32512479
32512480
32512481
32512482
32512483
32512485
32512489
32512490
32512492
32512493
32512494
32512495
32512496
32512498
32512500
32512501
32512502
32512504
32512509
32512510
32512511
32512513
32512515
32512518
32512520
32512521
32512522
32512523
32512526
32512527
32512528
32512529
32512530
32512531
32512532
32512534
32512535
32512537
32512539
32512541
32512542
32512545
32512547
32512548
32512550
32512551
32512552
32512554
32512555
32512556
32512557
32512558
32512559
32512560
32512561
32512562
32512564
32512565
32512566
32512567
32512568
32512570
32512571
32512572
32512573
32512574
32512575
32512576
32512577
32512578
32512580
32512582
32512583
32512584
32512585
32512586
32512589
32512590
32512591
32512592
32512593
32512594
32512596
32512598
32512599
32512602
32512603
32512604
32512605
32512607
32512608
32512609
32512612
32512614
32512615
32512616
32512618
32512619
32512620
32512622
32512623
32512624
32512626
32512627
32512628
32512630
32512631
32512632
32512634
32512636
32512637
32512638
32512639
32512640
32512641
32512642
32512643
32512645
32512646
32512648
32512649
32512650
32512651
32512652
32512653
32512654
32512655
32512656
32512657
32512658
32512659
32512660
32512662
32512663
32512664
32512665
32512666
32512667
32512670
32512671
32512672
32512673
32512674
32512677
32512680
32512681
32512682
32512683
32512684
32512686
32512687
32512689
32512690
32512692
32512693
32512695
32512697
32512699
32512700
32512702
32512703
32512704
32512705
32512706
32512707
32512708
32512709
32512710
32512711
32512712
32512714
32512715
32512716
32512718
32512720
32512721
32512724
32512725
32512726
32512728
32512729
32512731
32512732
32512733
32512734
32512735
32512736
32512737
32512738
32512739
32512741
32512742
32512743
32512744
32512745
32512747
32512748
32512749
32512752
32512754
32512755
32512757
32512758
32512759
32512760
32512761
32512762
32512766
32512770
32512772
32512774
32512775
32512776
32512777
32512778
32512779
32512780
32512781
32512782
32512783
32512786
32512787
32512788
32512789
32512790
32512791
32512792
32512793
32512794
32512795
32512797
32512799
32512800
32512801
32512802
32512803
32512804
32512805
32512806
32512808
32512811
32512812
32512813
32512814
32512816
32512818
32512819
32512820
32512821
32512824
32512825
32512826
32512829
32512831
32512833
32512834
32512835
32512836
32512837
32512840
32512841
32512842
32512843
32512844
32512845
32512848
32512852
32512853
32512855
32512856
32512857
32512858
32512860
32512862
32512864
32512865
32512866
32512867
32512869
32512871
32512872
32512873
32512875
32512877
32512878
32512879
32512881
32512882
32512883
32512884
32512885
32512886
32512887
32512888
32512889
32512890
32512892
32512893
32512894
32512895
32512896
32512897
32512898
32512899
32512901
32512902
32512904
32512905
32512906
32512907
32512908
32512909
32512910
32512911
32512912
32512913
32512914
32512915
32512916
32512917
32512918
32512919
32512920
32512922
32512924
32512925
32512926
32512927
32512928
32512929
32512931
32512934
32512935
32512937
32512939
32512940
32512941
32512943
32512944
32512946
32512948
32512949
32512950
32512951
32512952
32512953
32512954
32512955
32512956
32512957
32512958
32512959
32512960
32512961
32512962
32512964
32512968
32512969
32512970
32512971
32512972
32512973
32512975
32512976
32512977
32512978
32512979
32512982
32512983
32512984
32512985
32512986
32512990
32512993
32512996
32512997
32512998
32512999
32513000
32513001
32513002
32513003
32513004
32513007
32513008
32513013
32513014
32513015
32513016
32513018
32513022
32513023
32513024
32513025
32513026
32513027
32513029
32513030
32513031
32513032
32513034
32513036
32513038
32513039
32513040
32513041
32513045
32513046
32513048
32513049
32513050
32513052
32513053
32513056
32513057
32513058
32513060
32513061
32513062
32513065
32513066
32513067
32513068
32513069
32513070
32513071
32513072
32513073
32513074
32513078
32513079
32513080
32513081
32513082
32513083
32513084
32513085
32513087
32513088
32513089
32513091
32513092
32513095
32513097
32513099
32513101
32513102
32513103
32513104
32513106
32513107
32513108
32513109
32513110
32513111
32513113
32513114
32513115
32513116
32513118
32513119
32513120
32513121
32513123
32513125
32513127
32513128
32513129
32513130
32513131
32513132
32513133
32513134
32513136
32513137
32513138
32513139
32513140
32513141
32513142
32513143
32513144
32513148
32513150
32513151
32513152
32513153
32513154
32513155
32513156
32513157
32513159
32513160
32513163
32513164
32513165
32513166
32513168
32513171
32513173
32513174
32513175
32513176
32513177
32513179
32513180
32513181
32513182
32513184
32513185
32513186
32513187
32513188
32513189
32513190
32513192
32513194
32513195
32513196
32513197
32513198
32513199
32513201
32513203
32513204
32513205
32513206
32513207
32513208
32513209
32513211
32513212
32513213
32513214
32513215
32513217
32513218
32513220
32513223
32513224
32513225
32513226
32513228
32513230
32513233
32513234
32513236
32513238
32513239
32513240
32513241
32513242
32513243
32513245
32513246
32513247
32513248
32513250
32513252
32513254
32513255
32513256
32513257
32513258
32513261
32513263
32513264
32513265
32513266
32513268
32513269
32513270
32513271
32513272
32513273
32513274
32513275
32513278
32513279
32513280
32513281
32513282
32513284
32513285
32513288
32513289
32513290
32513291
32513292
32513293
32513294
32513295
32513297
32513299
32513301
32513302
32513304
32513305
32513306
32513307
32513309
32513310
32513311
32513312
32513315
32513316
32513317
32513318
32513319
32513320
32513321
32513323
32513324
32513325
32513332
32513333
32513334
32513335
32513336
32513337
32513339
32513340
32513341
32513342
32513343
32513344
32513345
32513347
32513350
32513351
32513352
32513354
32513355
32513358
32513359
32513360
32513361
32513362
32513363
32513367
32513368
32513369
32513370
32513371
32513375
32513376
32513377
32513378
32513379
32513380
32513381
32513382
32513383
32513385
32513386
32513387
32513388
32513389
32513390
32513391
32513394
32513395
32513396
32513397
32513399
32513401
32513402
32513403
32513404
32513405
32513406
32513407
32513408
32513409
32513411
32513412
32513413
32513414
32513415
32513416
32513417
32513418
32513419
32513421
32513422
32513423
32513424
32513426
32513427
32513429
32513431
32513432
32513435
32513438
32513440
32513441
32513442
32513445
32513446
32513447
32513450
32513451
32513452
32513454
32513455
32513456
32513457
32513459
32513460
32513462
32513464
32513465
32513466
32513467
32513469
32513471
32513474
32513475
32513476
32513478
32513479
32513480
32513481
32513484
32513485
32513488
32513490
32513491
32513494
32513495
32513496
32513497
32513498
32513499
32513500
32513501
32513503
32513504
32513506
32513507
32513508
32513510
32513511
32513512
32513513
32513514
32513516
32513517
32513519
32513520
32513521
32513522
32513523
32513525
32513527
32513528
32513529
32513530
32513531
32513532
32513533
32513537
32513538
32513539
32513540
32513541
32513542
32513543
32513544
32513545
32513546
32513547
32513548
32513549
32513551
32513552
32513553
32513554
32513555
32513556
32513557
32513558
32513560
32513561
32513562
32513564
32513565
32513566
32513567
32513569
32513570
32513571
32513572
32513573
32513574
32513575
32513576
32513578
32513579
32513580
32513582
32513583
32513585
32513586
32513588
32513589
32513590
32513591
32513592
32513593
32513594
32513597
32513598
32513600
32513601
32513602
32513603
32513604
32513605
32513607
32513608
32513609
32513610
32513611
32513613
32513614
32513615
32513617
32513619
32513620
32513621
32513622
32513623
32513624
32513625
32513626
32513627
32513628
32513629
32513630
32513631
32513632
32513633
32513634
32513635
32513637
32513638
32513639
32513640
32513642
32513643
32513644
32513645
32513646
32513647
32513648
32513649
32513651
32513652
32513653
32513654
32513655
32513656
32513657
32513658
32513659
32513660
32513661
32513662
32513663
32513666
32513667
32513669
32513670
32513671
32513672
32513673
32513674
32513675
32513676
32513677
32513678
32513679
32513681
32513682
32513683
32513685
32513686
32513688
32513689
32513690
32513691
32513692
32513695
32513696
32513698
32513700
32513703
32513705
32513706
32513707
32513708
32513709
32513711
32513712
32513714
32513715
32513718
32513719
32513721
32513722
32513723
32513724
32513725
32513726
32513727
32513728
32513730
32513731
32513732
32513733
32513734
32513735
32513736
32513737
32513738
32513740
32513741
32513743
32513744
32513745
32513746
32513747
32513748
32513749
32513750
32513751
32513752
32513754
32513756
32513759
32513760
32513761
32513762
32513763
32513764
32513765
32513766
32513768
32513769
32513770
32513772
32513773
32513774
32513775
32513776
32513778
32513779
32513780
32513781
32513784
32513787
32513788
32513791
32513793
32513794
32513795
32513796
32513797
32513798
32513802
32513804
32513806
32513807
32513808
32513810
32513811
32513812
32513813
32513814
32513816
32513817
32513818
32513820
32513821
32513822
32513823
32513824
32513825
32513826
32513827
32513828
32513829
32513830
32513831
32513832
32513833
32513834
32513835
32513836
32513838
32513839
32513840
32513841
32513842
32513843
32513844
32513845
32513846
32513848
32513849
32513852
32513853
32513854
32513855
32513858
32513859
32513860
32513861
32513863
32513864
32513865
32513866
32513868
32513869
32513871
32513872
32513874
32513875
32513876
32513877
32513878
32513879
32513880
32513881
32513882
32513883
32513887
32513889
32513890
32513891
32513892
32513895
32513898
32513899
32513900
32513901
32513903
32513904
32513905
32513907
32513909
32513910
32513911
32513912
32513914
32513915
32513920
32513921
32513922
32513924
32513925
32513926
32513927
32513928
32513929
32513931
32513932
32513933
32513934
32513935
32513936
32513937
32513938
32513939
32513940
32513941
32513942
32513943
32513944
32513945
32513947
32513948
32513951
32513953
32513954
32513955
32513956
32513957
32513958
32513959
32513961
32513962
32513963
32513964
32513966
32513967
32513969
32513970
32513972
32513973
32513974
32513975
32513976
32513977
32513978
32513979
32513980
32513982
32513983
32513984
32513987
32513988
32513989
32513990
32513991
32513992
32513996
32513997
32513998
32513999
32514000
32514001
32514002
32514004
32514005
32514008
32514009
32514010
32514011
32514012
32514013
32514014
32514015
32514016
32514017
32514018
32514019
32514020
32514021
32514022
32514023
32514025
32514026
32514027
32514029
32514031
32514032
32514033
32514035
32514036
32514037
32514038
32514040
32514041
32514043
32514044
32514045
32514046
32514047
32514048
32514049
32514050
32514051
32514052
32514054
32514056
32514057
32514059
32514060
32514062
32514063
32514064
32514066
32514068
32514070
32514071
32514072
32514073
32514076
32514077
32514078
32514079
32514080
32514081
32514083
32514084
32514087
32514088
32514089
32514090
32514091
32514092
32514093
32514094
32514095
32514096
32514097
32514098
32514099
32514100
32514101
32514102
32514103
32514104
32514105
32514108
32514109
32514110
32514111
32514112
32514113
32514114
32514116
32514117
32514118
32514119
32514120
32514121
32514123
32514125
32514126
32514127
32514128
32514129
32514130
32514131
32514132
32514133
32514134
32514135
32514139
32514140
32514141
32514143
32514144
32514145
32514146
32514147
32514148
32514149
32514150
32514151
32514152
32514154
32514155
32514156
32514157
32514158
32514159
32514160
32514162
32514164
32514165
32514166
32514167
32514170
32514171
32514172
32514173
32514174
32514175
32514176
32514177
32514178
32514179
32514181
32514182
32514183
32514185
32514186
32514187
32514188
32514189
32514190
32514191
32514192
32514193
32514194
32514195
32514196
32514198
32514201
32514202
32514205
32514208
32514209
32514211
32514212
32514215
32514216
32514217
32514218
32514220
32514221
32514222
32514223
32514224
32514226
32514227
32514228
32514229
32514231
32514232
32514234
32514235
32514236
32514237
32514239
32514241
32514242
32514243
32514244
32514246
32514247
32514249
32514250
32514251
32514252
32514253
32514254
32514255
32514256
32514257
32514258
32514259
32514262
32514263
32514264
32514265
32514266
32514267
32514268
32514269
32514270
32514271
32514272
32514273
32514274
32514275
32514276
32514277
32514279
32514280
32514281
32514282
32514283
32514284
32514285
32514286
32514287
32514288
32514289
32514291
32514292
32514293
32514294
32514295
32514296
32514297
32514298
32514299
32514300
32514301
32514303
32514304
32514306
32514307
32514308
32514309
32514310
32514311
32514312
32514313
32514314
32514315
32514316
32514317
32514318
32514319
32514321
32514322
32514323
32514324
32514325
32514326
32514327
32514328
32514329
32514330
32514331
32514333
32514335
32514336
32514337
32514338
32514339
32514340
32514343
32514344
32514345
32514346
32514347
32514348
32514349
32514350
32514351
32514352
32514353
32514354
32514356
32514358
32514359
32514360
32514361
32514362
32514363
32514364
32514365
32514366
32514369
32514370
32514371
32514372
32514373
32514374
32514375
32514377
32514379
32514380
32514383
32514384
32514385
32514386
32514388
32514389
32514390
32514391
32514392
32514393
32514394
32514395
32514396
32514398
32514400
32514401
32514402
32514404
32514405
32514406
32514408
32514409
32514410
32514411
32514412
32514413
32514414
32514415
32514416
32514417
32514418
32514419
32514420
32514421
32514422
32514423
32514424
32514425
32514426
32514427
32514428
32514429
32514430
32514431
32514432
32514433
32514435
32514436
32514437
32514438
32514439
32514440
32514441
32514442
32514443
32514445
32514446
32514447
32514449
32514450
32514451
32514452
32514453
32514454
32514455
32514456
32514458
32514459
32514460
32514462
32514463
32514464
32514465
32514466
32514468
32514469
32514470
32514471
32514472
32514473
32514474
32514475
32514476
32514477
32514478
32514479
32514480
32514481
32514482
32514483
32514484
32514485
32514486
32514487
32514488
32514489
32514490
32514491
32514492
32514493
32514494
32514495
32514496
32514497
32514498
32514499
32514500
32514501
32514502
32514503
32514504
32514505
32514506
32514507
32514508
32514509
32514510
32514511
32514512
32514513
32514514
32514515
32514516
32514517
32514518
32514519
32514520
32514521
32514522
32514524
32514526
32514527
32514528
32514529
32514531
32514533
32514534
32514535
32514536
32514537
32514538
32514542
32514543
32514544
32514545
32514546
32514547
32514549
32514550
32514551
32514552
32514554
32514555
32514556
32514558
32514559
32514561
32514563
32514564
32514565
32514567
32514569
32514570
32514571
32514574
32514575
32514576
32514577
32514578
32514579
32514580
32514581
32514582
32514583
32514584
32514585
32514586
32514587
32514589
32514590
32514591
32514592
32514593
32514594
32514595
32514596
32514597
32514599
32514600
32514601
32514603
32514605
32514606
32514608
32514610
32514611
32514612
32514613
32514614
32514616
32514617
32514618
32514619
32514620
32514621
32514622
32514623
32514624
32514625
32514626
32514627
32514628
32514630
32514631
32514632
32514633
32514634
32514635
32514636
32514637
32514638
32514639
32514640
32514641
32514643
32514644
32514645
32514647
32514650
32514652
32514653
32514654
32514655
32514656
32514657
32514658
32514659
32514660
32514661
32514662
32514663
32514664
32514665
32514666
32514667
32514669
32514670
32514671
32514672
32514673
32514674
32514676
32514677
32514678
32514680
32514681
32514682
32514683
32514684
32514687
32514689
32514690
32514691
32514692
32514693
32514695
32514696
32514698
32514699
32514700
32514701
32514702
32514703
32514705
32514706
32514707
32514708
32514709
32514710
32514711
32514712
32514713
32514714
32514716
32514717
32514718
32514720
32514721
32514722
32514723
32514724
32514725
32514727
32514728
32514731
32514732
32514733
32514734
32514735
32514736
32514737
32514738
32514739
32514740
32514741
32514742
32514743
32514744
32514746
32514747
32514748
32514749
32514750
32514751
32514752
32514753
32514755
32514757
32514758
32514759
32514760
32514761
32514762
32514763
32514764
32514766
32514767
32514768
32514769
32514770
32514771
32514772
32514773
32514774
32514775
32514777
32514780
32514781
32514782
32514783
32514784
32514785
32514787
32514788
32514789
32514790
32514791
32514794
32514796
32514797
32514798