31326208
31326209
31326210
31326211
31326212
31326213
31326214
31326218
31326219
31326221
31326223
31326224
31326225
31326226
31326227
31326228
31326230
31326231
31326232
31326233
31326234
31326235
31326237
31326239
31326240
31326241
31326242
31326243
31326244
31326245
31326246
31326247
31326248
31326249
31326250
31326251
31326252
31326254
31326255
31326256
31326257
31326258
31326259
31326260
31326261
31326262
31326263
31326265
31326266
31326268
31326269
31326270
31326271
31326272
31326273
31326274
31326275
31326276
31326277
31326278
31326279
31326280
31326281
31326282
31326283
31326284
31326285
31326286
31326289
31326290
31326291
31326292
31326293
31326294
31326295
31326296
31326298
31326299
31326300
31326301
31326302
31326304
31326305
31326306
31326307
31326308
31326309
31326310
31326311
31326314
31326315
31326316
31326317
31326318
31326319
31326320
31326321
31326322
31326323
31326324
31326325
31326326
31326327
31326328
31326329
31326330
31326331
31326332
31326333
31326336
31326337
31326338
31326339
31326340
31326341
31326342
31326343
31326344
31326345
31326347
31326348
31326349
31326350
31326351
31326352
31326353
31326354
31326355
31326356
31326357
31326358
31326360
31326361
31326362
31326363
31326364
31326365
31326366
31326367
31326368
31326370
31326372
31326373
31326374
31326375
31326376
31326377
31326378
31326379
31326380
31326381
31326383
31326384
31326385
31326386
31326389
31326390
31326391
31326392
31326393
31326394
31326396
31326397
31326398
31326399
31326400
31326401
31326402
31326403
31326404
31326405
31326406
31326407
31326408
31326409
31326410
31326411
31326412
31326413
31326414
31326416
31326417
31326418
31326420
31326421
31326422
31326423
31326424
31326426
31326427
31326429
31326431
31326432
31326433
31326434
31326435
31326436
31326437
31326438
31326439
31326440
31326441
31326442
31326443
31326444
31326445
31326446
31326447
31326448
31326449
31326451
31326452
31326453
31326455
31326456
31326457
31326460
31326461
31326462
31326463
31326465
31326466
31326468
31326469
31326470
31326472
31326473
31326474
31326476
31326478
31326479
31326480
31326481
31326482
31326483
31326484
31326485
31326486
31326487
31326488
31326489
31326490
31326491
31326493
31326494
31326495
31326496
31326497
31326498
31326499
31326500
31326501
31326502
31326504
31326505
31326506
31326507
31326508
31326509
31326510
31326511
31326512
31326513
31326514
31326515
31326516
31326517
31326519
31326520
31326522
31326523
31326524
31326525
31326526
31326527
31326528
31326529
31326530
31326531
31326532
31326533
31326535
31326536
31326537
31326539
31326540
31326541
31326542
31326543
31326544
31326545
31326546
31326547
31326548
31326549
31326550
31326551
31326552
31326553
31326554
31326555
31326556
31326557
31326558
31326559
31326560
31326563
31326564
31326565
31326566
31326567
31326568
31326569
31326570
31326571
31326572
31326573
31326574
31326576
31326577
31326578
31326580
31326581
31326582
31326583
31326584
31326585
31326586
31326587
31326589
31326590
31326591
31326592
31326593
31326594
31326595
31326596
31326598
31326599
31326600
31326601
31326602
31326603
31326604
31326605
31326606
31326607
31326608
31326609
31326610
31326611
31326612
31326614
31326615
31326616
31326617
31326618
31326619
31326620
31326621
31326622
31326623
31326624
31326625
31326626
31326627
31326628
31326629
31326630
31326631
31326632
31326633
31326634
31326635
31326636
31326637
31326638
31326639
31326640
31326641
31326642
31326643
31326644
31326645
31326646
31326647
31326648
31326649
31326650
31326651
31326652
31326653
31326654
31326656
31326658
31326659
31326660
31326661
31326662
31326663
31326664
31326665
31326666
31326667
31326668
31326669
31326670
31326671
31326672
31326673
31326675
31326676
31326677
31326678
31326679
31326680
31326681
31326682
31326683
31326684
31326685
31326686
31326687
31326688
31326689
31326690
31326691
31326692
31326693
31326694
31326695
31326696
31326697
31326698
31326699
31326700
31326702
31326704
31326705
31326706
31326707
31326709
31326710
31326711
31326712
31326714
31326715
31326716
31326717
31326718
31326719
31326720
31326721
31326722
31326723
31326724
31326725
31326726
31326728
31326729
31326730
31326731
31326732
31326733
31326734
31326735
31326736
31326737
31326738
31326739
31326740
31326741
31326742
31326743
31326744
31326745
31326747
31326748
31326749
31326750
31326751
31326752
31326753
31326754
31326755
31326756
31326757
31326758
31326759
31326760
31326761
31326762
31326763
31326764
31326765
31326766
31326767
31326768
31326769
31326770
31326771
31326772
31326773
31326775
31326776
31326777
31326778
31326780
31326781
31326782
31326783
31326784
31326786
31326787
31326788
31326789
31326790
31326792
31326793
31326794
31326795
31326796
31326797
31326798
31326801
31326802
31326803
31326804
31326805
31326806
31326809
31326810
31326811
31326812
31326813
31326814
31326815
31326818
31326819
31326821
31326822
31326823
31326824
31326827
31326830
31326831
31326832
31326833
31326835
31326837
31326838
31326839
31326843
31326845
31326846
31326847
31326848
31326849
31326850
31326851
31326852
31326853
31326854
31326855
31326856
31326857
31326858
31326860
31326861
31326864
31326865
31326866
31326867
31326868
31326870
31326871
31326872
31326873
31326874
31326875
31326876
31326877
31326879
31326880
31326881
31326882
31326884
31326885
31326886
31326887
31326888
31326891
31326894
31326895
31326896
31326897
31326898
31326899
31326900
31326901
31326902
31326903
31326904
31326905
31326906
31326907
31326908
31326909
31326910
31326911
31326912
31326913
31326914
31326915
31326916
31326918
31326919
31326920
31326922
31326924
31326926
31326927
31326928
31326929
31326930
31326931
31326932
31326933
31326934
31326935
31326936
31326937
31326938
31326939
31326940
31326941
31326942
31326943
31326944
31326945
31326946
31326947
31326949
31326950
31326953
31326954
31326956
31326957
31326958
31326959
31326960
31326961
31326962
31326963
31326964
31326966
31326967
31326969
31326970
31326971
31326972
31326973
31326974
31326975
31326976
31326978
31326979
31326980
31326981
31326982
31326983
31326984
31326985
31326986
31326987
31326988
31326989
31326990
31326991
31326992
31326994
31326995
31326997
31326999
31327000
31327001
31327002
31327003
31327004
31327005
31327007
31327008
31327009
31327010
31327011
31327012
31327015
31327016
31327017
31327018
31327019
31327020
31327021
31327022
31327024
31327025
31327026
31327028
31327029
31327030
31327031
31327032
31327033
31327034
31327035
31327036
31327037
31327038
31327039
31327040
31327042
31327043
31327044
31327045
31327046
31327047
31327048
31327049
31327050
31327051
31327052
31327054
31327056
31327057
31327058
31327060
31327061
31327062
31327064
31327065
31327066
31327067
31327068
31327069
31327071
31327072
31327073
31327074
31327076
31327077
31327078
31327079
31327080
31327081
31327082
31327083
31327084
31327085
31327086
31327087
31327088
31327089
31327090
31327091
31327092
31327093
31327094
31327095
31327096
31327097
31327098
31327099
31327100
31327101
31327102
31327103
31327104
31327105
31327106
31327107
31327109
31327110
31327112
31327113
31327114
31327115
31327116
31327120
31327121
31327123
31327124
31327125
31327126
31327127
31327130
31327131
31327132
31327134
31327136
31327139
31327142
31327148
31327150
31327151
31327152
31327153
31327155
31327156
31327157
31327158
31327159
31327160
31327161
31327162
31327163
31327166
31327168
31327169
31327171
31327172
31327173
31327174
31327175
31327176
31327177
31327178
31327179
31327180
31327181
31327182
31327183
31327184
31327185
31327186
31327188
31327189
31327190
31327191
31327192
31327193
31327195
31327196
31327197
31327198
31327199
31327200
31327201
31327202
31327203
31327204
31327205
31327206
31327207
31327208
31327209
31327210
31327211
31327212
31327214
31327215
31327216
31327217
31327219
31327220
31327221
31327223
31327224
31327225
31327226
31327227
31327228
31327229
31327230
31327231
31327233
31327234
31327235
31327236
31327237
31327238
31327239
31327240
31327241
31327242
31327243
31327244
31327246
31327248
31327249
31327250
31327251
31327252
31327253
31327254
31327255
31327256
31327257
31327258
31327259
31327260
31327261
31327262
31327263
31327264
31327265
31327266
31327267
31327268
31327269
31327270
31327271
31327272
31327273
31327274
31327275
31327276
31327277
31327278
31327279
31327280
31327281
31327283
31327285
31327286
31327287
31327289
31327291
31327292
31327293
31327295
31327296
31327298
31327299
31327300
31327302
31327303
31327304
31327305
31327307
31327308
31327309
31327311
31327312
31327314
31327315
31327317
31327318
31327319
31327321
31327322
31327323
31327324
31327325
31327326
31327327
31327328
31327329
31327330
31327331
31327332
31327333
31327334
31327335
31327336
31327337
31327338
31327339
31327341
31327342
31327343
31327344
31327345
31327346
31327347
31327348
31327349
31327350
31327351
31327352
31327353
31327354
31327355
31327356
31327357
31327358
31327359
31327360
31327361
31327362
31327364
31327365
31327366
31327367
31327368
31327369
31327370
31327373
31327374
31327376
31327377
31327378
31327379
31327381
31327382
31327383
31327384
31327385
31327386
31327387
31327388
31327389
31327390
31327391
31327392
31327393
31327394
31327395
31327396
31327398
31327399
31327400
31327401
31327402
31327404
31327405
31327406
31327407
31327408
31327409
31327410
31327411
31327412
31327413
31327414
31327416
31327417
31327418
31327420
31327421
31327422
31327424
31327425
31327426
31327428
31327429
31327430
31327431
31327432
31327434
31327435
31327436
31327437
31327438
31327439
31327440
31327441
31327442
31327443
31327444
31327445
31327446
31327447
31327448
31327449
31327450
31327451
31327452
31327453
31327454
31327455
31327456
31327457
31327458
31327459
31327460
31327461
31327462
31327463
31327464
31327465
31327466
31327467
31327468
31327469
31327470
31327471
31327472
31327473
31327474
31327475
31327476
31327477
31327479
31327480
31327481
31327482
31327483
31327484
31327485
31327486
31327487
31327488
31327489
31327490
31327491
31327492
31327493
31327494
31327495
31327496
31327497
31327498
31327499
31327500
31327501
31327502
31327503
31327504
31327507
31327508
31327509
31327510
31327511
31327513
31327514
31327515
31327516
31327517
31327518
31327519
31327520
31327521
31327522
31327523
31327524
31327527
31318865
31318866
31318867
31318868
31318869
31318870
31318872
31318873
31318874
31318875
31318876
31318877
31318878
31318879
31318880
31318881
31318883
31318884
31318885
31318886
31318887
31318888
31318889
31318890
31318892
31318893
31318894
31318895
31318896
31318897
31318898
31318899
31318900
31318903
31318904
31318905
31318906
31318907
31318908
31318910
31318911
31318912
31318913
31318914
31318915
31318917
31318918
31318919
31318920
31318921
31318922
31318923
31318924
31318925
31318926
31318927
31318928
31318929
31318930
31318931
31318932
31318933
31318934
31318935
31318936
31318937
31318938
31318939
31318940
31318941
31318942
31318943
31318944
31318945
31318946
31318947
31318948
31318949
31318952
31318953
31318954
31318955
31318958
31318960
31318961
31318962
31318963
31318964
31318965
31318966
31318967
31318968
31318969
31318970
31318971
31318972
31318973
31318974
31318975
31318977
31318978
31318979
31318980
31318983
31318984
31318985
31318986
31318988
31318989
31318991
31318993
31318994
31318995
31318996
31318997
31318998
31318999
31319000
31319001
31319002
31319004
31319005
31319006
31319007
31319010
31319012
31319013
31319015
31319017
31319018
31319020
31319021
31319022
31319023
31319024
31319025
31319026
31319027
31319028
31319029
31319030
31319031
31319032
31319033
31319034
31319036
31319037
31319038
31319039
31319040
31319041
31319043
31319044
31319045
31319046
31319047
31319048
31319049
31319050
31319051
31319053
31319055
31319056
31319057
31319058
31319059
31319060
31319061
31319062
31319064
31319066
31319067
31319068
31319069
31319071
31319072
31319073
31319075
31319076
31319077
31319078
31319079
31319081
31319083
31319084
31319087
31319090
31319091
31319092
31319093
31319094
31319096
31319098
31319101
31319102
31319103
31319105
31319106
31319107
31319108
31319109
31319111
31319112
31319113
31319114
31319115
31319116
31319118
31319121
31319122
31319123
31319124
31319125
31319126
31319127
31319129
31319130
31319132
31319133
31319134
31319136
31319137
31319138
31319139
31319140
31319142
31319143
31319145
31319147
31319148
31319149
31319150
31319151
31319152
31319153
31319154
31319155
31319156
31319159
31319160
31319162
31319163
31319164
31319165
31319166
31319168
31319170
31319171
31319172
31319173
31319174
31319175
31319178
31319179
31319180
31319181
31319182
31319184
31319185
31319186
31319187
31319188
31319189
31319190
31319191
31319192
31319193
31319194
31319195
31319197
31319198
31319199
31319200
31319201
31319202
31319203
31319204
31319205
31319206
31319207
31319208
31319209
31319210
31319211
31319212
31319213
31319214
31319215
31319217
31319218
31319219
31319220
31319221
31319222
31319223
31319224
31319225
31319226
31319227
31319229
31319230
31319231
31319232
31319233
31319234
31319235
31319236
31319237
31319238
31319240
31319242
31319243
31319244
31319245
31319246
31319248
31319249
31319250
31319251
31319252
31319253
31319256
31319257
31319258
31319259
31319260
31319261
31319262
31319263
31319264
31319265
31319266
31319269
31319270
31319271
31319272
31319274
31319275
31319276
31319277
31319278
31319279
31319281
31319282
31319283
31319284
31319286
31319287
31319288
31319289
31319290
31319291
31319292
31319293
31319294
31319295
31319296
31319297
31319298
31319299
31319301
31319302
31319303
31319305
31319306
31319307
31319308
31319309
31319310
31319311
31319312
31319314
31319315
31319317
31319318
31319319
31319320
31319321
31319322
31319323
31319324
31319326
31319327
31319328
31319329
31319330
31319331
31319332
31319333
31319334
31319335
31319337
31319338
31319339
31319341
31319342
31319343
31319344
31319345
31319346
31319347
31319348
31319349
31319350
31319351
31319352
31319353
31319354
31319355
31319356
31319357
31319358
31319359
31319360
31319361
31319362
31319363
31319364
31319366
31319367
31319368
31319369
31319370
31319371
31319373
31319374
31319376
31319377
31319378
31319379
31319380
31319381
31319382
31319383
31319384
31319385
31319386
31319388
31319389
31319390
31319391
31319392
31319393
31319394
31319395
31319396
31319397
31319398
31319399
31319400
31319401
31319402
31319403
31319404
31319405
31319406
31319407
31319408
31319409
31319411
31319412
31319413
31319414
31319415
31319416
31319417
31319418
31319419
31319420
31319422
31319423
31319424
31319425
31319426
31319427
31319428
31319429
31319430
31319431
31319432
31319433
31319434
31319435
31319436
31319437
31319438
31319439
31319440
31319441
31319442
31319443
31319444
31319445
31319446
31319447
31319448
31319449
31319450
31319451
31319452
31319453
31319454
31319456
31319457
31319458
31319461
31319463
31319464
31319465
31319466
31319468
31319470
31319471
31319472
31319473
31319474
31319475
31319476
31319477
31319479
31319480
31319481
31319482
31319483
31319484
31319485
31319486
31319487
31319489
31319490
31319491
31319492
31319493
31319494
31319495
31319497
31319499
31319500
31319501
31319503
31319504
31319505
31319506
31319507
31319508
31319509
31319510
31319511
31319512
31319513
31319514
31319515
31319516
31319517
31319518
31319519
31319520
31319521
31319523
31319524
31319526
31319527
31319528
31319529
31319530
31319531
31319532
31319533
31319534
31319535
31319536
31319537
31319540
31319541
31319542
31319543
31319544
31319545
31319546
31319547
31319548
31319549
31319550
31319551
31319552
31319553
31319554
31319555
31319556
31319557
31319559
31319560
31319561
31319562
31319563
31319565
31319566
31319567
31319568
31319569
31319570
31319571
31319572
31319573
31319574
31319575
31319576
31319577
31319578
31319582
31319583
31319584
31319586
31319587
31319588
31319589
31319590
31319591
31319592
31319593
31319594
31319596
31319597
31319598
31319600
31319601
31319603
31319604
31319605
31319607
31319608
31319611
31319612
31319613
31319614
31319615
31319616
31319617
31319618
31319621
31319622
31319623
31319624
31319625
31319626
31319627
31319628
31319629
31319630
31319631
31319632
31319633
31319634
31319635
31319636
31319638
31319640
31319641
31319642
31319643
31319644
31319645
31319646
31319647
31319648
31319649
31319650
31319651
31319652
31319653
31319654
31319656
31319657
31319658
31319659
31319660
31319661
31319662
31319663
31319665
31319667
31319668
31319669
31319671
31319672
31319674
31319676
31319677
31319679
31319680
31319682
31319683
31319684
31319685
31319686
31319687
31319689
31319690
31319691
31319692
31319694
31319695
31319696
31319697
31319698
31319699
31319700
31319701
31319702
31319703
31319704
31319706
31319707
31319708
31319709
31319711
31319712
31319713
31319714
31319715
31319716
31319717
31319718
31319719
31319720
31319721
31319722
31319723
31319724
31319725
31319726
31319727
31319728
31319729
31319730
31319731
31319732
31319733
31319734
31319735
31319736
31319737
31319738
31319739
31319740
31319741
31319742
31319743
31319744
31319745
31319746
31319747
31319748
31319749
31319751
31319752
31319753
31319754
31319755
31319756
31319757
31319758
31319759
31319760
31319761
31319762
31319763
31319764
31319765
31319766
31319767
31319769
31319770
31319771
31319772
31319773
31319774
31319775
31319776
31319777
31319778
31319779
31319780
31319781
31319782
31319783
31319784
31319785
31319786
31319788
31319789
31319790
31319791
31319792
31319794
31319795
31319798
31319799
31319800
31319801
31319803
31319804
31319805
31319806
31319807
31319808
31319809
31319810
31319811
31319813
31319814
31319817
31319818
31319819
31319820
31319821
31319822
31319823
31319824
31319825
31319826
31319827
31319828
31319829
31319830
31319831
31319832
31319833
31319834
31319835
31319836
31319837
31319838
31319840
31319841
31319842
31319843
31319844
31319845
31319846
31319847
31319849
31319850
31319851
31319852
31319853
31319855
31319856
31319857
31319858
31319859
31319860
31319861
31319862
31319863
31319864
31319865
31319866
31319867
31319868
31319869
31319870
31319871
31319872
31319873
31319875
31319876
31319877
31319878
31319879
31319880
31319881
31319882
31319883
31319884
31319885
31319886
31319887
31319888
31319889
31319890
31319891
31319892
31319893
31319894
31319895
31319896
31319897
31319898
31319899
31319900
31319901
31319902
31319903
31319904
31319905
31319906
31319907
31319908
31319909
31319910
31319911
31319912
31319914
31319916
31319917
31319918
31319919
31319920
31319922
31319923
31319924
31319925
31319926
31319927
31319928
31319929
31319930
31319931
31319934
31319935
31319936
31319937
31319938
31319940
31319941
31319942
31319944
31319945
31319946
31319947
31319948
31319949
31319950
31319952
31319953
31319954
31319957
31319958
31319960
31319961
31319962
31319963
31319965
31319966
31319968
31319969
31319970
31319971
31319972
31319973
31319974
31319976
31319977
31319979
31319981
31319983
31319984
31319985
31319986
31319987
31319988
31319989
31319990
31319991
31319992
31319993
31319994
31319996
31319997
31319999
31320001
31320002
31320003
31320004
31320005
31320006
31320007
31320008
31320009
31320012
31320013
31320014
31320015
31320017
31320018
31320019
31320020
31320022
31320023
31320024
31320025
31320026
31320027
31320028
31320029
31320030
31320031
31320032
31320035
31320036
31320037
31320038
31320039
31320040
31320041
31320042
31320043
31320044
31320045
31320046
31320048
31320049
31320050
31320051
31320052
31320053
31320054
31320055
31320057
31320058
31320059
31320060
31320061
31320062
31320064
31320065
31320066
31320067
31320068
31320069
31320070
31320071
31320072
31320075
31320076
31320077
31320078
31320079
31320080
31320081
31320083
31320084
31320085
31320086
31320087
31320088
31320089
31320090
31320093
31320094
31320096
31320097
31320098
31320100
31320101
31320103
31320107
31320109
31320110
31320111
31320116
31320117
31320118
31320121
31320122
31320125
31320127
31320130
31320133
31320134
31320135
31320139
31320141
31320143
31320144
31320145
31320148
31320150
31320151
31320152
31320158
31320160
31320161
31320163
31320164
31320165
31320168
31320169
31320170
31320171
31320173
31320174
31320176
31320177
31320179
31320181
31320182
31320183
31320186
31320188
31320189
31320190
31320192
31320193
31320194
31320195
31320196
31320197
31320198
31320199
31320200
31320201
31320202
31320203
31320204
31320205
31320206
31320207
31320208
31320209
31320210
31320211
31320212
31320213
31320214
31320216
31320218
31320220
31320221
31320224
31320225
31320228
31320229
31320230
31320231
31320232
31320234
31320235
31320238
31320240
31320241
31320242
31320243
31320244
31320245
31320246
31320247
31320248
31320249
31320250
31320251
31320253
31320257
31320262
31320266
31320267
31320269
31320271
31320274
31320276
31320277
31320278
31320281
31320284
31320285
31320286
31320288
31320289
31320293
31320294
31320298
31320300
31320301
31320304
31320305
31320308
31320314
31320316
31320317
31320321
31320322
31320324
31320327
31320328
31320331
31320333
31320336
31320338
31320340
31320341
31320342
31320344
31320347
31320348
31320351
31320353
31320356
31320357
31320358
31320359
31320362
31320363
31320365
31320366
31320368
31320369
31320370
31320371
31320372
31320375
31320376
31320377
31320378
31320379
31320380
31320381
31320382
31320386
31320389
31320392
31320393
31320394
31320395
31320396
31320397
31320398
31320399
31320401
31320405
31320408
31320411
31320412
31320413
31320415
31320416
31320417
31320418
31320419
31320421
31320423
31320426
31320428
31320430
31320431
31320432
31320436
31320437
31320438
31320439
31320440
31320441
31320444
31320445
31320448
31320449
31320450
31320453
31320456
31320459
31320462
31320463
31320464
31320465
31320469
31320470
31320473
31320474
31320476
31320477
31320480
31320481
31320482
31320483
31320485
31320486
31320487
31320488
31320493
31320494
31320496
31320499
31320502
31320503
31320504
31320505
31320508
31320512
31320514
31320515
31320516
31320518
31320519
31320520
31320521
31320522
31320523
31320524
31320526
31320530
31320532
31320534
31320535
31320536
31320538
31320541
31320542
31320546
31320547
31320549
31320551
31320554
31320556
31320562
31320563
31320564
31320567
31320571
31320572
31320573
31320575
31320578
31320579
31320580
31320581
31320582
31320586
31320592
31320595
31320596
31320599
31320600
31320604
31320605
31320606
31320607
31320608
31320609
31320611
31320613
31320615
31320617
31320618
31320620
31320622
31320623
31320627
31320629
31320630
31320632
31320634
31320635
31320636
31320637
31320639
31320641
31320642
31320645
31320647
31320649
31320652
31320655
31320657
31320661
31320662
31320664
31320670
31320672
31320673
31320675
31320680
31320681
31320683
31320684
31320685
31320690
31320691
31320692
31320693
31320694
31320696
31320697
31320703
31320706
31320712
31320714
31320715
31320716
31320722
31320723
31320724
31320725
31320727
31320728
31320729
31320731
31320734
31320737
31320740
31320741
31320742
31320745
31320747
31320748
31320752
31320753
31320754
31320755
31320756
31320758
31320759
31320760
31320761
31320765
31320766
31320767
31320769
31320770
31320772
31320773
31320774
31320775
31320778
31320781
31320782
31320785
31320791
31320792
31320793
31320795
31320796
31320799
31320801
31320804
31320805
31320806
31320808
31320810
31320814
31320815
31320816
31320817
31320820
31320821
31320824
31320829
31320830
31320831
31320832
31320834
31320836
31320841
31320842
31320843
31320844
31320850
31320851
31320852
31320854
31320856
31320858
31320860
31320862
31320864
31320869
31320871
31320873
31320876
31320883
31320884
31320885
31320887
31320888
31320890
31320893
31320895
31320900
31320901
31320903
31320904
31320906
31320907
31320910
31320911
31320913
31320914
31320917
31320920
31320921
31320923
31320924
31320925
31320926
31320929
31320930
31320932
31320935
31320936
31320937
31320938
31320939
31320942
31320944
31320945
31320946
31320947
31320949
31320950
31320953
31320955
31320956
31320958
31320959
31320960
31320962
31320963
31320964
31320966
31320967
31320969
31320972
31320973
31320974
31320975
31320977
31320979
31320981
31320982
31320983
31320984
31320985
31320987
31320988
31320989
31320990
31320992
31320993
31320995
31320996
31320997
31320999
31321000
31321001
31321002
31321003
31321004
31321006
31321007
31321009
31321012
31321013
31321014
31321015
31321017
31321021
31321022
31321026
31321027
31321028
31321030
31321034
31321037
31321038
31321040
31321044
31321045
31321046
31321047
31321048
31321049
31321052
31321053
31321055
31321056
31321057
31321059
31321062
31321066
31321069
31321071
31321073
31321074
31321075
31321077
31321078
31321079
31321083
31321084
31321086
31321087
31321092
31321094
31321095
31321096
31321098
31321100
31321101
31321105
31321106
31321107
31321110
31321111
31321115
31321121
31321123
31321125
31321127
31321128
31321130
31321131
31321132
31321133
31321134
31321137
31321139
31321140
31321143
31321144
31321148
31321149
31321151
31321155
31321157
31321158
31321159
31321160
31321161
31321163
31321168
31321173
31321174
31321175
31321178
31321179
31321180
31321183
31321190
31321192
31321193
31321194
31321202
31321203
31321205
31321212
31321215
31321219
31321220
31321222
31321223
31321224
31321226
31321228
31321229
31321230
31321231
31321232
31321234
31321236
31321239
31321242
31321244
31321245
31321246
31321247
31321249
31321250
31321252
31321253
31321255
31321256
31321258
31321260
31321263
31321264
31321266
31321268
31321273
31321274
31321276
31321278
31321279
31321282
31321284
31321285
31321286
31321287
31321288
31321291
31321293
31321294
31321295
31321297
31321298
31321299
31321300
31321301
31321305
31321306
31321310
31321314
31321315
31321316
31321319
31321320
31321321
31321322
31321325
31321327
31321328
31321329
31321330
31321333
31321334
31321335
31321336
31321340
31321341
31321342
31321343
31321346
31321347
31321352
31321354
31321355
31321357
31321359
31321360
31321363
31321366
31321368
31321369
31321373
31321383
31321385
31321386
31321389
31321391
31321394
31321395
31321396
31321397
31321399
31321401
31321403
31321410
31321411
31321414
31321417
31321418
31321419
31321423
31321425
31321426
31321430
31321432
31321434
31321435
31321436
31321439
31321440
31321442
31321443
31321444
31321447
31321448
31321450
31321451
31321452
31321454
31321457
31321458
31321464
31321466
31321468
31321472
31321474
31321475
31321476
31321478
31321479
31321481
31321482
31321485
31321486
31321487
31321489
31321491
31321495
31321499
31321500
31321501
31321503
31321504
31321506
31321507
31321509
31321510
31321511
31321513
31321516
31321518
31321519
31321521
31321522
31321523
31321524
31321525
31321528
31321529
31321530
31321531
31321532
31321533
31321534
31321536
31321537
31321539
31321540
31321541
31321543
31321544
31321546
31321548
31321549
31321552
31321553
31321556
31321560
31321561
31321565
31321567
31321570
31321571
31321572
31321575
31321577
31321579
31321581
31321583
31321585
31321587
31321589
31321592
31321593
31321594
31321595
31321596
31321597
31321599
31321602
31321604
31321606
31321609
31321614
31321617
31321618
31321619
31321620
31321621
31321624
31321625
31321628
31321629
31321630
31321632
31321639
31321641
31321642
31321645
31321647
31321648
31321650
31321652
31321653
31321655
31321659
31321661
31321662
31321664
31321667
31321669
31321674
31321676
31321682
31321683
31321688
31321689
31321694
31321696
31321698
31321699
31321704
31321707
31321710
31321715
31321720
31321726
31321729
31321731
31321734
31321735
31321739
31321741
31321742
31321744
31321745
31321747
31321749
31321751
31321752
31321753
31321754
31321755
31321756
31321757
31321758
31321759
31321761
31321765
31321769
31321771
31321775
31321776
31321777
31321779
31321783
31321784
31321785
31321787
31321788
31321789
31321790
31321792
31321794
31321795
31321796
31321797
31321800
31321803
31321805
31321807
31321810
31321811
31321814
31321817
31321818
31321819
31321821
31321822
31321823
31321824
31321827
31321828
31321829
31321830
31321831
31321832
31321833
31321834
31321835
31321838
31321839
31321843
31321844
31321848
31321853
31321854
31321856
31321857
31321859
31321862
31321864
31321865
31321866
31321867
31321874
31321875
31321876
31321878
31321880
31321883
31321884
31321885
31321886
31321888
31321889
31321890
31321891
31321892
31321894
31321895
31321897
31321898
31321899
31321901
31321903
31321904
31321905
31321910
31321911
31321912
31321914
31321918
31321920
31321922
31321925
31321926
31321929
31321932
31321934
31321937
31321938
31321942
31321943
31321949
31321952
31321957
31321958
31321959
31321962
31321965
31321968
31321971
31321974
31321979
31321981
31321982
31321983
31321984
31321987
31321991
31321997
31321999
31322000
31322004
31322005
31322006
31322007
31322008
31322009
31322015
31322017
31322019
31322021
31322024
31322030
31322031
31322033
31322034
31322035
31322036
31322039
31322040
31322045
31322048
31322054
31322055
31322057
31322058
31322060
31322061
31322062
31322065
31322067
31322070
31322072
31322073
31322078
31322080
31322086
31322089
31322090
31322091
31322092
31322095
31322096
31322100
31322102
31322103
31322108
31322109
31322111
31322113
31322115
31322116
31322117
31322119
31322123
31322124
31322127
31322128
31322129
31322132
31322133
31322134
31322137
31322138
31322142
31322148
31322150
31322153
31322154
31322155
31322158
31322162
31322163
31322164
31322165
31322166
31322170
31322172
31322173
31322174
31322178
31322181
31322185
31322186
31322187
31322190
31322192
31322196
31322198
31322199
31322201
31322202
31322205
31322206
31322207
31322214
31322216
31322219
31322222
31322223
31322224
31322225
31322226
31322227
31322229
31322230
31322233
31322234
31322235
31322236
31322237
31322239
31322240
31322241
31322243
31322245
31322246
31322247
31322248
31322249
31322250
31322252
31322253
31322257
31322259
31322260
31322263
31322268
31322269
31322271
31322273
31322274
31322276
31322277
31322278
31322280
31322281
31322284
31322287
31322289
31322293
31322294
31322295
31322296
31322297
31322298
31322300
31322302
31322304
31322305
31322311
31322312
31322314
31322315
31322317
31322320
31322321
31322322
31322325
31322326
31322329
31322334
31322337
31322339
31322343
31322344
31322346
31322347
31322350
31322356
31322357
31322362
31322363
31322367
31322368
31322370
31322373
31322377
31322379
31322383
31322386
31322393
31322398
31322405
31322406
31322408
31322412
31322414
31322427
31322429
31322439
31322440
31322445
31322446
31322448
31322449
31322451
31322454
31322455
31322457
31322460
31322462
31322465
31322468
31322470
31322471
31322474
31322475
31322480
31322483
31322484
31322485
31322490
31322491
31322493
31322494
31322496
31322498
31322503
31322504
31322506
31322507
31322509
31322512
31322513
31322514
31322516
31322519
31322523
31322526
31322527
31322531
31322532
31322533
31322536
31322537
31322540
31322541
31322542
31322548
31322550
31322556
31322558
31322561
31322562
31322564
31322565
31322571
31322572
31322573
31322578
31322579
31322583
31322584
31322586
31322587
31322590
31322592
31322593
31322595
31322596
31322597
31322600
31322601
31322603
31322608
31322610
31322612
31322614
31322616
31322617
31322618
31322619
31322621
31322622
31322623
31322625
31322626
31322627
31322628
31322629
31322630
31322638
31322640
31322642
31322644
31322645
31322646
31322647
31322650
31322655
31322656
31322658
31322659
31322660
31322661
31322662
31322664
31322665
31322666
31322669
31322670
31322671
31322674
31322676
31322678
31322679
31322680
31322685
31322686
31322687
31322688
31322693
31322698
31322700
31322703
31322709
31322710
31322711
31322714
31322716
31322719
31322720
31322722
31322723
31322725
31322726
31322730
31322731
31322732
31322733
31322738
31322739
31322743
31322745
31322746
31322747
31322748
31322758
31322761
31322762
31322765
31322768
31322771
31322772
31322774
31322775
31322776
31322778
31322780
31322782
31322783
31322786
31322789
31322790
31322795
31322802
31322805
31322807
31322808
31322809
31322811
31322812
31322813
31322814
31322815
31322816
31322818
31322819
31322820
31322821
31322824
31322827
31322828
31322830
31322834
31322836
31322839
31322842
31322848
31322851
31322852
31322855
31322857
31322858
31322863
31322864
31322866
31322867
31322870
31322871
31322872
31322873
31322875
31322876
31322881
31322885
31322886
31322887
31322893
31322899
31322900
31322901
31322903
31322904
31322907
31322909
31322913
31322914
31322915
31322916
31322918
31322922
31322923
31322926
31322927
31322928
31322929
31322931
31322933
31322934
31322935
31322936
31322939
31322940
31322944
31322947
31322948
31322949
31322954
31322957
31322958
31322959
31322961
31322962
31322963
31322967
31322969
31322970
31322971
31322972
31322973
31322976
31322978
31322980
31322982
31322984
31322985
31322988
31322989
31322991
31322993
31322994
31322997
31322998
31322999
31323004
31323005
31323006
31323007
31323008
31323012
31323015
31323017
31323019
31323023
31323025
31323029
31323034
31323035
31323036
31323037
31323038
31323041
31323042
31323046
31323047
31323049
31323050
31323052
31323055
31323057
31323058
31323060
31323061
31323062
31323064
31323065
31323067
31323068
31323069
31323073
31323075
31323077
31323078
31323079
31323080
31323081
31323082
31323083
31323086
31323087
31323088
31323089
31323094
31323096
31323097
31323098
31323100
31323103
31323106
31323107
31323111
31323119
31323121
31323122
31323124
31323125
31323126
31323127
31323129
31323131
31323133
31323134
31323138
31323139
31323140
31323141
31323142
31323145
31323146
31323147
31323148
31323150
31323151
31323152
31323153
31323157
31323162
31323165
31323166
31323169
31323173
31323175
31323178
31323181
31323184
31323185
31323187
31323188
31323191
31323195
31323199
31323200
31323202
31323203
31323207
31323210
31323211
31323213
31323214
31323216
31323219
31323222
31323224
31323227
31323229
31323230
31323232
31323233
31323234
31323237
31323238
31323239
31323241
31323242
31323245
31323246
31323247
31323249
31323250
31323251
31323258
31323259
31323264
31323265
31323266
31323268
31323269
31323271
31323272
31323274
31323281
31323283
31323285
31323287
31323298
31323300
31323302
31323303
31323305
31323312
31323316
31323317
31323321
31323322
31323323
31323328
31323329
31323330
31323332
31323334
31323335
31323339
31323343
31323345
31323346
31323347
31323350
31323351
31323352
31323355
31323358
31323366
31323368
31323369
31323375
31323381
31323383
31323386
31323388
31323390
31323392
31323396
31323398
31323400
31323401
31323408
31323410
31323411
31323414
31323419
31323420
31323421
31323422
31323425
31323426
31323428
31323430
31323432
31323434
31323435
31323436
31323437
31323438
31323441
31323447
31323450
31323451
31323452
31323453
31323454
31323456
31323462
31323463
31323464
31323465
31323466
31323467
31323469
31323470
31323471
31323472
31323473
31323474
31323475
31323477
31323479
31323480
31323487
31323489
31323492
31323493
31323494
31323497
31323498
31323500
31323504
31323505
31323506
31323512
31323513
31323515
31323517
31323519
31323521
31323522
31323523
31323525
31323526
31323527
31323530
31323531
31323532
31323535
31323536
31323541
31323542
31323543
31323544
31323548
31323549
31323550
31323552
31323553
31323554
31323557
31323560
31323561
31323563
31323564
31323565
31323567
31323571
31323573
31323576
31323583
31323584
31323585
31323589
31323591
31323592
31323596
31323598
31323601
31323602
31323603
31323609
31323612
31323616
31323619
31323621
31323622
31323623
31323624
31323627
31323628
31323629
31323635
31323636
31323637
31323638
31323641
31323643
31323645
31323646
31323648
31323650
31323651
31323654
31323656
31323658
31323660
31323663
31323664
31323665
31323667
31323668
31323671
31323673
31323679
31323682
31323685
31323688
31323690
31323699
31323700
31323702
31323704
31323706
31323708
31323709
31323713
31323714
31323716
31323725
31323727
31323730
31323733
31323739
31323740
31323741
31323742
31323743
31323745
31323747
31323755
31323762
31323766
31323772
31323776
31323778
31323781
31323784
31323787
31323793
31323802
31323806
31323808
31323814
31323822
31323824
31323827
31323828
31323838
31323840
31323841
31323847
31323848
31323849
31323850
31323852
31323853
31323860
31323862
31323866
31323870
31323871
31323872
31323877
31323880
31323886
31323888
31323890
31323904
31323906
31323908
31323909
31323910
31323911
31323918
31323919
31323925
31323926
31323928
31323931
31323932
31323933
31323935
31323938
31323940
31323941
31323942
31323944
31323945
31323947
31323949
31323950
31323952
31323955
31323958
31323960
31323961
31323964
31323968
31323969
31323970
31323972
31323974
31323978
31323980
31323981
31323982
31323983
31323987
31323989
31323990
31323991
31323992
31323993
31323994
31323995
31323998
31323999
31324001
31324002
31324003
31324004
31324005
31324006
31324009
31324011
31324016
31324018
31324022
31324023
31324024
31324026
31324028
31324031
31324034
31324036
31324038
31324039
31324040
31324046
31324047
31324049
31324053
31324054
31324057
31324060
31324064
31324065
31324069
31324070
31324072
31324080
31324083
31324085
31324087
31324088
31324089
31324093
31324094
31324097
31324098
31324100
31324107
31324111
31324113
31324116
31324124
31324128
31324130
31324133
31324134
31324136
31324138
31324139
31324141
31324142
31324143
31324145
31324146
31324148
31324149
31324152
31324153
31324155
31324161
31324162
31324163
31324165
31324166
31324168
31324169
31324171
31324174
31324175
31324177
31324178
31324179
31324180
31324185
31324186
31324188
31324189
31324190
31324192
31324194
31324196
31324198
31324202
31324203
31324205
31324206
31324207
31324208
31324211
31324212
31324213
31324216
31324222
31324224
31324226
31324227
31324228
31324229
31324231
31324236
31324237
31324242
31324244
31324245
31324246
31324252
31324253
31324255
31324256
31324257
31324260
31324262
31324263
31324266
31324267
31324268
31324272
31324273
31324274
31324277
31324278
31324279
31324280
31324281
31324284
31324285
31324286
31324287
31324291
31324294
31324297
31324298
31324299
31324300
31324303
31324304
31324306
31324308
31324309
31324314
31324315
31324316
31324319
31324324
31324326
31324328
31324329
31324330
31324334
31324335
31324337
31324338
31324340
31324341
31324344
31324347
31324348
31324350
31324351
31324353
31324355
31324356
31324357
31324360
31324361
31324362
31324363
31324365
31324367
31324369
31324370
31324371
31324372
31324373
31324374
31324377
31324378
31324379
31324380
31324381
31324383
31324386
31324387
31324388
31324389
31324392
31324394
31324395
31324396
31324397
31324398
31324399
31324400
31324401
31324402
31324403
31324404
31324405
31324406
31324407
31324410
31324411
31324412
31324414
31324416
31324417
31324418
31324419
31324420
31324421
31324422
31324424
31324425
31324426
31324429
31324433
31324434
31324435
31324436
31324437
31324438
31324440
31324441
31324442
31324444
31324445
31324447
31324448
31324449
31324450
31324451
31324452
31324453
31324454
31324459
31324460
31324461
31324462
31324464
31324465
31324466
31324467
31324468
31324469
31324470
31324471
31324472
31324473
31324474
31324475
31324476
31324477
31324478
31324479
31324480
31324482
31324483
31324485
31324487
31324489
31324490
31324491
31324492
31324493
31324494
31324495
31324496
31324497
31324498
31324499
31324500
31324501
31324502
31324503
31324504
31324505
31324506
31324508
31324509
31324510
31324511
31324513
31324514
31324515
31324516
31324517
31324518
31324519
31324520
31324521
31324522
31324523
31324524
31324525
31324526
31324527
31324528
31324529
31324530
31324531
31324532
31324533
31324534
31324535
31324536
31324538
31324539
31324540
31324542
31324543
31324544
31324545
31324546
31324547
31324549
31324550
31324551
31324553
31324555
31324556
31324557
31324558
31324560
31324562
31324563
31324564
31324565
31324566
31324567
31324568
31324569
31324570
31324571
31324572
31324573
31324574
31324575
31324576
31324577
31324578
31324579
31324580
31324581
31324582
31324583
31324584
31324585
31324586
31324587
31324588
31324592
31324593
31324595
31324596
31324597
31324598
31324599
31324600
31324601
31324602
31324603
31324604
31324605
31324606
31324607
31324608
31324610
31324611
31324612
31324613
31324614
31324616
31324617
31324618
31324620
31324621
31324622
31324623
31324624
31324625
31324626
31324627
31324628
31324629
31324631
31324632
31324633
31324635
31324636
31324639
31324640
31324641
31324642
31324643
31324644
31324646
31324647
31324648
31324649
31324650
31324651
31324653
31324654
31324655
31324657
31324658
31324659
31324661
31324662
31324663
31324664
31324665
31324668
31324669
31324670
31324671
31324672
31324674
31324675
31324676
31324677
31324678
31324679
31324680
31324681
31324683
31324684
31324685
31324686
31324689
31324690
31324691
31324692
31324694
31324695
31324696
31324697
31324698
31324701
31324702
31324703
31324704
31324705
31324707
31324708
31324709
31324711
31324712
31324713
31324715
31324718
31324719
31324720
31324721
31324722
31324725
31324726
31324728
31324731
31324732
31324733
31324735
31324736
31324738
31324739
31324742
31324744
31324746
31324747
31324750
31324751
31324752
31324753
31324754
31324755
31324756
31324758
31324759
31324760
31324761
31324762
31324763
31324764
31324765
31324766
31324768
31324769
31324770
31324772
31324773
31324774
31324775
31324776
31324777
31324779
31324781
31324782
31324783
31324784
31324786
31324787
31324789
31324794
31324795
31324796
31324798
31324802
31324803
31324804
31324806
31324807
31324809
31324810
31324811
31324812
31324813
31324815
31324816
31324817
31324818
31324819
31324820
31324821
31324822
31324823
31324824
31324825
31324826
31324828
31324830
31324831
31324832
31324833
31324834
31324835
31324836
31324837
31324838
31324839
31324840
31324841
31324842
31324845
31324846
31324847
31324848
31324849
31324850
31324851
31324852
31324853
31324855
31324857
31324858
31324859
31324860
31324861
31324862
31324863
31324864
31324866
31324868
31324870
31324871
31324872
31324873
31324875
31324876
31324877
31324879
31324880
31324881
31324882
31324884
31324885
31324886
31324887
31324888
31324890
31324891
31324892
31324893
31324894
31324895
31324896
31324897
31324898
31324899
31324901
31324902
31324903
31324908
31324910
31324912
31324913
31324914
31324915
31324916
31324917
31324918
31324919
31324921
31324922
31324923
31324925
31324926
31324927
31324929
31324930
31324931
31324932
31324933
31324934
31324935
31324938
31324939
31324940
31324941
31324942
31324943
31324944
31324945
31324946
31324947
31324949
31324950
31324951
31324953
31324954
31324955
31324956
31324958
31324959
31324961
31324962
31324963
31324964
31324965
31324966
31324967
31324969
31324970
31324971
31324973
31324974
31324975
31324976
31324978
31324980
31324981
31324982
31324984
31324985
31324986
31324987
31324988
31324990
31324991
31324992
31324993
31324995
31324996
31324997
31324998
31324999
31325000
31325001
31325002
31325004
31325006
31325009
31325010
31325011
31325012
31325013
31325015
31325016
31325017
31325019
31325022
31325025
31325026
31325027
31325028
31325030
31325031
31325032
31325034
31325035
31325036
31325037
31325038
31325040
31325041
31325043
31325044
31325045
31325046
31325047
31325048
31325049
31325050
31325051
31325052
31325053
31325054
31325055
31325056
31325057
31325059
31325060
31325063
31325064
31325065
31325067
31325069
31325071
31325072
31325073
31325075
31325076
31325077
31325078
31325079
31325080
31325081
31325082
31325083
31325084
31325086
31325087
31325088
31325090
31325091
31325092
31325093
31325095
31325098
31325099
31325100
31325102
31325104
31325105
31325106
31325107
31325108
31325109
31325111
31325112
31325113
31325115
31325116
31325117
31325118
31325119
31325120
31325121
31325122
31325123
31325126
31325127
31325128
31325129
31325134
31325137
31325140
31325141
31325142
31325143
31325144
31325145
31325146
31325147
31325148
31325149
31325150
31325151
31325152
31325153
31325155
31325156
31325157
31325158
31325159
31325160
31325161
31325162
31325164
31325165
31325166
31325167
31325168
31325169
31325170
31325171
31325172
31325173
31325174
31325176
31325177
31325178
31325179
31325180
31325181
31325184
31325185
31325186
31325187
31325189
31325190
31325191
31325192
31325194
31325195
31325196
31325197
31325198
31325199
31325200
31325202
31325203
31325204
31325206
31325207
31325208
31325209
31325210
31325212
31325213
31325214
31325215
31325216
31325217
31325218
31325220
31325222
31325223
31325225
31325226
31325228
31325229
31325230
31325235
31325236
31325237
31325239
31325240
31325241
31325242
31325244
31325246
31325248
31325250
31325251
31325252
31325253
31325254
31325255
31325258
31325260
31325261
31325262
31325263
31325265
31325266
31325267
31325269
31325270
31325274
31325275
31325276
31325278
31325281
31325283
31325284
31325286
31325288
31325289
31325290
31325295
31325296
31325297
31325299
31325301
31325303
31325304
31325305
31325306
31325307
31325309
31325310
31325311
31325312
31325313
31325315
31325316
31325320
31325321
31325323
31325326
31325327
31325330
31325331
31325334
31325339
31325340
31325341
31325343
31325344
31325345
31325346
31325347
31325351
31325354
31325355
31325359
31325360
31325362
31325364
31325365
31325366
31325367
31325368
31325372
31325373
31325375
31325376
31325378
31325379
31325380
31325382
31325383
31325384
31325386
31325387
31325388
31325389
31325390
31325391
31325392
31325393
31325394
31325395
31325396
31325398
31325400
31325401
31325402
31325403
31325404
31325405
31325406
31325407
31325408
31325409
31325410
31325411
31325412
31325413
31325414
31325415
31325416
31325417
31325418
31325419
31325420
31325421
31325423
31325424
31325426
31325427
31325429
31325430
31325432
31325434
31325436
31325437
31325438
31325439
31325440
31325441
31325442
31325444
31325445
31325446
31325447
31325448
31325449
31325450
31325451
31325452
31325453
31325455
31325456
31325458
31325459
31325460
31325461
31325463
31325464
31325465
31325466
31325468
31325469
31325470
31325471
31325473
31325474
31325475
31325476
31325477
31325478
31325481
31325482
31325483
31325484
31325485
31325489
31325490
31325492
31325493
31325494
31325495
31325498
31325499
31325500
31325501
31325502
31325506
31325508
31325511
31325512
31325514
31325515
31325519
31325520
31325522
31325523
31325524
31325525
31325528
31325529
31325530
31325531
31325532
31325533
31325536
31325537
31325539
31325540
31325541
31325542
31325543
31325544
31325545
31325546
31325547
31325548
31325549
31325550
31325551
31325552
31325554
31325557
31325558
31325559
31325561
31325562
31325564
31325565
31325568
31325570
31325572
31325573
31325574
31325575
31325576
31325577
31325579
31325580
31325583
31325589
31325590
31325591
31325593
31325595
31325599
31325600
31325602
31325604
31325606
31325607
31325608
31325609
31325612
31325613
31325614
31325617
31325622
31325623
31325624
31325625
31325626
31325627
31325630
31325631
31325634
31325635
31325636
31325637
31325638
31325639
31325640
31325641
31325643
31325644
31325645
31325647
31325650
31325653
31325655
31325656
31325657
31325659
31325660
31325661
31325663
31325667
31325668
31325670
31325671
31325673
31325674
31325676
31325678
31325679
31325680
31325682
31325683
31325684
31325685
31325689
31325690
31325691
31325692
31325693
31325694
31325695
31325696
31325697
31325698
31325699
31325700
31325703
31325704
31325705
31325706
31325708
31325709
31325712
31325713
31325715
31325716
31325718
31325720
31325721
31325722
31325723
31325724
31325725
31325726
31325727
31325729
31325731
31325732
31325733
31325734
31325735
31325736
31325737
31325739
31325740
31325742
31325745
31325746
31325747
31325750
31325751
31325752
31325755
31325756
31325758
31325760
31325761
31325763
31325766
31325767
31325768
31325769
31325770
31325771
31325772
31325773
31325774
31325775
31325778
31325780
31325781
31325782
31325783
31325784
31325786
31325787
31325789
31325791
31325793
31325798
31325799
31325801
31325803
31325804
31325808
31325809
31325810
31325813
31325815
31325816
31325817
31325818
31325820
31325821
31325822
31325825
31325828
31325829
31325832
31325834
31325835
31325840
31325841
31325842
31325843
31325844
31325845
31325846
31325848
31325849
31325852
31325853
31325856
31325857
31325859
31325860
31325862
31325863
31325864
31325865
31325866
31325868
31325869
31325870
31325871
31325874
31325876
31325878
31325879
31325880
31325882
31325884
31325885
31325888
31325889
31325890
31325891
31325892
31325893
31325896
31325898
31325900
31325901
31325902
31325903
31325906
31325907
31325908
31325909
31325910
31325913
31325914
31325915
31325916
31325918
31325920
31325921
31325922
31325924
31325925
31325926
31325929
31325931
31325933
31325934
31325935
31325936
31325937
31325939
31325940
31325941
31325942
31325943
31325944
31325945
31325947
31325948
31325950
31325952
31325953
31325956
31325958
31325959
31325960
31325961
31325963
31325964
31325965
31325967
31325968
31325972
31325973
31325974
31325976
31325977
31325978
31325981
31325982
31325983
31325984
31325985
31325986
31325987
31325988
31325989
31325991
31325993
31325994
31325995
31325996
31325999
31326000
31326004
31326007
31326008
31326010
31326011
31326013
31326014
31326015
31326016
31326018
31326020
31326021
31326023
31326024
31326027
31326028
31326029
31326030
31326031
31326032
31326033
31326034
31326035
31326037
31326038
31326039
31326040
31326041
31326042
31326044
31326045
31326047
31326048
31326049
31326050
31326051
31326052
31326054
31326055
31326057
31326058
31326060
31326061
31326062
31326065
31326066
31326068
31326071
31326072
31326073
31326074
31326077
31326078
31326081
31326082
31326083
31326084
31326085
31326086
31326087
31326088
31326089
31326090
31326091
31326094
31326095
31326096
31326097
31326098
31326099
31326100
31326101
31326103
31326105
31326106
31326107
31326110
31326111
31326112
31326113
31326116
31326117
31326118
31326119
31326120
31326121
31326124
31326126
31326127
31326129
31326131
31326132
31326133
31326134
31326135
31326136
31326139
31326140
31326141
31326143
31326144
31326145
31326146
31326149
31326150
31326151
31326152
31326154
31326155
31326156
31326157
31326158
31326159
31326160
31326161
31326164
31326165
31326166
31326167
31326168
31326169
31326171
31326172
31326173
31326174
31326175
31326177
31326178
31326180
31326181
31326182
31326183
31326184
31326185
31326186
31326187
31326188
31326189
31326190
31326192
31326193
31326194
31326196
31326197
31326198
31326199
31326202
31326205
31326206
31326207