31627148
31627149
31627151
31627158
31627159
31627160
31627161
31627164
31627165
31627173
31627174
31627175
31627176
31627177
31627178
31627180
31627183
31627185
31627186
31627187
31627188
31627192
31627193
31627195
31627200
31627201
31627203
31627204
31627205
31627206
31627207
31627208
31627209
31627210
31627212
31627213
31627214
31627217
31617705
31617706
31617707
31617708
31617709
31617710
31617711
31617712
31617713
31617714
31617715
31617716
31617717
31617718
31617720
31617721
31617722
31617723
31617724
31617725
31617726
31617727
31617728
31617729
31617730
31617732
31617733
31617734
31617735
31617736
31617737
31617738
31617739
31617740
31617741
31617742
31617743
31617744
31617745
31617746
31617747
31617748
31617749
31617750
31617751
31617752
31617753
31617754
31617755
31617756
31617757
31617758
31617759
31617761
31617762
31617763
31617764
31617766
31617767
31617768
31617769
31617770
31617771
31617772
31617774
31617775
31617776
31617777
31617778
31617779
31617780
31617781
31617782
31617783
31617784
31617785
31617786
31617787
31617788
31617789
31617790
31617791
31617792
31617793
31617795
31617796
31617797
31617798
31617800
31617801
31617802
31617803
31617804
31617805
31617806
31617807
31617808
31617809
31617810
31617811
31617812
31617813
31617814
31617815
31617816
31617818
31617819
31617820
31617821
31617822
31617823
31617824
31617825
31617826
31617827
31617828
31617829
31617831
31617832
31617834
31617835
31617836
31617837
31617838
31617839
31617840
31617841
31617842
31617843
31617844
31617845
31617846
31617847
31617848
31617849
31617850
31617851
31617852
31617853
31617854
31617855
31617856
31617857
31617858
31617859
31617860
31617861
31617862
31617863
31617864
31617865
31617866
31617867
31617868
31617869
31617870
31617871
31617872
31617873
31617874
31617875
31617876
31617877
31617878
31617879
31617880
31617881
31617882
31617883
31617884
31617885
31617886
31617887
31617888
31617889
31617890
31617891
31617892
31617893
31617894
31617895
31617897
31617898
31617899
31617900
31617901
31617902
31617903
31617904
31617905
31617906
31617907
31617908
31617909
31617910
31617911
31617912
31617913
31617914
31617916
31617917
31617918
31617919
31617920
31617921
31617922
31617923
31617924
31617925
31617926
31617927
31617928
31617930
31617931
31617932
31617934
31617935
31617936
31617937
31617939
31617940
31617941
31617942
31617943
31617944
31617945
31617946
31617947
31617949
31617950
31617951
31617952
31617953
31617954
31617955
31617956
31617957
31617958
31617959
31617960
31617962
31617963
31617964
31617965
31617966
31617967
31617968
31617969
31617971
31617972
31617973
31617974
31617975
31617976
31617977
31617978
31617979
31617980
31617981
31617982
31617983
31617984
31617985
31617986
31617987
31617988
31617989
31617990
31617991
31617992
31617993
31617994
31617995
31617996
31617997
31617998
31617999
31618000
31618001
31618002
31618003
31618004
31618005
31618007
31618008
31618009
31618010
31618011
31618012
31618014
31618015
31618016
31618017
31618018
31618019
31618020
31618021
31618022
31618023
31618024
31618025
31618026
31618027
31618028
31618029
31618030
31618031
31618032
31618033
31618034
31618035
31618036
31618039
31618040
31618041
31618042
31618043
31618045
31618046
31618047
31618049
31618050
31618051
31618052
31618053
31618054
31618055
31618056
31618057
31618058
31618059
31618060
31618061
31618062
31618063
31618065
31618066
31618067
31618068
31618069
31618070
31618071
31618072
31618073
31618074
31618075
31618076
31618077
31618078
31618079
31618080
31618081
31618082
31618083
31618084
31618085
31618086
31618087
31618088
31618089
31618090
31618091
31618092
31618093
31618094
31618095
31618096
31618097
31618098
31618099
31618100
31618101
31618102
31618103
31618104
31618105
31618106
31618107
31618108
31618109
31618110
31618111
31618112
31618114
31618115
31618116
31618117
31618118
31618119
31618121
31618122
31618123
31618124
31618125
31618127
31618128
31618129
31618130
31618131
31618132
31618133
31618134
31618135
31618136
31618137
31618138
31618139
31618140
31618141
31618142
31618144
31618145
31618146
31618147
31618148
31618149
31618150
31618151
31618152
31618153
31618154
31618155
31618156
31618157
31618158
31618159
31618160
31618161
31618162
31618163
31618164
31618165
31618166
31618167
31618168
31618169
31618171
31618172
31618173
31618174
31618175
31618176
31618177
31618178
31618179
31618180
31618182
31618183
31618184
31618185
31618187
31618188
31618189
31618190
31618191
31618192
31618193
31618194
31618195
31618196
31618197
31618198
31618199
31618200
31618202
31618203
31618204
31618205
31618206
31618207
31618209
31618210
31618211
31618212
31618213
31618214
31618215
31618216
31618217
31618218
31618219
31618220
31618221
31618222
31618223
31618224
31618225
31618226
31618227
31618228
31618229
31618230
31618231
31618232
31618233
31618234
31618235
31618236
31618237
31618238
31618239
31618240
31618241
31618242
31618243
31618244
31618245
31618246
31618247
31618249
31618250
31618251
31618252
31618253
31618254
31618255
31618256
31618257
31618258
31618259
31618260
31618261
31618262
31618263
31618264
31618265
31618266
31618267
31618268
31618269
31618270
31618271
31618273
31618274
31618275
31618276
31618277
31618278
31618280
31618281
31618283
31618284
31618285
31618286
31618287
31618289
31618290
31618293
31618294
31618295
31618296
31618297
31618298
31618299
31618300
31618301
31618302
31618303
31618304
31618305
31618306
31618307
31618308
31618309
31618310
31618311
31618312
31618313
31618314
31618315
31618316
31618317
31618318
31618319
31618320
31618321
31618322
31618323
31618324
31618327
31618328
31618329
31618330
31618331
31618332
31618333
31618334
31618335
31618336
31618337
31618339
31618340
31618341
31618342
31618343
31618344
31618345
31618346
31618347
31618348
31618349
31618350
31618351
31618352
31618353
31618354
31618355
31618356
31618357
31618358
31618359
31618360
31618361
31618362
31618364
31618366
31618368
31618369
31618370
31618371
31618372
31618373
31618374
31618375
31618376
31618377
31618378
31618380
31618381
31618382
31618383
31618384
31618385
31618386
31618387
31618388
31618389
31618390
31618391
31618393
31618394
31618396
31618397
31618398
31618399
31618400
31618401
31618402
31618403
31618404
31618405
31618406
31618407
31618408
31618409
31618411
31618412
31618413
31618414
31618415
31618417
31618418
31618419
31618420
31618421
31618422
31618423
31618424
31618425
31618426
31618427
31618428
31618429
31618430
31618431
31618432
31618433
31618434
31618435
31618437
31618438
31618439
31618440
31618441
31618442
31618443
31618444
31618445
31618446
31618447
31618448
31618449
31618450
31618451
31618452
31618453
31618454
31618455
31618456
31618457
31618458
31618459
31618460
31618462
31618463
31618465
31618466
31618468
31618469
31618470
31618471
31618472
31618473
31618474
31618475
31618476
31618477
31618478
31618479
31618480
31618481
31618482
31618483
31618484
31618485
31618486
31618487
31618488
31618489
31618490
31618491
31618492
31618493
31618494
31618495
31618496
31618497
31618498
31618500
31618501
31618502
31618505
31618506
31618507
31618508
31618509
31618510
31618511
31618512
31618513
31618514
31618515
31618516
31618517
31618519
31618520
31618521
31618522
31618523
31618524
31618525
31618526
31618527
31618528
31618529
31618530
31618531
31618532
31618533
31618534
31618535
31618536
31618537
31618538
31618541
31618542
31618543
31618544
31618545
31618546
31618547
31618548
31618550
31618551
31618552
31618553
31618554
31618555
31618556
31618557
31618558
31618559
31618560
31618561
31618562
31618563
31618564
31618565
31618566
31618567
31618568
31618569
31618570
31618571
31618572
31618573
31618575
31618576
31618577
31618578
31618579
31618580
31618581
31618582
31618583
31618584
31618585
31618586
31618587
31618588
31618589
31618591
31618592
31618593
31618594
31618595
31618596
31618597
31618598
31618599
31618600
31618601
31618602
31618603
31618604
31618605
31618606
31618607
31618608
31618609
31618610
31618611
31618612
31618613
31618614
31618616
31618617
31618618
31618620
31618621
31618622
31618623
31618624
31618626
31618627
31618628
31618629
31618630
31618631
31618632
31618633
31618635
31618636
31618637
31618638
31618639
31618640
31618641
31618642
31618643
31618644
31618645
31618646
31618647
31618648
31618649
31618650
31618651
31618652
31618653
31618654
31618655
31618656
31618658
31618659
31618660
31618661
31618662
31618663
31618664
31618665
31618666
31618667
31618668
31618669
31618670
31618671
31618672
31618674
31618675
31618676
31618678
31618679
31618680
31618683
31618684
31618685
31618686
31618687
31618688
31618689
31618690
31618691
31618692
31618693
31618694
31618695
31618696
31618697
31618698
31618699
31618700
31618701
31618702
31618703
31618704
31618705
31618706
31618707
31618708
31618709
31618710
31618711
31618713
31618714
31618715
31618716
31618717
31618718
31618719
31618720
31618721
31618722
31618723
31618724
31618725
31618726
31618727
31618729
31618730
31618731
31618732
31618733
31618735
31618736
31618737
31618738
31618739
31618740
31618741
31618742
31618743
31618744
31618745
31618746
31618747
31618748
31618749
31618750
31618751
31618752
31618753
31618754
31618755
31618756
31618757
31618758
31618759
31618760
31618761
31618763
31618764
31618765
31618767
31618768
31618769
31618770
31618771
31618772
31618773
31618774
31618775
31618776
31618777
31618778
31618779
31618780
31618781
31618782
31618784
31618785
31618786
31618787
31618788
31618789
31618791
31618792
31618793
31618794
31618795
31618796
31618797
31618798
31618799
31618800
31618801
31618802
31618803
31618804
31618807
31618808
31618809
31618810
31618811
31618812
31618813
31618814
31618815
31618816
31618817
31618818
31618819
31618820
31618821
31618822
31618823
31618824
31618825
31618826
31618827
31618828
31618829
31618830
31618831
31618832
31618833
31618834
31618835
31618836
31618837
31618838
31618839
31618840
31618841
31618842
31618843
31618844
31618845
31618846
31618847
31618849
31618850
31618851
31618852
31618853
31618854
31618855
31618856
31618857
31618858
31618859
31618860
31618861
31618862
31618863
31618864
31618865
31618866
31618867
31618868
31618869
31618870
31618871
31618872
31618873
31618874
31618875
31618876
31618877
31618878
31618879
31618880
31618881
31618883
31618884
31618885
31618886
31618887
31618888
31618889
31618890
31618891
31618892
31618893
31618894
31618895
31618896
31618897
31618898
31618899
31618901
31618902
31618903
31618904
31618905
31618906
31618907
31618908
31618909
31618910
31618911
31618912
31618913
31618914
31618915
31618916
31618917
31618918
31618919
31618920
31618921
31618922
31618923
31618924
31618925
31618926
31618927
31618928
31618929
31618930
31618931
31618932
31618933
31618934
31618935
31618936
31618937
31618938
31618939
31618940
31618941
31618942
31618943
31618944
31618945
31618946
31618947
31618948
31618949
31618950
31618951
31618952
31618953
31618954
31618955
31618956
31618957
31618958
31618959
31618960
31618961
31618962
31618963
31618964
31618965
31618966
31618967
31618968
31618969
31618970
31618971
31618972
31618973
31618974
31618975
31618976
31618977
31618978
31618979
31618980
31618981
31618982
31618983
31618984
31618985
31618986
31618987
31618988
31618989
31618990
31618991
31618992
31618993
31618994
31618995
31618996
31618997
31618998
31618999
31619000
31619001
31619002
31619003
31619004
31619005
31619006
31619007
31619008
31619009
31619010
31619011
31619012
31619013
31619014
31619015
31619016
31619017
31619018
31619019
31619020
31619021
31619022
31619023
31619024
31619025
31619026
31619027
31619028
31619029
31619030
31619031
31619032
31619033
31619034
31619035
31619036
31619037
31619038
31619039
31619040
31619041
31619042
31619043
31619044
31619045
31619046
31619047
31619048
31619049
31619050
31619051
31619052
31619053
31619054
31619055
31619056
31619057
31619058
31619059
31619060
31619061
31619062
31619064
31619065
31619066
31619067
31619068
31619069
31619070
31619071
31619072
31619073
31619074
31619075
31619076
31619077
31619078
31619079
31619080
31619081
31619082
31619083
31619084
31619085
31619086
31619087
31619088
31619089
31619090
31619091
31619092
31619093
31619095
31619097
31619098
31619099
31619100
31619101
31619102
31619103
31619104
31619105
31619106
31619107
31619108
31619109
31619110
31619111
31619112
31619113
31619114
31619115
31619116
31619117
31619118
31619119
31619120
31619121
31619122
31619123
31619124
31619125
31619126
31619127
31619128
31619129
31619130
31619131
31619132
31619133
31619135
31619136
31619137
31619138
31619139
31619140
31619141
31619142
31619143
31619144
31619145
31619146
31619147
31619148
31619149
31619150
31619151
31619152
31619153
31619154
31619155
31619156
31619157
31619158
31619159
31619160
31619162
31619163
31619164
31619165
31619166
31619167
31619168
31619169
31619170
31619171
31619172
31619173
31619174
31619175
31619176
31619177
31619178
31619179
31619180
31619181
31619182
31619183
31619184
31619185
31619186
31619187
31619188
31619189
31619190
31619191
31619192
31619193
31619194
31619195
31619196
31619197
31619198
31619199
31619200
31619202
31619203
31619204
31619205
31619206
31619207
31619209
31619210
31619211
31619212
31619213
31619214
31619215
31619216
31619217
31619218
31619219
31619220
31619221
31619222
31619223
31619224
31619225
31619226
31619227
31619228
31619229
31619231
31619232
31619233
31619234
31619235
31619236
31619237
31619238
31619239
31619240
31619241
31619242
31619244
31619245
31619246
31619247
31619248
31619249
31619250
31619251
31619252
31619253
31619254
31619255
31619256
31619257
31619258
31619259
31619261
31619262
31619263
31619264
31619265
31619266
31619267
31619270
31619271
31619273
31619274
31619275
31619276
31619277
31619278
31619279
31619280
31619282
31619283
31619284
31619285
31619287
31619288
31619289
31619290
31619291
31619292
31619293
31619294
31619295
31619296
31619297
31619298
31619299
31619300
31619301
31619302
31619303
31619304
31619305
31619306
31619307
31619308
31619309
31619310
31619311
31619312
31619313
31619314
31619315
31619316
31619318
31619320
31619321
31619322
31619323
31619324
31619326
31619327
31619328
31619329
31619331
31619332
31619334
31619335
31619337
31619339
31619340
31619341
31619342
31619343
31619345
31619346
31619347
31619348
31619349
31619350
31619351
31619352
31619353
31619354
31619355
31619356
31619357
31619358
31619359
31619360
31619361
31619362
31619363
31619364
31619365
31619366
31619367
31619368
31619369
31619370
31619371
31619372
31619373
31619374
31619375
31619376
31619377
31619379
31619380
31619381
31619382
31619383
31619384
31619385
31619386
31619387
31619388
31619389
31619390
31619391
31619392
31619393
31619394
31619395
31619396
31619397
31619398
31619399
31619400
31619401
31619402
31619403
31619404
31619405
31619406
31619407
31619408
31619409
31619410
31619411
31619412
31619413
31619414
31619416
31619417
31619418
31619419
31619420
31619421
31619422
31619423
31619424
31619425
31619426
31619427
31619429
31619431
31619432
31619433
31619434
31619435
31619436
31619437
31619438
31619440
31619441
31619442
31619443
31619444
31619445
31619446
31619447
31619448
31619449
31619450
31619452
31619453
31619454
31619455
31619456
31619457
31619458
31619459
31619460
31619461
31619462
31619463
31619464
31619465
31619466
31619467
31619468
31619469
31619470
31619471
31619472
31619473
31619474
31619475
31619476
31619477
31619478
31619479
31619480
31619481
31619482
31619483
31619484
31619485
31619486
31619487
31619488
31619489
31619490
31619491
31619492
31619494
31619495
31619496
31619497
31619498
31619499
31619500
31619501
31619502
31619503
31619504
31619505
31619506
31619507
31619508
31619509
31619510
31619511
31619512
31619513
31619514
31619515
31619516
31619517
31619518
31619519
31619520
31619521
31619523
31619524
31619525
31619526
31619527
31619528
31619529
31619530
31619531
31619533
31619534
31619535
31619536
31619537
31619538
31619539
31619540
31619541
31619542
31619543
31619544
31619545
31619546
31619547
31619548
31619549
31619550
31619551
31619552
31619553
31619554
31619555
31619556
31619557
31619558
31619559
31619560
31619562
31619563
31619564
31619565
31619566
31619567
31619568
31619569
31619570
31619571
31619573
31619574
31619575
31619576
31619577
31619578
31619580
31619581
31619582
31619583
31619584
31619585
31619586
31619587
31619588
31619589
31619590
31619591
31619592
31619593
31619595
31619596
31619597
31619598
31619599
31619600
31619601
31619602
31619603
31619604
31619605
31619606
31619607
31619608
31619609
31619610
31619611
31619612
31619613
31619614
31619615
31619617
31619618
31619619
31619620
31619621
31619622
31619623
31619624
31619625
31619626
31619627
31619628
31619629
31619630
31619631
31619632
31619634
31619635
31619636
31619637
31619638
31619639
31619640
31619641
31619642
31619643
31619644
31619645
31619646
31619647
31619648
31619649
31619650
31619651
31619652
31619653
31619654
31619655
31619656
31619657
31619658
31619659
31619660
31619661
31619662
31619663
31619664
31619665
31619666
31619667
31619668
31619669
31619670
31619671
31619672
31619673
31619674
31619675
31619677
31619678
31619679
31619680
31619681
31619682
31619683
31619684
31619685
31619686
31619687
31619688
31619690
31619691
31619692
31619693
31619694
31619695
31619696
31619697
31619698
31619699
31619700
31619701
31619702
31619703
31619704
31619705
31619706
31619707
31619708
31619710
31619711
31619712
31619713
31619714
31619715
31619716
31619717
31619718
31619719
31619720
31619721
31619722
31619723
31619724
31619725
31619726
31619727
31619728
31619729
31619730
31619731
31619732
31619733
31619734
31619735
31619736
31619737
31619738
31619739
31619740
31619741
31619742
31619743
31619744
31619745
31619746
31619747
31619748
31619749
31619750
31619751
31619752
31619753
31619754
31619755
31619756
31619757
31619758
31619759
31619760
31619761
31619762
31619763
31619764
31619766
31619767
31619768
31619769
31619770
31619771
31619772
31619773
31619774
31619775
31619776
31619777
31619778
31619779
31619781
31619782
31619783
31619784
31619785
31619786
31619788
31619789
31619790
31619791
31619792
31619793
31619794
31619795
31619796
31619797
31619799
31619800
31619801
31619802
31619803
31619804
31619805
31619806
31619808
31619809
31619810
31619811
31619812
31619813
31619814
31619815
31619816
31619818
31619820
31619821
31619822
31619823
31619824
31619825
31619826
31619827
31619829
31619830
31619831
31619832
31619833
31619834
31619835
31619836
31619837
31619838
31619839
31619840
31619842
31619843
31619844
31619845
31619846
31619847
31619848
31619849
31619850
31619851
31619852
31619853
31619854
31619855
31619856
31619857
31619858
31619859
31619860
31619861
31619862
31619863
31619865
31619866
31619867
31619868
31619869
31619870
31619871
31619872
31619873
31619874
31619875
31619876
31619878
31619879
31619880
31619881
31619882
31619883
31619884
31619885
31619886
31619887
31619888
31619889
31619890
31619891
31619892
31619893
31619894
31619895
31619896
31619897
31619899
31619900
31619901
31619902
31619903
31619904
31619905
31619906
31619907
31619908
31619909
31619911
31619912
31619913
31619914
31619915
31619916
31619917
31619918
31619919
31619920
31619921
31619922
31619923
31619924
31619925
31619926
31619927
31619928
31619929
31619930
31619931
31619932
31619933
31619934
31619935
31619936
31619937
31619938
31619939
31619940
31619941
31619942
31619943
31619944
31619946
31619947
31619948
31619949
31619950
31619951
31619952
31619953
31619954
31619955
31619956
31619957
31619958
31619959
31619960
31619961
31619962
31619963
31619964
31619965
31619966
31619967
31619968
31619969
31619970
31619971
31619972
31619973
31619974
31619975
31619976
31619977
31619978
31619979
31619980
31619981
31619982
31619983
31619984
31619985
31619986
31619987
31619988
31619989
31619990
31619991
31619992
31619993
31619994
31619995
31619996
31619997
31619998
31619999
31620000
31620001
31620002
31620003
31620004
31620005
31620006
31620008
31620009
31620010
31620011
31620012
31620013
31620014
31620015
31620016
31620017
31620018
31620019
31620020
31620021
31620022
31620023
31620024
31620025
31620026
31620027
31620028
31620029
31620030
31620031
31620032
31620033
31620034
31620035
31620036
31620037
31620038
31620039
31620040
31620041
31620042
31620043
31620044
31620045
31620046
31620047
31620048
31620049
31620050
31620051
31620052
31620053
31620054
31620055
31620056
31620057
31620059
31620060
31620061
31620062
31620063
31620064
31620065
31620066
31620067
31620068
31620069
31620070
31620072
31620073
31620074
31620075
31620076
31620077
31620078
31620079
31620080
31620081
31620082
31620083
31620084
31620085
31620086
31620087
31620088
31620089
31620091
31620093
31620094
31620095
31620096
31620097
31620098
31620099
31620100
31620101
31620102
31620103
31620104
31620105
31620106
31620107
31620108
31620109
31620110
31620111
31620112
31620113
31620114
31620116
31620117
31620118
31620119
31620120
31620121
31620122
31620123
31620124
31620125
31620126
31620127
31620128
31620129
31620130
31620131
31620132
31620133
31620134
31620135
31620136
31620137
31620138
31620139
31620140
31620141
31620142
31620143
31620144
31620146
31620147
31620148
31620149
31620150
31620151
31620152
31620153
31620154
31620155
31620156
31620157
31620158
31620159
31620160
31620161
31620162
31620163
31620164
31620165
31620166
31620167
31620168
31620169
31620170
31620171
31620172
31620173
31620174
31620175
31620176
31620177
31620178
31620179
31620180
31620181
31620182
31620183
31620184
31620185
31620186
31620187
31620188
31620189
31620190
31620191
31620192
31620193
31620194
31620195
31620196
31620197
31620198
31620199
31620200
31620201
31620202
31620203
31620204
31620205
31620206
31620207
31620208
31620209
31620211
31620212
31620213
31620214
31620215
31620216
31620217
31620218
31620219
31620220
31620221
31620222
31620223
31620224
31620225
31620226
31620227
31620228
31620229
31620230
31620231
31620232
31620233
31620234
31620235
31620236
31620237
31620238
31620239
31620240
31620241
31620242
31620243
31620244
31620245
31620246
31620247
31620248
31620249
31620250
31620251
31620252
31620253
31620255
31620256
31620257
31620258
31620259
31620260
31620261
31620262
31620263
31620264
31620265
31620266
31620267
31620268
31620269
31620270
31620271
31620272
31620273
31620274
31620275
31620276
31620277
31620279
31620280
31620281
31620282
31620283
31620284
31620285
31620286
31620287
31620288
31620289
31620290
31620291
31620292
31620293
31620294
31620295
31620297
31620298
31620299
31620300
31620301
31620302
31620303
31620304
31620305
31620306
31620307
31620308
31620309
31620310
31620311
31620312
31620313
31620314
31620315
31620316
31620318
31620319
31620320
31620321
31620322
31620323
31620324
31620325
31620326
31620327
31620328
31620329
31620330
31620331
31620332
31620333
31620334
31620335
31620336
31620337
31620339
31620340
31620341
31620342
31620343
31620344
31620345
31620346
31620347
31620349
31620350
31620352
31620353
31620354
31620355
31620356
31620358
31620359
31620360
31620361
31620362
31620363
31620364
31620365
31620366
31620367
31620368
31620369
31620370
31620371
31620372
31620373
31620374
31620375
31620376
31620377
31620378
31620379
31620380
31620381
31620382
31620383
31620384
31620385
31620386
31620387
31620388
31620389
31620390
31620392
31620393
31620394
31620395
31620396
31620397
31620398
31620399
31620400
31620401
31620402
31620403
31620404
31620405
31620406
31620407
31620408
31620409
31620410
31620411
31620412
31620413
31620414
31620415
31620416
31620417
31620418
31620419
31620420
31620421
31620422
31620423
31620424
31620425
31620426
31620427
31620429
31620430
31620433
31620434
31620435
31620436
31620438
31620439
31620440
31620441
31620442
31620443
31620444
31620445
31620446
31620447
31620448
31620449
31620450
31620451
31620452
31620454
31620455
31620456
31620457
31620458
31620459
31620460
31620461
31620462
31620463
31620464
31620465
31620466
31620467
31620468
31620469
31620471
31620472
31620473
31620474
31620475
31620476
31620477
31620478
31620479
31620480
31620481
31620482
31620484
31620485
31620486
31620487
31620488
31620489
31620490
31620491
31620492
31620493
31620494
31620495
31620496
31620497
31620498
31620499
31620500
31620501
31620502
31620503
31620504
31620505
31620506
31620507
31620508
31620509
31620510
31620511
31620514
31620515
31620516
31620517
31620518
31620519
31620520
31620521
31620522
31620523
31620524
31620525
31620526
31620527
31620528
31620529
31620530
31620531
31620533
31620534
31620535
31620536
31620537
31620538
31620539
31620540
31620541
31620542
31620543
31620544
31620545
31620546
31620547
31620548
31620549
31620550
31620551
31620552
31620553
31620554
31620555
31620556
31620558
31620560
31620561
31620562
31620563
31620564
31620565
31620566
31620567
31620568
31620569
31620570
31620572
31620573
31620574
31620575
31620576
31620577
31620578
31620579
31620580
31620581
31620582
31620583
31620584
31620585
31620587
31620588
31620589
31620590
31620591
31620592
31620593
31620594
31620595
31620596
31620597
31620598
31620599
31620601
31620602
31620603
31620605
31620606
31620607
31620608
31620609
31620610
31620611
31620612
31620613
31620614
31620615
31620616
31620617
31620618
31620619
31620620
31620621
31620622
31620623
31620624
31620625
31620626
31620627
31620628
31620629
31620630
31620631
31620632
31620633
31620634
31620635
31620636
31620637
31620638
31620639
31620640
31620642
31620643
31620644
31620645
31620646
31620647
31620648
31620649
31620650
31620651
31620652
31620653
31620654
31620655
31620657
31620658
31620659
31620660
31620661
31620662
31620663
31620664
31620665
31620666
31620667
31620668
31620669
31620670
31620671
31620672
31620673
31620674
31620675
31620676
31620677
31620678
31620679
31620680
31620681
31620682
31620683
31620685
31620686
31620687
31620688
31620689
31620690
31620691
31620692
31620693
31620694
31620695
31620696
31620697
31620698
31620699
31620700
31620701
31620702
31620703
31620704
31620705
31620706
31620708
31620709
31620710
31620711
31620712
31620713
31620714
31620715
31620716
31620717
31620718
31620719
31620720
31620721
31620722
31620723
31620724
31620725
31620726
31620727
31620728
31620729
31620730
31620731
31620732
31620733
31620734
31620735
31620736
31620737
31620738
31620739
31620740
31620741
31620742
31620743
31620744
31620745
31620746
31620747
31620748
31620749
31620750
31620751
31620752
31620753
31620754
31620755
31620756
31620757
31620758
31620759
31620760
31620761
31620762
31620763
31620764
31620765
31620766
31620767
31620768
31620769
31620770
31620771
31620772
31620773
31620774
31620775
31620776
31620777
31620778
31620779
31620780
31620781
31620782
31620783
31620784
31620785
31620786
31620787
31620788
31620789
31620790
31620791
31620792
31620793
31620794
31620795
31620797
31620798
31620799
31620800
31620801
31620802
31620803
31620804
31620805
31620806
31620807
31620808
31620809
31620810
31620811
31620812
31620813
31620814
31620815
31620816
31620817
31620818
31620819
31620820
31620821
31620822
31620823
31620825
31620826
31620828
31620829
31620830
31620831
31620832
31620833
31620834
31620835
31620836
31620837
31620838
31620839
31620840
31620841
31620842
31620843
31620844
31620845
31620846
31620847
31620848
31620849
31620850
31620851
31620852
31620853
31620854
31620855
31620856
31620857
31620858
31620859
31620860
31620861
31620862
31620863
31620864
31620865
31620866
31620867
31620868
31620869
31620870
31620871
31620872
31620873
31620874
31620875
31620876
31620877
31620878
31620879
31620880
31620881
31620882
31620883
31620885
31620886
31620887
31620888
31620889
31620890
31620891
31620892
31620893
31620895
31620896
31620897
31620898
31620899
31620900
31620901
31620902
31620903
31620904
31620905
31620906
31620907
31620908
31620909
31620910
31620911
31620912
31620913
31620914
31620915
31620916
31620917
31620918
31620919
31620920
31620921
31620922
31620923
31620924
31620925
31620926
31620927
31620928
31620929
31620930
31620931
31620932
31620933
31620934
31620935
31620937
31620938
31620939
31620940
31620941
31620942
31620944
31620945
31620946
31620947
31620948
31620949
31620950
31620951
31620952
31620953
31620954
31620955
31620956
31620958
31620959
31620960
31620961
31620962
31620963
31620964
31620965
31620966
31620967
31620968
31620969
31620970
31620971
31620972
31620973
31620974
31620975
31620976
31620977
31620978
31620979
31620980
31620981
31620982
31620983
31620984
31620985
31620986
31620987
31620988
31620989
31620990
31620991
31620992
31620993
31620994
31620995
31620996
31620997
31620998
31620999
31621000
31621001
31621002
31621003
31621004
31621005
31621006
31621007
31621008
31621009
31621010
31621011
31621012
31621013
31621014
31621015
31621016
31621017
31621018
31621019
31621020
31621021
31621022
31621023
31621024
31621025
31621027
31621028
31621029
31621030
31621031
31621032
31621033
31621034
31621035
31621036
31621037
31621038
31621040
31621042
31621043
31621044
31621045
31621046
31621047
31621048
31621049
31621050
31621051
31621052
31621053
31621054
31621055
31621056
31621057
31621058
31621059
31621060
31621061
31621062
31621063
31621064
31621065
31621066
31621067
31621068
31621069
31621070
31621071
31621072
31621073
31621075
31621076
31621077
31621078
31621079
31621080
31621081
31621082
31621083
31621084
31621085
31621086
31621087
31621088
31621089
31621090
31621091
31621092
31621093
31621094
31621095
31621096
31621097
31621098
31621099
31621100
31621101
31621102
31621103
31621104
31621105
31621106
31621107
31621108
31621109
31621110
31621111
31621112
31621113
31621114
31621115
31621116
31621117
31621118
31621119
31621120
31621121
31621122
31621123
31621124
31621125
31621126
31621127
31621128
31621129
31621130
31621131
31621132
31621133
31621134
31621135
31621136
31621137
31621138
31621139
31621141
31621142
31621143
31621144
31621145
31621147
31621148
31621149
31621150
31621151
31621152
31621153
31621154
31621155
31621156
31621157
31621158
31621159
31621160
31621161
31621162
31621163
31621164
31621166
31621167
31621168
31621169
31621170
31621171
31621173
31621174
31621175
31621176
31621177
31621178
31621179
31621180
31621181
31621182
31621183
31621184
31621185
31621186
31621187
31621188
31621189
31621190
31621191
31621192
31621193
31621194
31621195
31621196
31621197
31621198
31621199
31621200
31621201
31621202
31621203
31621204
31621205
31621206
31621208
31621209
31621210
31621211
31621212
31621213
31621214
31621215
31621216
31621217
31621219
31621220
31621221
31621222
31621223
31621224
31621225
31621226
31621227
31621228
31621229
31621230
31621231
31621232
31621233
31621234
31621235
31621236
31621237
31621238
31621239
31621240
31621241
31621242
31621243
31621244
31621245
31621246
31621247
31621248
31621250
31621251
31621252
31621253
31621254
31621256
31621257
31621258
31621259
31621260
31621261
31621262
31621263
31621264
31621265
31621266
31621267
31621268
31621269
31621270
31621271
31621272
31621273
31621274
31621275
31621276
31621278
31621279
31621280
31621281
31621282
31621283
31621284
31621285
31621286
31621287
31621288
31621289
31621291
31621292
31621293
31621294
31621295
31621296
31621297
31621298
31621299
31621300
31621301
31621303
31621304
31621305
31621306
31621307
31621308
31621309
31621310
31621311
31621312
31621313
31621314
31621316
31621317
31621318
31621319
31621320
31621321
31621322
31621323
31621324
31621325
31621326
31621327
31621328
31621329
31621330
31621331
31621332
31621333
31621334
31621335
31621336
31621337
31621338
31621339
31621340
31621341
31621342
31621343
31621344
31621345
31621346
31621347
31621348
31621349
31621350
31621351
31621352
31621353
31621354
31621355
31621356
31621358
31621359
31621360
31621362
31621363
31621364
31621365
31621366
31621367
31621369
31621370
31621371
31621372
31621373
31621374
31621375
31621376
31621377
31621378
31621379
31621380
31621382
31621383
31621384
31621385
31621386
31621387
31621388
31621389
31621390
31621391
31621392
31621393
31621394
31621395
31621396
31621397
31621398
31621399
31621400
31621401
31621402
31621403
31621404
31621405
31621406
31621407
31621408
31621409
31621410
31621412
31621413
31621414
31621415
31621416
31621417
31621418
31621419
31621420
31621421
31621422
31621423
31621424
31621425
31621427
31621429
31621430
31621432
31621433
31621434
31621435
31621436
31621437
31621438
31621439
31621440
31621441
31621442
31621443
31621444
31621445
31621446
31621447
31621448
31621449
31621450
31621451
31621452
31621453
31621454
31621455
31621456
31621457
31621458
31621459
31621460
31621461
31621462
31621463
31621464
31621465
31621466
31621467
31621468
31621469
31621470
31621471
31621472
31621473
31621474
31621475
31621476
31621477
31621478
31621479
31621480
31621481
31621482
31621483
31621484
31621485
31621486
31621487
31621488
31621489
31621490
31621491
31621492
31621493
31621494
31621495
31621496
31621497
31621498
31621499
31621500
31621501
31621502
31621503
31621504
31621505
31621506
31621507
31621508
31621509
31621510
31621511
31621512
31621513
31621514
31621515
31621516
31621517
31621518
31621519
31621520
31621521
31621524
31621525
31621527
31621528
31621529
31621530
31621531
31621532
31621533
31621534
31621535
31621536
31621537
31621538
31621539
31621540
31621541
31621542
31621544
31621545
31621546
31621547
31621548
31621549
31621550
31621552
31621553
31621554
31621555
31621556
31621557
31621558
31621559
31621560
31621561
31621562
31621563
31621564
31621565
31621566
31621567
31621568
31621569
31621570
31621571
31621573
31621574
31621575
31621576
31621577
31621578
31621579
31621581
31621582
31621583
31621585
31621586
31621587
31621588
31621589
31621590
31621591
31621592
31621593
31621594
31621595
31621596
31621597
31621598
31621599
31621601
31621602
31621603
31621605
31621606
31621607
31621608
31621609
31621610
31621611
31621613
31621614
31621615
31621618
31621619
31621620
31621621
31621622
31621623
31621624
31621625
31621626
31621627
31621628
31621629
31621630
31621631
31621633
31621634
31621635
31621636
31621637
31621638
31621639
31621640
31621641
31621642
31621643
31621644
31621645
31621646
31621647
31621648
31621649
31621650
31621652
31621653
31621654
31621655
31621656
31621657
31621658
31621659
31621660
31621661
31621662
31621663
31621664
31621665
31621666
31621667
31621668
31621669
31621670
31621671
31621672
31621673
31621674
31621676
31621677
31621678
31621679
31621680
31621681
31621682
31621683
31621684
31621685
31621686
31621687
31621688
31621689
31621690
31621691
31621692
31621693
31621694
31621695
31621696
31621697
31621698
31621699
31621700
31621701
31621702
31621703
31621704
31621705
31621706
31621707
31621708
31621709
31621710
31621711
31621712
31621713
31621714
31621715
31621716
31621717
31621718
31621719
31621720
31621721
31621722
31621723
31621724
31621725
31621726
31621727
31621728
31621729
31621730
31621731
31621732
31621733
31621734
31621735
31621736
31621737
31621738
31621739
31621740
31621741
31621742
31621743
31621744
31621745
31621746
31621747
31621748
31621749
31621750
31621751
31621752
31621753
31621754
31621755
31621756
31621757
31621758
31621760
31621761
31621762
31621763
31621764
31621765
31621768
31621769
31621770
31621771
31621772
31621773
31621774
31621775
31621776
31621777
31621778
31621779
31621780
31621781
31621782
31621783
31621784
31621785
31621786
31621787
31621788
31621789
31621791
31621792
31621793
31621794
31621795
31621797
31621798
31621799
31621800
31621801
31621802
31621803
31621804
31621805
31621806
31621807
31621808
31621809
31621810
31621811
31621812
31621813
31621814
31621815
31621816
31621817
31621818
31621819
31621820
31621821
31621822
31621823
31621824
31621825
31621826
31621827
31621828
31621829
31621830
31621831
31621832
31621833
31621834
31621835
31621836
31621837
31621838
31621840
31621841
31621842
31621843
31621844
31621845
31621846
31621847
31621848
31621850
31621851
31621852
31621853
31621854
31621855
31621856
31621857
31621858
31621860
31621861
31621862
31621863
31621864
31621865
31621866
31621867
31621868
31621869
31621870
31621871
31621872
31621873
31621874
31621875
31621876
31621878
31621879
31621880
31621881
31621882
31621883
31621884
31621885
31621886
31621887
31621888
31621889
31621890
31621891
31621892
31621893
31621894
31621895
31621896
31621897
31621898
31621899
31621900
31621901
31621902
31621903
31621904
31621905
31621906
31621907
31621908
31621909
31621910
31621911
31621912
31621913
31621914
31621915
31621916
31621917
31621918
31621919
31621920
31621921
31621923
31621924
31621925
31621926
31621927
31621928
31621929
31621930
31621931
31621932
31621933
31621934
31621935
31621936
31621937
31621938
31621939
31621940
31621941
31621942
31621943
31621945
31621947
31621948
31621949
31621950
31621951
31621952
31621953
31621954
31621955
31621956
31621957
31621958
31621959
31621960
31621961
31621962
31621963
31621964
31621965
31621966
31621967
31621969
31621970
31621971
31621972
31621973
31621974
31621975
31621976
31621979
31621980
31621981
31621982
31621983
31621985
31621986
31621987
31621988
31621989
31621990
31621991
31621993
31621994
31621995
31621996
31621997
31621998
31621999
31622000
31622001
31622002
31622003
31622004
31622005
31622006
31622007
31622008
31622009
31622010
31622011
31622012
31622013
31622014
31622015
31622016
31622018
31622019
31622020
31622021
31622022
31622023
31622024
31622025
31622026
31622027
31622028
31622029
31622030
31622032
31622033
31622034
31622035
31622036
31622037
31622038
31622039
31622040
31622041
31622042
31622043
31622044
31622045
31622046
31622047
31622048
31622049
31622050
31622051
31622052
31622053
31622054
31622055
31622056
31622057
31622058
31622059
31622060
31622061
31622062
31622063
31622064
31622065
31622066
31622068
31622069
31622070
31622071
31622072
31622073
31622074
31622075
31622076
31622077
31622078
31622079
31622080
31622081
31622082
31622083
31622084
31622086
31622087
31622088
31622089
31622091
31622092
31622093
31622094
31622095
31622096
31622097
31622098
31622099
31622100
31622101
31622102
31622103
31622104
31622105
31622106
31622107
31622108
31622109
31622110
31622111
31622112
31622113
31622114
31622115
31622116
31622117
31622118
31622119
31622120
31622121
31622122
31622123
31622124
31622125
31622126
31622127
31622128
31622129
31622130
31622131
31622132
31622133
31622134
31622135
31622136
31622137
31622138
31622139
31622140
31622141
31622142
31622143
31622144
31622145
31622146
31622147
31622148
31622149
31622150
31622151
31622152
31622153
31622154
31622156
31622157
31622158
31622159
31622160
31622161
31622162
31622163
31622164
31622165
31622166
31622167
31622168
31622169
31622170
31622171
31622173
31622174
31622175
31622176
31622177
31622178
31622180
31622181
31622182
31622183
31622184
31622185
31622186
31622187
31622188
31622189
31622190
31622191
31622192
31622193
31622194
31622195
31622196
31622197
31622198
31622199
31622200
31622201
31622202
31622203
31622204
31622205
31622206
31622207
31622208
31622209
31622210
31622211
31622212
31622213
31622214
31622215
31622216
31622217
31622218
31622219
31622220
31622221
31622222
31622223
31622224
31622225
31622226
31622227
31622228
31622230
31622231
31622232
31622233
31622234
31622235
31622236
31622237
31622238
31622239
31622240
31622241
31622242
31622243
31622244
31622245
31622246
31622247
31622248
31622249
31622250
31622251
31622252
31622253
31622254
31622255
31622256
31622257
31622258
31622259
31622260
31622261
31622263
31622264
31622266
31622267
31622268
31622269
31622270
31622271
31622272
31622273
31622274
31622275
31622276
31622277
31622279
31622281
31622282
31622283
31622284
31622285
31622286
31622287
31622288
31622289
31622290
31622291
31622292
31622293
31622296
31622297
31622298
31622299
31622301
31622302
31622303
31622304
31622305
31622306
31622307
31622308
31622309
31622310
31622311
31622312
31622313
31622314
31622315
31622316
31622317
31622318
31622319
31622320
31622321
31622322
31622323
31622324
31622325
31622326
31622327
31622328
31622329
31622330
31622331
31622332
31622333
31622334
31622335
31622336
31622337
31622338
31622339
31622340
31622341
31622343
31622344
31622345
31622346
31622347
31622348
31622349
31622350
31622351
31622352
31622354
31622355
31622356
31622357
31622358
31622359
31622360
31622361
31622363
31622364
31622365
31622368
31622369
31622370
31622371
31622372
31622373
31622374
31622375
31622376
31622378
31622379
31622380
31622381
31622383
31622384
31622386
31622387
31622388
31622389
31622390
31622391
31622392
31622393
31622394
31622395
31622396
31622397
31622398
31622400
31622402
31622403
31622404
31622405
31622406
31622407
31622409
31622410
31622411
31622412
31622413
31622414
31622415
31622417
31622418
31622419
31622420
31622421
31622422
31622423
31622424
31622425
31622426
31622427
31622428
31622429
31622430
31622431
31622432
31622433
31622434
31622435
31622436
31622437
31622438
31622439
31622440
31622441
31622442
31622443
31622444
31622445
31622446
31622447
31622448
31622449
31622450
31622451
31622452
31622453
31622454
31622455
31622456
31622457
31622458
31622459
31622460
31622461
31622462
31622463
31622465
31622466
31622467
31622468
31622469
31622470
31622471
31622472
31622473
31622474
31622475
31622476
31622477
31622478
31622479
31622480
31622481
31622482
31622483
31622484
31622485
31622486
31622487
31622488
31622489
31622490
31622491
31622492
31622493
31622495
31622496
31622497
31622498
31622499
31622500
31622501
31622502
31622503
31622504
31622505
31622506
31622507
31622508
31622509
31622510
31622511
31622512
31622513
31622514
31622515
31622517
31622519
31622520
31622521
31622522
31622523
31622524
31622525
31622526
31622528
31622529
31622530
31622531
31622532
31622534
31622535
31622536
31622537
31622538
31622539
31622540
31622541
31622543
31622545
31622546
31622547
31622550
31622551
31622552
31622554
31622555
31622556
31622557
31622558
31622559
31622561
31622562
31622563
31622564
31622565
31622566
31622567
31622568
31622569
31622571
31622572
31622573
31622574
31622575
31622576
31622577
31622578
31622579
31622580
31622581
31622582
31622583
31622584
31622585
31622586
31622587
31622588
31622589
31622590
31622591
31622592
31622593
31622594
31622595
31622597
31622598
31622599
31622600
31622602
31622603
31622604
31622605
31622606
31622607
31622608
31622609
31622610
31622611
31622612
31622613
31622614
31622615
31622616
31622617
31622618
31622620
31622621
31622622
31622623
31622624
31622625
31622626
31622627
31622628
31622629
31622630
31622631
31622632
31622633
31622636
31622637
31622638
31622639
31622640
31622643
31622644
31622645
31622646
31622649
31622650
31622651
31622652
31622653
31622654
31622655
31622656
31622657
31622658
31622659
31622660
31622662
31622663
31622664
31622665
31622666
31622667
31622668
31622669
31622670
31622671
31622672
31622673
31622674
31622675
31622677
31622678
31622679
31622680
31622681
31622682
31622683
31622684
31622685
31622686
31622687
31622688
31622690
31622691
31622692
31622693
31622694
31622695
31622696
31622697
31622698
31622699
31622700
31622701
31622702
31622703
31622704
31622705
31622706
31622707
31622708
31622709
31622710
31622711
31622712
31622713
31622714
31622715
31622716
31622717
31622718
31622719
31622720
31622721
31622722
31622724
31622725
31622726
31622727
31622728
31622729
31622730
31622731
31622732
31622733
31622734
31622735
31622738
31622739
31622740
31622741
31622743
31622745
31622746
31622747
31622748
31622749
31622750
31622752
31622753
31622754
31622755
31622756
31622757
31622758
31622759
31622760
31622761
31622762
31622763
31622764
31622765
31622766
31622767
31622768
31622769
31622770
31622771
31622772
31622773
31622774
31622775
31622776
31622777
31622778
31622779
31622780
31622781
31622783
31622784
31622785
31622786
31622787
31622788
31622789
31622790
31622791
31622792
31622793
31622794
31622795
31622796
31622797
31622798
31622799
31622800
31622801
31622802
31622803
31622804
31622805
31622806
31622807
31622808
31622809
31622810
31622812
31622813
31622814
31622815
31622816
31622817
31622818
31622819
31622820
31622821
31622822
31622823
31622824
31622825
31622826
31622827
31622828
31622829
31622830
31622831
31622832
31622833
31622834
31622835
31622836
31622837
31622838
31622839
31622840
31622841
31622842
31622843
31622844
31622845
31622846
31622847
31622848
31622849
31622850
31622852
31622853
31622854
31622855
31622856
31622857
31622858
31622859
31622860
31622861
31622862
31622863
31622864
31622865
31622866
31622867
31622868
31622869
31622870
31622871
31622872
31622873
31622874
31622875
31622876
31622877
31622878
31622879
31622880
31622881
31622882
31622883
31622884
31622885
31622886
31622887
31622888
31622889
31622890
31622891
31622892
31622893
31622894
31622895
31622896
31622897
31622898
31622899
31622900
31622901
31622902
31622903
31622904
31622905
31622907
31622908
31622909
31622910
31622911
31622912
31622913
31622914
31622915
31622916
31622917
31622919
31622920
31622921
31622922
31622923
31622924
31622925
31622926
31622927
31622928
31622929
31622930
31622931
31622932
31622933
31622934
31622935
31622936
31622937
31622938
31622939
31622940
31622941
31622942
31622943
31622944
31622945
31622946
31622947
31622948
31622949
31622950
31622952
31622953
31622954
31622955
31622956
31622957
31622958
31622959
31622960
31622961
31622962
31622963
31622964
31622965
31622966
31622967
31622968
31622969
31622970
31622971
31622972
31622973
31622974
31622975
31622976
31622977
31622978
31622979
31622980
31622981
31622982
31622983
31622984
31622985
31622986
31622987
31622988
31622989
31622990
31622991
31622992
31622993
31622994
31622995
31622996
31622997
31622998
31622999
31623000
31623001
31623002
31623003
31623004
31623005
31623006
31623007
31623008
31623009
31623010
31623011
31623012
31623013
31623014
31623015
31623016
31623017
31623018
31623019
31623020
31623022
31623023
31623024
31623025
31623026
31623028
31623029
31623030
31623031
31623032
31623033
31623034
31623035
31623036
31623037
31623038
31623039
31623040
31623041
31623042
31623043
31623044
31623045
31623046
31623047
31623048
31623049
31623050
31623051
31623052
31623053
31623054
31623055
31623056
31623057
31623058
31623059
31623060
31623061
31623062
31623063
31623064
31623065
31623066
31623067
31623069
31623070
31623071
31623072
31623073
31623074
31623075
31623076
31623077
31623078
31623079
31623080
31623081
31623082
31623083
31623084
31623085
31623086
31623087
31623088
31623089
31623090
31623091
31623092
31623093
31623094
31623095
31623096
31623097
31623098
31623099
31623100
31623101
31623102
31623103
31623104
31623105
31623106
31623107
31623108
31623109
31623110
31623111
31623113
31623114
31623115
31623116
31623117
31623118
31623119
31623121
31623122
31623123
31623124
31623125
31623126
31623127
31623128
31623129
31623130
31623131
31623132
31623133
31623134
31623135
31623136
31623137
31623139
31623140
31623141
31623142
31623143
31623144
31623145
31623146
31623147
31623148
31623149
31623150
31623151
31623152
31623153
31623154
31623155
31623156
31623157
31623158
31623159
31623160
31623161
31623162
31623163
31623164
31623165
31623166
31623167
31623168
31623169
31623170
31623171
31623172
31623173
31623174
31623175
31623176
31623177
31623178
31623179
31623180
31623181
31623182
31623183
31623184
31623185
31623186
31623187
31623188
31623189
31623190
31623191
31623192
31623193
31623194
31623195
31623196
31623197
31623198
31623199
31623200
31623201
31623202
31623203
31623204
31623205
31623208
31623209
31623210
31623211
31623212
31623213
31623214
31623215
31623216
31623217
31623218
31623219
31623220
31623221
31623222
31623223
31623224
31623225
31623226
31623227
31623228
31623229
31623231
31623232
31623233
31623234
31623235
31623236
31623237
31623238
31623239
31623240
31623241
31623242
31623243
31623244
31623245
31623246
31623247
31623248
31623249
31623250
31623251
31623252
31623253
31623254
31623255
31623256
31623257
31623258
31623259
31623260
31623261
31623262
31623263
31623264
31623265
31623266
31623267
31623268
31623270
31623271
31623272
31623273
31623274
31623275
31623276
31623277
31623278
31623279
31623281
31623282
31623283
31623284
31623285
31623286
31623287
31623288
31623289
31623290
31623291
31623293
31623294
31623295
31623296
31623297
31623298
31623300
31623301
31623302
31623304
31623305
31623306
31623308
31623309
31623310
31623311
31623312
31623313
31623314
31623315
31623316
31623317
31623318
31623319
31623320
31623321
31623322
31623323
31623324
31623325
31623326
31623327
31623328
31623329
31623330
31623331
31623332
31623333
31623334
31623335
31623336
31623337
31623338
31623339
31623340
31623341
31623342
31623343
31623344
31623345
31623346
31623347
31623348
31623350
31623351
31623352
31623353
31623354
31623356
31623357
31623358
31623359
31623360
31623361
31623362
31623363
31623364
31623365
31623366
31623367
31623368
31623369
31623370
31623371
31623372
31623373
31623374
31623375
31623376
31623377
31623378
31623379
31623380
31623381
31623382
31623383
31623384
31623385
31623386
31623387
31623388
31623389
31623390
31623391
31623392
31623393
31623394
31623395
31623396
31623397
31623398
31623399
31623400
31623401
31623402
31623403
31623404
31623405
31623406
31623407
31623408
31623409
31623410
31623411
31623413
31623414
31623415
31623416
31623417
31623418
31623419
31623420
31623422
31623423
31623424
31623425
31623426
31623427
31623428
31623429
31623430
31623431
31623432
31623433
31623434
31623435
31623436
31623437
31623438
31623439
31623440
31623441
31623442
31623443
31623444
31623445
31623446
31623447
31623448
31623449
31623450
31623451
31623453
31623454
31623455
31623456
31623457
31623458
31623459
31623460
31623461
31623462
31623463
31623464
31623465
31623466
31623467
31623469
31623470
31623471
31623472
31623473
31623474
31623475
31623476
31623477
31623478
31623479
31623480
31623481
31623482
31623483
31623484
31623485
31623486
31623487
31623488
31623489
31623490
31623491
31623492
31623493
31623494
31623495
31623497
31623498
31623499
31623500
31623501
31623502
31623503
31623504
31623505
31623506
31623507
31623508
31623509
31623510
31623511
31623512
31623513
31623514
31623515
31623517
31623518
31623519
31623520
31623521
31623522
31623523
31623524
31623525
31623526
31623527
31623528
31623529
31623530
31623531
31623532
31623533
31623534
31623535
31623537
31623539
31623540
31623541
31623542
31623544
31623545
31623546
31623547
31623548
31623549
31623550
31623552
31623553
31623554
31623555
31623556
31623557
31623558
31623559
31623560
31623561
31623562
31623563
31623565
31623566
31623567
31623568
31623569
31623570
31623571
31623572
31623573
31623574
31623575
31623576
31623577
31623578
31623579
31623580
31623581
31623582
31623583
31623584
31623585
31623586
31623587
31623588
31623589
31623590
31623591
31623592
31623593
31623594
31623595
31623596
31623597
31623599
31623600
31623601
31623603
31623604
31623605
31623606
31623607
31623608
31623609
31623610
31623611
31623612
31623613
31623614
31623615
31623616
31623617
31623618
31623619
31623620
31623621
31623622
31623623
31623624
31623625
31623626
31623627
31623629
31623630
31623631
31623632
31623633
31623634
31623636
31623637
31623638
31623639
31623640
31623641
31623642
31623643
31623644
31623647
31623648
31623649
31623650
31623651
31623652
31623653
31623654
31623655
31623656
31623657
31623658
31623659
31623660
31623661
31623662
31623663
31623665
31623666
31623667
31623668
31623669
31623670
31623671
31623672
31623673
31623674
31623675
31623676
31623677
31623678
31623679
31623681
31623682
31623683
31623684
31623685
31623686
31623687
31623688
31623689
31623690
31623691
31623692
31623693
31623694
31623695
31623696
31623697
31623698
31623699
31623700
31623701
31623702
31623703
31623704
31623705
31623706
31623707
31623708
31623709
31623710
31623711
31623712
31623713
31623715
31623716
31623717
31623718
31623719
31623720
31623721
31623722
31623723
31623724
31623725
31623726
31623727
31623728
31623729
31623730
31623731
31623732
31623733
31623734
31623735
31623736
31623738
31623739
31623740
31623741
31623742
31623743
31623744
31623746
31623747
31623748
31623749
31623750
31623751
31623752
31623753
31623755
31623756
31623757
31623758
31623759
31623760
31623761
31623762
31623763
31623764
31623765
31623766
31623767
31623768
31623769
31623770
31623771
31623772
31623773
31623774
31623775
31623776
31623777
31623778
31623779
31623780
31623781
31623782
31623783
31623784
31623785
31623787
31623788
31623789
31623790
31623792
31623793
31623794
31623795
31623796
31623797
31623798
31623799
31623800
31623801
31623802
31623803
31623804
31623805
31623806
31623807
31623808
31623809
31623810
31623811
31623812
31623813
31623814
31623815
31623816
31623817
31623818
31623819
31623820
31623821
31623822
31623823
31623824
31623825
31623826
31623827
31623828
31623829
31623830
31623831
31623832
31623833
31623834
31623835
31623836
31623837
31623838
31623839
31623840
31623841
31623842
31623843
31623844
31623845
31623846
31623848
31623849
31623850
31623851
31623852
31623853
31623854
31623855
31623856
31623857
31623858
31623859
31623860
31623862
31623863
31623865
31623866
31623867
31623868
31623869
31623870
31623871
31623872
31623873
31623874
31623876
31623877
31623878
31623879
31623880
31623881
31623882
31623883
31623884
31623885
31623886
31623887
31623888
31623889
31623890
31623891
31623892
31623893
31623894
31623896
31623898
31623899
31623900
31623901
31623902
31623903
31623904
31623905
31623906
31623907
31623910
31623911
31623913
31623914
31623915
31623916
31623917
31623918
31623919
31623921
31623922
31623923
31623924
31623926
31623927
31623928
31623929
31623930
31623931
31623932
31623933
31623934
31623935
31623936
31623937
31623938
31623939
31623940
31623941
31623942
31623943
31623944
31623947
31623948
31623949
31623950
31623951
31623952
31623953
31623954
31623955
31623956
31623957
31623958
31623959
31623960
31623962
31623963
31623964
31623965
31623966
31623967
31623968
31623969
31623970
31623971
31623972
31623973
31623974
31623975
31623976
31623977
31623979
31623980
31623981
31623982
31623984
31623985
31623986
31623987
31623988
31623990
31623991
31623992
31623993
31623994
31623995
31623996
31623997
31623998
31623999
31624000
31624001
31624002
31624003
31624004
31624005
31624006
31624007
31624008
31624009
31624010
31624011
31624012
31624013
31624014
31624015
31624016
31624017
31624018
31624019
31624020
31624021
31624022
31624023
31624024
31624025
31624026
31624027
31624028
31624029
31624030
31624033
31624034
31624035
31624036
31624037
31624038
31624039
31624040
31624041
31624042
31624043
31624044
31624045
31624046
31624047
31624048
31624049
31624050
31624051
31624052
31624053
31624054
31624057
31624058
31624059
31624060
31624061
31624062
31624063
31624064
31624065
31624066
31624067
31624068
31624069
31624070
31624071
31624072
31624073
31624074
31624075
31624076
31624077
31624078
31624079
31624080
31624081
31624082
31624083
31624084
31624085
31624086
31624087
31624088
31624089
31624090
31624091
31624092
31624093
31624094
31624095
31624096
31624097
31624098
31624099
31624100
31624101
31624102
31624103
31624104
31624105
31624106
31624107
31624108
31624110
31624111
31624112
31624113
31624114
31624115
31624116
31624117
31624118
31624119
31624121
31624122
31624123
31624124
31624125
31624126
31624127
31624128
31624129
31624130
31624131
31624132
31624133
31624134
31624135
31624137
31624138
31624139
31624140
31624141
31624142
31624143
31624144
31624145
31624146
31624147
31624148
31624149
31624150
31624151
31624152
31624153
31624154
31624155
31624156
31624157
31624158
31624159
31624160
31624161
31624162
31624164
31624165
31624166
31624167
31624168
31624169
31624170
31624171
31624172
31624173
31624174
31624175
31624176
31624177
31624178
31624179
31624180
31624181
31624182
31624183
31624184
31624185
31624186
31624187
31624188
31624189
31624190
31624191
31624192
31624193
31624194
31624195
31624196
31624197
31624198
31624199
31624200
31624201
31624202
31624203
31624204
31624205
31624206
31624207
31624208
31624209
31624210
31624211
31624212
31624213
31624214
31624215
31624216
31624217
31624218
31624220
31624221
31624222
31624223
31624224
31624225
31624226
31624227
31624228
31624229
31624230
31624231
31624232
31624233
31624234
31624235
31624236
31624237
31624238
31624239
31624240
31624241
31624242
31624244
31624245
31624246
31624247
31624248
31624249
31624250
31624251
31624252
31624253
31624254
31624255
31624256
31624257
31624259
31624260
31624261
31624262
31624264
31624265
31624266
31624267
31624269
31624270
31624272
31624273
31624274
31624275
31624276
31624278
31624279
31624283
31624284
31624285
31624286
31624287
31624288
31624289
31624290
31624291
31624292
31624293
31624295
31624296
31624297
31624298
31624299
31624300
31624301
31624302
31624303
31624304
31624305
31624306
31624307
31624308
31624309
31624310
31624312
31624313
31624314
31624315
31624316
31624317
31624318
31624319
31624320
31624321
31624322
31624323
31624324
31624325
31624326
31624327
31624328
31624329
31624330
31624331
31624332
31624333
31624335
31624337
31624338
31624339
31624340
31624341
31624342
31624343
31624344
31624345
31624346
31624348
31624350
31624352
31624353
31624354
31624355
31624356
31624357
31624358
31624359
31624360
31624361
31624362
31624363
31624364
31624365
31624366
31624367
31624368
31624369
31624370
31624371
31624372
31624373
31624375
31624376
31624377
31624378
31624379
31624380
31624381
31624382
31624383
31624384
31624385
31624386
31624387
31624388
31624389
31624390
31624391
31624392
31624393
31624394
31624395
31624396
31624397
31624398
31624399
31624400
31624401
31624402
31624403
31624404
31624405
31624406
31624407
31624408
31624409
31624410
31624411
31624412
31624413
31624414
31624415
31624417
31624418
31624419
31624420
31624421
31624422
31624424
31624425
31624426
31624427
31624428
31624430
31624431
31624432
31624433
31624434
31624435
31624437
31624439
31624440
31624441
31624442
31624443
31624444
31624445
31624446
31624447
31624448
31624449
31624450
31624451
31624452
31624453
31624454
31624455
31624456
31624457
31624458
31624460
31624461
31624463
31624464
31624465
31624466
31624467
31624468
31624469
31624470
31624471
31624472
31624473
31624474
31624475
31624476
31624477
31624478
31624479
31624480
31624481
31624482
31624484
31624485
31624486
31624488
31624489
31624490
31624491
31624492
31624493
31624495
31624496
31624497
31624498
31624499
31624500
31624501
31624502
31624503
31624504
31624505
31624506
31624507
31624508
31624509
31624510
31624511
31624512
31624514
31624515
31624516
31624517
31624518
31624519
31624520
31624521
31624522
31624523
31624524
31624525
31624527
31624528
31624529
31624530
31624531
31624532
31624533
31624534
31624535
31624536
31624537
31624538
31624540
31624541
31624542
31624543
31624546
31624547
31624548
31624549
31624550
31624551
31624552
31624553
31624554
31624555
31624556
31624557
31624558
31624559
31624560
31624561
31624562
31624563
31624564
31624565
31624566
31624567
31624568
31624570
31624571
31624573
31624574
31624575
31624576
31624577
31624578
31624579
31624580
31624581
31624582
31624583
31624584
31624585
31624586
31624587
31624588
31624589
31624590
31624591
31624592
31624593
31624594
31624595
31624596
31624597
31624598
31624599
31624600
31624602
31624603
31624604
31624605
31624606
31624607
31624608
31624609
31624610
31624611
31624612
31624613
31624614
31624615
31624616
31624617
31624618
31624619
31624621
31624622
31624623
31624624
31624625
31624627
31624628
31624629
31624630
31624631
31624634
31624635
31624636
31624637
31624638
31624639
31624640
31624641
31624642
31624643
31624644
31624645
31624646
31624647
31624648
31624650
31624651
31624652
31624653
31624654
31624655
31624656
31624657
31624658
31624659
31624660
31624661
31624662
31624663
31624664
31624665
31624666
31624667
31624668
31624669
31624670
31624671
31624672
31624673
31624674
31624675
31624676
31624677
31624678
31624679
31624680
31624681
31624682
31624684
31624685
31624686
31624687
31624688
31624689
31624692
31624693
31624694
31624696
31624697
31624698
31624699
31624700
31624701
31624702
31624703
31624704
31624705
31624706
31624707
31624708
31624709
31624710
31624711
31624712
31624713
31624714
31624715
31624716
31624717
31624718
31624719
31624720
31624721
31624722
31624723
31624724
31624725
31624726
31624727
31624728
31624729
31624730
31624731
31624732
31624733
31624734
31624735
31624736
31624737
31624738
31624739
31624740
31624741
31624742
31624744
31624745
31624746
31624747
31624749
31624750
31624751
31624752
31624753
31624754
31624755
31624756
31624757
31624758
31624759
31624760
31624761
31624762
31624763
31624764
31624766
31624767
31624768
31624769
31624770
31624771
31624772
31624773
31624774
31624775
31624776
31624777
31624778
31624779
31624781
31624782
31624783
31624784
31624785
31624786
31624787
31624788
31624789
31624791
31624792
31624793
31624794
31624795
31624796
31624797
31624798
31624799
31624800
31624802
31624803
31624804
31624805
31624806
31624807
31624808
31624809
31624810
31624811
31624812
31624813
31624814
31624815
31624816
31624817
31624818
31624819
31624820
31624821
31624822
31624823
31624824
31624825
31624826
31624827
31624828
31624829
31624830
31624831
31624832
31624833
31624834
31624835
31624837
31624838
31624839
31624840
31624841
31624843
31624844
31624845
31624846
31624847
31624850
31624851
31624852
31624854
31624855
31624856
31624857
31624858
31624859
31624861
31624863
31624865
31624866
31624867
31624868
31624869
31624870
31624871
31624872
31624873
31624874
31624875
31624876
31624877
31624878
31624879
31624880
31624881
31624882
31624883
31624884
31624885
31624886
31624887
31624889
31624890
31624891
31624892
31624893
31624894
31624895
31624897
31624898
31624899
31624900
31624901
31624902
31624903
31624904
31624905
31624906
31624907
31624908
31624909
31624911
31624912
31624913
31624914
31624915
31624916
31624918
31624919
31624920
31624921
31624922
31624923
31624924
31624925
31624926
31624927
31624928
31624930
31624931
31624932
31624933
31624934
31624935
31624936
31624937
31624938
31624939
31624940
31624941
31624942
31624943
31624944
31624945
31624946
31624947
31624948
31624950
31624951
31624953
31624954
31624956
31624957
31624958
31624959
31624961
31624962
31624963
31624964
31624965
31624966
31624967
31624968
31624969
31624970
31624971
31624972
31624973
31624974
31624975
31624976
31624977
31624978
31624979
31624980
31624981
31624982
31624984
31624985
31624987
31624988
31624989
31624990
31624991
31624992
31624994
31624995
31624996
31624997
31624998
31624999
31625000
31625001
31625002
31625003
31625004
31625005
31625006
31625007
31625008
31625009
31625010
31625011
31625012
31625013
31625014
31625015
31625016
31625018
31625019
31625020
31625021
31625022
31625023
31625024
31625025
31625026
31625027
31625028
31625029
31625030
31625031
31625032
31625033
31625034
31625035
31625036
31625037
31625038
31625039
31625040
31625041
31625042
31625043
31625044
31625045
31625046
31625047
31625048
31625050
31625051
31625052
31625053
31625054
31625055
31625056
31625057
31625058
31625059
31625060
31625061
31625062
31625063
31625064
31625065
31625067
31625068
31625069
31625070
31625071
31625072
31625073
31625074
31625076
31625077
31625078
31625079
31625080
31625082
31625083
31625084
31625085
31625086
31625087
31625088
31625090
31625091
31625092
31625093
31625094
31625095
31625097
31625099
31625101
31625102
31625103
31625104
31625106
31625107
31625108
31625110
31625111
31625112
31625113
31625114
31625115
31625116
31625117
31625118
31625119
31625120
31625121
31625122
31625123
31625124
31625125
31625126
31625127
31625128
31625129
31625130
31625131
31625132
31625133
31625134
31625135
31625136
31625137
31625138
31625139
31625140
31625142
31625143
31625144
31625145
31625146
31625147
31625148
31625149
31625150
31625151
31625152
31625153
31625154
31625155
31625157
31625158
31625159
31625160
31625161
31625162
31625163
31625164
31625165
31625166
31625167
31625168
31625169
31625170
31625171
31625172
31625173
31625175
31625177
31625178
31625180
31625181
31625183
31625184
31625185
31625186
31625187
31625188
31625189
31625190
31625191
31625192
31625193
31625194
31625195
31625196
31625198
31625199
31625200
31625201
31625202
31625203
31625204
31625206
31625207
31625208
31625209
31625211
31625212
31625213
31625215
31625216
31625217
31625218
31625219
31625220
31625221
31625222
31625223
31625224
31625225
31625226
31625227
31625228
31625229
31625231
31625232
31625233
31625234
31625235
31625236
31625237
31625238
31625240
31625241
31625242
31625243
31625244
31625245
31625247
31625248
31625250
31625251
31625252
31625253
31625255
31625256
31625257
31625258
31625260
31625261
31625262
31625263
31625264
31625265
31625266
31625267
31625268
31625269
31625270
31625271
31625272
31625273
31625274
31625275
31625276
31625277
31625278
31625279
31625280
31625281
31625282
31625283
31625284
31625285
31625287
31625288
31625289
31625290
31625291
31625292
31625293
31625294
31625297
31625298
31625299
31625300
31625301
31625302
31625303
31625304
31625305
31625306
31625307
31625308
31625309
31625310
31625312
31625313
31625314
31625316
31625317
31625318
31625319
31625320
31625321
31625322
31625323
31625324
31625325
31625326
31625327
31625328
31625329
31625330
31625331
31625332
31625333
31625334
31625335
31625336
31625337
31625338
31625339
31625340
31625341
31625342
31625343
31625344
31625345
31625346
31625347
31625348
31625349
31625350
31625352
31625353
31625354
31625355
31625356
31625357
31625358
31625359
31625360
31625361
31625362
31625363
31625364
31625365
31625366
31625367
31625368
31625371
31625372
31625373
31625374
31625375
31625376
31625377
31625378
31625379
31625380
31625381
31625382
31625383
31625385
31625386
31625387
31625388
31625390
31625391
31625392
31625393
31625394
31625395
31625396
31625397
31625398
31625399
31625401
31625403
31625404
31625406
31625407
31625408
31625409
31625410
31625411
31625413
31625414
31625415
31625416
31625417
31625418
31625419
31625420
31625421
31625422
31625423
31625424
31625425
31625426
31625427
31625428
31625429
31625430
31625432
31625433
31625435
31625437
31625438
31625439
31625440
31625441
31625443
31625445
31625446
31625447
31625448
31625449
31625450
31625451
31625453
31625455
31625456
31625457
31625458
31625460
31625461
31625462
31625463
31625464
31625465
31625466
31625467
31625468
31625470
31625471
31625472
31625473
31625474
31625475
31625476
31625477
31625478
31625479
31625480
31625481
31625483
31625484
31625485
31625486
31625487
31625488
31625490
31625491
31625492
31625494
31625495
31625496
31625498
31625499
31625500
31625501
31625502
31625503
31625504
31625505
31625506
31625507
31625508
31625509
31625510
31625511
31625512
31625513
31625514
31625515
31625516
31625517
31625518
31625519
31625520
31625521
31625523
31625524
31625526
31625527
31625528
31625529
31625530
31625531
31625532
31625533
31625534
31625535
31625536
31625537
31625539
31625540
31625542
31625543
31625544
31625545
31625546
31625548
31625549
31625550
31625551
31625552
31625553
31625554
31625555
31625556
31625557
31625558
31625559
31625561
31625562
31625563
31625564
31625565
31625567
31625568
31625569
31625570
31625571
31625572
31625573
31625574
31625575
31625576
31625577
31625579
31625580
31625582
31625583
31625584
31625585
31625586
31625587
31625588
31625590
31625591
31625592
31625593
31625594
31625595
31625596
31625597
31625598
31625599
31625600
31625601
31625602
31625603
31625604
31625605
31625606
31625607
31625608
31625609
31625610
31625612
31625613
31625614
31625615
31625616
31625618
31625619
31625620
31625621
31625622
31625623
31625624
31625625
31625626
31625627
31625628
31625629
31625630
31625631
31625632
31625633
31625634
31625635
31625636
31625637
31625638
31625639
31625640
31625641
31625642
31625643
31625644
31625645
31625646
31625647
31625650
31625652
31625653
31625654
31625656
31625657
31625658
31625661
31625662
31625663
31625664
31625665
31625666
31625667
31625668
31625669
31625670
31625671
31625672
31625673
31625674
31625676
31625677
31625678
31625679
31625680
31625682
31625683
31625684
31625685
31625686
31625687
31625688
31625689
31625690
31625691
31625692
31625693
31625694
31625695
31625696
31625697
31625698
31625699
31625700
31625701
31625702
31625703
31625704
31625705
31625706
31625707
31625708
31625709
31625710
31625711
31625712
31625713
31625714
31625715
31625716
31625718
31625719
31625720
31625721
31625722
31625723
31625724
31625725
31625726
31625727
31625728
31625729
31625731
31625732
31625733
31625734
31625736
31625737
31625738
31625739
31625740
31625741
31625743
31625744
31625745
31625746
31625748
31625749
31625750
31625751
31625752
31625753
31625754
31625755
31625756
31625757
31625758
31625759
31625760
31625761
31625762
31625764
31625766
31625767
31625768
31625769
31625770
31625771
31625773
31625774
31625775
31625776
31625777
31625778
31625779
31625780
31625781
31625782
31625783
31625785
31625786
31625787
31625788
31625789
31625790
31625791
31625792
31625793
31625794
31625795
31625797
31625798
31625802
31625803
31625804
31625806
31625807
31625808
31625809
31625810
31625811
31625812
31625813
31625814
31625815
31625816
31625817
31625818
31625819
31625820
31625822
31625823
31625824
31625825
31625826
31625827
31625828
31625830
31625831
31625832
31625834
31625835
31625836
31625837
31625838
31625839
31625840
31625841
31625842
31625843
31625844
31625845
31625846
31625847
31625848
31625849
31625850
31625851
31625852
31625853
31625854
31625855
31625856
31625857
31625858
31625859
31625860
31625861
31625863
31625865
31625866
31625867
31625868
31625869
31625870
31625871
31625872
31625873
31625874
31625875
31625876
31625877
31625878
31625879
31625880
31625881
31625883
31625884
31625885
31625886
31625887
31625889
31625890
31625891
31625892
31625893
31625894
31625896
31625897
31625898
31625899
31625900
31625901
31625902
31625904
31625905
31625906
31625907
31625908
31625909
31625910
31625911
31625912
31625913
31625914
31625915
31625916
31625917
31625919
31625921
31625922
31625923
31625924
31625925
31625926
31625927
31625928
31625929
31625930
31625931
31625932
31625933
31625934
31625935
31625937
31625938
31625939
31625940
31625941
31625942
31625943
31625944
31625945
31625946
31625947
31625949
31625950
31625951
31625952
31625953
31625954
31625956
31625957
31625958
31625959
31625960
31625961
31625963
31625965
31625966
31625968
31625970
31625971
31625972
31625973
31625974
31625975
31625976
31625978
31625979
31625982
31625983
31625984
31625985
31625986
31625987
31625988
31625989
31625990
31625991
31625993
31625994
31625995
31625996
31625997
31625998
31625999
31626000
31626001
31626002
31626004
31626005
31626006
31626007
31626008
31626009
31626010
31626011
31626012
31626013
31626014
31626015
31626016
31626017
31626018
31626019
31626020
31626021
31626022
31626023
31626024
31626026
31626027
31626030
31626032
31626033
31626034
31626036
31626038
31626039
31626040
31626041
31626042
31626043
31626044
31626045
31626046
31626047
31626048
31626049
31626050
31626051
31626052
31626053
31626054
31626055
31626056
31626057
31626058
31626059
31626060
31626061
31626062
31626063
31626064
31626065
31626067
31626068
31626069
31626070
31626071
31626072
31626073
31626074
31626075
31626076
31626077
31626078
31626079
31626080
31626081
31626082
31626083
31626084
31626085
31626086
31626087
31626088
31626089
31626090
31626091
31626092
31626093
31626094
31626095
31626096
31626097
31626098
31626099
31626100
31626102
31626103
31626104
31626105
31626106
31626107
31626108
31626109
31626110
31626111
31626112
31626113
31626114
31626115
31626116
31626117
31626118
31626119
31626120
31626122
31626123
31626124
31626125
31626126
31626127
31626128
31626129
31626130
31626131
31626132
31626133
31626134
31626135
31626137
31626138
31626139
31626140
31626141
31626142
31626143
31626144
31626145
31626146
31626147
31626148
31626149
31626150
31626151
31626152
31626153
31626154
31626155
31626157
31626158
31626159
31626160
31626161
31626162
31626163
31626164
31626165
31626166
31626167
31626168
31626169
31626170
31626171
31626173
31626174
31626175
31626176
31626178
31626179
31626180
31626181
31626182
31626183
31626184
31626185
31626186
31626187
31626188
31626189
31626190
31626191
31626192
31626194
31626195
31626196
31626197
31626198
31626199
31626200
31626201
31626202
31626203
31626204
31626205
31626206
31626207
31626208
31626209
31626210
31626211
31626212
31626213
31626215
31626216
31626217
31626218
31626219
31626220
31626221
31626222
31626223
31626224
31626225
31626226
31626227
31626228
31626229
31626230
31626231
31626232
31626233
31626235
31626236
31626237
31626238
31626239
31626241
31626242
31626243
31626244
31626245
31626246
31626247
31626248
31626249
31626250
31626251
31626252
31626253
31626254
31626255
31626256
31626258
31626259
31626260
31626262
31626263
31626264
31626265
31626266
31626267
31626268
31626269
31626270
31626271
31626272
31626273
31626274
31626275
31626276
31626277
31626278
31626279
31626281
31626282
31626284
31626285
31626286
31626287
31626288
31626289
31626290
31626291
31626292
31626293
31626294
31626295
31626296
31626297
31626298
31626299
31626300
31626301
31626302
31626303
31626304
31626307
31626308
31626309
31626310
31626311
31626312
31626313
31626314
31626315
31626316
31626317
31626318
31626319
31626320
31626321
31626322
31626324
31626325
31626326
31626327
31626328
31626329
31626330
31626331
31626333
31626334
31626335
31626336
31626337
31626338
31626339
31626340
31626341
31626342
31626343
31626344
31626345
31626346
31626347
31626348
31626349
31626350
31626351
31626352
31626354
31626355
31626356
31626357
31626358
31626359
31626361
31626362
31626363
31626364
31626365
31626366
31626367
31626368
31626369
31626370
31626371
31626372
31626373
31626374
31626375
31626376
31626377
31626378
31626379
31626381
31626382
31626383
31626384
31626385
31626386
31626387
31626388
31626389
31626390
31626391
31626392
31626393
31626394
31626395
31626396
31626397
31626398
31626399
31626400
31626401
31626402
31626403
31626404
31626405
31626406
31626407
31626408
31626409
31626410
31626411
31626412
31626413
31626414
31626415
31626416
31626417
31626418
31626419
31626420
31626421
31626422
31626423
31626424
31626425
31626426
31626428
31626429
31626430
31626432
31626433
31626434
31626435
31626436
31626437
31626438
31626439
31626440
31626441
31626442
31626443
31626444
31626445
31626446
31626447
31626448
31626449
31626450
31626451
31626452
31626453
31626454
31626455
31626456
31626457
31626458
31626459
31626463
31626464
31626465
31626466
31626467
31626468
31626469
31626471
31626472
31626473
31626474
31626475
31626476
31626477
31626478
31626479
31626480
31626481
31626482
31626483
31626484
31626485
31626486
31626487
31626488
31626489
31626490
31626491
31626492
31626493
31626494
31626495
31626496
31626497
31626498
31626499
31626500
31626501
31626502
31626503
31626504
31626505
31626506
31626507
31626508
31626509
31626510
31626511
31626512
31626513
31626514
31626515
31626516
31626518
31626519
31626520
31626521
31626522
31626523
31626524
31626525
31626526
31626527
31626528
31626529
31626530
31626531
31626532
31626533
31626534
31626535
31626536
31626537
31626538
31626539
31626540
31626541
31626543
31626544
31626545
31626546
31626547
31626548
31626549
31626550
31626551
31626552
31626554
31626555
31626556
31626557
31626558
31626560
31626561
31626562
31626563
31626564
31626565
31626566
31626567
31626568
31626569
31626570
31626571
31626572
31626573
31626574
31626576
31626577
31626579
31626581
31626582
31626583
31626584
31626585
31626586
31626587
31626588
31626589
31626590
31626591
31626592
31626594
31626595
31626596
31626597
31626598
31626599
31626600
31626601
31626602
31626603
31626605
31626606
31626607
31626608
31626609
31626611
31626612
31626613
31626615
31626617
31626618
31626619
31626620
31626621
31626622
31626623
31626624
31626625
31626626
31626627
31626629
31626630
31626631
31626632
31626633
31626634
31626635
31626636
31626637
31626638
31626639
31626640
31626641
31626642
31626643
31626645
31626646
31626647
31626648
31626649
31626650
31626651
31626652
31626654
31626655
31626656
31626658
31626659
31626660
31626662
31626663
31626664
31626665
31626666
31626667
31626668
31626669
31626670
31626671
31626672
31626673
31626674
31626675
31626676
31626677
31626678
31626679
31626680
31626681
31626683
31626684
31626686
31626687
31626688
31626689
31626690
31626692
31626693
31626694
31626695
31626696
31626697
31626698
31626699
31626700
31626701
31626702
31626704
31626705
31626706
31626707
31626709
31626710
31626711
31626712
31626713
31626714
31626715
31626717
31626718
31626720
31626721
31626722
31626723
31626724
31626725
31626726
31626727
31626728
31626729
31626730
31626731
31626732
31626733
31626734
31626735
31626736
31626737
31626738
31626739
31626740
31626741
31626742
31626743
31626744
31626746
31626747
31626749
31626750
31626751
31626752
31626753
31626754
31626755
31626756
31626757
31626758
31626759
31626760
31626761
31626762
31626763
31626764
31626765
31626766
31626767
31626768
31626769
31626771
31626773
31626774
31626775
31626776
31626777
31626779
31626780
31626781
31626782
31626783
31626784
31626785
31626786
31626787
31626788
31626789
31626790
31626791
31626792
31626793
31626794
31626795
31626796
31626797
31626798
31626799
31626800
31626802
31626803
31626804
31626805
31626806
31626807
31626808
31626809
31626810
31626811
31626812
31626813
31626814
31626815
31626816
31626817
31626818
31626819
31626821
31626822
31626823
31626824
31626825
31626826
31626827
31626828
31626829
31626830
31626831
31626832
31626833
31626834
31626835
31626836
31626837
31626838
31626839
31626840
31626841
31626842
31626843
31626844
31626845
31626846
31626847
31626848
31626850
31626851
31626852
31626853
31626854
31626855
31626856
31626857
31626858
31626859
31626860
31626861
31626862
31626863
31626864
31626865
31626866
31626867
31626868
31626870
31626871
31626872
31626873
31626874
31626875
31626876
31626878
31626879
31626881
31626882
31626883
31626884
31626885
31626886
31626887
31626888
31626889
31626890
31626891
31626892
31626893
31626894
31626895
31626896
31626897
31626898
31626899
31626900
31626901
31626902
31626903
31626904
31626905
31626906
31626907
31626909
31626910
31626911
31626912
31626913
31626914
31626915
31626916
31626917
31626918
31626919
31626920
31626921
31626922
31626923
31626924
31626925
31626926
31626927
31626928
31626930
31626931
31626932
31626934
31626935
31626936
31626937
31626938
31626939
31626940
31626941
31626942
31626943
31626944
31626945
31626946
31626947
31626948
31626949
31626951
31626952
31626953
31626956
31626957
31626959
31626960
31626961
31626962
31626963
31626964
31626965
31626966
31626967
31626968
31626969
31626970
31626971
31626972
31626973
31626974
31626975
31626976
31626977
31626978
31626979
31626980
31626981
31626982
31626983
31626984
31626985
31626986
31626987
31626988
31626989
31626990
31626991
31626992
31626993
31626994
31626995
31626996
31626997
31626998
31626999
31627000
31627001
31627002
31627003
31627004
31627005
31627006
31627007
31627008
31627009
31627010
31627011
31627012
31627013
31627014
31627016
31627017
31627018
31627019
31627020
31627021
31627022
31627023
31627024
31627025
31627026
31627027
31627028
31627029
31627030
31627031
31627032
31627033
31627035
31627036
31627037
31627038
31627039
31627040
31627041
31627042
31627043
31627044
31627045
31627046
31627047
31627048
31627049
31627050
31627051
31627052
31627054
31627055
31627056
31627057
31627058
31627059
31627060
31627061
31627062
31627063
31627064
31627065
31627066
31627067
31627068
31627069
31627070
31627071
31627072
31627073
31627074
31627075
31627076
31627077
31627078
31627079
31627080
31627081
31627082
31627083
31627085
31627086
31627088
31627089
31627090
31627091
31627092
31627093
31627094
31627095
31627097
31627098
31627099
31627100
31627102
31627103
31627104
31627105
31627106
31627107
31627108
31627109
31627110
31627111
31627112
31627113
31627114
31627115
31627116
31627117
31627118
31627119
31627120
31627121
31627122
31627123
31627124
31627126
31627127
31627128
31627129
31627130
31627131
31627132
31627133
31627134
31627135
31627136
31627137
31627138
31627140
31627141
31627142
31627143
31627144
31627145
31627146
31627147
31627150
31627152
31627155
31627157
31627163
31627166
31627167
31627168
31627169
31627170
31627171
31627172
31627179
31627181
31627182
31627184
31627189
31627190
31627191
31627194
31627196
31627197
31627198
31627215
31627216
31627219
31627220
31627221
31627222
31627223
31627224
31627225
31627226
31627227
31627228
31627230
31627231
31627232
31627233
31627234
31627235
31627236
31627237
31627238
31627239
31627240
31627241
31627242
31627243
31627244
31627245
31627246
31627247
31627248
31627249
31627250
31627251
31627252
31627253
31627254
31627255
31627256
31627257
31627258
31627259
31627260
31627261
31627262
31627263
31627264
31627265
31627266
31627267
31627268
31627270
31627272
31627273
31627274
31627275
31627276
31627277
31627278
31627279
31627281
31627282
31627283
31627285
31627286
31627287
31627288
31627289
31627291
31627292
31627293
31627294
31627295
31627296
31627297
31627299
31627300
31627302
31627303
31627304
31627306
31627307
31627308
31627310
31627311
31627312
31627314
31627316
31627317
31627319
31627320
31627321
31627322
31627323
31627324
31627326
31627327
31627328
31627329
31627330
31627331
31627332
31627333
31627334
31627335
31627336
31627337
31627338
31627339
31627340
31627342
31627343
31627344
31627345
31627346
31627348
31627349
31627350
31627351
31627352
31627353
31627354
31627355
31627356
31627358
31627359
31627360
31627361
31627362
31627363
31627364
31627365
31627367
31627368
31627369
31627370
31627371
31627372
31627373
31627374
31627376
31627377
31627378
31627379
31627380
31627381
31627382
31627383
31627384
31627385
31627386
31627387
31627388
31627389
31627390
31627392
31627393
31627394
31627395
31627396
31627397
31627398
31627399
31627400
31627401
31627402
31627403
31627404
31627409
31627410
31627411
31627412
31627413
31627414
31627415
31627416
31627417
31627419
31627420
31627421
31627423
31627424
31627425
31627426
31627427
31627429
31627430
31627431
31627432
31627433
31627434
31627435
31627436
31627437
31627438
31627439
31627440
31627441
31627442
31627444
31627445
31627446
31627447
31627448
31627449
31627450
31627451
31627452
31627453
31627454
31627455
31627456
31627457
31627458
31627459
31627460
31627461
31627462
31627463
31627464
31627466
31627467
31627468
31627469
31627470
31627471
31627472
31627473
31627474
31627476
31627477
31627478
31627479
31627480
31627481
31627482
31627483
31627484
31627485
31627486
31627487
31627488
31627489
31627490
31627492
31627493
31627494
31627495
31627496
31627497
31627498
31627499
31627500
31627501
31627502
31627503
31627504
31627505
31627506
31627507
31627508
31627509
31627510
31627511
31627512
31627513
31627514
31627515
31627516
31627517
31627518
31627519
31627520
31627521
31627522
31627524
31627525
31627527
31627528
31627529
31627530
31627531
31627532
31627533
31627534
31627535
31627536
31627537
31627538
31627539
31627540
31627541
31627542
31627545