30627210
30627211
30627215
30627216
30627217
30627218
30627220
30627221
30627222
30627223
30627225
30627226
30627227
30627228
30627230
30627231
30627232
30627233
30627234
30627235
30627236
30627237
30627239
30627243
30627244
30627246
30627247
30627248
30627250
30627251
30627252
30627253
30627256
30627257
30627259
30627260
30627264
30627266
30627267
30627270
30627271
30627272
30627275
30627276
30627277
30627278
30627280
30627281
30627283
30627284
30627286
30627287
30627288
30627292
30627293
30627295
30627298
30627299
30627300
30627301
30627303
30627304
30627306
30627307
30627308
30627311
30627312
30627313
30627314
30627315
30627316
30627317
30627319
30627320
30627321
30627323
30627324
30627325
30627326
30627327
30627329
30627330
30627331
30627332
30627333
30627335
30627336
30627337
30627339
30627340
30627341
30627343
30627344
30627345
30627346
30627347
30627348
30627350
30627352
30627354
30627355
30627357
30627358
30627359
30627360
30627361
30627362
30627363
30627364
30627365
30627367
30627368
30627369
30627370
30627371
30627373
30627374
30627376
30627377
30627378
30627379
30627380
30627382
30627383
30627384
30627385
30627386
30627387
30627388
30627390
30627391
30627392
30627393
30627394
30627396
30627398
30627399
30627400
30627401
30627402
30627403
30627404
30627405
30627407
30627408
30627409
30627410
30627412
30627413
30627414
30627416
30627417
30627418
30627420
30627421
30627422
30627424
30627425
30627427
30627428
30627431
30627433
30627434
30627435
30627436
30627438
30627439
30627440
30627441
30627444
30627445
30627446
30627447
30627448
30627449
30627450
30627451
30627452
30627454
30627455
30627456
30627457
30627458
30627459
30627460
30627461
30627462
30627463
30627466
30627467
30627468
30627469
30627470
30627471
30627472
30627473
30627474
30627475
30627476
30627478
30627479
30627480
30627481
30627482
30627485
30627486
30627487
30627488
30627490
30627491
30627492
30627493
30627494
30627495
30627496
30627498
30627499
30627500
30627501
30627502
30627503
30627504
30627506
30627507
30627508
30627509
30627510
30627513
30627515
30627516
30627517
30627518
30627519
30627520
30627521
30627522
30627523
30627524
30627525
30627529
30627530
30627531
30627532
30627534
30627535
30627536
30627537
30627538
30627539
30627540
30627541
30627542
30627543
30627545
30627546
30627547
30627548
30627549
30627550
30627551
30627552
30627553
30627554
30627556
30627557
30627558
30627560
30627561
30627562
30627563
30627564
30627565
30627566
30627567
30627569
30627570
30627572
30627573
30627574
30627576
30627577
30627578
30627579
30627580
30627583
30627584
30627585
30627586
30627587
30627588
30627589
30627591
30627592
30627593
30627594
30627596
30627597
30627598
30627600
30627601
30627602
30627604
30627605
30627606
30627607
30627608
30627609
30627610
30627611
30627612
30627614
30627616
30627617
30627618
30627619
30627620
30627621
30627622
30627623
30627624
30627625
30627626
30627627
30627628
30627630
30627631
30627632
30627633
30627634
30627636
30627637
30627638
30627639
30627641
30627642
30627643
30627645
30627646
30627647
30627649
30627651
30627652
30627653
30627654
30627655
30627657
30627658
30627659
30627660
30627661
30627662
30627663
30627665
30627667
30627669
30627670
30627671
30627672
30627673
30627674
30627675
30627676
30627677
30627678
30627679
30627680
30627681
30627682
30627683
30627685
30627686
30627687
30627688
30627689
30627690
30627691
30627692
30627694
30627695
30627696
30627697
30627698
30627699
30627700
30627701
30627702
30627703
30627704
30627705
30627706
30627707
30627708
30627710
30627711
30627712
30627713
30627714
30627715
30627716
30627717
30627719
30627720
30627721
30627722
30627723
30627726
30627727
30627728
30627730
30627731
30627732
30627733
30627735
30627736
30627737
30627738
30627739
30627741
30627742
30627743
30627745
30627747
30627748
30627749
30627750
30627751
30627752
30627753
30627754
30627755
30627756
30627757
30627758
30627759
30627761
30627762
30627763
30627764
30627765
30627766
30627767
30627768
30627770
30627771
30627772
30627773
30627776
30627777
30627778
30627779
30627780
30627781
30627782
30627783
30627784
30627786
30627787
30627788
30627789
30627790
30627791
30627792
30627793
30627795
30627796
30627797
30627798
30627799
30627800
30627801
30627803
30627806
30627807
30627808
30627809
30627810
30627812
30627813
30627814
30627819
30627820
30627821
30627822
30627823
30627826
30627827
30627828
30627829
30627830
30627831
30627832
30627833
30627834
30627835
30627836
30627837
30627838
30627839
30627840
30627841
30627842
30627843
30627844
30627845
30627846
30627847
30627848
30627849
30627850
30627851
30627852
30627853
30627854
30627855
30627856
30627857
30627858
30627859
30627860
30627861
30627862
30627863
30627864
30627865
30627866
30627867
30627869
30627870
30627871
30627873
30627874
30627875
30627876
30627877
30627878
30627879
30627880
30627882
30627883
30627886
30627887
30627888
30627889
30627890
30627891
30627892
30627893
30627894
30627896
30627897
30627898
30627899
30627900
30627901
30627902
30627905
30627906
30627907
30627909
30627910
30627911
30627912
30627913
30627915
30627916
30627917
30627918
30627919
30627920
30627921
30627923
30627925
30627926
30627927
30627928
30627929
30627930
30627931
30627934
30627935
30627936
30627937
30627938
30627940
30627941
30627942
30627944
30627945
30627946
30627947
30627948
30627949
30627950
30627951
30627952
30627953
30627954
30627955
30627956
30627957
30627958
30627959
30627960
30627961
30627962
30627963
30627964
30627965
30627967
30627968
30627969
30627970
30627971
30627972
30627973
30627974
30627975
30627976
30627977
30627979
30627980
30627981
30627982
30627983
30627984
30627985
30627987
30627988
30627990
30627991
30627993
30627994
30627996
30627997
30627998
30627999
30628000
30628001
30628002
30628003
30628004
30628005
30628006
30628007
30628008
30628009
30628011
30628012
30628013
30628014
30628016
30628017
30628018
30628019
30628020
30628021
30628022
30628023
30628024
30628025
30628026
30628027
30628029
30628030
30628031
30628032
30628033
30628034
30628036
30628037
30628038
30628039
30628040
30628041
30628042
30628044
30628045
30628046
30628047
30628049
30628050
30628051
30628052
30628054
30628055
30628056
30628057
30628058
30628059
30628061
30628064
30628066
30628067
30628068
30628069
30628070
30628071
30628072
30628073
30628074
30628076
30628077
30628078
30628079
30628080
30628082
30628083
30628084
30628085
30628086
30628087
30628088
30628089
30628090
30628092
30628093
30628094
30628095
30628096
30628097
30628098
30628099
30628100
30628101
30628102
30628103
30628104
30628105
30628106
30628107
30628108
30628109
30628110
30628111
30628112
30628113
30628114
30628115
30628116
30628117
30628118
30628119
30628120
30628121
30628122
30628123
30628124
30628125
30628126
30628127
30628129
30628130
30628131
30628132
30628133
30628134
30628135
30628136
30628137
30628138
30628139
30628140
30628141
30628142
30628143
30628144
30628145
30628146
30628147
30628148
30628150
30628151
30628152
30628153
30628154
30628155
30628156
30628157
30628158
30628159
30628160
30628161
30628162
30628163
30628164
30628165
30628166
30628167
30628168
30628169
30628170
30628171
30628172
30628173
30628174
30628175
30628176
30628177
30628178
30628179
30628180
30628181
30628182
30628183
30628184
30628185
30628187
30628188
30628189
30628191
30628192
30628193
30628194
30628195
30628196
30628197
30628198
30628199
30628200
30628201
30628202
30628204
30628205
30628206
30628207
30628208
30628209
30628210
30628211
30628212
30628213
30628214
30628215
30628216
30628217
30628219
30628220
30628221
30628222
30628223
30628224
30628225
30628226
30628227
30628228
30628229
30628230
30628231
30628232
30628233
30628234
30628235
30628236
30628238
30628239
30628240
30628241
30628242
30628243
30628244
30628245
30628246
30628247
30628248
30628249
30628250
30628251
30628252
30628253
30628254
30628255
30628257
30628258
30628259
30628260
30628261
30628262
30628263
30628264
30628265
30628266
30628267
30628268
30628269
30628270
30628271
30628272
30628273
30628274
30628275
30628277
30628278
30628279
30628280
30628281
30628282
30628283
30628284
30628285
30628286
30628287
30628289
30628290
30628291
30628292
30628293
30628294
30628295
30628296
30628297
30628298
30628299
30628300
30628301
30628302
30628303
30628304
30628305
30628306
30628308
30628309
30628310
30628311
30628312
30628315
30628316
30628317
30628318
30628319
30628320
30628321
30628322
30628323
30628324
30628325
30628326
30628328
30628329
30628330
30628332
30628333
30628334
30628335
30628336
30628337
30628338
30628339
30628340
30628341
30628342
30628343
30628344
30628345
30628346
30628347
30628349
30628350
30628351
30628352
30628353
30628354
30628355
30628356
30628357
30628358
30628359
30628360
30628362
30628363
30628364
30628365
30628366
30628367
30628368
30628371
30628378
30628379
30628380
30628381
30628398
30628399
30628400
30628404
30628413
30628420
30628422
30628430
30628434
30628435
30628438
30628440
30628444
30628446
30628447
30628448
30628451
30628453
30628455
30628456
30628461
30628463
30628464
30628466
30628468
30628469
30628470
30628472
30628473
30628474
30628476
30628477
30628478
30628480
30628481
30628482
30628483
30628484
30628485
30628488
30628489
30628491
30628492
30628493
30628494
30628495
30628497
30628499
30628500
30628501
30628502
30628504
30628505
30628506
30628507
30628508
30628509
30628510
30628511
30628512
30628513
30628514
30628516
30628518
30628519
30628520
30628521
30628522
30628523
30628524
30628525
30628526
30628527
30628528
30628529
30628530
30628531
30628532
30628533
30628535
30628537
30628538
30628539
30628540
30628542
30628543
30628546
30628547
30628548
30628549
30628550
30628551
30628552
30628553
30628554
30628555
30628556
30628557
30628558
30628559
30628560
30628561
30628562
30628564
30628565
30628567
30628568
30628569
30628570
30628571
30628572
30628573
30628574
30628575
30628576
30628577
30628578
30628579
30628580
30628581
30628582
30628583
30628584
30628585
30628586
30628588
30628590
30628591
30628592
30628593
30628594
30628595
30628596
30628597
30628598
30628599
30628600
30628602
30628603
30628604
30628605
30628606
30628607
30628608
30628609
30628610
30628611
30628612
30628613
30628614
30628615
30628616
30628617
30628618
30628619
30628620
30628621
30628622
30628623
30628624
30628625
30628626
30628627
30628628
30628629
30628630
30628631
30628632
30628633
30628634
30628635
30628637
30628638
30628639
30628640
30628641
30628642
30628643
30628644
30628645
30628646
30628647
30628648
30628649
30628650
30628651
30628653
30628654
30628655
30628656
30628657
30628658
30628659
30628660
30628663
30628664
30628666
30628667
30628668
30628669
30628671
30628672
30628673
30628675
30628676
30628677
30628678
30628679
30628680
30628681
30628682
30628683
30628684
30628685
30628686
30628687
30628688
30628689
30628690
30628691
30628692
30628693
30628694
30628696
30628697
30628698
30628699
30628700
30628701
30628702
30628703
30628704
30628705
30628706
30628707
30628708
30628709
30628710
30628711
30628712
30628713
30628714
30628715
30628716
30628717
30628718
30628719
30628720
30628721
30628722
30628723
30628724
30628725
30628726
30628727
30628729
30628730
30628731
30628732
30628733
30628734
30628735
30628736
30628737
30628738
30628739
30628740
30628741
30628742
30628743
30628745
30628746
30628747
30628748
30628749
30628750
30628751
30628752
30628753
30628754
30628755
30628756
30628757
30628758
30628759
30628760
30628761
30628762
30628763
30628764
30628765
30628766
30628768
30628769
30628770
30628771
30628772
30628774
30628775
30628776
30628777
30628778
30628779
30628780
30628782
30628783
30628784
30628785
30628786
30628787
30628788
30628789
30628790
30628791
30628792
30628794
30628795
30628796
30628797
30628798
30628799
30628800
30628801
30628802
30628803
30628804
30628805
30628807
30628808
30628809
30628810
30628811
30628812
30628813
30628814
30628816
30628817
30628818
30628820
30628821
30628822
30628823
30628824
30628826
30628828
30628829
30628830
30628832
30628833
30628834
30628836
30628837
30628838
30628839
30628840
30628841
30628842
30628843
30628846
30628847
30628848
30628849
30628850
30628851
30628852
30628853
30628854
30628856
30628857
30628859
30628860
30628861
30628862
30628864
30628865
30628866
30628867
30628869
30628870
30628871
30628872
30628873
30628874
30628876
30628877
30628878
30628880
30628881
30628882
30628883
30628885
30628886
30628887
30628888
30628889
30628891
30628892
30628894
30628896
30628897
30628898
30628899
30628900
30628901
30628902
30628903
30628905
30628906
30628907
30628908
30628909
30628910
30628911
30628912
30628913
30628915
30628916
30628917
30628918
30628920
30628922
30628923
30628924
30628925
30628926
30628927
30628928
30628930
30628931
30628934
30628936
30628937
30628938
30628939
30628940
30628941
30628942
30628943
30628944
30628946
30628947
30628948
30628949
30628950
30628951
30628952
30628953
30628954
30628955
30628956
30628957
30628958
30628959
30628960
30628961
30628962
30628963
30628964
30628965
30628966
30628967
30628969
30628970
30628971
30628972
30628973
30628975
30628976
30628977
30628978
30628979
30628981
30628982
30628983
30628985
30628986
30628987
30628988
30628989
30628990
30628991
30628992
30628993
30628994
30628995
30628997
30628998
30628999
30629000
30629001
30629002
30629004
30629005
30629006
30629007
30629008
30629009
30629010
30629011
30629013
30629014
30629015
30629016
30629017
30629018
30629019
30629020
30629021
30629023
30629025
30629026
30629030
30629031
30629032
30629033
30629034
30629035
30629037
30629038
30629039
30629040
30629041
30629043
30629044
30629045
30629046
30629047
30629048
30629050
30629051
30629052
30629053
30629054
30629055
30629056
30629058
30629059
30629060
30629061
30629062
30629064
30629065
30629066
30629067
30629068
30629070
30629071
30629072
30629073
30629074
30629075
30629077
30629079
30629080
30629081
30629082
30629084
30629085
30629086
30629087
30629088
30629091
30629094
30629097
30629098
30629099
30629101
30629102
30629103
30629104
30629105
30629106
30629107
30629108
30629109
30629110
30629111
30629112
30629113
30629114
30629115
30629116
30629117
30629118
30629120
30629121
30629122
30629124
30629125
30629126
30629127
30629129
30629131
30629133
30629135
30629137
30629138
30629139
30629140
30629141
30629142
30629143
30629144
30629145
30629146
30629149
30629150
30629153
30629154
30629155
30629156
30629157
30629159
30629160
30629161
30629163
30629164
30629165
30629166
30629167
30629168
30629169
30629170
30629171
30629172
30629173
30629174
30629175
30629176
30629177
30629178
30629179
30629180
30629182
30629183
30629184
30629185
30629186
30629187
30629188
30629189
30629190
30629191
30629192
30629193
30629194
30629195
30629196
30629198
30629199
30629200
30629201
30629202
30629203
30629204
30629205
30629206
30629207
30629209
30629210
30629211
30629212
30629214
30629215
30629216
30629217
30629218
30629219
30629220
30629222
30629223
30629224
30629225
30629226
30629227
30629228
30629229
30629230
30629232
30629233
30629234
30629235
30629236
30629237
30629238
30629239
30629240
30629242
30629243
30629244
30629245
30629246
30629247
30629248
30629249
30629250
30629251
30629252
30629253
30629254
30629255
30629256
30629257
30629258
30629259
30629260
30629262
30629263
30629264
30629265
30629266
30629267
30629268
30629269
30629270
30629271
30629272
30629273
30629274
30629275
30629276
30629277
30629278
30629279
30629280
30629281
30629282
30629283
30629284
30629285
30629286
30629287
30629289
30629290
30629292
30629293
30629294
30629295
30629296
30629297
30629298
30629299
30629300
30629301
30629302
30629303
30629304
30629305
30629306
30629307
30629308
30629309
30629311
30629312
30629313
30629314
30629315
30629316
30629317
30629318
30629320
30629321
30629323
30629324
30629325
30629326
30629328
30629329
30629330
30629331
30629333
30629334
30629335
30629336
30629337
30629338
30629341
30629343
30629344
30629345
30629346
30629347
30629349
30629350
30629351
30629352
30629353
30629354
30629355
30629356
30629357
30629358
30629359
30629360
30629361
30629362
30629363
30629364
30629365
30629366
30629367
30629368
30629369
30629370
30629371
30629372
30629373
30629374
30629375
30629376
30629377
30629378
30629379
30629380
30629381
30629382
30629383
30629384
30629385
30629386
30629387
30629388
30629389
30629390
30629391
30629392
30629393
30629394
30629395
30629396
30629397
30629398
30629399
30629400
30629401
30629402
30629403
30629404
30629405
30629406
30629407
30629408
30629409
30629410
30629412
30629413
30629414
30629415
30629416
30629418
30629419
30629420
30629422
30629423
30629424
30629425
30629426
30629427
30629428
30629429
30629431
30629432
30629434
30629435
30629436
30629437
30629438
30629439
30629440
30629441
30629442
30629443
30629444
30629445
30629447
30629448
30629449
30629452
30629453
30629454
30629455
30629456
30629457
30629459
30629460
30629462
30629463
30629465
30629466
30629467
30629468
30629469
30629470
30629471
30629473
30629474
30629475
30629477
30629478
30629479
30629480
30629481
30629482
30629483
30629484
30629485
30629486
30629487
30629488
30629489
30629490
30629491
30629492
30629493
30629495
30629496
30629497
30629498
30629499
30629500
30629501
30629502
30629503
30629504
30629505
30629506
30629507
30629508
30629509
30629510
30629511
30629512
30629513
30629514
30629515
30629516
30629517
30629519
30629520
30629521
30629522
30629523
30629524
30629525
30629526
30629527
30629528
30629530
30629531
30629532
30629533
30629534
30629535
30629536
30629537
30629538
30629539
30629540
30629543
30629544
30629545
30629546
30629547
30629548
30629549
30629550
30629551
30629552
30629553
30629554
30629555
30629556
30629557
30629558
30629560
30629561
30629562
30629563
30629564
30629565
30629566
30629568
30629569
30629570
30629571
30629572
30629573
30629574
30629575
30629576
30629577
30629579
30629580
30629581
30629583
30629584
30629585
30629586
30629587
30629588
30629589
30629590
30629591
30629592
30629593
30629594
30629595
30629596
30629598
30629599
30629600
30629601
30629602
30629604
30629605
30629606
30629608
30629609
30629610
30629611
30629612
30629613
30629614
30629615
30629616
30629617
30629618
30629619
30629620
30629621
30629622
30629623
30629624
30629625
30629627
30629628
30629629
30629630
30629631
30629633
30629634
30629636
30629637
30629638
30629639
30629640
30629641
30629642
30629643
30629644
30629645
30629646
30629647
30629648
30629649
30629650
30629651
30629652
30629653
30629654
30629655
30629656
30629657
30629658
30629659
30629660
30629661
30629662
30629663
30629664
30629665
30629666
30629667
30629668
30629669
30629670
30629671
30629672
30629673
30629674
30629676
30629677
30629678
30629679
30629680
30629681
30629682
30629683
30629684
30629685
30629686
30629688
30629689
30629690
30629691
30629692
30629693
30629694
30629695
30629697
30629698
30629699
30629700
30629702
30629703
30629704
30629705
30629706
30629707
30629709
30629710
30629711
30629712
30629713
30629714
30629715
30629716
30629717
30629718
30629719
30629720
30629721
30629722
30629723
30629724
30629726
30629727
30629728
30629729
30629730
30629731
30629732
30629733
30629734
30629735
30629736
30629737
30629738
30629739
30629740
30629741
30629742
30629743
30629744
30629745
30629746
30629747
30629748
30629749
30629750
30629751
30629752
30629753
30629754
30629755
30629756
30629757
30629758
30629759
30629760
30629761
30629762
30629763
30629764
30629765
30629766
30629767
30629768
30629769
30629770
30629771
30629772
30629773
30629774
30629775
30629776
30629777
30629778
30629779
30629781
30629782
30629783
30629784
30629785
30629786
30629787
30629788
30629789
30629790
30629791
30629792
30629793
30629795
30629796
30629798
30629800
30629801
30629802
30629803
30629804
30629806
30629807
30629808
30629809
30629810
30629811
30629812
30629813
30629814
30629815
30629816
30629817
30629818
30629819
30629820
30629821
30629822
30629823
30629824
30629825
30629826
30629827
30629828
30629829
30629830
30629831
30629832
30629833
30629834
30629835
30629837
30629839
30629840
30629841
30629842
30629843
30629845
30629846
30629847
30629848
30629849
30629850
30629851
30629852
30629853
30629854
30629855
30629856
30629859
30629860
30629861
30629863
30629865
30629866
30629868
30629869
30629870
30629871
30629872
30629873
30629875
30629876
30629877
30629878
30629879
30629881
30629882
30629883
30629884
30629885
30629886
30629887
30629888
30629889
30629890
30629891
30629892
30629894
30629896
30629897
30629898
30629899
30629900
30629901
30629902
30629903
30629904
30629905
30629907
30629908
30629909
30629910
30629911
30629912
30629913
30629914
30629915
30629916
30629917
30629918
30629919
30629920
30629921
30629922
30629923
30629925
30629926
30629927
30629928
30629929
30629930
30629933
30629934
30629935
30629937
30629940
30629941
30629942
30629943
30629945
30629946
30629947
30629950
30629951
30629952
30629953
30629954
30629955
30629956
30629957
30629958
30629959
30629960
30629961
30629962
30629963
30629964
30629965
30629966
30629967
30629968
30629969
30629970
30629971
30629972
30629973
30629977
30629979
30629980
30629981
30629982
30629983
30629984
30629985
30629986
30629987
30629988
30629989
30629990
30629991
30629992
30629993
30629994
30629995
30629996
30629997
30629998
30629999
30630000
30630001
30630003
30630004
30630005
30630006
30630008
30630009
30630011
30630012
30630013
30630014
30630015
30630017
30630018
30630019
30630020
30630021
30630022
30630023
30630024
30630026
30630027
30630028
30630029
30630030
30630031
30630034
30630035
30630036
30630037
30630038
30630039
30630040
30630041
30630042
30630043
30630044
30630045
30630046
30630047
30630048
30630049
30630050
30630051
30630052
30630053
30630054
30630055
30630056
30630057
30630058
30630059
30630061
30630063
30630065
30630067
30630068
30630071
30630072
30630073
30630074
30630075
30630076
30630077
30630078
30630079
30630080
30630082
30630083
30630084
30630085
30630086
30630087
30630088
30630090
30630091
30630092
30630093
30630094
30630097
30630099
30630100
30630101
30630102
30630103
30630104
30630106
30630107
30630108
30630110
30630111
30630112
30630114
30630116
30630117
30630118
30630119
30630120
30630121
30630122
30630123
30630124
30630125
30630126
30630128
30630129
30630130
30630131
30630132
30630133
30630134
30630135
30630136
30630137
30630138
30630139
30630140
30630141
30630142
30630143
30630144
30630145
30630146
30630147
30630148
30630149
30630150
30630151
30630152
30630153
30630154
30630155
30630156
30630157
30630158
30630159
30630160
30630161
30630163
30630164
30630166
30630167
30630168
30630169
30630170
30630171
30630173
30630174
30630175
30630176
30630177
30630179
30630180
30630181
30630182
30630184
30630185
30630186
30630188
30630189
30630190
30630191
30630192
30630193
30630194
30630195
30630196
30630198
30630199
30630200
30630201
30630202
30630203
30630204
30630205
30630206
30630207
30630208
30630209
30630210
30630211
30630212
30630213
30630214
30630216
30630217
30630218
30630219
30630220
30630221
30630222
30630223
30630224
30630225
30630226
30630227
30630228
30630229
30630230
30630231
30630232
30630233
30630234
30630235
30630236
30630237
30630238
30630239
30630240
30630241
30630242
30630243
30630244
30630245
30630247
30630248
30630249
30630250
30630251
30630252
30630253
30630254
30630257
30630258
30630260
30630262
30630263
30630264
30630265
30630266
30630267
30630268
30630269
30630270
30630271
30630273
30630274
30630275
30630277
30630279
30630280
30630282
30630283
30630284
30630285
30630286
30630288
30630289
30630290
30630291
30630292
30630293
30630295
30630296
30630297
30630298
30630299
30630300
30630301
30630303
30630304
30630305
30630306
30630308
30630309
30630310
30630311
30630314
30630315
30630316
30630317
30630318
30630319
30630320
30630321
30630322
30630323
30630324
30630326
30630327
30630328
30630329
30630330
30630332
30630333
30630335
30630336
30630337
30630338
30630340
30630341
30630342
30630343
30630344
30630345
30630346
30630347
30630349
30630350
30630351
30630352
30630354
30630355
30630356
30630357
30630358
30630359
30630360
30630361
30630362
30630363
30630364
30630365
30630367
30630368
30630369
30630370
30630371
30630372
30630373
30630374
30630375
30630377
30630378
30630379
30630381
30630382
30630383
30630384
30630385
30630386
30630387
30630388
30630389
30630390
30630391
30630392
30630393
30630394
30630395
30630396
30630397
30630398
30630399
30630400
30630401
30630402
30630403
30630405
30630407
30630409
30630410
30630412
30630413
30630414
30630415
30630416
30630417
30630418
30630419
30630420
30630421
30630422
30630423
30630424
30630425
30630427
30630428
30630429
30630431
30630432
30630433
30630434
30630435
30630436
30630439
30630440
30630442
30630443
30630444
30630445
30630446
30630447
30630448
30630449
30630450
30630451
30630452
30630453
30630454
30630456
30630457
30630458
30630459
30630460
30630461
30630462
30630463
30630465
30630466
30630467
30630469
30630470
30630471
30630473
30630474
30630475
30630476
30630477
30630478
30630480
30630481
30630482
30630484
30630485
30630486
30630487
30630488
30630489
30630490
30630494
30630495
30630496
30630499
30630500
30630501
30630502
30630503
30630505
30630506
30630507
30630509
30630511
30630512
30630513
30630516
30630518
30630519
30630520
30630521
30630522
30630523
30630524
30630525
30630526
30630527
30630529
30630531
30630532
30630533
30630535
30630536
30630537
30630538
30630539
30630540
30630541
30630542
30630544
30630546
30630547
30630548
30630549
30630550
30630551
30630552
30630553
30630554
30630555
30630556
30630557
30630558
30630559
30630561
30630562
30630563
30630564
30630565
30630566
30630567
30630568
30630569
30630570
30630571
30630572
30630573
30630574
30630575
30630576
30630577
30630578
30630579
30630580
30630581
30630583
30630584
30630585
30630586
30630587
30630588
30630589
30630590
30630591
30630592
30630595
30630596
30630597
30630598
30630599
30630600
30630601
30630602
30630603
30630604
30630605
30630606
30630607
30630608
30630609
30630610
30630611
30630612
30630613
30630614
30630615
30630616
30630617
30630618
30630619
30630621
30630623
30630624
30630625
30630626
30630627
30630628
30630629
30630630
30630631
30630633
30630634
30630636
30630637
30630638
30630639
30630640
30630641
30630642
30630643
30630644
30630645
30630646
30630647
30630648
30630649
30630650
30630651
30630652
30630653
30630654
30630655
30630656
30630657
30630658
30630659
30630660
30630661
30630662
30630663
30630664
30630665
30630666
30630668
30630669
30630670
30630671
30630672
30630673
30630674
30630675
30630676
30630677
30630678
30630679
30630680
30630681
30630682
30630683
30630684
30630685
30630686
30630687
30630688
30630689
30630690
30630691
30630692
30630693
30630694
30630695
30630696
30630697
30630698
30630701
30630702
30630703
30630704
30630705
30630706
30630707
30630708
30630709
30630710
30630711
30630712
30630713
30630714
30630715
30630716
30630717
30630718
30630719
30630720
30630721
30630722
30630723
30630724
30630725
30630726
30630727
30630728
30630729
30630730
30630731
30630732
30630733
30630734
30630735
30630737
30630738
30630739
30630740
30630741
30630742
30630743
30630744
30630745
30630746
30630748
30630749
30630750
30630751
30630752
30630753
30630755
30630756
30630758
30630759
30630760
30630761
30630762
30630763
30630764
30630766
30630767
30630768
30630769
30630770
30630771
30630772
30630773
30630774
30630775
30630776
30630777
30630778
30630779
30630780
30630781
30630782
30630783
30630784
30630785
30630786
30630787
30630788
30630789
30630790
30630791
30630792
30630793
30630794
30630795
30630796
30630797
30630798
30630799
30630800
30630801
30630802
30630803
30630804
30630805
30630806
30630807
30630808
30630809
30630810
30630811
30630812
30630813
30630814
30630815
30630817
30630818
30630819
30630820
30630821
30630822
30630823
30630825
30630826
30630827
30630828
30630829
30630830
30630831
30630833
30630834
30630836
30630837
30630838
30630839
30630840
30630841
30630842
30630843
30630844
30630845
30630846
30630847
30630848
30630849
30630850
30630851
30630852
30630853
30630855
30630856
30630858
30630859
30630860
30630861
30630862
30630864
30630867
30630868
30630869
30630870
30630871
30630873
30630875
30630876
30630877
30630878
30630879
30630882
30630883
30630884
30630885
30630886
30630887
30630888
30630889
30630891
30630892
30630893
30630894
30630896
30630897
30630898
30630899
30630900
30630901
30630902
30630903
30630904
30630905
30630906
30630907
30630908
30630910
30630911
30630912
30630913
30630914
30630915
30630916
30630917
30630918
30630921
30630922
30630923
30630924
30630925
30630926
30630927
30630928
30630929
30630930
30630932
30630933
30630935
30630937
30630939
30630940
30630941
30630942
30630943
30630944
30630945
30630947
30630948
30630949
30630950
30630951
30630953
30630954
30630957
30630958
30630959
30630960
30630961
30630962
30630963
30630964
30630965
30630966
30630967
30630968
30630969
30630972
30630973
30630974
30630975
30630976
30630977
30630978
30630979
30630982
30630983
30630984
30630986
30630987
30630988
30630989
30630991
30630992
30630993
30630994
30630995
30630996
30630997
30630999
30631000
30631001
30631002
30631003
30631004
30631005
30631006
30631007
30631009
30631010
30631011
30631013
30631014
30631015
30631016
30631018
30631019
30631021
30631022
30631023
30631024
30631025
30631026
30631028
30631030
30631031
30631032
30631033
30631034
30631035
30631036
30631037
30631038
30631039
30631040
30631041
30631042
30631043
30631044
30631045
30631046
30631047
30631048
30631049
30631051
30631052
30631053
30631054
30631055
30631056
30631057
30631058
30631059
30631061
30631062
30631063
30631065
30631066
30631067
30631068
30631069
30631070
30631071
30631073
30631074
30631075
30631076
30631077
30631078
30631079
30631080
30631081
30631082
30631083
30631084
30631085
30631086
30631088
30631089
30631090
30631091
30631092
30631093
30631095
30631096
30631097
30631099
30631100
30631101
30631102
30631104
30631105
30631106
30631107
30631109
30631110
30631111
30631112
30631113
30631114
30631116
30631119
30631120
30631122
30631123
30631125
30631126
30631127
30631129
30631130
30631131
30631133
30631134
30631135
30631136
30631139
30631140
30631142
30631143
30631144
30631146
30631147
30631148
30631149
30631150
30631151
30631152
30631153
30631154
30631155
30631156
30631157
30631158
30631159
30631160
30631161
30631162
30631163
30631164
30631165
30631168
30631169
30631171
30631172
30631173
30631174
30631175
30631176
30631177
30631178
30631179
30631180
30631181
30631182
30631183
30631184
30631185
30631186
30631187
30631188
30631189
30631190
30631191
30631193
30631194
30631196
30631197
30631198
30631199
30631200
30631201
30631202
30631204
30631206
30631207
30631208
30631209
30631210
30631212
30631213
30631215
30631216
30631217
30631218
30631220
30631221
30631222
30631223
30631224
30631225
30631227
30631228
30631229
30631230
30631231
30631232
30631233
30631234
30631235
30631236
30631237
30631238
30631240
30631241
30631242
30631243
30631245
30631246
30631249
30631250
30631251
30631252
30631253
30631255
30631257
30631260
30631261
30631262
30631263
30631264
30631265
30631266
30631268
30631269
30631270
30631271
30631272
30631274
30631276
30631278
30631279
30631281
30631282
30631283
30631284
30631285
30631286
30631287
30631288
30631290
30631291
30631292
30631293
30631294
30631295
30631297
30631298
30631300
30631301
30631302
30631304
30631306
30631307
30631308
30631309
30631310
30631311
30631314
30631316
30631319
30631320
30631323
30631324
30631325
30631327
30631329
30631330
30631332
30631333
30631338
30631339
30631340
30631341
30631343
30631345
30631346
30631347
30631348
30631350
30631351
30631354
30631355
30631356
30631357
30631358
30631359
30631360
30631361
30631362
30631364
30631365
30631366
30631367
30631368
30631370
30631372
30631373
30631374
30631375
30631376
30631377
30631378
30631379
30631380
30631381
30631382
30631383
30631384
30631385
30631386
30631387
30631388
30631389
30631390
30631391
30631392
30631393
30631394
30631395
30631396
30631398
30631400
30631401
30631402
30631403
30631404
30631405
30631406
30631408
30631409
30631410
30631411
30631412
30631413
30631414
30631415
30631416
30631417
30631418
30631419
30631420
30631421
30631422
30631424
30631425
30631426
30631428
30631429
30631430
30631433
30631434
30631435
30631436
30631437
30631438
30631439
30631440
30631441
30631442
30631443
30631445
30631446
30631447
30631449
30631450
30631451
30631453
30631454
30631455
30631457
30631458
30631459
30631460
30631461
30631462
30631463
30631464
30631465
30631466
30631467
30631468
30631470
30631471
30631472
30631473
30631474
30631475
30631476
30631478
30631479
30631480
30631481
30631482
30631483
30631484
30631485
30631486
30631487
30631488
30631489
30631490
30631491
30631492
30631493
30631495
30631496
30631497
30631499
30631500
30631501
30631502
30631504
30631505
30631506
30631507
30631508
30631509
30631510
30631511
30631512
30631513
30631514
30631515
30631516
30631517
30631518
30631519
30631520
30631521
30631522
30631523
30631525
30631526
30631527
30631528
30631529
30631530
30631531
30631532
30631534
30631535
30631536
30631538
30631539
30631540
30631541
30631542
30631543
30631544
30631545
30631546
30631547
30631549
30631550
30631551
30631552
30631553
30631554
30631555
30631556
30631557
30631558
30631559
30631561
30631562
30631564
30631565
30631566
30631569
30631570
30631571
30631572
30631574
30631575
30631576
30631577
30631578
30631579
30631581
30631583
30631584
30631585
30631586
30631588
30631589
30631590
30631592
30631593
30631595
30631596
30631597
30631598
30631599
30631600
30631601
30631602
30631603
30631604
30631605
30631606
30631607
30631608
30631610
30631611
30631612
30631613
30631614
30631615
30631616
30631617
30631619
30631621
30631622
30631623
30631624
30631626
30631630
30631631
30631632
30631633
30631635
30631636
30631638
30631641
30631643
30631644
30631645
30631646
30631647
30631648
30631649
30631651
30631652
30631653
30631654
30631655
30631657
30631658
30631659
30631660
30631661
30631662
30631663
30631664
30631665
30631667
30631668
30631669
30631670
30631671
30631672
30631673
30631674
30631675
30631678
30631679
30631680
30631681
30631682
30631684
30631685
30631686
30631687
30631688
30631689
30631690
30631691
30631692
30631694
30631696
30631697
30631698
30631699
30631700
30631701
30631702
30631703
30631704
30631707
30631708
30631709
30631712
30631713
30631714
30631715
30631716
30631718
30631719
30631720
30631721
30631723
30631725
30631726
30631727
30631728
30631729
30631730
30631731
30631732
30631733
30631734
30631735
30631736
30631737
30631738
30631740
30631743
30631744
30631745
30631746
30631747
30631748
30631749
30631750
30631751
30631752
30631754
30631755
30631756
30631758
30631759
30631760
30631761
30631762
30631763
30631764
30631765
30631766
30631767
30631768
30631769
30631770
30631771
30631772
30631773
30631774
30631775
30631776
30631777
30631778
30631779
30631780
30631781
30631782
30631783
30631784
30631785
30631786
30631787
30631788
30631789
30631790
30631791
30631792
30631793
30631794
30631795
30631796
30631797
30631798
30631799
30631800
30631801
30631802
30631803
30631805
30631806
30631808
30631809
30631810
30631811
30631812
30631813
30631815
30631816
30631817
30631818
30631819
30631820
30631821
30631824
30631825
30631826
30631827
30631828
30631829
30631830
30631831
30631832
30631833
30631834
30631835
30631836
30631837
30631838
30631839
30631840
30631841
30631843
30631844
30631845
30631847
30631848
30631850
30631852
30631853
30631854
30631856
30631857
30631858
30631859
30631860
30631861
30631863
30631864
30631865
30631866
30631868
30631869
30631870
30631871
30631872
30631873
30631874
30631875
30631876
30631878
30631879
30631880
30631881
30631882
30631885
30631886
30631887
30631888
30631889
30631891
30631893
30631895
30631897
30631898
30631899
30631900
30631901
30631902
30631903
30631904
30631905
30631907
30631909
30631911
30631912
30631913
30631914
30631915
30631916
30631917
30631918
30631921
30631923
30631925
30631926
30631930
30631931
30631932
30631933
30631934
30631935
30631936
30631937
30631938
30631939
30631940
30631941
30631943
30631944
30631945
30631947
30631948
30631949
30631950
30631953
30631954
30631955
30631956
30631957
30631958
30631959
30631960
30631961
30631962
30631963
30631965
30631966
30631967
30631968
30631969
30631971
30631972
30631973
30631974
30631975
30631976
30631977
30631978
30631979
30631981
30631982
30631983
30631984
30631985
30631986
30631987
30631989
30631990
30631992
30631993
30631994
30631995
30631996
30631998
30631999
30632000
30632003
30632007
30632010
30632012
30632015
30632016
30632017
30632018
30632019
30632020
30632022
30632023
30632024
30632025
30632026
30632027
30632028
30632029
30632031
30632032
30632034
30632035
30632037
30632038
30632039
30632040
30632041
30632042
30632043
30632044
30632045
30632046
30632047
30632048
30632049
30632050
30632051
30632052
30632053
30632054
30632055
30632056
30632057
30632058
30632059
30632061
30632062
30632063
30632064
30632065
30632066
30632067
30632068
30632070
30632071
30632072
30632073
30632074
30632075
30632077
30632078
30632079
30632081
30632083
30632084
30632085
30632086
30632087
30632088
30632089
30632090
30632092
30632093
30632094
30632095
30632096
30632097
30632098
30632099
30632100
30632102
30632103
30632104
30632105
30632106
30632107
30632108
30632110
30632111
30632112
30632114
30632115
30632116
30632117
30632119
30632120
30632121
30632122
30632123
30632124
30632125
30632126
30632127
30632128
30632129
30632133
30632134
30632136
30632137
30632138
30632139
30632140
30632141
30632142
30632143
30632144
30632145
30632146
30632148
30632149
30632150
30632151
30632152
30632153
30632154
30632156
30632157
30632158
30632159
30632160
30632161
30632162
30632164
30632165
30632166
30632167
30632168
30632169
30632170
30632171
30632172
30632173
30632174
30632175
30632176
30632177
30632178
30632180
30632181
30632182
30632183
30632184
30632185
30632186
30632187
30632188
30632189
30632190
30632191
30632192
30632193
30632194
30632195
30632196
30632197
30632198
30632199
30632200
30632201
30632202
30632203
30632204
30632206
30632207
30632208
30632209
30632210
30632212
30632214
30632216
30632217
30632218
30632219
30632220
30632221
30632222
30632223
30632225
30632228
30632229
30632230
30632231
30632232
30632233
30632234
30632235
30632236
30632237
30632238
30632239
30632240
30632241
30632242
30632243
30632244
30632245
30632247
30632248
30632249
30632250
30632251
30632252
30632253
30632254
30632256
30632258
30632259
30632260
30632261
30632262
30632264
30632265
30632268
30632269
30632270
30632271
30632272
30632273
30632274
30632275
30632276
30632277
30632279
30632280
30632281
30632283
30632284
30632285
30632286
30632287
30632288
30632289
30632291
30632292
30632293
30632294
30632295
30632296
30632297
30632298
30632301
30632303
30632305
30632306
30632310
30632312
30632314
30632315
30632316
30632320
30632321
30632323
30632325
30632326
30632327
30632328
30632329
30632330
30632332
30632333
30632335
30632336
30632337
30632338
30632339
30632340
30632341
30632342
30632343
30632344
30632346
30632347
30632348
30632349
30632350
30632351
30632352
30632353
30632355
30632356
30632357
30632358
30632359
30632361
30632362
30632364
30632365
30632366
30632367
30632369
30632370
30632371
30632372
30632373
30632375
30632376
30632377
30632378
30632379
30632380
30632381
30632382
30632383
30632384
30632385
30632386
30632388
30632389
30632390
30632391
30632392
30632393
30632394
30632395
30632398
30632399
30632400
30632401
30632402
30632404
30632405
30632406
30632407
30632408
30632409
30632410
30632411
30632412
30632413
30632414
30632415
30632416
30632417
30632420
30632421
30632422
30632423
30632424
30632425
30632426
30632427
30632428
30632429
30632430
30632431
30632432
30632433
30632434
30632435
30632436
30632437
30632438
30632439
30632440
30632441
30632442
30632443
30632444
30632445
30632446
30632448
30632453
30632454
30632455
30632456
30632458
30632460
30632461
30632462
30632463
30632467
30632468
30632469
30632470
30632471
30632472
30632474
30632475
30632476
30632477
30632478
30632479
30632480
30632481
30632482
30632483
30632485
30632486
30632487
30632488
30632489
30632490
30632491
30632492
30632493
30632494
30632496
30632498
30632499
30632500
30632503
30632504
30632506
30632507
30632508
30632509
30632510
30632511
30632512
30632513
30632514
30632515
30632516
30632517
30632518
30632519
30632520
30632521
30632522
30632523
30632524
30632525
30632527
30632528
30632529
30632530
30632531
30632532
30632533
30632534
30632535
30632538
30632539
30632540
30632541
30632543
30632544
30632546
30632547
30632549
30632550
30632551
30632552
30632553
30632555
30632556
30632557
30632558
30632559
30632560
30632561
30632563
30632565
30632566
30632567
30632568
30632569
30632570
30632571
30632573
30632574
30632575
30632577
30632579
30632582
30632583
30632584
30632586
30632589
30632591
30632592
30632594
30632595
30632596
30632597
30632598
30632599
30632601
30632604
30632605
30632606
30632609
30632611
30632612
30632615
30632617
30632620
30632621
30632628
30632629
30632631
30632632
30632636
30632643
30632644
30632645
30632647
30632651
30632652
30632653
30632654
30632655
30632657
30632665
30632666
30632668
30632671
30632673
30632674
30632679
30632681
30632682
30632683
30632684
30632688
30632690
30632691
30632693
30632695
30632696
30632702
30632706
30632708
30632710
30632711
30632715
30632716
30632718
30632721
30632723
30632724
30632725
30632726
30632727
30632728
30632729
30632732
30632733
30632734
30632738
30632739
30632740
30632743
30632745
30632749
30632751
30632753
30632755
30632757
30632758
30632759
30632762
30632764
30632765
30632766
30632767
30632768
30632770
30632774
30632776
30632777
30632780
30632781
30632783
30632784
30632787
30632788
30632791
30632797
30632799
30632801
30632802
30632808
30632811
30632812
30632813
30632816
30632817
30632819
30632823
30632824
30632832
30632836
30632837
30632838
30632839
30632844
30632846
30632847
30632850
30632851
30632853
30632854
30632856
30632859
30632862
30632864
30632865
30632867
30632869
30632873
30632874
30632875
30632876
30632877
30632878
30632880
30632881
30632883
30632884
30632886
30632887
30632888
30632889
30632891
30632892
30632894
30632895
30632898
30632901
30632902
30632903
30632904
30632912
30632914
30632915
30632918
30632921
30632922
30632924
30632925
30632926
30632928
30632933
30632934
30632935
30632936
30632937
30632938
30632939
30632940
30632942
30632943
30632944
30632946
30632947
30632948
30632949
30632951
30632952
30632953
30632954
30632956
30632957
30632961
30632962
30632963
30632964
30632966
30632967
30632968
30632969
30632970
30632971
30632973
30632974
30632975
30632978
30632979
30632981
30632982
30632983
30632986
30632988
30632990
30632993
30632996
30632998
30632999
30633002
30633003
30633004
30633006
30633007
30633009
30633010
30633012
30633013
30633014
30633015
30633016
30633018
30633019
30633022
30633023
30633024
30633025
30633026
30633028
30633029
30633031
30633032
30633033
30633034
30633035
30633037
30633038
30633040
30633041
30633042
30633043
30633045
30633046
30633048
30633049
30633050
30633051
30633052
30633053
30633055
30633056
30633057
30633059
30633060
30633061
30633062
30633063
30633065
30633066
30633067
30633068
30633069
30633070
30633071
30633073
30633074
30633076
30633078
30633079
30633081
30633082
30633083
30633084
30633085
30633087
30633088
30633089
30633090
30633091
30633092
30633094
30633095
30633096
30633097
30633098
30633101
30633102
30633103
30633105
30633106
30633107
30633108
30633110
30633111
30633112
30633113
30633114
30633116
30633117
30633120
30633121
30633122
30633123
30633125
30633127
30633128
30633129
30633130
30633131
30633132
30633133
30633134
30633135
30633136
30633137
30633138
30633139
30633140
30633141
30633142
30633143
30633145
30633146
30633149
30633150
30633151
30633152
30633154
30633157
30633158
30633159
30633160
30633161
30633162
30633163
30633166
30633168
30633169
30633170
30633171
30633172
30633174
30633175
30633176
30633177
30633179
30633180
30633181
30633182
30633184
30633185
30633187
30633188
30633189
30633190
30633191
30633192
30633193
30633196
30633197
30633198
30633200
30633201
30633202
30633203
30633204
30633205
30633206
30633207
30633208
30633209
30633211
30633213
30633214
30633215
30633217
30633218
30633219
30633220
30633221
30633222
30633223
30633224
30633225
30633226
30633227
30633228
30633229
30633230
30633232
30633233
30633234
30633235
30633236
30633239
30633240
30633241
30633242
30633243
30633244
30633245
30633246
30633247
30633248
30633250
30633251
30633252
30633253
30633256
30633257
30633258
30633259
30633260
30633261
30633263
30633264
30633265
30633266
30633267
30633269
30633271
30633272
30633273
30633274
30633277
30633278
30633279
30633281
30633282
30633283
30633285
30633287
30633289
30633290
30633291
30633292
30633295
30633296
30633297
30633298
30633299
30633300
30633301
30633302
30633303
30633304
30633305
30633306
30633307
30633308
30633310
30633311
30633312
30633313
30633314
30633315
30633316
30633317
30633318
30633319
30633320
30633321
30633322
30633323
30633324
30633325
30633326
30633327
30633328
30633329
30633330
30633331
30633332
30633333
30633334
30633335
30633336
30633337
30633339
30633341
30633342
30633343
30633344
30633345
30633346
30633348
30633349
30633350
30633351
30633352
30633353
30633355
30633356
30633358
30633359
30633360
30633361
30633362
30633363
30633364
30633365
30633366
30633367
30633368
30633371
30633373
30633374
30633375
30633376
30633377
30633378
30633380
30633383
30633384
30633385
30633386
30633388
30633389
30633390
30633391
30633392
30633393
30633394
30633395
30633396
30633397
30633399
30633401
30633402
30633403
30633404
30633405
30633406
30633407
30633408
30633409
30633410
30633411
30633413
30633414
30633415
30633416
30633417
30633418
30633419
30633421
30633422
30633423
30633424
30633425
30633426
30633427
30633428
30633430
30633431
30633432
30633433
30633434
30633435
30633436
30633437
30633438
30633440
30633441
30633443
30633444
30633445
30633448
30633449
30633450
30633452
30633453
30633454
30633456
30633457
30633459
30633460
30633461
30633465
30633466
30633467
30633468
30633469
30633470
30633471
30633472
30633473
30633474
30633476
30633477
30633478
30633481
30633482
30633483
30633485
30633487
30633488
30633489
30633491
30633492
30633493
30633494
30633495
30633497
30633498
30633499
30633500
30633501
30633502
30633504
30633505
30633506
30633507
30633508
30633509
30633510
30633511
30633512
30633513
30633514
30633515
30633516
30633517
30633520
30633521
30633522
30633523
30633524
30633526
30633527
30633528
30633529
30633530
30633531
30633532
30633533
30633534
30633535
30633536
30633537
30633538
30633539
30633540
30633542
30633543
30633544
30633545
30633546
30633547
30633549
30633550
30633551
30633552
30633553
30633554
30633555
30633556
30633557
30633560
30633561
30633562
30633563
30633565
30633567
30633568
30633570
30633571
30633572
30633574
30633575
30633576
30633578
30633579
30633581
30633582
30633583
30633585
30633586
30633587
30633589
30633590
30633591
30633592
30633593
30633594
30633596
30633597
30633598
30633599
30633600
30633601
30633602
30633603
30633606
30633607
30633608
30633609
30633610
30633611
30633612
30633613
30633615
30633616
30633617
30633618
30633619
30633620
30633621
30633622
30633623
30633624
30633625
30633626
30633627
30633629
30633630
30633631
30633632
30633633
30633634
30633636
30633637
30633638
30633639
30633640
30633642
30633643
30633644
30633645
30633646
30633647
30633648
30633649
30633650
30633651
30633652
30633653
30633654
30633655
30633656
30633657
30633658
30633659
30633660
30633662
30633663
30633664
30633665
30633666
30633667
30633668
30633669
30633670
30633671
30633672
30633673
30633674
30633676
30633677
30633678
30633680
30633682
30633683
30633684
30633685
30633686
30633687
30633688
30633689
30633690
30633691
30633693
30633694
30633695
30633697
30633698
30633699
30633700
30633702
30633703
30633704
30633705
30633706
30633707
30633708
30633710
30633711
30633712
30633713
30633715
30633716
30633717
30633718
30633719
30633720
30633721
30633722
30633723
30633725
30633726
30633727
30633728
30633730
30633731
30633732
30633736
30633737
30633738
30633739
30633740
30633741
30633742
30633743
30633746
30633747
30633748
30633749
30633750
30633753
30633755
30633756
30633757
30633759
30633761
30633762
30633763
30633764
30633765
30633766
30633767
30633768
30633771
30633773
30633774
30633775
30633776
30633777
30633780
30633781
30633783
30633784
30633785
30633786
30633788
30633791
30633792
30633794
30633795
30633796
30633797
30633798
30633800
30633802
30633803
30633805
30633806
30633807
30633808
30633809
30633810
30633811
30633812
30633813
30633815
30633817
30633818
30633819
30633821
30633822
30633823
30633824
30633825
30633826
30633827
30633828
30633830
30633831
30633832
30633834
30633835
30633836
30633837
30633839
30633840
30633841
30633842
30633843
30633844
30633845
30633847
30633849
30633851
30633852
30633853
30633854
30633855
30633856
30633857
30633858
30633860
30633861
30633862
30633863
30633864
30633865
30633866
30633867
30633870
30633872
30633873
30633875
30633876
30633879
30633880
30633882
30633883
30633884
30633886
30633887
30633888
30633890
30633891
30633892
30633893
30633894
30633896
30633897
30633898
30633900
30633901
30633903
30633905
30633906
30633907
30633908
30633909
30633910
30633912
30633913
30633914
30633916
30633919
30633920
30633921
30633922
30633924
30633925
30633926
30633929
30633930
30633931
30633932
30633933
30633937
30633938
30633939
30633941
30633947
30633949
30633951
30633952
30633953
30633954
30633956
30633957
30633958
30633959
30633960
30633962
30633963
30633965
30633966
30633968
30633969
30633971
30633972
30633975
30633976
30633980
30633981
30633983
30633984
30633985
30633987
30633988
30633989
30633990
30633991
30633992
30633993
30633994
30633995
30633997
30633998
30633999
30634001
30634003
30634005
30634006
30634007
30634008
30634010
30634011
30634012
30634013
30634015
30634016
30634017
30634018
30634019
30634020
30634022
30634023
30634024
30634027
30634029
30634031
30634032
30634034
30634035
30634036
30634037
30634038
30634039
30634040
30634041
30634042
30634044
30634046
30634047
30634048
30634049
30634050
30634051
30634052
30634054
30634055
30634056
30634057
30634058
30634059
30634060
30634062
30634063
30634064
30634065
30634066
30634067
30634069
30634070
30634071
30634072
30634073
30634074
30634075
30634076
30634077
30634078
30634079
30634080
30634082
30634085
30634086
30634087
30634088
30634089
30634090
30634092
30634093
30634095
30634096
30634097
30634098
30634099
30634100
30634101
30634102
30634103
30634104
30634105
30634107
30634108
30634109
30634110
30634111
30634112
30634113
30634114
30634115
30634117
30634118
30634119
30634120
30634121
30634122
30634123
30634124
30634125
30634126
30634127
30634128
30634129
30634130
30634131
30634132
30634134
30634135
30634136
30634138
30634139
30634140
30634141
30634142
30634144
30634145
30634146
30634147
30634148
30634149
30634150
30634151
30634152
30634153
30634154
30634155
30634157
30634159
30634160
30634161
30634162
30634163
30634164
30634165
30634166
30634167
30634168
30634169
30634170
30634171
30634172
30634173
30634174
30634175
30634176
30634177
30634178
30634179
30634180
30634181
30634182
30634183
30634184
30634185
30634186
30634187
30634188
30634190
30634191
30634192
30634193
30634194
30634195
30634197
30634198
30634199
30634200
30634201
30634202
30634203
30634204
30634205
30634206
30634207
30634209
30634210
30634211
30634212
30634213
30634214
30634215
30634216
30634217
30634218
30634219
30634220
30634221
30634222
30634223
30634224
30634225
30634226
30634227
30634228
30634230
30634231
30634232
30634233
30634234
30634235
30634236
30634237
30634240
30634242
30634243
30634244
30634245
30634246
30634247
30634248
30634249
30634250
30634251
30634252
30634253
30634254
30634255
30634256
30634257
30634258
30634259
30634260
30634261
30634262
30634263
30634264
30634265
30634266
30634267
30634268
30634269
30634270
30634271
30634272
30634273
30634275
30634276
30634278
30634279
30634280
30634281
30634282
30634284
30634285
30634286
30634287
30634288
30634289
30634290
30634291
30634292
30634293
30634294
30634295
30634296
30634297
30634298
30634299
30634300
30634301
30634302
30634303
30634304
30634305
30634307
30634317
30634319
30634487
30634500
30634507
30634524
30634527
30634529
30634530
30634575
30634582
30634588
30634601
30634605
30634610
30634616
30634644
30634646
30634647
30634654
30634655
30634665
30634711
30634713
30634714
30634715
30634726
30634728
30634729
30634733
30634734
30634735
30634308
30634309
30634310
30634311
30634312
30634313
30634314
30634315
30634318
30634320
30634322
30634323
30634324
30634325
30634326
30634328
30634329
30634330
30634331
30634332
30634333
30634334
30634335
30634336
30634337
30634338
30634339
30634340
30634341
30634342
30634344
30634345
30634346
30634348
30634349
30634350
30634353
30634354
30634355
30634356
30634357
30634358
30634359
30634360
30634362
30634363
30634364
30634365
30634366
30634367
30634368
30634369
30634370
30634371
30634372
30634373
30634374
30634375
30634376
30634377
30634379
30634380
30634381
30634383
30634384
30634385
30634386
30634387
30634388
30634389
30634391
30634392
30634393
30634395
30634396
30634397
30634399
30634400
30634401
30634403
30634404
30634405
30634406
30634407
30634408
30634410
30634411
30634412
30634413
30634414
30634415
30634416
30634417
30634419
30634420
30634421
30634422
30634423
30634424
30634425
30634426
30634427
30634428
30634429
30634430
30634431
30634432
30634434
30634436
30634437
30634438
30634439
30634440
30634441
30634442
30634443
30634444
30634445
30634446
30634447
30634448
30634449
30634450
30634451
30634452
30634453
30634454
30634455
30634456
30634457
30634458
30634459
30634461
30634463
30634464
30634465
30634467
30634468
30634469
30634470
30634471
30634472
30634473
30634474
30634475
30634476
30634477
30634478
30634479
30634480
30634481
30634482
30634483
30634484
30634485
30634486
30634488
30634489
30634490
30634491
30634492
30634493
30634494
30634495
30634496
30634497
30634498
30634499
30634501
30634502
30634503
30634504
30634505
30634506
30634508
30634509
30634510
30634511
30634512
30634513
30634514
30634515
30634516
30634517
30634518
30634519
30634520
30634521
30634522
30634523
30634526
30634528
30634531
30634532
30634533
30634534
30634535
30634536
30634538
30634539
30634540
30634541
30634543
30634544
30634545
30634546
30634547
30634548
30634549
30634550
30634551
30634552
30634553
30634554
30634555
30634556
30634557
30634558
30634559
30634560
30634561
30634562
30634563
30634565
30634566
30634567
30634568
30634569
30634570
30634571
30634572
30634573
30634574
30634576
30634577
30634578
30634579
30634580
30634581
30634583
30634584
30634585
30634586
30634587
30634589
30634590
30634591
30634592
30634593
30634594
30634595
30634596
30634597
30634598
30634599
30634600
30634602
30634603
30634604
30634606
30634607
30634608
30634609
30634611
30634612
30634613
30634614
30634617
30634618
30634619
30634620
30634621
30634622
30634624
30634625
30634626
30634627
30634628
30634629
30634630
30634631
30634633
30634634
30634636
30634638
30634639
30634641
30634642
30634643
30634645
30634648
30634649
30634650
30634651
30634652
30634653
30634656
30634658
30634660
30634662
30634663
30634664
30634666
30634668
30634669
30634670
30634671
30634672
30634673
30634674
30634675
30634676
30634677
30634678
30634679
30634680
30634681
30634682
30634683
30634684
30634685
30634686
30634687
30634688
30634689
30634690
30634691
30634692
30634693
30634694
30634695
30634696
30634697
30634698
30634699
30634700
30634701
30634702
30634703
30634704
30634705
30634706
30634707
30634708
30634709
30634710
30634712
30634716
30634717
30634718
30634719
30634720
30634721
30634722
30634723
30634724
30634725
30634727
30634730
30634731
30634732
30634737
30634738
30634740
30634741
30634742
30634743
30634744
30634745
30634746
30634747
30634748
30634749
30634751
30634752
30634753
30634756
30634757
30634759
30634760
30634761
30634763
30634764
30634765
30634766
30634767
30634768
30634770
30634771
30634772
30634773
30634774
30634775
30634776
30634778
30634779
30634780
30634781
30634782
30634783
30634784
30634785
30634786
30634787
30634788
30634790
30634791
30634792
30634794
30634795
30634796
30634797
30634798
30634799
30634800
30634801
30634803
30634804
30634805
30634806
30634807
30634808
30634809
30634810
30634811
30634812
30634814
30634815
30634816
30634818
30634819
30634821
30634822
30634823
30634824