32620956
32620957
32620958
32620960
32620961
32620965
32620967
32620968
32620970
32620971
32620972
32620973
32620976
32620977
32620980
32620981
32620982
32620984
32620985
32620986
32620987
32620988
32620991
32620992
32620993
32620995
32620996
32620998
32621000
32621002
32621006
32621014
32621015
32621017
32621018
32621021
32621022
32621023
32621024
32621025
32621028
32621032
32621039
32621040
32621042
32621044
32621046
32621047
32621048
32621049
32621051
32621052
32621053
32621054
32621055
32621057
32621058
32621059
32621060
32621062
32621064
32621065
32621066
32621069
32621071
32621072
32621074
32621075
32621077
32621081
32621082
32621084
32621085
32621087
32621089
32621090
32621091
32621092
32621095
32621096
32621097
32621101
32621102
32621105
32621106
32621107
32621108
32621109
32621111
32621112
32621113
32621114
32621115
32621116
32621118
32621119
32621120
32621122
32621125
32621129
32621156
32621159
32621163
32621166
32621168
32621170
32621172
32621173
32621174
32621176
32621179
32621193
32621196
32621199
32621200
32621201
32621202
32621204
32621205
32621207
32621208
32621209
32621212
32621214
32621215
32621219
32621220
32621222
32621223
32621224
32621228
32621229
32621231
32621232
32621233
32621234
32621235
32621238
32621239
32621240
32621242
32621243
32621244
32621246
32621247
32621248
32621249
32621253
32621254
32621255
32621257
32621258
32621259
32621260
32621261
32621262
32621263
32621265
32621266
32621267
32621268
32621269
32621270
32621271
32621273
32621274
32621276
32621277
32621278
32621279
32621282
32621283
32621284
32621286
32621287
32621288
32621289
32621290
32621291
32621292
32621293
32621294
32621295
32621296
32621298
32621300
32621307
32621308
32621309
32621310
32621312
32621313
32621314
32621315
32621316
32621317
32621318
32621320
32621321
32621323
32621324
32621326
32621329
32621330
32621332
32621333
32621334
32621335
32621338
32621339
32621340
32621341
32621342
32621343
32621344
32621345
32621346
32621347
32621349
32621350
32621351
32621354
32621355
32621356
32621357
32621358
32621359
32621360
32621362
32621363
32621364
32621365
32621366
32621367
32621368
32621369
32621370
32621371
32621372
32621373
32621375
32621378
32621380
32621382
32621384
32621387
32621388
32621389
32621391
32621392
32621393
32621394
32621395
32621396
32621397
32621398
32621399
32621400
32621401
32621402
32621404
32621405
32621406
32621409
32621411
32621413
32621414
32621417
32621418
32621419
32621421
32621423
32621424
32621429
32621431
32621432
32621433
32621434
32621435
32621436
32621437
32621439
32621440
32621441
32621442
32621444
32621446
32621447
32621448
32621450
32621451
32621452
32621453
32621454
32621455
32621459
32621461
32621463
32621464
32621465
32621467
32621468
32621471
32621475
32621478
32621479
32621481
32621482
32621483
32621485
32621486
32621487
32621488
32621490
32621491
32621492
32621494
32621495
32621500
32621501
32621502
32621505
32621506
32621507
32621512
32621515
32621516
32621517
32621518
32621526
32621527
32621529
32621530
32621532
32621533
32621537
32621539
32621540
32621542
32621544
32621553
32621554
32621558
32621563
32621567
32621568
32621575
32621577
32621578
32621579
32621583
32621584
32621586
32621591
32621592
32621593
32621595
32621597
32621600
32621603
32621605
32621607
32621609
32621610
32621612
32621617
32621618
32621619
32621620
32621624
32621625
32621629
32621630
32621631
32621632
32621633
32621634
32621635
32621637
32621646
32621658
32621659
32621662
32621663
32621671
32621672
32621674
32621675
32621678
32621679
32621680
32621682
32621684
32621691
32621696
32621702
32621703
32621704
32621705
32621706
32621707
32621711
32621712
32621713
32621714
32621716
32621719
32621720
32621721
32621722
32621723
32621724
32621726
32621727
32621728
32621730
32621731
32621732
32621733
32621740
32621741
32621742
32621743
32621744
32621746
32621747
32621748
32621753
32621754
32621755
32621760
32621761
32621762
32621764
32621765
32621766
32621767
32621768
32621769
32621771
32621772
32621774
32621776
32621777
32621778
32621780
32621781
32621782
32621783
32621784
32621785
32621787
32621789
32621790
32621792
32621793
32621795
32621796
32621797
32621798
32621799
32621800
32621801
32621802
32621803
32621804
32621805
32621807
32621810
32621811
32621812
32621815
32621816
32621819
32621821
32621823
32621824
32621825
32621827
32621828
32621829
32621838
32621840
32621842
32621844
32621846
32621847
32621850
32621852
32621853
32621855
32621857
32621859
32621860
32621862
32621863
32621864
32621866
32621867
32621868
32621869
32621873
32621874
32621877
32621882
32621884
32621886
32621887
32621889
32621891
32621892
32621898
32621900
32621902
32621903
32613417
32613418
32613420
32613421
32613423
32613425
32613427
32613429
32613430
32613433
32613435
32613436
32613437
32613438
32613439
32613440
32613443
32613444
32613445
32613446
32613448
32613449
32613450
32613451
32613453
32613454
32613455
32613456
32613459
32613460
32613462
32613463
32613464
32613465
32613466
32613468
32613470
32613471
32613472
32613473
32613475
32613476
32613477
32613478
32613479
32613480
32613481
32613482
32613483
32613484
32613485
32613486
32613487
32613488
32613489
32613490
32613491
32613494
32613495
32613497
32613498
32613499
32613500
32613501
32613503
32613504
32613505
32613506
32613508
32613509
32613511
32613513
32613515
32613516
32613517
32613518
32613519
32613520
32613521
32613522
32613523
32613524
32613525
32613526
32613528
32613529
32613530
32613531
32613532
32613533
32613535
32613538
32613539
32613540
32613541
32613542
32613543
32613544
32613546
32613548
32613549
32613550
32613551
32613552
32613553
32613555
32613556
32613557
32613559
32613560
32613562
32613563
32613566
32613567
32613568
32613569
32613571
32613573
32613574
32613577
32613578
32613579
32613580
32613581
32613582
32613583
32613586
32613587
32613589
32613590
32613591
32613592
32613594
32613595
32613596
32613597
32613598
32613599
32613600
32613601
32613602
32613603
32613604
32613605
32613606
32613608
32613609
32613610
32613611
32613612
32613613
32613614
32613615
32613616
32613617
32613618
32613619
32613620
32613621
32613622
32613623
32613624
32613625
32613627
32613629
32613630
32613631
32613632
32613633
32613634
32613635
32613636
32613637
32613638
32613639
32613640
32613641
32613642
32613643
32613644
32613645
32613648
32613649
32613650
32613651
32613655
32613656
32613658
32613660
32613661
32613662
32613663
32613664
32613665
32613666
32613667
32613668
32613669
32613670
32613671
32613674
32613676
32613677
32613678
32613679
32613680
32613681
32613684
32613685
32613686
32613688
32613689
32613691
32613692
32613693
32613694
32613695
32613697
32613698
32613700
32613702
32613704
32613706
32613707
32613708
32613710
32613711
32613712
32613713
32613714
32613715
32613717
32613719
32613722
32613723
32613724
32613725
32613727
32613729
32613730
32613731
32613732
32613733
32613734
32613735
32613736
32613737
32613738
32613739
32613741
32613742
32613744
32613745
32613746
32613748
32613749
32613750
32613752
32613753
32613754
32613755
32613756
32613757
32613759
32613760
32613762
32613764
32613765
32613766
32613768
32613769
32613771
32613772
32613773
32613774
32613775
32613776
32613777
32613778
32613779
32613781
32613782
32613783
32613784
32613785
32613786
32613789
32613790
32613791
32613792
32613793
32613794
32613795
32613796
32613797
32613798
32613799
32613800
32613801
32613802
32613804
32613805
32613806
32613807
32613808
32613809
32613810
32613811
32613812
32613813
32613815
32613816
32613818
32613819
32613820
32613821
32613822
32613823
32613825
32613826
32613827
32613828
32613829
32613830
32613831
32613832
32613833
32613834
32613835
32613836
32613837
32613838
32613839
32613840
32613842
32613843
32613844
32613845
32613846
32613847
32613848
32613850
32613851
32613852
32613854
32613855
32613857
32613858
32613860
32613861
32613862
32613863
32613864
32613866
32613867
32613868
32613869
32613876
32613877
32613878
32613879
32613880
32613881
32613883
32613884
32613885
32613887
32613888
32613889
32613891
32613892
32613893
32613894
32613895
32613896
32613897
32613898
32613899
32613900
32613901
32613902
32613903
32613904
32613905
32613906
32613907
32613908
32613909
32613910
32613911
32613912
32613913
32613914
32613916
32613919
32613923
32613927
32613929
32613932
32613934
32613937
32613940
32613941
32613943
32613944
32613946
32613947
32613948
32613949
32613952
32613954
32613955
32613956
32613958
32613959
32613961
32613962
32613963
32613965
32613966
32613967
32613968
32613969
32613971
32613972
32613973
32613975
32613976
32613977
32613978
32613979
32613980
32613982
32613983
32613984
32613985
32613986
32613988
32613989
32613990
32613991
32613992
32613994
32613995
32613996
32613998
32614000
32614001
32614002
32614003
32614004
32614005
32614006
32614007
32614009
32614010
32614012
32614016
32614017
32614018
32614019
32614022
32614023
32614024
32614025
32614026
32614028
32614029
32614030
32614031
32614034
32614035
32614036
32614037
32614038
32614039
32614040
32614041
32614042
32614043
32614044
32614045
32614047
32614048
32614051
32614052
32614053
32614054
32614055
32614056
32614057
32614058
32614059
32614060
32614061
32614062
32614063
32614064
32614065
32614066
32614067
32614068
32614069
32614070
32614071
32614073
32614074
32614075
32614076
32614078
32614079
32614080
32614081
32614082
32614085
32614086
32614087
32614088
32614089
32614090
32614091
32614092
32614093
32614094
32614095
32614096
32614098
32614099
32614100
32614101
32614102
32614103
32614104
32614105
32614106
32614107
32614108
32614109
32614110
32614111
32614112
32614113
32614114
32614115
32614116
32614117
32614118
32614119
32614120
32614121
32614123
32614124
32614125
32614126
32614129
32614130
32614131
32614132
32614133
32614134
32614135
32614136
32614137
32614138
32614139
32614141
32614142
32614143
32614145
32614146
32614147
32614148
32614149
32614150
32614151
32614154
32614155
32614157
32614158
32614159
32614160
32614162
32614163
32614165
32614166
32614167
32614168
32614170
32614174
32614175
32614176
32614177
32614178
32614179
32614180
32614181
32614182
32614183
32614184
32614185
32614187
32614188
32614189
32614191
32614192
32614193
32614194
32614195
32614196
32614198
32614199
32614200
32614201
32614202
32614203
32614204
32614205
32614206
32614207
32614208
32614209
32614211
32614212
32614213
32614214
32614215
32614216
32614219
32614220
32614221
32614222
32614223
32614224
32614226
32614229
32614231
32614232
32614233
32614235
32614236
32614238
32614239
32614240
32614242
32614243
32614245
32614246
32614247
32614248
32614250
32614251
32614252
32614253
32614254
32614255
32614256
32614258
32614259
32614261
32614262
32614263
32614264
32614265
32614266
32614267
32614268
32614269
32614270
32614271
32614272
32614274
32614275
32614276
32614278
32614279
32614280
32614281
32614282
32614283
32614284
32614285
32614286
32614288
32614289
32614292
32614294
32614295
32614297
32614300
32614303
32614304
32614305
32614306
32614307
32614308
32614309
32614310
32614315
32614316
32614317
32614319
32614320
32614321
32614322
32614323
32614325
32614326
32614327
32614328
32614330
32614332
32614334
32614335
32614336
32614337
32614338
32614339
32614340
32614341
32614342
32614343
32614344
32614345
32614346
32614348
32614349
32614350
32614351
32614352
32614353
32614354
32614355
32614356
32614358
32614359
32614360
32614361
32614363
32614364
32614365
32614366
32614367
32614368
32614369
32614372
32614373
32614374
32614375
32614376
32614377
32614378
32614379
32614381
32614382
32614383
32614384
32614385
32614386
32614387
32614389
32614391
32614392
32614393
32614394
32614395
32614396
32614397
32614398
32614399
32614402
32614403
32614404
32614405
32614406
32614407
32614408
32614409
32614410
32614411
32614412
32614413
32614416
32614417
32614418
32614419
32614420
32614422
32614423
32614424
32614425
32614426
32614427
32614428
32614429
32614430
32614432
32614434
32614435
32614436
32614437
32614438
32614440
32614441
32614442
32614443
32614444
32614445
32614446
32614447
32614448
32614449
32614450
32614451
32614452
32614453
32614454
32614455
32614456
32614457
32614458
32614459
32614460
32614461
32614462
32614465
32614467
32614468
32614469
32614471
32614472
32614473
32614474
32614476
32614477
32614478
32614479
32614480
32614481
32614483
32614484
32614486
32614487
32614488
32614489
32614490
32614491
32614492
32614493
32614494
32614495
32614496
32614497
32614498
32614499
32614500
32614501
32614502
32614503
32614504
32614505
32614506
32614507
32614508
32614509
32614510
32614511
32614512
32614513
32614514
32614517
32614518
32614519
32614520
32614521
32614522
32614523
32614524
32614525
32614526
32614527
32614528
32614529
32614530
32614531
32614532
32614533
32614534
32614535
32614536
32614537
32614538
32614539
32614540
32614541
32614542
32614543
32614544
32614545
32614546
32614547
32614548
32614550
32614552
32614553
32614554
32614557
32614559
32614560
32614561
32614562
32614564
32614565
32614566
32614567
32614569
32614570
32614572
32614573
32614575
32614577
32614578
32614579
32614580
32614581
32614582
32614583
32614584
32614585
32614586
32614588
32614589
32614590
32614591
32614592
32614593
32614594
32614595
32614597
32614598
32614600
32614601
32614602
32614603
32614604
32614605
32614606
32614608
32614609
32614610
32614611
32614612
32614614
32614615
32614616
32614617
32614618
32614619
32614620
32614621
32614623
32614624
32614626
32614627
32614628
32614631
32614632
32614633
32614634
32614636
32614637
32614638
32614639
32614640
32614641
32614642
32614643
32614645
32614646
32614647
32614648
32614649
32614650
32614651
32614652
32614653
32614654
32614655
32614656
32614657
32614658
32614659
32614660
32614661
32614662
32614664
32614665
32614666
32614667
32614669
32614670
32614671
32614672
32614675
32614676
32614677
32614678
32614680
32614681
32614684
32614685
32614686
32614687
32614688
32614690
32614692
32614694
32614695
32614696
32614697
32614698
32614699
32614700
32614702
32614703
32614704
32614705
32614707
32614708
32614709
32614710
32614711
32614712
32614713
32614716
32614717
32614718
32614719
32614720
32614722
32614723
32614724
32614725
32614726
32614728
32614729
32614730
32614731
32614732
32614733
32614734
32614735
32614736
32614738
32614739
32614740
32614741
32614743
32614744
32614745
32614746
32614747
32614748
32614750
32614751
32614752
32614753
32614754
32614756
32614757
32614760
32614761
32614762
32614763
32614764
32614765
32614768
32614770
32614772
32614773
32614774
32614776
32614778
32614780
32614782
32614783
32614784
32614785
32614786
32614787
32614789
32614790
32614792
32614793
32614794
32614795
32614796
32614797
32614799
32614800
32614801
32614804
32614805
32614806
32614807
32614808
32614809
32614811
32614813
32614814
32614815
32614816
32614817
32614818
32614821
32614824
32614825
32614826
32614828
32614830
32614831
32614833
32614834
32614835
32614837
32614839
32614840
32614842
32614843
32614844
32614846
32614847
32614848
32614849
32614850
32614852
32614853
32614854
32614856
32614858
32614859
32614860
32614861
32614862
32614863
32614864
32614865
32614866
32614868
32614869
32614870
32614871
32614874
32614875
32614876
32614878
32614879
32614880
32614881
32614882
32614883
32614884
32614887
32614889
32614890
32614891
32614893
32614894
32614895
32614896
32614898
32614899
32614903
32614905
32614906
32614907
32614908
32614911
32614912
32614913
32614914
32614916
32614917
32614918
32614919
32614920
32614922
32614923
32614924
32614926
32614927
32614928
32614929
32614930
32614931
32614933
32614934
32614935
32614936
32614939
32614940
32614941
32614942
32614943
32614944
32614945
32614947
32614948
32614949
32614950
32614951
32614952
32614953
32614954
32614955
32614956
32614957
32614958
32614959
32614960
32614961
32614962
32614964
32614965
32614966
32614967
32614969
32614970
32614971
32614973
32614974
32614975
32614977
32614978
32614979
32614980
32614981
32614982
32614983
32614984
32614985
32614986
32614987
32614988
32614990
32614991
32614992
32614993
32614994
32614995
32614996
32614997
32614998
32615001
32615002
32615003
32615004
32615005
32615006
32615007
32615008
32615009
32615010
32615012
32615015
32615016
32615017
32615019
32615021
32615022
32615023
32615024
32615025
32615026
32615027
32615028
32615029
32615030
32615031
32615032
32615033
32615034
32615035
32615036
32615037
32615038
32615040
32615041
32615042
32615044
32615045
32615046
32615047
32615049
32615050
32615053
32615054
32615055
32615056
32615061
32615062
32615063
32615066
32615067
32615068
32615069
32615071
32615072
32615073
32615074
32615076
32615077
32615078
32615079
32615080
32615082
32615083
32615084
32615085
32615086
32615088
32615093
32615094
32615095
32615096
32615097
32615099
32615100
32615102
32615103
32615105
32615106
32615107
32615110
32615111
32615112
32615113
32615114
32615115
32615116
32615117
32615118
32615119
32615120
32615121
32615122
32615123
32615124
32615125
32615131
32615132
32615135
32615137
32615139
32615140
32615142
32615143
32615144
32615145
32615147
32615148
32615149
32615150
32615152
32615153
32615154
32615155
32615157
32615158
32615159
32615161
32615163
32615165
32615168
32615170
32615171
32615174
32615178
32615181
32615182
32615183
32615184
32615185
32615186
32615187
32615188
32615189
32615190
32615192
32615195
32615196
32615197
32615198
32615200
32615202
32615203
32615204
32615205
32615206
32615207
32615208
32615209
32615210
32615213
32615214
32615215
32615219
32615220
32615221
32615222
32615224
32615226
32615227
32615228
32615229
32615233
32615235
32615237
32615238
32615239
32615240
32615241
32615242
32615243
32615244
32615246
32615248
32615251
32615253
32615254
32615255
32615257
32615258
32615259
32615260
32615261
32615263
32615264
32615265
32615267
32615269
32615270
32615271
32615275
32615276
32615279
32615281
32615282
32615284
32615286
32615287
32615288
32615290
32615292
32615293
32615295
32615297
32615298
32615299
32615300
32615302
32615303
32615306
32615307
32615308
32615309
32615310
32615311
32615312
32615313
32615314
32615317
32615321
32615323
32615325
32615326
32615328
32615330
32615331
32615332
32615333
32615335
32615337
32615339
32615341
32615342
32615343
32615344
32615346
32615348
32615350
32615353
32615354
32615356
32615357
32615358
32615359
32615363
32615365
32615366
32615368
32615370
32615372
32615373
32615374
32615375
32615376
32615377
32615378
32615379
32615381
32615382
32615383
32615384
32615385
32615386
32615387
32615388
32615389
32615390
32615391
32615393
32615394
32615395
32615396
32615398
32615399
32615400
32615401
32615402
32615403
32615405
32615406
32615408
32615409
32615410
32615413
32615414
32615415
32615416
32615417
32615419
32615420
32615422
32615423
32615424
32615426
32615427
32615428
32615429
32615430
32615431
32615432
32615433
32615434
32615435
32615438
32615439
32615441
32615442
32615444
32615445
32615446
32615448
32615450
32615451
32615452
32615453
32615455
32615456
32615458
32615462
32615463
32615467
32615468
32615469
32615470
32615471
32615472
32615473
32615474
32615475
32615477
32615478
32615480
32615481
32615482
32615484
32615485
32615486
32615487
32615488
32615489
32615490
32615493
32615494
32615497
32615499
32615500
32615501
32615502
32615505
32615506
32615507
32615508
32615509
32615510
32615511
32615513
32615514
32615516
32615517
32615519
32615521
32615522
32615523
32615525
32615527
32615528
32615529
32615530
32615531
32615532
32615533
32615535
32615536
32615537
32615538
32615539
32615540
32615541
32615543
32615545
32615546
32615547
32615549
32615550
32615552
32615553
32615554
32615557
32615558
32615559
32615560
32615561
32615562
32615563
32615564
32615565
32615566
32615567
32615568
32615570
32615571
32615572
32615573
32615574
32615575
32615576
32615577
32615578
32615581
32615582
32615583
32615584
32615586
32615588
32615589
32615590
32615591
32615592
32615593
32615594
32615595
32615597
32615598
32615599
32615600
32615601
32615602
32615603
32615604
32615605
32615606
32615607
32615608
32615609
32615610
32615612
32615613
32615615
32615616
32615617
32615618
32615619
32615620
32615621
32615623
32615625
32615626
32615627
32615628
32615630
32615631
32615632
32615633
32615634
32615635
32615637
32615638
32615639
32615640
32615642
32615644
32615646
32615647
32615648
32615649
32615650
32615651
32615652
32615653
32615655
32615658
32615659
32615661
32615662
32615663
32615664
32615666
32615667
32615668
32615670
32615671
32615673
32615674
32615675
32615676
32615677
32615678
32615679
32615680
32615681
32615682
32615683
32615684
32615685
32615686
32615688
32615689
32615692
32615693
32615694
32615695
32615696
32615699
32615704
32615707
32615709
32615710
32615712
32615713
32615714
32615715
32615716
32615717
32615718
32615721
32615722
32615723
32615725
32615726
32615727
32615728
32615734
32615735
32615738
32615739
32615741
32615742
32615743
32615744
32615745
32615747
32615749
32615751
32615752
32615753
32615754
32615755
32615757
32615758
32615759
32615760
32615761
32615762
32615763
32615764
32615765
32615766
32615767
32615768
32615769
32615770
32615771
32615772
32615773
32615774
32615775
32615777
32615779
32615780
32615781
32615782
32615783
32615784
32615785
32615786
32615788
32615789
32615790
32615792
32615794
32615795
32615796
32615797
32615798
32615799
32615801
32615802
32615803
32615806
32615808
32615810
32615811
32615813
32615814
32615816
32615817
32615818
32615819
32615820
32615821
32615823
32615824
32615825
32615827
32615828
32615830
32615833
32615834
32615836
32615837
32615838
32615839
32615840
32615841
32615843
32615844
32615845
32615846
32615847
32615850
32615851
32615852
32615853
32615854
32615855
32615856
32615857
32615859
32615860
32615861
32615862
32615863
32615864
32615866
32615867
32615868
32615869
32615870
32615871
32615872
32615873
32615874
32615875
32615876
32615877
32615880
32615881
32615882
32615883
32615884
32615885
32615886
32615887
32615888
32615890
32615891
32615892
32615893
32615894
32615895
32615896
32615897
32615900
32615901
32615902
32615903
32615904
32615905
32615908
32615909
32615910
32615911
32615912
32615913
32615914
32615915
32615916
32615917
32615919
32615920
32615921
32615922
32615923
32615924
32615925
32615927
32615928
32615929
32615930
32615931
32615932
32615933
32615935
32615936
32615938
32615940
32615942
32615943
32615944
32615945
32615946
32615947
32615948
32615950
32615951
32615953
32615955
32615956
32615957
32615958
32615959
32615960
32615961
32615962
32615963
32615964
32615966
32615967
32615968
32615969
32615972
32615975
32615976
32615978
32615979
32615981
32615983
32615987
32615988
32615990
32615992
32615993
32615995
32615998
32615999
32616000
32616002
32616005
32616007
32616009
32616010
32616011
32616013
32616014
32616015
32616016
32616020
32616021
32616023
32616024
32616025
32616027
32616028
32616029
32616030
32616031
32616032
32616033
32616035
32616036
32616037
32616038
32616041
32616042
32616043
32616045
32616046
32616048
32616049
32616050
32616052
32616053
32616054
32616055
32616056
32616057
32616058
32616060
32616061
32616062
32616063
32616064
32616066
32616068
32616069
32616070
32616071
32616072
32616073
32616074
32616077
32616078
32616079
32616080
32616082
32616083
32616084
32616085
32616086
32616087
32616088
32616089
32616090
32616091
32616092
32616093
32616094
32616095
32616096
32616097
32616098
32616099
32616100
32616102
32616103
32616104
32616105
32616106
32616108
32616109
32616110
32616111
32616112
32616113
32616114
32616115
32616118
32616120
32616121
32616122
32616123
32616124
32616125
32616127
32616130
32616131
32616132
32616133
32616137
32616138
32616141
32616145
32616148
32616149
32616150
32616151
32616152
32616153
32616154
32616155
32616156
32616158
32616161
32616162
32616165
32616168
32616169
32616170
32616171
32616172
32616173
32616175
32616176
32616177
32616178
32616179
32616183
32616184
32616185
32616186
32616187
32616188
32616189
32616190
32616191
32616192
32616193
32616196
32616197
32616198
32616199
32616201
32616202
32616203
32616205
32616206
32616208
32616209
32616210
32616211
32616212
32616213
32616214
32616216
32616217
32616220
32616222
32616223
32616226
32616227
32616228
32616229
32616230
32616231
32616232
32616234
32616235
32616236
32616238
32616239
32616241
32616243
32616244
32616246
32616247
32616248
32616249
32616250
32616251
32616252
32616255
32616256
32616258
32616259
32616262
32616263
32616264
32616265
32616266
32616267
32616268
32616269
32616271
32616272
32616273
32616274
32616276
32616277
32616278
32616279
32616280
32616281
32616282
32616284
32616286
32616287
32616288
32616289
32616290
32616293
32616294
32616295
32616296
32616297
32616298
32616299
32616300
32616301
32616303
32616305
32616306
32616309
32616310
32616312
32616313
32616314
32616315
32616316
32616317
32616318
32616319
32616320
32616322
32616324
32616325
32616326
32616329
32616330
32616333
32616334
32616335
32616336
32616337
32616338
32616340
32616341
32616342
32616343
32616344
32616346
32616347
32616348
32616349
32616351
32616352
32616353
32616354
32616356
32616357
32616358
32616359
32616361
32616362
32616363
32616364
32616366
32616367
32616368
32616370
32616371
32616374
32616376
32616377
32616378
32616379
32616380
32616381
32616383
32616385
32616386
32616387
32616389
32616391
32616392
32616393
32616395
32616396
32616397
32616399
32616400
32616401
32616402
32616403
32616405
32616407
32616408
32616410
32616411
32616412
32616414
32616415
32616416
32616418
32616419
32616420
32616421
32616422
32616423
32616424
32616425
32616426
32616427
32616428
32616429
32616431
32616433
32616434
32616436
32616437
32616438
32616439
32616440
32616441
32616443
32616444
32616446
32616447
32616448
32616449
32616450
32616452
32616453
32616454
32616455
32616456
32616457
32616459
32616460
32616461
32616462
32616463
32616464
32616465
32616466
32616467
32616468
32616470
32616471
32616472
32616473
32616475
32616476
32616477
32616479
32616480
32616481
32616482
32616485
32616487
32616488
32616489
32616490
32616492
32616493
32616494
32616496
32616497
32616500
32616501
32616503
32616504
32616505
32616506
32616507
32616508
32616511
32616512
32616514
32616516
32616517
32616520
32616521
32616522
32616523
32616524
32616525
32616526
32616527
32616528
32616529
32616530
32616531
32616532
32616533
32616534
32616535
32616536
32616537
32616538
32616539
32616540
32616541
32616542
32616544
32616545
32616546
32616547
32616548
32616549
32616550
32616551
32616552
32616553
32616554
32616556
32616557
32616558
32616559
32616560
32616561
32616562
32616563
32616564
32616565
32616566
32616567
32616568
32616569
32616570
32616572
32616573
32616574
32616575
32616577
32616579
32616580
32616581
32616583
32616584
32616585
32616586
32616587
32616588
32616589
32616591
32616592
32616593
32616594
32616595
32616596
32616597
32616598
32616599
32616600
32616601
32616602
32616603
32616605
32616606
32616608
32616609
32616610
32616611
32616612
32616613
32616616
32616618
32616619
32616620
32616621
32616622
32616623
32616624
32616625
32616626
32616627
32616628
32616629
32616630
32616631
32616633
32616634
32616636
32616637
32616638
32616639
32616641
32616642
32616644
32616645
32616646
32616647
32616648
32616649
32616650
32616651
32616652
32616653
32616654
32616655
32616657
32616658
32616659
32616660
32616661
32616662
32616663
32616664
32616665
32616666
32616667
32616668
32616669
32616670
32616671
32616672
32616674
32616675
32616676
32616677
32616679
32616680
32616681
32616682
32616683
32616684
32616686
32616688
32616689
32616690
32616691
32616692
32616694
32616695
32616697
32616698
32616699
32616701
32616702
32616703
32616704
32616705
32616706
32616707
32616708
32616709
32616710
32616712
32616713
32616714
32616716
32616718
32616719
32616721
32616722
32616723
32616725
32616727
32616729
32616730
32616731
32616732
32616733
32616734
32616735
32616737
32616738
32616739
32616740
32616741
32616743
32616745
32616746
32616749
32616750
32616751
32616752
32616755
32616756
32616757
32616758
32616761
32616762
32616763
32616764
32616765
32616766
32616769
32616770
32616771
32616772
32616774
32616775
32616776
32616777
32616778
32616779
32616780
32616781
32616782
32616784
32616785
32616786
32616787
32616788
32616789
32616790
32616792
32616793
32616795
32616796
32616797
32616798
32616799
32616800
32616802
32616804
32616805
32616806
32616807
32616808
32616809
32616811
32616812
32616813
32616814
32616815
32616816
32616817
32616818
32616819
32616822
32616826
32616828
32616830
32616833
32616835
32616836
32616837
32616839
32616841
32616842
32616844
32616845
32616846
32616848
32616849
32616850
32616852
32616853
32616854
32616856
32616860
32616861
32616862
32616863
32616864
32616865
32616866
32616868
32616869
32616871
32616872
32616874
32616875
32616876
32616877
32616878
32616879
32616880
32616882
32616884
32616885
32616887
32616888
32616889
32616890
32616891
32616892
32616893
32616894
32616895
32616896
32616897
32616899
32616900
32616901
32616903
32616904
32616905
32616907
32616909
32616912
32616913
32616914
32616915
32616916
32616917
32616921
32616922
32616925
32616926
32616927
32616929
32616931
32616933
32616934
32616935
32616936
32616937
32616938
32616940
32616941
32616942
32616944
32616945
32616948
32616949
32616951
32616953
32616954
32616955
32616958
32616959
32616960
32616961
32616963
32616965
32616969
32616970
32616971
32616973
32616974
32616975
32616976
32616977
32616978
32616981
32616982
32616983
32616984
32616985
32616986
32616987
32616988
32616989
32616990
32616991
32616992
32616993
32616994
32616996
32616997
32616998
32616999
32617000
32617001
32617002
32617003
32617004
32617005
32617006
32617007
32617008
32617009
32617010
32617012
32617013
32617014
32617015
32617016
32617018
32617019
32617020
32617022
32617023
32617024
32617025
32617027
32617028
32617029
32617030
32617031
32617032
32617034
32617035
32617038
32617040
32617041
32617042
32617043
32617044
32617046
32617047
32617049
32617050
32617052
32617053
32617054
32617055
32617056
32617057
32617059
32617060
32617061
32617062
32617063
32617066
32617068
32617069
32617070
32617072
32617073
32617075
32617076
32617077
32617080
32617083
32617084
32617085
32617086
32617089
32617090
32617092
32617094
32617096
32617097
32617099
32617100
32617101
32617102
32617105
32617106
32617109
32617110
32617113
32617114
32617116
32617118
32617119
32617120
32617121
32617123
32617124
32617125
32617126
32617128
32617129
32617133
32617134
32617137
32617139
32617140
32617142
32617143
32617144
32617146
32617147
32617148
32617149
32617151
32617152
32617153
32617154
32617156
32617159
32617160
32617163
32617164
32617165
32617166
32617168
32617169
32617170
32617171
32617172
32617175
32617179
32617182
32617184
32617186
32617188
32617190
32617191
32617194
32617195
32617196
32617197
32617200
32617201
32617204
32617205
32617206
32617207
32617209
32617210
32617211
32617212
32617214
32617219
32617221
32617223
32617224
32617228
32617229
32617230
32617232
32617233
32617234
32617235
32617237
32617239
32617240
32617242
32617243
32617245
32617246
32617247
32617248
32617249
32617250
32617252
32617253
32617254
32617255
32617256
32617262
32617263
32617264
32617265
32617266
32617267
32617268
32617270
32617271
32617272
32617273
32617274
32617275
32617276
32617277
32617279
32617280
32617282
32617283
32617284
32617285
32617287
32617288
32617290
32617291
32617296
32617298
32617299
32617300
32617301
32617302
32617303
32617305
32617306
32617308
32617310
32617311
32617312
32617313
32617314
32617315
32617316
32617317
32617318
32617319
32617320
32617322
32617323
32617324
32617325
32617326
32617327
32617328
32617329
32617330
32617331
32617333
32617334
32617335
32617337
32617338
32617339
32617340
32617341
32617342
32617344
32617345
32617346
32617347
32617348
32617351
32617353
32617354
32617355
32617357
32617358
32617359
32617360
32617362
32617363
32617365
32617370
32617371
32617372
32617373
32617374
32617375
32617376
32617377
32617378
32617379
32617380
32617381
32617382
32617383
32617385
32617386
32617387
32617388
32617390
32617391
32617393
32617394
32617395
32617396
32617397
32617398
32617399
32617400
32617401
32617402
32617404
32617405
32617406
32617407
32617408
32617409
32617410
32617411
32617412
32617415
32617417
32617418
32617419
32617420
32617421
32617422
32617424
32617426
32617428
32617430
32617431
32617432
32617433
32617434
32617435
32617436
32617437
32617438
32617439
32617441
32617442
32617443
32617445
32617446
32617448
32617449
32617450
32617451
32617454
32617455
32617456
32617457
32617458
32617459
32617460
32617461
32617463
32617464
32617465
32617467
32617468
32617471
32617472
32617474
32617475
32617476
32617477
32617478
32617479
32617480
32617481
32617482
32617483
32617485
32617486
32617487
32617489
32617490
32617491
32617492
32617494
32617495
32617496
32617497
32617498
32617499
32617500
32617502
32617504
32617506
32617507
32617508
32617509
32617510
32617511
32617513
32617514
32617517
32617520
32617521
32617523
32617525
32617527
32617528
32617529
32617530
32617533
32617534
32617535
32617537
32617539
32617540
32617541
32617542
32617544
32617545
32617547
32617549
32617550
32617551
32617553
32617556
32617559
32617560
32617561
32617563
32617565
32617566
32617567
32617568
32617570
32617571
32617574
32617575
32617576
32617578
32617579
32617581
32617583
32617584
32617586
32617587
32617591
32617592
32617593
32617594
32617595
32617597
32617600
32617601
32617603
32617609
32617610
32617612
32617613
32617618
32617620
32617624
32617625
32617626
32617629
32617630
32617631
32617632
32617633
32617634
32617635
32617636
32617637
32617638
32617641
32617642
32617646
32617647
32617651
32617652
32617653
32617654
32617655
32617656
32617657
32617658
32617659
32617660
32617661
32617662
32617663
32617665
32617667
32617668
32617669
32617671
32617673
32617675
32617676
32617677
32617678
32617680
32617681
32617682
32617684
32617685
32617686
32617687
32617691
32617692
32617693
32617694
32617696
32617699
32617700
32617701
32617702
32617706
32617707
32617709
32617711
32617712
32617714
32617715
32617716
32617718
32617719
32617721
32617723
32617724
32617725
32617728
32617729
32617731
32617733
32617734
32617735
32617740
32617741
32617742
32617744
32617747
32617749
32617750
32617751
32617753
32617754
32617759
32617760
32617761
32617765
32617767
32617770
32617771
32617772
32617774
32617776
32617777
32617779
32617780
32617784
32617786
32617787
32617789
32617792
32617793
32617794
32617798
32617799
32617800
32617802
32617803
32617805
32617807
32617808
32617809
32617810
32617811
32617813
32617814
32617815
32617816
32617818
32617819
32617820
32617821
32617823
32617824
32617825
32617827
32617828
32617829
32617830
32617831
32617833
32617834
32617835
32617836
32617837
32617840
32617841
32617842
32617843
32617846
32617847
32617848
32617850
32617853
32617854
32617856
32617857
32617858
32617860
32617861
32617862
32617863
32617864
32617865
32617866
32617867
32617868
32617869
32617871
32617873
32617874
32617875
32617876
32617878
32617879
32617880
32617881
32617882
32617883
32617886
32617887
32617888
32617889
32617891
32617892
32617893
32617894
32617895
32617896
32617898
32617899
32617901
32617903
32617904
32617905
32617906
32617909
32617911
32617912
32617913
32617914
32617915
32617916
32617917
32617918
32617919
32617920
32617921
32617922
32617923
32617924
32617926
32617927
32617928
32617929
32617930
32617931
32617932
32617933
32617934
32617935
32617936
32617938
32617939
32617940
32617941
32617943
32617944
32617945
32617946
32617947
32617948
32617949
32617950
32617952
32617953
32617954
32617955
32617956
32617957
32617958
32617960
32617961
32617962
32617963
32617966
32617969
32617970
32617971
32617972
32617973
32617974
32617976
32617978
32617980
32617981
32617983
32617984
32617985
32617987
32617993
32617994
32617995
32617998
32617999
32618001
32618002
32618003
32618004
32618005
32618007
32618008
32618010
32618011
32618014
32618015
32618016
32618017
32618018
32618019
32618021
32618022
32618024
32618026
32618028
32618031
32618033
32618034
32618035
32618037
32618039
32618042
32618043
32618045
32618046
32618048
32618051
32618052
32618054
32618055
32618056
32618057
32618058
32618059
32618060
32618061
32618062
32618064
32618067
32618068
32618069
32618071
32618073
32618074
32618075
32618076
32618078
32618081
32618082
32618084
32618085
32618086
32618088
32618089
32618090
32618093
32618095
32618098
32618099
32618100
32618102
32618103
32618104
32618108
32618109
32618111
32618112
32618114
32618115
32618118
32618120
32618121
32618122
32618123
32618124
32618126
32618127
32618129
32618130
32618131
32618132
32618133
32618137
32618138
32618139
32618141
32618142
32618143
32618144
32618147
32618148
32618149
32618150
32618151
32618152
32618153
32618154
32618155
32618156
32618157
32618160
32618161
32618162
32618163
32618164
32618165
32618166
32618167
32618168
32618169
32618170
32618171
32618172
32618173
32618175
32618176
32618177
32618178
32618179
32618180
32618181
32618184
32618185
32618186
32618187
32618188
32618189
32618190
32618191
32618192
32618193
32618194
32618195
32618196
32618197
32618198
32618200
32618201
32618202
32618203
32618204
32618205
32618206
32618207
32618208
32618209
32618210
32618211
32618212
32618213
32618214
32618216
32618217
32618218
32618220
32618221
32618222
32618223
32618224
32618225
32618226
32618228
32618229
32618231
32618232
32618233
32618234
32618235
32618236
32618237
32618239
32618240
32618241
32618243
32618244
32618245
32618246
32618247
32618248
32618249
32618250
32618251
32618252
32618253
32618255
32618256
32618257
32618258
32618259
32618260
32618261
32618263
32618265
32618268
32618269
32618270
32618271
32618272
32618273
32618274
32618276
32618278
32618279
32618281
32618286
32618287
32618288
32618289
32618290
32618291
32618292
32618293
32618294
32618295
32618296
32618297
32618298
32618299
32618300
32618301
32618302
32618303
32618304
32618305
32618307
32618308
32618309
32618310
32618311
32618312
32618313
32618314
32618315
32618316
32618317
32618318
32618319
32618320
32618321
32618323
32618325
32618326
32618327
32618328
32618330
32618331
32618332
32618333
32618334
32618335
32618336
32618338
32618340
32618341
32618342
32618344
32618345
32618346
32618347
32618348
32618349
32618350
32618352
32618354
32618355
32618356
32618357
32618359
32618360
32618361
32618362
32618363
32618364
32618367
32618368
32618369
32618370
32618371
32618374
32618375
32618376
32618377
32618378
32618379
32618380
32618382
32618383
32618384
32618385
32618386
32618387
32618389
32618390
32618392
32618393
32618394
32618395
32618396
32618399
32618400
32618401
32618402
32618403
32618404
32618405
32618406
32618407
32618408
32618409
32618410
32618411
32618412
32618413
32618415
32618416
32618417
32618418
32618419
32618422
32618423
32618424
32618426
32618427
32618428
32618429
32618430
32618431
32618432
32618433
32618435
32618437
32618438
32618439
32618440
32618441
32618443
32618445
32618446
32618447
32618448
32618449
32618450
32618451
32618452
32618453
32618454
32618455
32618456
32618458
32618460
32618461
32618462
32618463
32618465
32618467
32618469
32618470
32618471
32618472
32618473
32618475
32618476
32618478
32618479
32618481
32618482
32618483
32618485
32618486
32618487
32618489
32618490
32618491
32618492
32618493
32618494
32618495
32618496
32618497
32618498
32618499
32618501
32618502
32618503
32618505
32618506
32618507
32618508
32618509
32618511
32618515
32618517
32618518
32618519
32618521
32618522
32618523
32618525
32618526
32618527
32618528
32618529
32618530
32618531
32618532
32618533
32618534
32618535
32618536
32618537
32618538
32618540
32618541
32618542
32618544
32618545
32618546
32618547
32618548
32618549
32618550
32618551
32618552
32618553
32618554
32618555
32618556
32618557
32618558
32618559
32618560
32618562
32618563
32618564
32618565
32618567
32618568
32618569
32618570
32618571
32618572
32618573
32618574
32618575
32618576
32618577
32618578
32618579
32618580
32618581
32618582
32618583
32618584
32618585
32618586
32618587
32618588
32618589
32618590
32618591
32618592
32618593
32618594
32618595
32618596
32618597
32618598
32618599
32618600
32618601
32618602
32618604
32618605
32618606
32618607
32618608
32618609
32618610
32618611
32618614
32618616
32618617
32618618
32618619
32618620
32618621
32618622
32618627
32618628
32618630
32618631
32618633
32618635
32618636
32618638
32618639
32618641
32618642
32618644
32618645
32618646
32618647
32618648
32618649
32618651
32618653
32618654
32618657
32618658
32618659
32618660
32618661
32618664
32618666
32618667
32618670
32618671
32618672
32618675
32618677
32618680
32618681
32618683
32618687
32618689
32618691
32618692
32618695
32618696
32618697
32618698
32618700
32618701
32618702
32618703
32618704
32618705
32618707
32618709
32618711
32618712
32618714
32618715
32618717
32618719
32618723
32618724
32618727
32618731
32618732
32618733
32618734
32618736
32618737
32618738
32618740
32618744
32618745
32618746
32618748
32618749
32618751
32618753
32618757
32618758
32618759
32618760
32618761
32618762
32618764
32618765
32618767
32618768
32618770
32618772
32618773
32618774
32618775
32618776
32618777
32618778
32618779
32618781
32618783
32618784
32618785
32618787
32618788
32618790
32618791
32618793
32618794
32618795
32618797
32618798
32618799
32618800
32618801
32618802
32618803
32618806
32618807
32618808
32618809
32618810
32618812
32618813
32618814
32618815
32618818
32618819
32618820
32618821
32618822
32618824
32618826
32618827
32618828
32618829
32618830
32618832
32618833
32618834
32618835
32618838
32618839
32618840
32618841
32618845
32618846
32618847
32618848
32618849
32618850
32618851
32618852
32618853
32618857
32618859
32618861
32618863
32618864
32618865
32618866
32618867
32618869
32618871
32618872
32618873
32618874
32618875
32618876
32618877
32618880
32618881
32618883
32618884
32618885
32618887
32618888
32618890
32618891
32618893
32618896
32618897
32618898
32618899
32618900
32618902
32618904
32618906
32618907
32618909
32618910
32618913
32618915
32618917
32618918
32618919
32618921
32618923
32618926
32618927
32618928
32618929
32618930
32618931
32618933
32618934
32618937
32618938
32618939
32618940
32618943
32618944
32618945
32618947
32618948
32618949
32618950
32618954
32618955
32618956
32618958
32618959
32618960
32618961
32618963
32618964
32618965
32618966
32618967
32618968
32618969
32618970
32618971
32618972
32618975
32618978
32618979
32618981
32618982
32618983
32618985
32618986
32618987
32618988
32618990
32618991
32618995
32618996
32618997
32619000
32619001
32619002
32619006
32619007
32619009
32619010
32619012
32619013
32619014
32619015
32619016
32619017
32619018
32619019
32619021
32619022
32619023
32619024
32619025
32619026
32619027
32619028
32619030
32619031
32619032
32619033
32619034
32619035
32619036
32619037
32619038
32619039
32619042
32619044
32619046
32619047
32619048
32619049
32619050
32619051
32619052
32619053
32619054
32619055
32619056
32619057
32619058
32619059
32619060
32619061
32619062
32619063
32619064
32619067
32619068
32619071
32619072
32619074
32619075
32619076
32619077
32619078
32619079
32619081
32619082
32619083
32619084
32619085
32619086
32619088
32619090
32619091
32619092
32619093
32619095
32619096
32619097
32619098
32619099
32619100
32619101
32619102
32619103
32619104
32619105
32619106
32619107
32619108
32619109
32619113
32619115
32619116
32619117
32619119
32619120
32619121
32619122
32619123
32619124
32619125
32619126
32619127
32619128
32619130
32619131
32619132
32619134
32619135
32619136
32619137
32619140
32619141
32619142
32619143
32619144
32619145
32619146
32619147
32619148
32619149
32619150
32619151
32619152
32619153
32619154
32619155
32619156
32619157
32619158
32619159
32619160
32619161
32619162
32619163
32619165
32619166
32619167
32619169
32619170
32619173
32619174
32619175
32619176
32619177
32619178
32619179
32619181
32619182
32619183
32619184
32619185
32619186
32619187
32619188
32619189
32619191
32619192
32619193
32619194
32619196
32619197
32619198
32619199
32619200
32619201
32619202
32619204
32619205
32619206
32619207
32619208
32619210
32619211
32619212
32619213
32619214
32619215
32619217
32619218
32619222
32619223
32619224
32619226
32619227
32619228
32619229
32619231
32619232
32619233
32619234
32619236
32619237
32619238
32619240
32619242
32619244
32619246
32619247
32619248
32619251
32619252
32619253
32619254
32619255
32619256
32619258
32619259
32619260
32619261
32619264
32619266
32619268
32619269
32619271
32619272
32619273
32619275
32619277
32619278
32619279
32619280
32619281
32619283
32619284
32619285
32619286
32619287
32619288
32619289
32619290
32619292
32619296
32619298
32619299
32619301
32619303
32619304
32619306
32619307
32619309
32619310
32619313
32619314
32619315
32619316
32619317
32619318
32619319
32619320
32619322
32619325
32619329
32619330
32619331
32619335
32619336
32619337
32619338
32619340
32619341
32619342
32619343
32619344
32619346
32619348
32619349
32619351
32619352
32619353
32619354
32619355
32619356
32619357
32619358
32619360
32619362
32619363
32619364
32619369
32619370
32619371
32619374
32619375
32619377
32619378
32619380
32619382
32619383
32619384
32619385
32619386
32619387
32619388
32619389
32619390
32619391
32619393
32619394
32619396
32619397
32619398
32619399
32619401
32619405
32619406
32619407
32619408
32619410
32619413
32619415
32619417
32619419
32619420
32619421
32619423
32619424
32619425
32619426
32619427
32619428
32619429
32619430
32619432
32619435
32619438
32619439
32619441
32619442
32619443
32619444
32619445
32619447
32619448
32619449
32619450
32619451
32619452
32619454
32619455
32619456
32619457
32619458
32619459
32619461
32619462
32619464
32619465
32619466
32619468
32619469
32619470
32619471
32619473
32619474
32619475
32619476
32619477
32619479
32619480
32619481
32619482
32619483
32619484
32619485
32619486
32619487
32619488
32619489
32619491
32619492
32619493
32619494
32619495
32619496
32619499
32619501
32619502
32619503
32619504
32619505
32619506
32619507
32619509
32619510
32619512
32619513
32619514
32619515
32619516
32619517
32619518
32619519
32619520
32619521
32619522
32619523
32619524
32619527
32619528
32619529
32619530
32619531
32619532
32619536
32619537
32619538
32619539
32619540
32619541
32619542
32619543
32619544
32619545
32619546
32619547
32619548
32619549
32619551
32619553
32619556
32619557
32619558
32619560
32619561
32619562
32619564
32619565
32619566
32619567
32619568
32619570
32619572
32619573
32619575
32619576
32619579
32619580
32619581
32619583
32619584
32619586
32619587
32619589
32619590
32619591
32619592
32619593
32619594
32619595
32619596
32619597
32619600
32619601
32619602
32619603
32619604
32619606
32619607
32619610
32619611
32619613
32619614
32619615
32619616
32619617
32619619
32619621
32619622
32619625
32619628
32619629
32619630
32619632
32619633
32619634
32619635
32619636
32619637
32619638
32619640
32619642
32619643
32619644
32619645
32619646
32619647
32619648
32619649
32619651
32619652
32619653
32619656
32619657
32619658
32619659
32619660
32619661
32619662
32619663
32619665
32619666
32619668
32619669
32619670
32619671
32619672
32619673
32619674
32619675
32619676
32619678
32619680
32619682
32619683
32619684
32619685
32619686
32619687
32619689
32619690
32619691
32619693
32619694
32619695
32619696
32619697
32619698
32619699
32619700
32619701
32619702
32619703
32619704
32619705
32619707
32619710
32619711
32619713
32619715
32619718
32619719
32619720
32619722
32619725
32619726
32619728
32619729
32619730
32619732
32619733
32619734
32619735
32619737
32619738
32619740
32619741
32619742
32619743
32619744
32619745
32619746
32619747
32619748
32619749
32619750
32619752
32619753
32619754
32619755
32619756
32619757
32619758
32619759
32619760
32619761
32619762
32619763
32619764
32619765
32619766
32619767
32619768
32619769
32619770
32619771
32619772
32619773
32619774
32619775
32619776
32619777
32619779
32619780
32619781
32619782
32619783
32619784
32619785
32619786
32619787
32619788
32619789
32619790
32619792
32619794
32619795
32619796
32619797
32619798
32619799
32619800
32619801
32619802
32619803
32619804
32619805
32619806
32619807
32619808
32619809
32619810
32619811
32619812
32619813
32619815
32619816
32619817
32619818
32619820
32619821
32619823
32619824
32619825
32619826
32619827
32619828
32619829
32619830
32619831
32619832
32619833
32619834
32619835
32619836
32619838
32619839
32619840
32619841
32619842
32619843
32619845
32619846
32619847
32619848
32619849
32619850
32619851
32619852
32619853
32619854
32619855
32619857
32619858
32619859
32619860
32619861
32619863
32619866
32619868
32619869
32619870
32619872
32619873
32619874
32619876
32619877
32619878
32619879
32619880
32619881
32619882
32619883
32619885
32619886
32619887
32619889
32619891
32619892
32619893
32619894
32619895
32619896
32619897
32619899
32619900
32619901
32619902
32619903
32619904
32619905
32619906
32619908
32619910
32619911
32619912
32619913
32619914
32619915
32619916
32619918
32619919
32619920
32619921
32619922
32619923
32619925
32619926
32619927
32619928
32619929
32619931
32619932
32619933
32619934
32619935
32619937
32619938
32619939
32619940
32619941
32619942
32619943
32619944
32619945
32619946
32619947
32619948
32619949
32619952
32619953
32619954
32619955
32619956
32619959
32619960
32619961
32619963
32619964
32619965
32619966
32619967
32619968
32619969
32619970
32619971
32619972
32619973
32619974
32619975
32619976
32619977
32619978
32619980
32619981
32619985
32619986
32619987
32619988
32619990
32619991
32619992
32619994
32619995
32619996
32619997
32619998
32619999
32620001
32620002
32620003
32620004
32620005
32620008
32620009
32620010
32620012
32620013
32620014
32620016
32620017
32620019
32620020
32620022
32620023
32620024
32620026
32620027
32620028
32620029
32620030
32620032
32620033
32620035
32620036
32620037
32620038
32620039
32620040
32620042
32620043
32620044
32620045
32620046
32620047
32620049
32620050
32620051
32620053
32620054
32620055
32620056
32620057
32620058
32620060
32620061
32620062
32620064
32620065
32620066
32620067
32620068
32620070
32620072
32620073
32620074
32620075
32620076
32620077
32620078
32620080
32620081
32620082
32620083
32620084
32620085
32620086
32620087
32620088
32620089
32620092
32620093
32620094
32620095
32620096
32620097
32620098
32620100
32620101
32620102
32620104
32620105
32620106
32620107
32620108
32620109
32620110
32620112
32620113
32620114
32620115
32620116
32620117
32620119
32620120
32620121
32620122
32620123
32620124
32620125
32620127
32620128
32620129
32620130
32620131
32620132
32620133
32620135
32620136
32620137
32620138
32620139
32620140
32620141
32620142
32620143
32620145
32620146
32620147
32620149
32620150
32620151
32620152
32620154
32620155
32620156
32620157
32620158
32620159
32620160
32620161
32620162
32620163
32620164
32620165
32620166
32620167
32620168
32620169
32620171
32620172
32620173
32620174
32620176
32620178
32620179
32620180
32620181
32620183
32620184
32620185
32620186
32620187
32620188
32620189
32620190
32620191
32620192
32620195
32620197
32620198
32620200
32620202
32620203
32620204
32620206
32620207
32620208
32620209
32620210
32620211
32620212
32620213
32620216
32620217
32620218
32620220
32620221
32620222
32620223
32620226
32620227
32620229
32620230
32620231
32620232
32620233
32620235
32620236
32620237
32620238
32620239
32620241
32620242
32620244
32620245
32620246
32620247
32620248
32620249
32620250
32620251
32620254
32620256
32620257
32620258
32620259
32620260
32620261
32620262
32620265
32620266
32620267
32620268
32620270
32620271
32620272
32620273
32620274
32620275
32620276
32620277
32620278
32620279
32620280
32620281
32620282
32620283
32620285
32620286
32620288
32620289
32620290
32620291
32620292
32620294
32620295
32620296
32620298
32620299
32620300
32620301
32620302
32620304
32620306
32620307
32620308
32620309
32620310
32620311
32620312
32620313
32620314
32620315
32620316
32620317
32620318
32620319
32620320
32620322
32620323
32620324
32620325
32620326
32620327
32620328
32620329
32620330
32620331
32620332
32620333
32620334
32620335
32620336
32620338
32620339
32620340
32620341
32620342
32620343
32620344
32620346
32620347
32620348
32620350
32620354
32620355
32620356
32620357
32620358
32620359
32620361
32620362
32620363
32620366
32620367
32620368
32620370
32620371
32620373
32620375
32620376
32620377
32620378
32620379
32620381
32620382
32620383
32620384
32620386
32620387
32620388
32620389
32620390
32620391
32620392
32620393
32620394
32620395
32620396
32620397
32620398
32620399
32620400
32620401
32620402
32620403
32620404
32620405
32620406
32620407
32620408
32620409
32620410
32620411
32620412
32620413
32620414
32620415
32620417
32620418
32620420
32620421
32620422
32620424
32620425
32620426
32620427
32620428
32620429
32620430
32620431
32620432
32620434
32620435
32620436
32620437
32620438
32620439
32620440
32620442
32620443
32620444
32620445
32620446
32620447
32620449
32620450
32620451
32620453
32620454
32620455
32620456
32620457
32620458
32620459
32620460
32620461
32620464
32620465
32620466
32620467
32620468
32620469
32620470
32620471
32620472
32620473
32620474
32620475
32620476
32620477
32620478
32620479
32620480
32620481
32620482
32620483
32620484
32620485
32620486
32620488
32620489
32620490
32620491
32620492
32620493
32620495
32620496
32620498
32620499
32620500
32620502
32620503
32620505
32620506
32620507
32620508
32620509
32620510
32620511
32620512
32620513
32620514
32620516
32620517
32620518
32620520
32620521
32620522
32620523
32620524
32620525
32620526
32620527
32620528
32620529
32620530
32620531
32620532
32620533
32620534
32620535
32620536
32620537
32620538
32620540
32620542
32620543
32620544
32620545
32620546
32620548
32620550
32620551
32620552
32620553
32620554
32620555
32620556
32620558
32620560
32620561
32620562
32620563
32620564
32620565
32620566
32620567
32620568
32620569
32620570
32620571
32620572
32620573
32620574
32620575
32620576
32620577
32620578
32620579
32620580
32620581
32620582
32620584
32620585
32620586
32620587
32620588
32620589
32620590
32620591
32620592
32620593
32620594
32620595
32620596
32620597
32620598
32620599
32620600
32620601
32620602
32620603
32620604
32620605
32620606
32620607
32620608
32620609
32620610
32620611
32620612
32620613
32620614
32620615
32620616
32620617
32620618
32620620
32620622
32620623
32620624
32620625
32620626
32620627
32620628
32620629
32620630
32620631
32620632
32620633
32620634
32620635
32620636
32620637
32620638
32620639
32620640
32620641
32620642
32620643
32620644
32620645
32620646
32620647
32620649
32620653
32620654
32620655
32620658
32620659
32620664
32620666
32620668
32620669
32620670
32620671
32620673
32620674
32620675
32620676
32620677
32620678
32620680
32620681
32620682
32620684
32620686
32620687
32620688
32620689
32620690
32620691
32620692
32620693
32620694
32620695
32620698
32620699
32620700
32620701
32620702
32620703
32620705
32620706
32620707
32620708
32620710
32620711
32620713
32620714
32620715
32620716
32620718
32620719
32620720
32620721
32620722
32620724
32620725
32620726
32620727
32620728
32620730
32620732
32620733
32620734
32620736
32620737
32620738
32620739
32620740
32620742
32620743
32620744
32620745
32620747
32620748
32620749
32620750
32620754
32620755
32620756
32620757
32620758
32620759
32620760
32620761
32620762
32620763
32620764
32620765
32620766
32620768
32620769
32620770
32620771
32620772
32620774
32620775
32620777
32620778
32620779
32620780
32620781
32620782
32620783
32620784
32620785
32620786
32620787
32620788
32620789
32620790
32620791
32620792
32620793
32620794
32620795
32620796
32620797
32620798
32620799
32620800
32620801
32620802
32620804
32620806
32620807
32620808
32620809
32620810
32620812
32620813
32620815
32620816
32620817
32620818
32620819
32620821
32620822
32620823
32620824
32620825
32620826
32620827
32620829
32620830
32620831
32620832
32620833
32620834
32620835
32620838
32620839
32620840
32620841
32620843
32620844
32620846
32620847
32620848
32620850
32620851
32620852
32620853
32620855
32620857
32620858
32620859
32620860
32620861
32620864
32620865
32620866
32620867
32620868
32620869
32620870
32620871
32620872
32620874
32620876
32620877
32620878
32620879
32620880
32620882
32620883
32620884
32620885
32620887
32620888
32620889
32620891
32620892
32620893
32620894
32620895
32620897
32620898
32620899
32620900
32620901
32620902
32620903
32620904
32620905
32620906
32620907
32620908
32620909
32620910
32620911
32620912
32620913
32620914
32620915
32620916
32620917
32620918
32620919
32620920
32620921
32620922
32620923
32620924
32620925
32620926
32620927
32620928
32620929
32620930
32620931
32620933
32620934
32620935
32620936
32620937
32620938
32620939
32620940
32620941
32620942
32620944
32620945
32620948
32620949
32620950
32620951
32620952
32620953
32620954
32620955
32620959
32620964
32620966
32620969
32620974
32620978
32620979
32620990
32620997
32620999
32621004
32621005
32621008
32621012
32621013
32621016
32621019
32621020
32621026
32621027
32621029
32621030
32621031
32621033
32621035
32621036
32621037
32621038
32621073
32621076
32621080
32621088
32621093
32621098
32621099
32621100
32621103
32621104
32621110
32621117
32621121
32621123
32621124
32621127
32621128
32621130
32621131
32621132
32621133
32621134
32621136
32621137
32621139
32621140
32621142
32621143
32621144
32621145
32621146
32621147
32621148
32621149
32621150
32621151
32621152
32621153
32621154
32621155
32621157
32621160
32621161
32621162
32621164
32621165
32621167
32621169
32621171
32621175
32621177
32621178
32621181
32621182
32621183
32621184
32621187
32621188
32621189
32621190
32621192
32621194
32621195
32621197
32621198
32621206
32621225
32621227
32621236
32621245
32621250
32621252
32621256
32621264
32621275
32621297
32621301
32621302
32621304
32621305
32621319
32621327
32621328
32621337
32621348
32621361
32621377
32621379
32621408
32621428
32621438
32621445
32621456
32621458
32621460
32621462
32621466
32621469
32621470
32621473
32621474
32621484
32621489
32621499
32621511
32621520
32621524
32621534
32621549
32621551
32621555
32621562
32621571
32621574
32621582
32621590
32621594
32621599
32621614
32621623
32621628
32621639
32621640
32621641
32621645
32621651
32621652
32621655
32621656
32621657
32621661
32621668
32621670
32621677
32621690
32621693
32621695
32621715
32621718
32621735
32621736
32621739
32621745
32621750
32621752
32621756
32621758
32621759
32621770
32621809
32621817
32621818
32621834
32621845
32621849
32621858
32621861
32621875
32621878
32621881
32621888
32621894
32621895