32318335
32315981
32318338
32318340
32318342
32318344
32318345
32320151
32315983
32318347
32318350
32318351
32320152
32314942
32318352
32318354
32320153
32314943
32315985
32314944
32318365
32314945
32315991
32315992
32314950
32315993
32320161
32318398
32318399
32318400
32318401
32315994
32320162
32318402
32315995
32314953
32318409
32318411
32320164
32318412
32314954
32318413
32320165
32314955
32319905
32318422
32314956
32318423
32314957
32320169
32314959
32314960
32320171
32314961
32320257
32320172
32314962
32320173
32314965
32320177
32320260
32314977
32315931
32314377
32314406
32314407
32314410
32314418
32314421
32314425
32314444
32314456
32314463
32314478
32314479
32314480
32314481
32314482
32314484
32314487
32314488
32314489
32314492
32314505
32314510
32314519
32314520
32314526
32314533
32314548
32314561
32314600
32314610
32314617
32314622
32314680
32314727
32314732
32315155
32315156
32315159
32315161
32315165
32315166
32318158
32315171
32315172
32315173
32315174
32315177
32315178
32318161
32315184
32318162
32315187
32315189
32315190
32315191
32315193
32315195
32315196
32315197
32315199
32315200
32315964
32315203
32315204
32315205
32318165
32315207
32315208
32315209
32315210
32315214
32315215
32315216
32315217
32315218
32315222
32315223
32315226
32315228
32315232
32315235
32315237
32315239
32315240
32315243
32315244
32315245
32315246
32315247
32315248
32315251
32318174
32318175
32315254
32315255
32315256
32315257
32315258
32315259
32315260
32315261
32315262
32315264
32315265
32315266
32315267
32315268
32315269
32315273
32315274
32315276
32315279
32318180
32315281
32315282
32315284
32318181
32315286
32315288
32315289
32318182
32315291
32315293
32315294
32318183
32315296
32315297
32315298
32315299
32315300
32315302
32315303
32315304
32315305
32315306
32315307
32315308
32315309
32315310
32315311
32315312
32315313
32315315
32315316
32315317
32315318
32315320
32315321
32315322
32315324
32315325
32315326
32315327
32315328
32315329
32315330
32315331
32315332
32315333
32315334
32315335
32315336
32315337
32315341
32315342
32315343
32315344
32315345
32315346
32315347
32315348
32315349
32315350
32315353
32315354
32315355
32315356
32315358
32315359
32315360
32315363
32315364
32315365
32315366
32315367
32315368
32315369
32315370
32315371
32315372
32315374
32315375
32315376
32315378
32315379
32315380
32315381
32315382
32315383
32315384
32315385
32315386
32315387
32315388
32315389
32315390
32315391
32315392
32315394
32315395
32315396
32315404
32315423
32315426
32315439
32315441
32315442
32315447
32315456
32315457
32315460
32315464
32315466
32315467
32315472
32315475
32315480
32315502
32315505
32315517
32315521
32315525
32315526
32315527
32315530
32315532
32315535
32315536
32315552
32315555
32315556
32315561
32315564
32315603
32315607
32315608
32315613
32315637
32315641
32315645
32315647
32315653
32315654
32315657
32315661
32315663
32315669
32315672
32315676
32315678
32315683
32315684
32315685
32315687
32315690
32315695
32315704
32315706
32315709
32315714
32315716
32315719
32315723
32315734
32315735
32315737
32315738
32315739
32315751
32315752
32315754
32315756
32315759
32315760
32315761
32315762
32315764
32315769
32315776
32315778
32315779
32315780
32315784
32315786
32315788
32315793
32315794
32315800
32315802
32315803
32315805
32315806
32315807
32315809
32315810
32315812
32315815
32315819
32315828
32315834
32315836
32315837
32315839
32315844
32315858
32315866
32315870
32315872
32315874
32315879
32315881
32315882
32315885
32315887
32315889
32315894
32315898
32315900
32315904
32315908
32315909
32315913
32315914
32315916
32315920
32315936
32315937
32315942
32315949
32315954
32315959
32315961
32315963
32315971
32315978
32315984
32315988
32315990
32315996
32315999
32316002
32316012
32316013
32316015
32316017
32316018
32315997
32316019
32316020
32316022
32316023
32316024
32316025
32316027
32316029
32316031
32316032
32316033
32316034
32316035
32316036
32316037
32316038
32316039
32316040
32316042
32315998
32316044
32316045
32316047
32316048
32316049
32316050
32316052
32316055
32316056
32316057
32316058
32316059
32316060
32316061
32316062
32316063
32316064
32316065
32316066
32316067
32316068
32316069
32316070
32316071
32316072
32316073
32316074
32316076
32316077
32316078
32316079
32316080
32316081
32316082
32316083
32316084
32316085
32316087
32316088
32316089
32316090
32316091
32316092
32316093
32316094
32316095
32316096
32316097
32316000
32316099
32316100
32316101
32316103
32316104
32316105
32316106
32316108
32316109
32316110
32316111
32316113
32316114
32316115
32316116
32316117
32316120
32316121
32316124
32316125
32316001
32316127
32316128
32316129
32316130
32316132
32316133
32316134
32316135
32316139
32316140
32316142
32316144
32316146
32316147
32316148
32316149
32316151
32316152
32316153
32316154
32318353
32316156
32316158
32316159
32316160
32316161
32316162
32318355
32316164
32316165
32318356
32316168
32318357
32316170
32319910
32316172
32316173
32316174
32316177
32316178
32316179
32316181
32316003
32316183
32318360
32316185
32316186
32316187
32316188
32316190
32318361
32316193
32316195
32316196
32316197
32316199
32316200
32316201
32316202
32318364
32316205
32316206
32316004
32316207
32316208
32316210
32316211
32316213
32316214
32316215
32316218
32318367
32316222
32318368
32316225
32316228
32316229
32316005
32316232
32316237
32316238
32316239
32316241
32316242
32316243
32316244
32316246
32316247
32318372
32316250
32316251
32316253
32318374
32316255
32316257
32316258
32316259
32316260
32316262
32318375
32316264
32318376
32316266
32316267
32316268
32318377
32316270
32316271
32316273
32316274
32316275
32316276
32316277
32318379
32316280
32316281
32316007
32316282
32316283
32316285
32316286
32316288
32316289
32316290
32316291
32318381
32316294
32316295
32316296
32316297
32316299
32316300
32318383
32316303
32316304
32318384
32316306
32316307
32316308
32316309
32316310
32318385
32316312
32316313
32316315
32318386
32316317
32316318
32316319
32316320
32316321
32316323
32316324
32318387
32316326
32316328
32318388
32316331
32316333
32318390
32316335
32316339
32316346
32316347
32316348
32316350
32316355
32316356
32316010
32316359
32316360
32316363
32316364
32316365
32316367
32318397
32316370
32316371
32316372
32316373
32316374
32316375
32316377
32316378
32316379
32316380
32316011
32316381
32316382
32316383
32316384
32316385
32316386
32316387
32316388
32316389
32316390
32316391
32316392
32316393
32316394
32316396
32316397
32316398
32316399
32316401
32316402
32316403
32316404
32316405
32316406
32316407
32316408
32316409
32316411
32316412
32316416
32316417
32316418
32316419
32316420
32316421
32316422
32316423
32316424
32316426
32316427
32318408
32316429
32316430
32316431
32316432
32316433
32316435
32316436
32316437
32316438
32316439
32316440
32316441
32316442
32316443
32316444
32316445
32316446
32316447
32316448
32316450
32316451
32316452
32316454
32316455
32316456
32316457
32316459
32316460
32316462
32316463
32316465
32316466
32316467
32316468
32316469
32316471
32316472
32316473
32316474
32318417
32318418
32316478
32316479
32316481
32318419
32316483
32316484
32316485
32318421
32316491
32316493
32316495
32316496
32316497
32316498
32316499
32316500
32316501
32316502
32316504
32316505
32316506
32316509
32318424
32316511
32316512
32316514
32316515
32316516
32316517
32316519
32318426
32316521
32316522
32318428
32316524
32316525
32316526
32316528
32316530
32316531
32316532
32316533
32316534
32316535
32318122
32316537
32316538
32316539
32316540
32316542
32318431
32316545
32316547
32316549
32316551
32316552
32316553
32316554
32316556
32316557
32316559
32316560
32316562
32316563
32316565
32316567
32316568
32316573
32316574
32316575
32316576
32316577
32316579
32316581
32316582
32316583
32316586
32316587
32316589
32316590
32316591
32316593
32316594
32316596
32316597
32316598
32316599
32316600
32316602
32316603
32316604
32316605
32316607
32316608
32316609
32316610
32316611
32316612
32316613
32316616
32316617
32319928
32316619
32316620
32316621
32316622
32316623
32316624
32316625
32316626
32316627
32316628
32316629
32316630
32316631
32316633
32316634
32316635
32316637
32316638
32316639
32316640
32316641
32316643
32316644
32316645
32316646
32316647
32316648
32316649
32316650
32316651
32316652
32316653
32316654
32316655
32316656
32316657
32316661
32316662
32316663
32318128
32316666
32316667
32316668
32316669
32316670
32316671
32316672
32316673
32316674
32316675
32316676
32316678
32316680
32316681
32316682
32316683
32316686
32316687
32316688
32316689
32316690
32316692
32316693
32316694
32316695
32316697
32316698
32316699
32316701
32316705
32316706
32316707
32316708
32316709
32316710
32316711
32316712
32316713
32316714
32316715
32316716
32316717
32316718
32316719
32316720
32316722
32316723
32316724
32316725
32316726
32316727
32316728
32316729
32316730
32316731
32316732
32316734
32316735
32316736
32316739
32316741
32316743
32316744
32316746
32316748
32316749
32316750
32316752
32316753
32316755
32316756
32316757
32316759
32316760
32316761
32316762
32316764
32316765
32316766
32316768
32316769
32316770
32316771
32316772
32316773
32316774
32316775
32316776
32316777
32316778
32314998
32316779
32316782
32316784
32316785
32316786
32316788
32316790
32316792
32316793
32316795
32315419
32316797
32316798
32316799
32316800
32316801
32316802
32316803
32316804
32316805
32316806
32316807
32316808
32316809
32316811
32316812
32316813
32316814
32316815
32316816
32316817
32316820
32316821
32316822
32316823
32316824
32316825
32316827
32316828
32316829
32316830
32316834
32316836
32316838
32316839
32316840
32316841
32316843
32316845
32316846
32316847
32316848
32316850
32316852
32316853
32316854
32316855
32316856
32316857
32316858
32316861
32316862
32316863
32316864
32316866
32316867
32316868
32316869
32316870
32316871
32319938
32316873
32316874
32316875
32316876
32316877
32316878
32316880
32316881
32316882
32316883
32316884
32316887
32316888
32316889
32316890
32316891
32316892
32316893
32316896
32316897
32316898
32316899
32316900
32316901
32316902
32318125
32316904
32316905
32316906
32316907
32316908
32316909
32316911
32316912
32316913
32316914
32316916
32316917
32316919
32316921
32316922
32316923
32316924
32316925
32316926
32316927
32316928
32316932
32316933
32316934
32316935
32316936
32316937
32316938
32316939
32316940
32316941
32316942
32316944
32316945
32316946
32316947
32316953
32316955
32316957
32316958
32316961
32316963
32316964
32316965
32316967
32316969
32316970
32316973
32316975
32316977
32316978
32316979
32316980
32316981
32316982
32316983
32316987
32316988
32316990
32316991
32316992
32316996
32316997
32316998
32316999
32317000
32317001
32317002
32317009
32317011
32317012
32317013
32317014
32317015
32317016
32317017
32317018
32317019
32317020
32317022
32317023
32317024
32317025
32317026
32317027
32317028
32317029
32317030
32317031
32318126
32317033
32317034
32317035
32317036
32317037
32317038
32317039
32317040
32317041
32317042
32317044
32317045
32317046
32317047
32317048
32317049
32317050
32317051
32317052
32317053
32317054
32317059
32317060
32317061
32317063
32317066
32317067
32317068
32317069
32317070
32317071
32317073
32317074
32317076
32317077
32317080
32317081
32317082
32317083
32317084
32317085
32317086
32317087
32317088
32317090
32317091
32317092
32317093
32317095
32317096
32317097
32317098
32317099
32317100
32317101
32317102
32317103
32317104
32317106
32317107
32317109
32317110
32317111
32317112
32317113
32317114
32317115
32317116
32317119
32317120
32317121
32317122
32317123
32317126
32317129
32317130
32317131
32317132
32317133
32317134
32317135
32317137
32317138
32317139
32317140
32317142
32317143
32317146
32317148
32317151
32317152
32317153
32317154
32317156
32317157
32317159
32317161
32317162
32317164
32317165
32317166
32317168
32317171
32317172
32317173
32317174
32317176
32317177
32317178
32317179
32317180
32317181
32317182
32317184
32317185
32317186
32317187
32317188
32317189
32317190
32317192
32317193
32317194
32317195
32317196
32317197
32317198
32317199
32317201
32317203
32317204
32317205
32317206
32317207
32317208
32317209
32317210
32317211
32317214
32317215
32317217
32317218
32317219
32317220
32317221
32317223
32317225
32317227
32317228
32317231
32317235
32317236
32317238
32317239
32317244
32317247
32317248
32317250
32317251
32317253
32317254
32317255
32317256
32317257
32317258
32317259
32317262
32317263
32317265
32317266
32317267
32317268
32317269
32317271
32317272
32319954
32317274
32317275
32317276
32317277
32317278
32317279
32317280
32317281
32317282
32317283
32317285
32317286
32317287
32317288
32317289
32317291
32317292
32317293
32317294
32317295
32317296
32317297
32317299
32317300
32317301
32317302
32317303
32317304
32317305
32317306
32317307
32317309
32317310
32317311
32317312
32317313
32317314
32317315
32317317
32317318
32317319
32317321
32317322
32317324
32317325
32317326
32317327
32317328
32317329
32317330
32317331
32317332
32317333
32317334
32317335
32317336
32317337
32317338
32317339
32317340
32317341
32317342
32317343
32317345
32317346
32317348
32317349
32317350
32317351
32317353
32317355
32317356
32317357
32317358
32317359
32317360
32317361
32317362
32317363
32317364
32317366
32317367
32317368
32317369
32317370
32317371
32317372
32317373
32317374
32317375
32317376
32317377
32317378
32317379
32317380
32317381
32317382
32317384
32317385
32317386
32317387
32317390
32317391
32317393
32317394
32317395
32317397
32317398
32317399
32317401
32317402
32317403
32317405
32317406
32317407
32317408
32317409
32317411
32318129
32317413
32317414
32317415
32317417
32317418
32317419
32317420
32317421
32317422
32317426
32317428
32317429
32317430
32317431
32317432
32317433
32317435
32317436
32317437
32317438
32317439
32317440
32317441
32317442
32317443
32317445
32317446
32317447
32317448
32317449
32317450
32317451
32317452
32317453
32317454
32317456
32317457
32317458
32317459
32317460
32317461
32317462
32317464
32317465
32317466
32317467
32317468
32317469
32317470
32317471
32317472
32317473
32317474
32317476
32317477
32317478
32317479
32317480
32317481
32317482
32317484
32317485
32317487
32317488
32317490
32317491
32317492
32317493
32317494
32317495
32317496
32317497
32317498
32317499
32317501
32317503
32317504
32317506
32317507
32317508
32317509
32317510
32317511
32317512
32317514
32317515
32317516
32317517
32317518
32317519
32317520
32317521
32317522
32317523
32317524
32317525
32317526
32317527
32317528
32317529
32317530
32317531
32317533
32317534
32317535
32317536
32317537
32317538
32317539
32317540
32317541
32317542
32317543
32317544
32317545
32317547
32317548
32317552
32317553
32317555
32317561
32317562
32317563
32317564
32317565
32317566
32317572
32317573
32317574
32317575
32317576
32317577
32317578
32317579
32317580
32317581
32317587
32317588
32317590
32317591
32317592
32317594
32317595
32317597
32317599
32317601
32317603
32317604
32317606
32317607
32317610
32317611
32317613
32317618
32317619
32317620
32317624
32317626
32317628
32317629
32317630
32317631
32317632
32317633
32317636
32317638
32317640
32317641
32317644
32317645
32317646
32317647
32317648
32317649
32317651
32317652
32317653
32317654
32318131
32317657
32317658
32317661
32317663
32317664
32317665
32317666
32317668
32317670
32317672
32317673
32317674
32317675
32317678
32317679
32317680
32317681
32317682
32317683
32317684
32317685
32317687
32317689
32317691
32317692
32317693
32317696
32317699
32317700
32317703
32317704
32317705
32317706
32317708
32317710
32317711
32317712
32317715
32317716
32317717
32317718
32317720
32317722
32317723
32317725
32317726
32317727
32317728
32317729
32317730
32317733
32317734
32317735
32317736
32317737
32317738
32317740
32317741
32317742
32317743
32317744
32317746
32317751
32317752
32317753
32317754
32317755
32317756
32317757
32317759
32317760
32317761
32317762
32317763
32317767
32317769
32317770
32317771
32317772
32317773
32317774
32317775
32317776
32317777
32317778
32317779
32317780
32317783
32317784
32317785
32317786
32317787
32317788
32317789
32317791
32317792
32317795
32317796
32317797
32317798
32317799
32317800
32317801
32317802
32317803
32317805
32317807
32317808
32317809
32317810
32317811
32317813
32317814
32317815
32317816
32317817
32317818
32317819
32317820
32317821
32317822
32317824
32317825
32317826
32317827
32317828
32317829
32317830
32317832
32317834
32317835
32317836
32317837
32317838
32317839
32317841
32317842
32317843
32317844
32317845
32317847
32317848
32317849
32317850
32317851
32317852
32317853
32317854
32317855
32317856
32317857
32317858
32317859
32317862
32317863
32317864
32317866
32317867
32317868
32317869
32317872
32317873
32317874
32317875
32317876
32317877
32317878
32317880
32317881
32317883
32317884
32317885
32317888
32317889
32317890
32317891
32317892
32317893
32317894
32317895
32317897
32317899
32317900
32317902
32317903
32318133
32317905
32317906
32317907
32317908
32317909
32317910
32317913
32318130
32317915
32317916
32317917
32317920
32317921
32317922
32317924
32317925
32317926
32317929
32317930
32317932
32317933
32317934
32317935
32317937
32317938
32317939
32317941
32317942
32317944
32317945
32317946
32317947
32317950
32317951
32317954
32317955
32317956
32317957
32317958
32317960
32317961
32317962
32317963
32317964
32317965
32317966
32317967
32317968
32317969
32317970
32317971
32317972
32317973
32317975
32317976
32317977
32317978
32317979
32317980
32317981
32317983
32317985
32317986
32317987
32317989
32317990
32317991
32317992
32317994
32317995
32317996
32317997
32318001
32318002
32318003
32318005
32318006
32318008
32318009
32318010
32318011
32318014
32318015
32318016
32318017
32318019
32318020
32318021
32318024
32318025
32318028
32318029
32318030
32318031
32318034
32318036
32318037
32318038
32318040
32318042
32318044
32318045
32318046
32318047
32318048
32318050
32318053
32318054
32318055
32318057
32318058
32318060
32318062
32318064
32318065
32318068
32318070
32318071
32318072
32318073
32318074
32318076
32318077
32318078
32318079
32318081
32318083
32318084
32318085
32318088
32318090
32318091
32318092
32318094
32318095
32318097
32318098
32318099
32318102
32318103
32318104
32318105
32318106
32318108
32318113
32318114
32318116
32318117
32318119
32318135
32318149
32318150
32318153
32318154
32318156
32318157
32318166
32318168
32318170
32318171
32318173
32318210
32318211
32318214
32318216
32318219
32318221
32318224
32318226
32318241
32318242
32318136
32318279
32318282
32318296
32318299
32318300
32318305
32318306
32318307
32318308
32318341
32318343
32318349
32318370
32318380
32318392
32318393
32318394
32318137
32318395
32318404
32318405
32318407
32318415
32318416
32318425
32318427
32318430
32318433
32318435
32318436
32318437
32318439
32318440
32318441
32318442
32318443
32318445
32318446
32318447
32318449
32318450
32318451
32318452
32318453
32318454
32318456
32318458
32318459
32318460
32318466
32318467
32318469
32318470
32318472
32318473
32318474
32318475
32318476
32318477
32320267
32318479
32318480
32318482
32318483
32318484
32318485
32318486
32318487
32318488
32318489
32320215
32318492
32318493
32318495
32318497
32318500
32318502
32318508
32318509
32318510
32318511
32318512
32318513
32318514
32318515
32318516
32318517
32318518
32318520
32318521
32318522
32318524
32318526
32318527
32318138
32318529
32318531
32318532
32318533
32318534
32318535
32318536
32318538
32318539
32318540
32318541
32318542
32318543
32318546
32318547
32318548
32318550
32318552
32318553
32318554
32318555
32318556
32318557
32318558
32318559
32318560
32318561
32318562
32318563
32318564
32318565
32318566
32318567
32318568
32318569
32318570
32318571
32318572
32318573
32318574
32318575
32318576
32318577
32318578
32318579
32318580
32318581
32318582
32318583
32318585
32318586
32318587
32318589
32318590
32318591
32318592
32318593
32318594
32318596
32318597
32318598
32318599
32318600
32318601
32318602
32318603
32318604
32318605
32318606
32318608
32318609
32318610
32318611
32318613
32318614
32318615
32318616
32318617
32318618
32318619
32318620
32318622
32318624
32318625
32318627
32318628
32318629
32318630
32318631
32318632
32318633
32318634
32318636
32318637
32318638
32318639
32318640
32318641
32318642
32318644
32318645
32318646
32320223
32318648
32318649
32318650
32318139
32318652
32318653
32318654
32318656
32318657
32318658
32318660
32318661
32318662
32318663
32318664
32318665
32318666
32318667
32318668
32318669
32318670
32318672
32318673
32318674
32318675
32318676
32318677
32318678
32318679
32318680
32318681
32318682
32318683
32318684
32318685
32318686
32318687
32318690
32318691
32318692
32318694
32318696
32318697
32318698
32318699
32318701
32318702
32318703
32318704
32318706
32318707
32318709
32318710
32318711
32318712
32318714
32318715
32318716
32318717
32318718
32318719
32318720
32318721
32318722
32318723
32318725
32318726
32318727
32318728
32318729
32318730
32318731
32318734
32318735
32318736
32318737
32318738
32318739
32318740
32318741
32318742
32318743
32318744
32318745
32318746
32318747
32318749
32318750
32318751
32318752
32318753
32318755
32318756
32318757
32318758
32318759
32318761
32318762
32318763
32318764
32318765
32318768
32318769
32318770
32318771
32318772
32318774
32318776
32318777
32318781
32318782
32318783
32318784
32318785
32318787
32318788
32318789
32318790
32318791
32318793
32318795
32318797
32318799
32318800
32318802
32318803
32318808
32318809
32318810
32318811
32318813
32318814
32318818
32318819
32318820
32318821
32318822
32318823
32318824
32318825
32318826
32318827
32318828
32318829
32318830
32318831
32318832
32318833
32318835
32318836
32318837
32318838
32318841
32318842
32318844
32318845
32318847
32318848
32318850
32318851
32318852
32318854
32318855
32318856
32318857
32318858
32318860
32318861
32318862
32318863
32318864
32318865
32318866
32318867
32318868
32318869
32318870
32318871
32318872
32318873
32318874
32318875
32318877
32318878
32318881
32318882
32318884
32318885
32318886
32318887
32318888
32318889
32318890
32318891
32318892
32318893
32318894
32318895
32318896
32318897
32318898
32318899
32318900
32318901
32318904
32318905
32318906
32318907
32318908
32318909
32318910
32318912
32318913
32318914
32318915
32318916
32318917
32318918
32318919
32318920
32318922
32318925
32318927
32318928
32318929
32318930
32318931
32318932
32318933
32318937
32318938
32318939
32318940
32318942
32318943
32318944
32318945
32318946
32318947
32318949
32318950
32318953
32318955
32318956
32318957
32318958
32318959
32318960
32318961
32318962
32318963
32318964
32318965
32318966
32318967
32318968
32318969
32318970
32318972
32318973
32318974
32318975
32318976
32318977
32318978
32318979
32318980
32318981
32318982
32318983
32318984
32318985
32318986
32318987
32318991
32318992
32318993
32318994
32318995
32318997
32318998
32318999
32319000
32319001
32319002
32319003
32319004
32319005
32319006
32319007
32319010
32319011
32319012
32319015
32319016
32319019
32319020
32319021
32319022
32319023
32319028
32319029
32319030
32319031
32319032
32319033
32319034
32319037
32319038
32319040
32319041
32319042
32319043
32319044
32319045
32319046
32319047
32319048
32319049
32319050
32319051
32319052
32319053
32319054
32319055
32319056
32319057
32319058
32319060
32319063
32319064
32319065
32319066
32319068
32319070
32319071
32319072
32319076
32319079
32319081
32319082
32319083
32319085
32319087
32319088
32319089
32319090
32319093
32319094
32319095
32319096
32319098
32319099
32319100
32319101
32320268
32319103
32319104
32319106
32319107
32319108
32319109
32319110
32319112
32319113
32319115
32319116
32319117
32319118
32319119
32319120
32319121
32319122
32319124
32319125
32319126
32319127
32319128
32319129
32319130
32319131
32319132
32319136
32319137
32319138
32319139
32319140
32319141
32319142
32319143
32319145
32319147
32319148
32319149
32319152
32319154
32319156
32319157
32319159
32318132
32319162
32319163
32319165
32319167
32319168
32319169
32319171
32319172
32319173
32319174
32319176
32319177
32319178
32319180
32319181
32319182
32319185
32319186
32319187
32319190
32319191
32319192
32319193
32319195
32319196
32319197
32319198
32319199
32319200
32319202
32319203
32319204
32319205
32319206
32319207
32319208
32319210
32319212
32319213
32319214
32319216
32319217
32319218
32319219
32319220
32319221
32319222
32319223
32319224
32319225
32319226
32319227
32319228
32319229
32319230
32319231
32319232
32319233
32319234
32319236
32319237
32319238
32319240
32319241
32319242
32319243
32319245
32319246
32319247
32319248
32319250
32319252
32319253
32319254
32319255
32319256
32319257
32319258
32319259
32319260
32319262
32319264
32319265
32319268
32319269
32319271
32319272
32319274
32319275
32319276
32319278
32319279
32319281
32319282
32319283
32319285
32319286
32319287
32319288
32319289
32319290
32319291
32319292
32319296
32319299
32319300
32319303
32319304
32319310
32319317
32319318
32319319
32319320
32319322
32319323
32319325
32319330
32319333
32319334
32319335
32319336
32319337
32319338
32319340
32319341
32319342
32319343
32319344
32319345
32319346
32319347
32319350
32319351
32319352
32319353
32319355
32319356
32319358
32319360
32319361
32319362
32319363
32319364
32319365
32319366
32319367
32319369
32319370
32319371
32319372
32319373
32319374
32319375
32319376
32319377
32319378
32319379
32319381
32319383
32319384
32319387
32319388
32319390
32319391
32319394
32319395
32319396
32319397
32319399
32319401
32319404
32319405
32319406
32319407
32319408
32319409
32319410
32319411
32319413
32319415
32319416
32319417
32319418
32319419
32319420
32320229
32319422
32319423
32319426
32319428
32319429
32319430
32319431
32319433
32319435
32319437
32319438
32319439
32319440
32319441
32319442
32319443
32319444
32319445
32319446
32319447
32319448
32319449
32319450
32319451
32319452
32319453
32319454
32319455
32319456
32319457
32319458
32319459
32319460
32319461
32319462
32319463
32319465
32319467
32319468
32319470
32319471
32319472
32319473
32319474
32319475
32319476
32319477
32319478
32319479
32319480
32319481
32319482
32319483
32319484
32319485
32319486
32319487
32319490
32319491
32319494
32319495
32319496
32319497
32319498
32319499
32319500
32319501
32319502
32319503
32319504
32319505
32319506
32319507
32319508
32319509
32319510
32319511
32319512
32319513
32319514
32319515
32319516
32319517
32319518
32319519
32319521
32319524
32319525
32319526
32319527
32319528
32319530
32319532
32319533
32319534
32319535
32319539
32319540
32319541
32319542
32319543
32319544
32319545
32319546
32319547
32319548
32319550
32319551
32319552
32319553
32319555
32319556
32319559
32319560
32319561
32319563
32319564
32319565
32319566
32319567
32319568
32319570
32319571
32319572
32319573
32319575
32319579
32319580
32319581
32319582
32319583
32319584
32319585
32319586
32319587
32319588
32319589
32319590
32319592
32319595
32319596
32319597
32319599
32319601
32319602
32319604
32319605
32319606
32319607
32319608
32319610
32319611
32319612
32319613
32319615
32319616
32319617
32319618
32319619
32319620
32319621
32319622
32319623
32319625
32319626
32319627
32319628
32319629
32319630
32319631
32319633
32319635
32319636
32319637
32319638
32319642
32319643
32319644
32319646
32319647
32319649
32319650
32319651
32319652
32319653
32319654
32319655
32319657
32319658
32319659
32319661
32319662
32319664
32319665
32319666
32319667
32319668
32319669
32319670
32319671
32319672
32319673
32319674
32319675
32319676
32319677
32319679
32319680
32319681
32319682
32319683
32319684
32319685
32319686
32319687
32319688
32319690
32319691
32319693
32319694
32319695
32319696
32319697
32319698
32319699
32319700
32319701
32319702
32319703
32319704
32319705
32319706
32319707
32319708
32319709
32319710
32319711
32319712
32319714
32319715
32319717
32319718
32319719
32319720
32319721
32319722
32319723
32319724
32319725
32319726
32319727
32319728
32319729
32319730
32319731
32319732
32319733
32319734
32319735
32319736
32319737
32319739
32319740
32319741
32319742
32319743
32319745
32319746
32319747
32319748
32319749
32319750
32319752
32319753
32319754
32319756
32319757
32319758
32319759
32319760
32319763
32319764
32319765
32319766
32319767
32319769
32319770
32319771
32319772
32319773
32319774
32319775
32319776
32319777
32319778
32319779
32319780
32319782
32319783
32319784
32319786
32319787
32319788
32319790
32319791
32319792
32319793
32319795
32319797
32319798
32319799
32319800
32319801
32319802
32319805
32319806
32319807
32319808
32319809
32319810
32319811
32319812
32319813
32319814
32319815
32319817
32319818
32319819
32319820
32319821
32319822
32319823
32319824
32319826
32319827
32319828
32319829
32319831
32319832
32319833
32319834
32319835
32319836
32319837
32319838
32319840
32319841
32319842
32319843
32319844
32319846
32319847
32319848
32319849
32319850
32319851
32319852
32319853
32319854
32319855
32319856
32319857
32319858
32319859
32319860
32319862
32319863
32319864
32319865
32319866
32319868
32319869
32319870
32319871
32319872
32319873
32319874
32319875
32319876
32319877
32319878
32319879
32319881
32319882
32319884
32319886
32319887
32319888
32319889
32319890
32319891
32319893
32319894
32319896
32319897
32319899
32319901
32319902
32319903
32319904
32319906
32319908
32319909
32319911
32319912
32319914
32319915
32319916
32319917
32319918
32319919
32319920
32319921
32319922
32319923
32319924
32319925
32319926
32319927
32319929
32319930
32319932
32319933
32319934
32319935
32319936
32319937
32319939
32319940
32319941
32319942
32319943
32319944
32319945
32319946
32319947
32319948
32319950
32319952
32319953
32319955
32319957
32319959
32319960
32319961
32319962
32319963
32319964
32319966
32319967
32319969
32319970
32319971
32319973
32319974
32319975
32319976
32319977
32319978
32319979
32319980
32319982
32319983
32319985
32319986
32319987
32319988
32319989
32319990
32319991
32319992
32319993
32319995
32319996
32319998
32320000
32320001
32320002
32320003
32320004
32320005
32320006
32320008
32320009
32320011
32320012
32320013
32320014
32320015
32320018
32320019
32320021
32320022
32320023
32320024
32320025
32320027
32320028
32320030
32320031
32320032
32320034
32320035
32320036
32320037
32320039
32320040
32320041
32320042
32320043
32315024
32320047
32320048
32320050
32320051
32320052
32320053
32320054
32320055
32320057
32320059
32320060
32320061
32320063
32320065
32320066
32320067
32320068
32320070
32320072
32320073
32320076
32320077
32320078
32320080
32320081
32320134
32320155
32320166
32320167
32320209
32320280
32320282
32320332
32320086
32320119
32320121
32320122
32320123
32320246
32314915
32320126
32314916
32320128
32314918
32320129
32314920
32320130
32314923
32320248
32314924
32314926
32314927
32320139
32320140
32314931
32320142
32314932
32320146
32320147
32320148
32314939
32320149
32320150
32314946
32320157
32320158
32320159
32314949
32314964
32320274
32314966
32314967
32315064
32314968
32314969
32314973
32320183
32314974
32320184
32320185
32314975
32320186
32314976
32320187
32320188
32314978
32320190
32320193
32320194
32320196
32320197
32320199
32320261
32320200
32320201
32318243
32320202
32315065
32320203
32314994
32320205
32314996
32320206
32320263
32315000
32320210
32320211
32320212
32315002
32320213
32315004
32320264
32319880
32319883
32319885
32320216
32320217
32319895
32320218
32319898
32319900
32320219
32319913
32320222
32320225
32318244
32320227
32315066
32320228
32319949
32319951
32315019
32315057
32319956
32315020
32315022
32320233
32315023
32320234
32319981
32320235
32318246
32319984
32320236
32320237
32319994
32320238
32320016
32320239
32315068
32320240
32320242
32320026
32320244
32315060
32320029
32320247
32320045
32320046
32320049
32320271
32315061
32320251
32315041
32318245
32315067
32320252
32320069
32320071
32315043
32320074
32320272
32320079
32320255
32320084
32320087
32320256
32320089
32320090
32320091
32320092
32320093
32320094
32320096
32320098
32320226
32320100
32320101
32320102
32315049
32320259
32320273
32320104
32320105
32320106
32320107
32315050
32320108
32320109
32320112
32315051
32320113
32320114
32320115
32320262
32315052
32320118
32320120
32315053
32320124
32320125
32315054
32320131
32315055
32320265
32320135
32320136
32315056
32320180
32318248
32315116
32315070
32320327
32315117
32315118
32320328
32320329
32315077
32315120
32320330
32315121
32315122
32315123
32315124
32320334
32320288
32315078
32320335
32315129
32315079
32315130
32315133
32320290
32315080
32315135
32315137
32315138
32315081
32315071
32315144
32315145
32318247
32315150
32315152
32315069
32320294
32315084
32320266
32320295
32320296
32315086
32320297
32315087
32315072
32320298
32315088
32320299
32315089
32315090
32320301
32320283
32315091
32318251
32315092
32318218
32320127
32320303
32320304
32318220
32315094
32314378
32314380
32314382
32314383
32314384
32314385
32314386
32320305
32314389
32314390
32315095
32314391
32314392
32314393
32314394
32314396
32314397
32314398
32314399
32314400
32314401
32314402
32314403
32314404
32314408
32314409
32314411
32314412
32314413
32320306
32314414
32314415
32318222
32315096
32314419
32318252
32314422
32314426
32314427
32314428
32314429
32314431
32314432
32314433
32314435
32314436
32314437
32320307
32314440
32315097
32314443
32314445
32314446
32314447
32314448
32315074
32314450
32314452
32314453
32314454
32314458
32314459
32314460
32314461
32320308
32314464
32315098
32314466
32314467
32314468
32314472
32314473
32314474
32314475
32314477
32314483
32314485
32320309
32318225
32314493
32314494
32314495
32314496
32314497
32314498
32314499
32314501
32314502
32314507
32314508
32314513
32320310
32314515
32315100
32314516
32314517
32314522
32314523
32314524
32314525
32314527
32314528
32314530
32314531
32314532
32314537
32314538
32320285
32314539
32315101
32314541
32314544
32314545
32314549
32314550
32314552
32314553
32314555
32314556
32314557
32314558
32314559
32314562
32314564
32318228
32315102
32314565
32314567
32314569
32314571
32314573
32315075
32314574
32314575
32314576
32314577
32314578
32314579
32314580
32314581
32314582
32314583
32314584
32314586
32314588
32314589
32318229
32315103
32314590
32314592
32314593
32314595
32314596
32314597
32314598
32314599
32314601
32314602
32314604
32314605
32314606
32314607
32314608
32314609
32314612
32314613
32314614
32318230
32314615
32314616
32314619
32315104
32314620
32314621
32314623
32314626
32314628
32314629
32314630
32314631
32314632
32314633
32314634
32314635
32314636
32314637
32320315
32314639
32318231
32314640
32314643
32314644
32315105
32314646
32314647
32314648
32314649
32314650
32314651
32314652
32314653
32314654
32314655
32314656
32314657
32314658
32314659
32314660
32314661
32314662
32314663
32318232
32314664
32314665
32314666
32314667
32314669
32315106
32314670
32314671
32314673
32314675
32314676
32314677
32314679
32314681
32314682
32314686
32320317
32314688
32318233
32314689
32314690
32314691
32314693
32315107
32314694
32314695
32314696
32314697
32315076
32314698
32314699
32314701
32314702
32314703
32314704
32314705
32314706
32314707
32314708
32314709
32314710
32314711
32320318
32314712
32314713
32318234
32314714
32314715
32315962
32314717
32314718
32314719
32314721
32314723
32314725
32314726
32314728
32314729
32314730
32314731
32314733
32314734
32314735
32314736
32318235
32314739
32314742
32314743
32314745
32314747
32314748
32314749
32314750
32314753
32314754
32314755
32314756
32314757
32314758
32314759
32314760
32314762
32314764
32314765
32314767
32314768
32315110
32314769
32314770
32314772
32314773
32314774
32314777
32314778
32314780
32314781
32314783
32314784
32314785
32314788
32318237
32314789
32314790
32320321
32314792
32318255
32314793
32314794
32314796
32314797
32314798
32314800
32314801
32314802
32314803
32314806
32314807
32314808
32314809
32314810
32314811
32314812
32314813
32318238
32314814
32314815
32314816
32320322
32314817
32314818
32315112
32314819
32314820
32314821
32314822
32314823
32314824
32314825
32314826
32314827
32314828
32314829
32314831
32314832
32314833
32314835
32314836
32314837
32318239
32314838
32314840
32314841
32320323
32314842
32315113
32314844
32314845
32314846
32314847
32314848
32314849
32314850
32314852
32314853
32318249
32314854
32314856
32314857
32314858
32314860
32314861
32314862
32314863
32314865
32320324
32314866
32314867
32318240
32315114
32314870
32314871
32314872
32314873
32314874
32314875
32314876
32314877
32314878
32314879
32314880
32314881
32314882
32314883
32314885
32314886
32314889
32314890
32320325
32314891
32314892
32315115
32314893
32314894
32314895
32314896
32314897
32314898
32314899
32314900
32314901
32314902
32314903
32314904
32314905
32314906
32314907
32314908
32314909
32314910
32314911
32314913
32314914
32314917
32314919
32314921
32314922
32314925
32314928
32314929
32314933
32314934
32314935
32314937
32314938
32314940
32314941
32314948
32314952
32314958
32314963
32314971
32314972
32314979
32314980
32314985
32314988
32314989
32314991
32314992
32315007
32315008
32315013
32315014
32315015
32315017
32315018
32315025
32315026
32315027
32315028
32315030
32315031
32315032
32315033
32315034
32315035
32315036
32315037
32315038
32315039
32315044
32318253
32318256
32318259
32315397
32315401
32315420
32315445
32315446
32315449
32315421
32315450
32315451
32315452
32315453
32315454
32315422
32315455
32315458
32315459
32315461
32315462
32315463
32315465
32315424
32315468
32315469
32315470
32315474
32315476
32315477
32315479
32315427
32315399
32315482
32315483
32315484
32315485
32315428
32315486
32315487
32315489
32315490
32315491
32315492
32315493
32315139
32315430
32315495
32315496
32315497
32315498
32315499
32315431
32315500
32315501
32315503
32315504
32315432
32315506
32315400
32315507
32315508
32315509
32315510
32315511
32315512
32315513
32315514
32315434
32315515
32315516
32315518
32315519
32315435
32315520
32315522
32315523
32315524
32315436
32315528
32315529
32315531
32315534
32315438
32315537
32318261
32315538
32315539
32315542
32315543
32315544
32315545
32315546
32315547
32315548
32315550
32315551
32315553
32315557
32315558
32315559
32315560
32320241
32315444
32315565
32315566
32315567
32315568
32315142
32315569
32315570
32315571
32315572
32315573
32315574
32315575
32315576
32315579
32315580
32315403
32315581
32315582
32315583
32315584
32315585
32315586
32315587
32315588
32315589
32315590
32315591
32315592
32315593
32315143
32315595
32315596
32315597
32315598
32315599
32315600
32315601
32315925
32315604
32315605
32315610
32315612
32315614
32315615
32315616
32315618
32315619
32315620
32315621
32315622
32315623
32315624
32315625
32315626
32315627
32315628
32315629
32315630
32315405
32315631
32315632
32315633
32315634
32315635
32315638
32315639
32315642
32315643
32315644
32315646
32315648
32315649
32315650
32315651
32315927
32318260
32315655
32315406
32315656
32315658
32315662
32318262
32315665
32315666
32315670
32315674
32315677
32315928
32315686
32315688
32315689
32315691
32315692
32315694
32315696
32315697
32315929
32315707
32315708
32315711
32315717
32315148
32315718
32315720
32315721
32315724
32315725
32315726
32315727
32315930
32315729
32315409
32315730
32315743
32315744
32315745
32315746
32315748
32315749
32315750
32315757
32315766
32315767
32315770
32315771
32315772
32315773
32315774
32315775
32315411
32315781
32315782
32315785
32318263
32315790
32315796
32315082
32315412
32320191
32315813
32315814
32315085
32315816
32315817
32315818
32315820
32315821
32315824
32315826
32315827
32315830
32315831
32315832
32315838
32315841
32315848
32315851
32315852
32315414
32315859
32315860
32315861
32315862
32315865
32315871
32315875
32315876
32315415
32315880
32315883
32315886
32315890
32315891
32315895
32315897
32315901
32315905
32315907
32315917
32315918
32318120
32315923
32315924
32318123
32315938
32315939
32318124
32315952
32315973
32315987
32315989
32318134
32316008
32316009
32316021
32318141
32320275
32316026
32318142
32318144
32316041
32318145
32316046
32316051
32315943
32315944
32316098
32316102
32316107
32316112
32315946
32318163
32318164
32315947
32315948
32318178
32318184
32318185
32318186
32315951
32318188
32318189
32318190
32318191
32318193
32318198
32318199
32318200
32318201
32318202
32318203
32320195
32318205
32318206
32318212
32318215
32318264
32318266
32318269
32318270
32318271
32318272
32318273
32318275
32320137
32318280
32318281
32315417
32318284
32318285
32318287
32318288
32318289
32318291
32318292
32318293
32318294
32318295
32320141
32318309
32320221
32318311
32320144
32318312
32318317
32318318
32318322
32318323
32318325
32318327
32318329
32318331
32318332