30509392
30509393
30509396
30509397
30509399
30509400
30509402
30509403
30509405
30509406
30509407
30509408
30509410
30509411
30509412
30509413
30509415
30509416
30509417
30509418
30509419
30509420
30509421
30509422
30509423
30509424
30509427
30509428
30509429
30509431
30509432
30509435
30509436
30509438
30509439
30509440
30509441
30509442
30509443
30509444
30509446
30509447
30509448
30509449
30509450
30509451
30509452
30509456
30509457
30509458
30509459
30509460
30509461
30509462
30509463
30509464
30509465
30509467
30509468
30509469
30509470
30509471
30509472
30509473
30509475
30509476
30509477
30509478
30509480
30509481
30509482
30509483
30509484
30509485
30509486
30509487
30509489
30509494
30509495
30509497
30509498
30509499
30509500
30509501
30509502
30509503
30509504
30509505
30509507
30509508
30509509
30509510
30509513
30509515
30509518
30509519
30509520
30509521
30509522
30509523
30509525
30509527
30509528
30509532
30509533
30509534
30509535
30509536
30509537
30509538
30509539
30509540
30509541
30509542
30509543
30509545
30509546
30509548
30509549
30509553
30509554
30509555
30509557
30509558
30509559
30509561
30509563
30509564
30509566
30509567
30509568
30509569
30509570
30509571
30509572
30509573
30509574
30509575
30509577
30509579
30509580
30509581
30509584
30509586
30509588
30509589
30509591
30509592
30509593
30509595
30509599
30509600
30509601
30509602
30509603
30509607
30509608
30509609
30509611
30509612
30509614
30509617
30509619
30509620
30509622
30509623
30509624
30509625
30509627
30509628
30509629
30509630
30509631
30509632
30509634
30509635
30509637
30509638
30509639
30509640
30509641
30509643
30509644
30509645
30509646
30509647
30509650
30509651
30509652
30509659
30509660
30509661
30509662
30509675
30509676
30509677
30509681
30509685
30509686
30509688
30509689
30509690
30509693
30509694
30509695
30509696
30509697
30509698
30509703
30509711
30509714
30509717
30509718
30509720
30509722
30509731
30509733
30509734
30509735
30509740
30509742
30509746
30509749
30509750
30509756
30509757
30509758
30509759
30509762
30509763
30509764
30509765
30509769
30509770
30509773
30509774
30509775
30509778
30509779
30509781
30509783
30509784
30509785
30509786
30509787
30509790
30509792
30509794
30509796
30509798
30509799
30509800
30509801
30509802
30509803
30509809
30509811
30509819
30509820
30509821
30509822
30509827
30509828
30509830
30509831
30509833
30509834
30509836
30509837
30509840
30509841
30509843
30509844
30509846
30509848
30509849
30509850
30509852
30509854
30509855
30509856
30509857
30509858
30509864
30509866
30509867
30509869
30509875
30509877
30509879
30509881
30509883
30509888
30509891
30509892
30509893
30509894
30509896
30509897
30509898
30509906
30509908
30509911
30509913
30509914
30509917
30509918
30509919
30509920
30509921
30509922
30509923
30509924
30509928
30509930
30509931
30509935
30509938
30509941
30509942
30509944
30509945
30509946
30509949
30509951
30509953
30509956
30509959
30509960
30509962
30509963
30509964
30509965
30509966
30509969
30509971
30509972
30509973
30509975
30509976
30509978
30509979
30509980
30509982
30509985
30509991
30509993
30509994
30509999
30510001
30510003
30510004
30510005
30510008
30510009
30510011
30510013
30510014
30510015
30510020
30510023
30510029
30510031
30510036
30510038
30510040
30510041
30510042
30510051
30510053
30510054
30510055
30510056
30510058
30510059
30510060
30510064
30510065
30510068
30510070
30510079
30510080
30510081
30510082
30510086
30510087
30510088
30510090
30510091
30510094
30510095
30510097
30510098
30510099
30510120
30510122
30510123
30510125
30510126
30510127
30510128
30510130
30510131
30510135
30510139
30510144
30510148
30510156
30510157
30510159
30510162
30510165
30510167
30510168
30510170
30510172
30510176
30510178
30510182
30510184
30510185
30510186
30510191
30510198
30510199
30510200
30510201
30510204
30510205
30510210
30510211
30510215
30510217
30510220
30510221
30510222
30510223
30510225
30510232
30510233
30510236
30510242
30510245
30510246
30510247
30510250
30510251
30510255
30510260
30510261
30510262
30510264
30510265
30510267
30510269
30510271
30510273
30510275
30510276
30510277
30510284
30510289
30510291
30510299
30510302
30510303
30510304
30510307
30510308
30510309
30510311
30510312
30510313
30510314
30510315
30510316
30510319
30510321
30510323
30510325
30510326
30510328
30510329
30510330
30510332
30510333
30510335
30510336
30510337
30510340
30510341
30510342
30510344
30510349
30510350
30510351
30510352
30510355
30510356
30510358
30510359
30510361
30510362
30510363
30510366
30510367
30510369
30510371
30510372
30510377
30510392
30510393
30510399
30510400
30510401
30510403
30510404
30510405
30510407
30510409
30510410
30510411
30510414
30510415
30510416
30510417
30510420
30510421
30510422
30510423
30510426
30510428
30510429
30510430
30510433
30510438
30510439
30510441
30510442
30510443
30510444
30510456
30510459
30510460
30510467
30510468
30510469
30510471
30510472
30510473
30510477
30510481
30510482
30510483
30510489
30510494
30510495
30510496
30510501
30510502
30510504
30510505
30510509
30510510
30510511
30510512
30510514
30510516
30510517
30510518
30510523
30510529
30510530
30510531
30510535
30510536
30510538
30510539
30510540
30510541
30510542
30510547
30510551
30510554
30510555
30510556
30510557
30510559
30510561
30510562
30510564
30510565
30510566
30510570
30510571
30510575
30510579
30510580
30510585
30510587
30510588
30510589
30510597
30510602
30510604
30510606
30510610
30510611
30510614
30510615
30510617
30510619
30510621
30510622
30510623
30510625
30510631
30510638
30510639
30510641
30510642
30510644
30510648
30510649
30510651
30510657
30510660
30510663
30510664
30510667
30510668
30510671
30510674
30510675
30510676
30510677
30510678
30510679
30510680
30510681
30510684
30510687
30510689
30510691
30510692
30510693
30510696
30510703
30510706
30510708
30510709
30510711
30510715
30510716
30510718
30510719
30510721
30510722
30510726
30510729
30510730
30510733
30510735
30510738
30510739
30510744
30510745
30510746
30510747
30510750
30510751
30510757
30510758
30510765
30510770
30510776
30510777
30510781
30510783
30510784
30510785
30510787
30510790
30510791
30510792
30510793
30510796
30510799
30510800
30510801
30510803
30510804
30510806
30510807
30510810
30510811
30510813
30510814
30510815
30510817
30510818
30510819
30510823
30510824
30510825
30510826
30510832
30510833
30510834
30510836
30510839
30510840
30510841
30510842
30510846
30510847
30510848
30510854
30510857
30510859
30510860
30510862
30510870
30510873
30510874
30510875
30510877
30510880
30510882
30510883
30510886
30510887
30510891
30510893
30510899
30510901
30510902
30510903
30510904
30510908
30510909
30510910
30510911
30510912
30510914
30510915
30510916
30510917
30510918
30510920
30510921
30510924
30510925
30510928
30510929
30510931
30510932
30510933
30510934
30510935
30510936
30510938
30510940
30510941
30510944
30510945
30510949
30510950
30510953
30510954
30510962
30510972
30510973
30510975
30510976
30510978
30510980
30510982
30510984
30510985
30510991
30510994
30510995
30511000
30511003
30511004
30511005
30511006
30511008
30511009
30511014
30511015
30511016
30511019
30511020
30511022
30511023
30511025
30511026
30511027
30511028
30511031
30511032
30511034
30511035
30511036
30511037
30511038
30511039
30511040
30511041
30511042
30511043
30511045
30511046
30511047
30511048
30511049
30511050
30511052
30511054
30511055
30511056
30511058
30511059
30511060
30511061
30511062
30511064
30511066
30511067
30511068
30511069
30511071
30511072
30511074
30511075
30511076
30511077
30511079
30511080
30511081
30511082
30511083
30511085
30511089
30511090
30511091
30511092
30511094
30511095
30511096
30511098
30511102
30511103
30511106
30511107
30511109
30511111
30511112
30511113
30511115
30511116
30511120
30511121
30511123
30511127
30511129
30511130
30511131
30511132
30511133
30511135
30511137
30511138
30511139
30511140
30511141
30511142
30511143
30511144
30511145
30511146
30511149
30511150
30511151
30511152
30511153
30511154
30511157
30511158
30511159
30511160
30511162
30511163
30511168
30511169
30511172
30511173
30511176
30511179
30511180
30511182
30511183
30511184
30511185
30511186
30511188
30511189
30511190
30511191
30511192
30511193
30511197
30511198
30511201
30511203
30511207
30511209
30511211
30511212
30511213
30511216
30511217
30511218
30511219
30511221
30511223
30511224
30511225
30511226
30511227
30511230
30511231
30511232
30511233
30511234
30511236
30511237
30511240
30511241
30511242
30511244
30511245
30511246
30511248
30511250
30511251
30511253
30511255
30511258
30511259
30511261
30511264
30511266
30511268
30511269
30511270
30511271
30511272
30511273
30511275
30511276
30511278
30511280
30511281
30511282
30511283
30511284
30511285
30511288
30511290
30511291
30511292
30511297
30511300
30511302
30511304
30511305
30511307
30511308
30511309
30511310
30511311
30511312
30511313
30511317
30511318
30511319
30511320
30511323
30511324
30511325
30511326
30511327
30511328
30511333
30511334
30511335
30511336
30511338
30511339
30511344
30511345
30511346
30511347
30511349
30511352
30511353
30511354
30511356
30511357
30511359
30511361
30511362
30511363
30511364
30511365
30511368
30511369
30511371
30511373
30511377
30511378
30511379
30511380
30511381
30511383
30511384
30511385
30511386
30511394
30511395
30511397
30511399
30511403
30511404
30511406
30511407
30511409
30511410
30511411
30511412
30511414
30511415
30511417
30511421
30511425
30511426
30511427
30511432
30511435
30511439
30511442
30511444
30511445
30511449
30511452
30511454
30511455
30511462
30511465
30511468
30511470
30511472
30511473
30511474
30511476
30511479
30511480
30511481
30511482
30511483
30511484
30511485
30511486
30511487
30511488
30511490
30511493
30511494
30511499
30511501
30511502
30511504
30511505
30511506
30511507
30511508
30511509
30511510
30511512
30511514
30511516
30511517
30511518
30511519
30511522
30511532
30511534
30511536
30511537
30511539
30511541
30511542
30511543
30511546
30511547
30511548
30511550
30511552
30511553
30511554
30511555
30511556
30511559
30511562
30511563
30511564
30511565
30511566
30511569
30511570
30511572
30511575
30511576
30511577
30511578
30511579
30511581
30511585
30511591
30511592
30511593
30511594
30511595
30511596
30511597
30511598
30511601
30511602
30511603
30511607
30511609
30511610
30511611
30511613
30511614
30511617
30511618
30511622
30511628
30511633
30511635
30511636
30511639
30511641
30511642
30511643
30511644
30511647
30511649
30511652
30511653
30511654
30511655
30511659
30511660
30511661
30511662
30511664
30511665
30511667
30511668
30511669
30511671
30511672
30511673
30511674
30511675
30511676
30511678
30511680
30511681
30511683
30511684
30511686
30511688
30511689
30511691
30511692
30511693
30511694
30511695
30511696
30511697
30511698
30511700
30511703
30511704
30511705
30511706
30511708
30511709
30511710
30511713
30511714
30511716
30511717
30511719
30511720
30511722
30511723
30511724
30511725
30511727
30511728
30511729
30511731
30511732
30511733
30511734
30511735
30511736
30511737
30511740
30511741
30511742
30511743
30511744
30511746
30511747
30511748
30511749
30511750
30511751
30511752
30511753
30511757
30511758
30511759
30511760
30511761
30511762
30511763
30511766
30511768
30511769
30511770
30511771
30511772
30511774
30511775
30511776
30511777
30511778
30511779
30511780
30511781
30511783
30511784
30511785
30511786
30511787
30511788
30511789
30511790
30511791
30511792
30511793
30511794
30511795
30511796
30511797
30511799
30511800
30511801
30511802
30511803
30511806
30511808
30511809
30511813
30511818
30511820
30511821
30511822
30511823
30511824
30511825
30511827
30511828
30511829
30511830
30511831
30511832
30511833
30511835
30511836
30511837
30511838
30511841
30511842
30511843
30511844
30511846
30511847
30511848
30511850
30511851
30511852
30511853
30511855
30511856
30511857
30511858
30511859
30511860
30511863
30511864
30511865
30511866
30511867
30511868
30511869
30511870
30511871
30511872
30511873
30511874
30511875
30511877
30511878
30511879
30511880
30511882
30511883
30511884
30511886
30511887
30511891
30511892
30511893
30511895
30511896
30511900
30511901
30511902
30511903
30511907
30511908
30511917
30511918
30511919
30511925
30511926
30511928
30511930
30511932
30511933
30511934
30511935
30511936
30511938
30511939
30511940
30511944
30511945
30511946
30511948
30511949
30511950
30511951
30511954
30511955
30511956
30511957
30511959
30511963
30511964
30511965
30511966
30511968
30511969
30511970
30511973
30511974
30511977
30511978
30511980
30511981
30511983
30511984
30511985
30511987
30511988
30511989
30511990
30511991
30511992
30511993
30511994
30511995
30511996
30511997
30511998
30511999
30512001
30512002
30512003
30512005
30512006
30512008
30512009
30512010
30512011
30512012
30512013
30512014
30512016
30512018
30512020
30512022
30512024
30512026
30512028
30512029
30512031
30512034
30512035
30512037
30512038
30512039
30512040
30512041
30512043
30512044
30512046
30512047
30512048
30512049
30512051
30512052
30512054
30512055
30512057
30512058
30512059
30512060
30512061
30512062
30512063
30512064
30512065
30512066
30512067
30512070
30512071
30512076
30512077
30512078
30512079
30512082
30512083
30512084
30512086
30512087
30512090
30512091
30512092
30512093
30512094
30512099
30512100
30512101
30512103
30512104
30512106
30512107
30512108
30512109
30512110
30512111
30512112
30512113
30512115
30512116
30512118
30512120
30512121
30512123
30512124
30512128
30512129
30512134
30512135
30512136
30512139
30512141
30512144
30512146
30512147
30512149
30512150
30512151
30512152
30512153
30512155
30512157
30512158
30512162
30512163
30512164
30512165
30512167
30512168
30512169
30512171
30512172
30512173
30512174
30512176
30512177
30512178
30512179
30512181
30512182
30512183
30512185
30512186
30512187
30512188
30512193
30512195
30512196
30512197
30512198
30512199
30512200
30512201
30512202
30512203
30512204
30512208
30512210
30512211
30512212
30512214
30512217
30512218
30512219
30512220
30512223
30512224
30512226
30512227
30512231
30512235
30512236
30512237
30512240
30512242
30512244
30512245
30512251
30512253
30512255
30512256
30512259
30512262
30512269
30512273
30512274
30512275
30512278
30512287
30512288
30512290
30512292
30512300
30512306
30512312
30512318
30512320
30512335
30512337
30512338
30512339
30512341
30512342
30512343
30512344
30512346
30512347
30512349
30512350
30512351
30512352
30512354
30512355
30512356
30512357
30512359
30512360
30512364
30512368
30512371
30512372
30512374
30512375
30512376
30512378
30512379
30512382
30512384
30512385
30512386
30512388
30512392
30512394
30512395
30512396
30512399
30512411
30512412
30512414
30512416
30512417
30512430
30512431
30512432
30512434
30512444
30512446
30512447
30512448
30512449
30512453
30512454
30512463
30512471
30512474
30512475
30512476
30512480
30512481
30512482
30512485
30512487
30512488
30512492
30512494
30512496
30512497
30512499
30512500
30512501
30512503
30512504
30512506
30512507
30512509
30512510
30512513
30512515
30512516
30512517
30512518
30512519
30512520
30512522
30512524
30512528
30512529
30512533
30512534
30512536
30512537
30512542
30512543
30512544
30512546
30512551
30512556
30512557
30512558
30512559
30512564
30512572
30512574
30512581
30512587
30512591
30512593
30512596
30512602
30512604
30512608
30512610
30512611
30512612
30512613
30512618
30512619
30512620
30512622
30512625
30512626
30512629
30512635
30512636
30512637
30512638
30512639
30512641
30512642
30512644
30512645
30512656
30512657
30512658
30512659
30512664
30512665
30512667
30512668
30512669
30512672
30512673
30512674
30512676
30512677
30512680
30512686
30512687
30512688
30512689
30512696
30512698
30512703
30512705
30512706
30512709
30512710
30512711
30512713
30512714
30512715
30512721
30512724
30512726
30512727
30512729
30512736
30512741
30512743
30512744
30512745
30512754
30512755
30512757
30512759
30512761
30512762
30512763
30512764
30512766
30512770
30512772
30512774
30512775
30512776
30512777
30512778
30512783
30512785
30512786
30512787
30512791
30512793
30512796
30512797
30512801
30512805
30512810
30512811
30512812
30512816
30512817
30512818
30512820
30512821
30512823
30512824
30512825
30512833
30512834
30512835
30512838
30512841
30512843
30512849
30512854
30512855
30512859
30512862
30512864
30512865
30512876
30512883
30512886
30512887
30512890
30512894
30512895
30512898
30512902
30512903
30512905
30512907
30512908
30512911
30512912
30512915
30512923
30512924
30512925
30512929
30512930
30512931
30512932
30512933
30512934
30512935
30512936
30512937
30512938
30512939
30512942
30512943
30512951
30512953
30512956
30512960
30512963
30512968
30512972
30512973
30512980
30512982
30512985
30512986
30512987
30512990
30512991
30512993
30512997
30513000
30513002
30513004
30513005
30513006
30513007
30513008
30513009
30513010
30513013
30513014
30513015
30513018
30513019
30513024
30513026
30513028
30513031
30513032
30513034
30513036
30513037
30513040
30513041
30513042
30513043
30513046
30513047
30513048
30513049
30513050
30513053
30513054
30513058
30513059
30513062
30513066
30513068
30513069
30513070
30513071
30513074
30513076
30513078
30513081
30513083
30513084
30513087
30513088
30513090
30513091
30513093
30513095
30513097
30513098
30513100
30513102
30513108
30513111
30513112
30513115
30513117
30513118
30513121
30513124
30513125
30513126
30513128
30513131
30513135
30513136
30513138
30513142
30513143
30513146
30513150
30513151
30513152
30513155
30513161
30513162
30513168
30513171
30513175
30513180
30513182
30513186
30513188
30513189
30513194
30513195
30513201
30513202
30513204
30513205
30513209
30513211
30513212
30513213
30513214
30513217
30513218
30513222
30513223
30513224
30513227
30513233
30513235
30513236
30513237
30513238
30513251
30513252
30513253
30513255
30513256
30513257
30513268
30513269
30513270
30513271
30513274
30513275
30513279
30513281
30513284
30513285
30513287
30513290
30513291
30513292
30513293
30513297
30513299
30513301
30513303
30513306
30513308
30513312
30513314
30513316
30513318
30513322
30513329
30513337
30513338
30513339
30513347
30513349
30513351
30513352
30513357
30513359
30513364
30513373
30513377
30513382
30513384
30513386
30513390
30513391
30513392
30513393
30513394
30513395
30513396
30513397
30513398
30513416
30513418
30513420
30513422
30513423
30513424
30513426
30513437
30513443
30513445
30513446
30513448
30513449
30513450
30513451
30513452
30513453
30513455
30513457
30513458
30513460
30513466
30513467
30513469
30513470
30513479
30513481
30513486
30513488
30513489
30513490
30513510
30513512
30513514
30513515
30513524
30513528
30513529
30513530
30513532
30513534
30513535
30513539
30513540
30513542
30513543
30513547
30513554
30513556
30513557
30513559
30513560
30513562
30513563
30513564
30513566
30513567
30513570
30513572
30513573
30513575
30513590
30513591
30513593
30513595
30513599
30513600
30513602
30513604
30513605
30513606
30513607
30513609
30513610
30513612
30513618
30513621
30513622
30513623
30513624
30513627
30513632
30513636
30513637
30513643
30513645
30513647
30513661
30513663
30513668
30513680
30513682
30513684
30513686
30513687
30513688
30513689
30513691
30513692
30513693
30513694
30513696
30513700
30513701
30513702
30513709
30513712
30513714
30513719
30513723
30513725
30513726
30513727
30513732
30513733
30513737
30513744
30513745
30513746
30513751
30513759
30513760
30513763
30513764
30513765
30513766
30513767
30513775
30513776
30513777
30513778
30513781
30513783
30513784
30513786
30513790
30513793
30513795
30513797
30513799
30513800
30513801
30513802
30513804
30513809
30513815
30513816
30513823
30513825
30513836
30513838
30513840
30513841
30513843
30513844
30513846
30513849
30513851
30513852
30513856
30513860
30513868
30513869
30513874
30513875
30513879
30513880
30513881
30513883
30513885
30513886
30513887
30513888
30513889
30513891
30513901
30513902
30513906
30513910
30513912
30513915
30513917
30513918
30513919
30513921
30513924
30513925
30513926
30513928
30513929
30513930
30513932
30513936
30513939
30513940
30513941
30513942
30513943
30513944
30513945
30513946
30513949
30513951
30513953
30513954
30513959
30513962
30513966
30513967
30513970
30513979
30513982
30513986
30513992
30513996
30514004
30514016
30514017
30514020
30514021
30514022
30514025
30514028
30514038
30514043
30514048
30514052
30514059
30514061
30514070
30514072
30514076
30514077
30514078
30514080
30514083
30514084
30514085
30514087
30514093
30514094
30514098
30514099
30514102
30514106
30514108
30514109
30514120
30514121
30514122
30514128
30514131
30514132
30514134
30514141
30514144
30514147
30514148
30514152
30514153
30514166
30514170
30514172
30514174
30514177
30514182
30514189
30514190
30514193
30514196
30514198
30514203
30514204
30514206
30514207
30514209
30514210
30514216
30514217
30514218
30514219
30514223
30514224
30514225
30514227
30514229
30514230
30514231
30514232
30514234
30514235
30514237
30514238
30514239
30514240
30514248
30514250
30514251
30514254
30514257
30514258
30514260
30514261
30514263
30514265
30514269
30514275
30514276
30514280
30514283
30514284
30514286
30514288
30514289
30514293
30514295
30514302
30514306
30514307
30514310
30514312
30514315
30514317
30514320
30514321
30514323
30514326
30514327
30514329
30514330
30514332
30514334
30514335
30514339
30514340
30514341
30514345
30514346
30514347
30514349
30514350
30514351
30514354
30514355
30514358
30512017
30514375
30514378
30514380
30514386
30514387
30514388
30514391
30514393
30514398
30514399
30514401
30514405
30512025
30514407
30514410
30514412
30514423
30514424
30514427
30514428
30514431
30514433
30514434
30514437
30514445
30514446
30514448
30514449
30514450
30514452
30514454
30514455
30514458
30512069
30512072
30512075
30512080
30512081
30512085
30512189
30512191
30512192
30512205
30512301
30512345
30512348
30521123
30521125
30521126
30521127
30521128
30521129
30521130
30521131
30521132
30521133
30521134
30521136
30521137
30521138
30521142
30521143
30521145
30521147
30521148
30521149
30521150
30521151
30521154
30521155
30521156
30521158
30521159
30521160
30521161
30521162
30521163
30521165
30521166
30521169
30521170
30521172
30521175
30521176
30521178
30521180
30521181
30521182
30521183
30521184
30521185
30521187
30521188
30521189
30521190
30521191
30521192
30521193
30521195
30521198
30521199
30521200
30521201
30521202
30521203
30521204
30521205
30521206
30521207
30521210
30521211
30521212
30521213
30521214
30521215
30521216
30521219
30521220
30521221
30521222
30521223
30521224
30521225
30521226
30521227
30521229
30521231
30521232
30521233
30521234
30521235
30521236
30521237
30521238
30521239
30521240
30521241
30521242
30509394
30509414
30509425
30509426
30509430
30509434
30509437
30509466
30509479
30509488
30509492
30509493
30509512
30509514
30509517
30509530
30509551
30509556
30509560
30509565
30509576
30509582
30509585
30509594
30509597
30509605
30509610
30509621
30509642
30509654
30509657
30509658
30509667
30509669
30509670
30509674
30509678
30509692
30509704
30509709
30509710
30509723
30509726
30509728
30509741
30509743
30509754
30509755
30509767
30509776
30509791
30509808
30509813
30509825
30509826
30509832
30509845
30509847
30509859
30509862
30509863
30509871
30509872
30509874
30509876
30509878
30509886
30509901
30509904
30509905
30509926
30509934
30509936
30509957
30509961
30509983
30509987
30510022
30510047
30510048
30510067
30510071
30510077
30510092
30510093
30510103
30510109
30510110
30510114
30510115
30510117
30510121
30510129
30510134
30510138
30510140
30510141
30510143
30510147
30510151
30510152
30510154
30510160
30510163
30510174
30510177
30510189
30510190
30510197
30510214
30510228
30510229
30510235
30510240
30510241
30510244
30510252
30510257
30510281
30510287
30510288
30510293
30510317
30510346
30510357
30510364
30510374
30510383
30510396
30510397
30510434
30510437
30510446
30510448
30510453
30510455
30510465
30510486
30510497
30510508
30510513
30510521
30510525
30510534
30510550
30510567
30510577
30510578
30510584
30510590
30510600
30510609
30510620
30510629
30510630
30510636
30510646
30510654
30510656
30510662
30510665
30510670
30510673
30510682
30510685
30510694
30510695
30510699
30510701
30510702
30510710
30510743
30510748
30510755
30510756
30510762
30510771
30510778
30510780
30510789
30510831
30510849
30510853
30510856
30510866
30510895
30510898
30510913
30510922
30510927
30510939
30510956
30510961
30510968
30510970
30510974
30510979
30510981
30510997
30511007
30511012
30511013
30511030
30511065
30511073
30511084
30511088
30511100
30511110
30511117
30511119
30511136
30511155
30511156
30511175
30511195
30511196
30511202
30511205
30511208
30511210
30511214
30511220
30511238
30511303
30511322
30511372
30511376
30511382
30511392
30511396
30511398
30511405
30511430
30511450
30511457
30511458
30511477
30511478
30511521
30511529
30511533
30511538
30511545
30511549
30511558
30511561
30511567
30511568
30511571
30511573
30511580
30511584
30511587
30511589
30511600
30511605
30511606
30511615
30511621
30511623
30511626
30511627
30511632
30511640
30511650
30511657
30511685
30511690
30511701
30511715
30511721
30511726
30511739
30511755
30511765
30511782
30511804
30511805
30511811
30511816
30511826
30511834
30511862
30511881
30511889
30511898
30511905
30511913
30511914
30511916
30511922
30511924
30511929
30511958
30511962
30511971
30511976
30511979
30512000
30512004
30512007
30512021
30512023
30512030
30512032
30512042
30512056
30512074
30512095
30512098
30512126
30512127
30512131
30512138
30512142
30512161
30512175
30512190
30512206
30512216
30512230
30512233
30512238
30512241
30512243
30512249
30512250
30512252
30512265
30512268
30512270
30512272
30512284
30512285
30512299
30512305
30512310
30512316
30512317
30512319
30512322
30512328
30512332
30512334
30512366
30512367
30512373
30512381
30512391
30512398
30512404
30512407
30512409
30512410
30512424
30512426
30512428
30512440
30512442
30512443
30512452
30512459
30512468
30512469
30512470
30512489
30512493
30512531
30512541
30512545
30512547
30512548
30512549
30512563
30512565
30512568
30512570
30512580
30512582
30512583
30512589
30512595
30512601
30512615
30512631
30512633
30512640
30512652
30512653
30512655
30512660
30512663
30512671
30512679
30512682
30512693
30512695
30512697
30512700
30512719
30512723
30512732
30512751
30512752
30512756
30512773
30512782
30512809
30512829
30512848
30512871
30512872
30512879
30512880
30512893
30512897
30512909
30512919
30512922
30512949
30512955
30512957
30512964
30512970
30512977
30512983
30512996
30513012
30513045
30513052
30513063
30513065
30513073
30513079
30513085
30513110
30513113
30513114
30513123
30513137
30513156
30513170
30513174
30513176
30513179
30513185
30513193
30513198
30513219
30513231
30513243
30513249
30513305
30513319
30513327
30513376
30513388
30513409
30513410
30513413
30513432
30513434
30513436
30513474
30513475
30513493
30513495
30513499
30513503
30513504
30513506
30513517
30513522
30513538
30513552
30513553
30513558
30513578
30513581
30513583
30513585
30513587
30513588
30513598
30513630
30513634
30513639
30513641
30513646
30513648
30513654
30513655
30513656
30513659
30513662
30513665
30513667
30513669
30513679
30513703
30513708
30513716
30513722
30513729
30513734
30513743
30513748
30513755
30513757
30513758
30513762
30513768
30513770
30513773
30513774
30513785
30513806
30513811
30513814
30513820
30513830
30513833
30513835
30513848
30513854
30513863
30513867
30513873
30513897
30513898
30513907
30513922
30513934
30513935
30513938
30513947
30513958
30513960
30513963
30513965
30513977
30513984
30513990
30513994
30513995
30513997
30514001
30514003
30514008
30514011
30514012
30514014
30514015
30514034
30514037
30514042
30514045
30514066
30514075
30514090
30514092
30514096
30514115
30514119
30514126
30514129
30514130
30514136
30514139
30514151
30514157
30514160
30514161
30514163
30514185
30514192
30514200
30514201
30514202
30514212
30514213
30514214
30514215
30514242
30514244
30514245
30514246
30514252
30514255
30514273
30514277
30514292
30514298
30514301
30514303
30514314
30514325
30514338
30514342
30514361
30514365
30514366
30514371
30514411
30514419
30514422
30514444
30514461
30514463
30514465
30514467
30514469
30514471
30514473
30514474
30514476
30514478
30514479
30514482
30514483
30514485
30514487
30514488
30514489
30514492
30514494
30514495
30514496
30514500
30514501
30514502
30514504
30514505
30514507
30514509
30514514
30514517
30514518
30514520
30514521
30514522
30514523
30514524
30514526
30514527
30514528
30514531
30514534
30514535
30514536
30514537
30514539
30514542
30514545
30514546
30514547
30514549
30514550
30514552
30514553
30514554
30514555
30514559
30514563
30514564
30514565
30514566
30514567
30514568
30514570
30514571
30514573
30514580
30514582
30514584
30514585
30514586
30514587
30514588
30514595
30514599
30514600
30514603
30514604
30514606
30514607
30514608
30514615
30514616
30514621
30514622
30514623
30514625
30514626
30514627
30514628
30514629
30514631
30514635
30514637
30514639
30514642
30514643
30514645
30514648
30514649
30514651
30514654
30514656
30514658
30514659
30514660
30514661
30514662
30514665
30514667
30514668
30514669
30514670
30514671
30514674
30514675
30514676
30514679
30514680
30514681
30514683
30514684
30514685
30514686
30514687
30514689
30514693
30514696
30514697
30514699
30514700
30514703
30514705
30514706
30514709
30514712
30514713
30514715
30514716
30514717
30514718
30514720
30514721
30514722
30514723
30514724
30514727
30514728
30514730
30514731
30514732
30514734
30514735
30514742
30514745
30514746
30514747
30514749
30514754
30514755
30514758
30514760
30514761
30514763
30514764
30514767
30514768
30514772
30514774
30514776
30514778
30514780
30514782
30514788
30514789
30514793
30514794
30514800
30514801
30514802
30514804
30514808
30514809
30514811
30514812
30514813
30514814
30514816
30514821
30514823
30514824
30514825
30514830
30514831
30514832
30514833
30514834
30514835
30514843
30514846
30514848
30514850
30514854
30514855
30514856
30514858
30514860
30514862
30514865
30514866
30514868
30514869
30514870
30514873
30514875
30514879
30514881
30514885
30514886
30514888
30514889
30514892
30514893
30514896
30514897
30514899
30514900
30514901
30514902
30514905
30514906
30514908
30514910
30514913
30514915
30514916
30514920
30514922
30514928
30514929
30514932
30514934
30514935
30514936
30514937
30514938
30514940
30514943
30514946
30514949
30514950
30514951
30514952
30514953
30514955
30514959
30514961
30514964
30514965
30514966
30514967
30514969
30514970
30514972
30514973
30514976
30514977
30514978
30514980
30514982
30514983
30514986
30514987
30514988
30514989
30514990
30514991
30514992
30514995
30514996
30514998
30515000
30515001
30515002
30515003
30515004
30515005
30515006
30515011
30515012
30515013
30515018
30515019
30515025
30515034
30515037
30515039
30515045
30515047
30515049
30515053
30515057
30515060
30515061
30515067
30515068
30515069
30515075
30515077
30515078
30515079
30515081
30515086
30515087
30515088
30515090
30515093
30515099
30515100
30515103
30515105
30515108
30515114
30515115
30515116
30515117
30515118
30515124
30515125
30515128
30515129
30515130
30515131
30515133
30515134
30515135
30515136
30515137
30515139
30515140
30515142
30515143
30515145
30515146
30515147
30515153
30515154
30515156
30515159
30515161
30515165
30515166
30515167
30515168
30515170
30515172
30515174
30515177
30515180
30515183
30515184
30515188
30515189
30515190
30515191
30515196
30515197
30515198
30515199
30515202
30515205
30515208
30515209
30515212
30515214
30515215
30515217
30515219
30515220
30515222
30515224
30515226
30515227
30515228
30515230
30515232
30515235
30515236
30515237
30515238
30515240
30515243
30515246
30515247
30515248
30515249
30515251
30515252
30515254
30515256
30515257
30515259
30515260
30515261
30515262
30515263
30515265
30515268
30515270
30515271
30515274
30515275
30515278
30515279
30515280
30515282
30515283
30515284
30515285
30515286
30515287
30515288
30515290
30515293
30515294
30515295
30515296
30515297
30515299
30515300
30515301
30515302
30515306
30515308
30515309
30515310
30515312
30515313
30515314
30515315
30515317
30515318
30515319
30515321
30515322
30515323
30515324
30515325
30515326
30515329
30515333
30515334
30515338
30515340
30515342
30515343
30515344
30515346
30515348
30515351
30515352
30515353
30515354
30515355
30515356
30515357
30515359
30515361
30515362
30515363
30515364
30515368
30515370
30515371
30515372
30515373
30515374
30515375
30515378
30515381
30515382
30515387
30515390
30515391
30515392
30515393
30515395
30515396
30515398
30515400
30515401
30515404
30515405
30515406
30515407
30515409
30515411
30515416
30515421
30515422
30515424
30515425
30515427
30515429
30515430
30515432
30515435
30515436
30515438
30515439
30515441
30515443
30515447
30515448
30515449
30515450
30515451
30515452
30515453
30515455
30515456
30515457
30515459
30515461
30515462
30515463
30515464
30515470
30515477
30515478
30515480
30515481
30515483
30515484
30515488
30515491
30515493
30515497
30515500
30515503
30515506
30515507
30515508
30515509
30515511
30515512
30515515
30515517
30515518
30512307
30515520
30515524
30515530
30515531
30515533
30515536
30515544
30515545
30515546
30515559
30515562
30515563
30515567
30515568
30515577
30515578
30515580
30515581
30515582
30515583
30515586
30515587
30515589
30515590
30515597
30515600
30515601
30515602
30515606
30515613
30515614
30515615
30515618
30515619
30515622
30515624
30515625
30515626
30515627
30515629
30515633
30515637
30515638
30515643
30512308
30515645
30515646
30515649
30515650
30515652
30515656
30515658
30515662
30515665
30515667
30515672
30515674
30515676
30515677
30515678
30515680
30515681
30515682
30515683
30515684
30515685
30515686
30515687
30515688
30515689
30515691
30515694
30515697
30515700
30515701
30515704
30515705
30515706
30515708
30515709
30515711
30515714
30515717
30515718
30515722
30515723
30515728
30515734
30515735
30515736
30515737
30515739
30515740
30515743
30515746
30515748
30515749
30515751
30515754
30515756
30515757
30515758
30515759
30515762
30515764
30515766
30515767
30515768
30515769
30515770
30515772
30515773
30515776
30515777
30515778
30515779
30515780
30515781
30515782
30515783
30515785
30515787
30515789
30515792
30515793
30515795
30515797
30515798
30515799
30515800
30515802
30515804
30515806
30515807
30515809
30515810
30515811
30515812
30515813
30515815
30515816
30515817
30515818
30515819
30515821
30515822
30515823
30515824
30515825
30515826
30515829
30515830
30515831
30515832
30515833
30515835
30515837
30515840
30515841
30515843
30515845
30515847
30515848
30515849
30515850
30515851
30515852
30515854
30515855
30515856
30515857
30515858
30515859
30515860
30515861
30515862
30515863
30515865
30515866
30515867
30515868
30515869
30515870
30515871
30515872
30515873
30515875
30515877
30515878
30515880
30515881
30515882
30515884
30515885
30515886
30515889
30515890
30515894
30515895
30515897
30515898
30515902
30515904
30515906
30515907
30515908
30515909
30515911
30515912
30515915
30515916
30515917
30515918
30515920
30515922
30515926
30515928
30515932
30515934
30515937
30515939
30515940
30515941
30515943
30515944
30515945
30515948
30515949
30515950
30515951
30515955
30515956
30515960
30515963
30515964
30515965
30515966
30515967
30515969
30515970
30515972
30515974
30515975
30515976
30515977
30515978
30515980
30515981
30515982
30515983
30515985
30515987
30515988
30515989
30515990
30515991
30515992
30515993
30515994
30515996
30515997
30515999
30516000
30516001
30516002
30516005
30516006
30516007
30516008
30516011
30516012
30516013
30516018
30516020
30516024
30516025
30516027
30516029
30516030
30516031
30516032
30516033
30516034
30516035
30516038
30516040
30516043
30516044
30516045
30516046
30516048
30516049
30516050
30516056
30516058
30516059
30516063
30516068
30516072
30516073
30516075
30516077
30516079
30516081
30516088
30516089
30516090
30516092
30516093
30516095
30516096
30516100
30516105
30516106
30516108
30516109
30516111
30516117
30516119
30516120
30516123
30516126
30516127
30516130
30516131
30516133
30516134
30516135
30516138
30516141
30516153
30516159
30516163
30516164
30516169
30516170
30516171
30516177
30516180
30516189
30516190
30516201
30516202
30516207
30516208
30516209
30516213
30516216
30516217
30516220
30516221
30516223
30516228
30516231
30516232
30516234
30516236
30516242
30516243
30516246
30516248
30516250
30516251
30516252
30516253
30516258
30516260
30516261
30516264
30516266
30516268
30516269
30516271
30516272
30516273
30516275
30516278
30516279
30516280
30516282
30516288
30516289
30516292
30516293
30516294
30516297
30516298
30516307
30516308
30516310
30516315
30516317
30516321
30516322
30516323
30516324
30516329
30516331
30516335
30516341
30516342
30516346
30516347
30516349
30516350
30516351
30516352
30516353
30516361
30516363
30516367
30516370
30516377
30516379
30516380
30516381
30516383
30516386
30516387
30516392
30516395
30516397
30516398
30516400
30516401
30516402
30516403
30516407
30516408
30516409
30516411
30516418
30516420
30516422
30516424
30516425
30516430
30516432
30516433
30516436
30516437
30516440
30516441
30516445
30516447
30516449
30516453
30516458
30516459
30516460
30516461
30516465
30516467
30516468
30516469
30516474
30516475
30516476
30516479
30516483
30516484
30516486
30516487
30516488
30516489
30516490
30516492
30516495
30516496
30516500
30516505
30516509
30516512
30516513
30516514
30516526
30516527
30516530
30516532
30516535
30516536
30516537
30516540
30516542
30516543
30516549
30516550
30516551
30516556
30516558
30516559
30516560
30516561
30516566
30516569
30516575
30516576
30516577
30516581
30516582
30516583
30516585
30516587
30516588
30516590
30516591
30516592
30516593
30516594
30516597
30516598
30516601
30516603
30516605
30516608
30516609
30516610
30516611
30516612
30516614
30516616
30516618
30516619
30516620
30516622
30516625
30516626
30516628
30516629
30516630
30516631
30516632
30516633
30516634
30516636
30516637
30516639
30516640
30516642
30516644
30516645
30516648
30516649
30516650
30516651
30516652
30516654
30516655
30516657
30516658
30516661
30516662
30516665
30516666
30516667
30516668
30516669
30516673
30516675
30516676
30516677
30516678
30516679
30516681
30516683
30516684
30516691
30516696
30516701
30516707
30516709
30516710
30516711
30516712
30516713
30516717
30516718
30516721
30516722
30516724
30516726
30516729
30516730
30516733
30516734
30516735
30516736
30516739
30516741
30516744
30516745
30516746
30516747
30516748
30516751
30516752
30516754
30516755
30516758
30516761
30516765
30516769
30516770
30516771
30516773
30516774
30516781
30516785
30516786
30516787
30516788
30516789
30516792
30516794
30516798
30516799
30516801
30516803
30516804
30516809
30516810
30516811
30516816
30516819
30516822
30516823
30516825
30516826
30516831
30516832
30516835
30516836
30516838
30516839
30516841
30516844
30516845
30516847
30516848
30516850
30516851
30516852
30516858
30516861
30516862
30516863
30516865
30516868
30516870
30516875
30516877
30516879
30516880
30516882
30516884
30516886
30516887
30516888
30516889
30516890
30516892
30516893
30516894
30516895
30516896
30516897
30516898
30516899
30516902
30516903
30516904
30516912
30516913
30516914
30516915
30516917
30516920
30516921
30516922
30516923
30516924
30516926
30516927
30516928
30516929
30516933
30516935
30516937
30516939
30516940
30516941
30516943
30516945
30516949
30516951
30516953
30516954
30516956
30516959
30516960
30516961
30516966
30516972
30516973
30516975
30516978
30516981
30516987
30516989
30516990
30516992
30516994
30516995
30516996
30517000
30517003
30517008
30517011
30517013
30517014
30517016
30517017
30517018
30517019
30517022
30517023
30517025
30517027
30517034
30517035
30517037
30517038
30517039
30517042
30517043
30517044
30517045
30517047
30517048
30517051
30517052
30517053
30517055
30517056
30517057
30517058
30517059
30517060
30517061
30517062
30517064
30517065
30517066
30517067
30517069
30517070
30517071
30517072
30517073
30517074
30517076
30517078
30517080
30517083
30517085
30517086
30517088
30517089
30517091
30517092
30517093
30517094
30517095
30517096
30517097
30517098
30517099
30517100
30517101
30517104
30517105
30517107
30517108
30517109
30517110
30517113
30517114
30517115
30517116
30517117
30517118
30517119
30517120
30517121
30517124
30517125
30517126
30517127
30517131
30517132
30517133
30517135
30517136
30517137
30517138
30517139
30517140
30517143
30517144
30517145
30517148
30517149
30517150
30517151
30517155
30517156
30517157
30517158
30517159
30517162
30517163
30517164
30517165
30517166
30517167
30517168
30517171
30517173
30517174
30517177
30517179
30517186
30517187
30517188
30517190
30517191
30517192
30517194
30517195
30517197
30517199
30517201
30517203
30517204
30517205
30517206
30517208
30517209
30517211
30517212
30517213
30517214
30517215
30517217
30517221
30517222
30517225
30517226
30517228
30517229
30517230
30517231
30517234
30517236
30517237
30517238
30517239
30517240
30517241
30517243
30517248
30517255
30517258
30517260
30517261
30517263
30517266
30517267
30517269
30517271
30517272
30517274
30517276
30517279
30517282
30517283
30517284
30517285
30517286
30517287
30517288
30517291
30517292
30517293
30517294
30517295
30517296
30517297
30517300
30517301
30517303
30517304
30517305
30517306
30517309
30517310
30517311
30517312
30517313
30517316
30517318
30517319
30517320
30517321
30517322
30517323
30517324
30517327
30517328
30517329
30517331
30517332
30517333
30517336
30517340
30517342
30517343
30517345
30517346
30517347
30517348
30517350
30517352
30517355
30517356
30517357
30517358
30517359
30517360
30517361
30517362
30517363
30517364
30517366
30517369
30517370
30517371
30517373
30517374
30517375
30517376
30517377
30517378
30517379
30517380
30517381
30517384
30517386
30517388
30517390
30517391
30517392
30517393
30517395
30517396
30517397
30517399
30517400
30517402
30517405
30517406
30517407
30517408
30517409
30517410
30517413
30517414
30517416
30517418
30517419
30517420
30517421
30517422
30517424
30517425
30517427
30517428
30517429
30517431
30517433
30517434
30517435
30517436
30517438
30517439
30517441
30517443
30517444
30517445
30517446
30517447
30517448
30517449
30517450
30517451
30517452
30517453
30517454
30517456
30517457
30517459
30517460
30517461
30517462
30517464
30517465
30517466
30517468
30517469
30517470
30517472
30517474
30517475
30517476
30517477
30517478
30517479
30517480
30517481
30517482
30517487
30517488
30517489
30517492
30517493
30517497
30517500
30517501
30517502
30517503
30517505
30517506
30517507
30517508
30517512
30517514
30517516
30517517
30517518
30517519
30517523
30517524
30517529
30517530
30517531
30517532
30517535
30517537
30517538
30517539
30517540
30517543
30517547
30517549
30517550
30517551
30517552
30517553
30517554
30517555
30517556
30517557
30517558
30517560
30517561
30517562
30517565
30517567
30517569
30517570
30517572
30517573
30517574
30517575
30517577
30517579
30517580
30517581
30517584
30517585
30517586
30517587
30517589
30517590
30517591
30517593
30517594
30517596
30517597
30517598
30517599
30517600
30517603
30517605
30517610
30517612
30517613
30517614
30517615
30517616
30517619
30517621
30517622
30517623
30517624
30517625
30517626
30517628
30517630
30517631
30517632
30517633
30517634
30517636
30517637
30517639
30517642
30517643
30517645
30517646
30517648
30517649
30517650
30517653
30517654
30517655
30517658
30517659
30517660
30517661
30517662
30517663
30517664
30517665
30517666
30517667
30517669
30517670
30517671
30517672
30517673
30517674
30517676
30517678
30517679
30517680
30517682
30517684
30517685
30517688
30517689
30517690
30517691
30517694
30517699
30517701
30517703
30517705
30517706
30517707
30517709
30517711
30517712
30517713
30517715
30517716
30517718
30517719
30517720
30517723
30517724
30517725
30517727
30517728
30517730
30517732
30517733
30517734
30517735
30517736
30517737
30517738
30517739
30517741
30517742
30517743
30517745
30517746
30517747
30517748
30517749
30517750
30517752
30517753
30517754
30517755
30517756
30517758
30517760
30517761
30517763
30517764
30517766
30517767
30517768
30517769
30517770
30517772
30517773
30517775
30517776
30517777
30517778
30517779
30517780
30517781
30517782
30517783
30517784
30517785
30517786
30517787
30517788
30517789
30517790
30517791
30517792
30517793
30517794
30517795
30517796
30517797
30517798
30517799
30517800
30517801
30517802
30517803
30517804
30517805
30517806
30517807
30517808
30517809
30517811
30517812
30517813
30517815
30517816
30517817
30517818
30517819
30517820
30517821
30517822
30517823
30517824
30517825
30517828
30517829
30517830
30517831
30517833
30517834
30517835
30517837
30517839
30517840
30517842
30517843
30517846
30517848
30517849
30517852
30517853
30517854
30517856
30517858
30517859
30517860
30517861
30517864
30517865
30517866
30517867
30517870
30517871
30517873
30517874
30517875
30517876
30517877
30517878
30517879
30517880
30517881
30517882
30517883
30517888
30517890
30517891
30517892
30517894
30517895
30517896
30517897
30517898
30517899
30517900
30517902
30517903
30517904
30517905
30517906
30517907
30517908
30517909
30517910
30517911
30517912
30517913
30517914
30517915
30517916
30517917
30517918
30517920
30517921
30517922
30517923
30517924
30517925
30517926
30517927
30517929
30517930
30517931
30517933
30517934
30517935
30517936
30517938
30517940
30517941
30517942
30517943
30517944
30517945
30517946
30517948
30517949
30517950
30517951
30517952
30517954
30517955
30517956
30517957
30517958
30517960
30517961
30517962
30517963
30517965
30517966
30517967
30517970
30517972
30517973
30517974
30517975
30517976
30517978
30517979
30517980
30517981
30517982
30517984
30517985
30517986
30517987
30517988
30517989
30517991
30517992
30517995
30517996
30517997
30517998
30517999
30518000
30518001
30518003
30518004
30518006
30518007
30518008
30518011
30518012
30518013
30518014
30518015
30518016
30518017
30518018
30518020
30518022
30518023
30518024
30518025
30518026
30518027
30518030
30518031
30518032
30518033
30518035
30518036
30518037
30518038
30518039
30518040
30518041
30518042
30518043
30518044
30518045
30518046
30518047
30518050
30518051
30518052
30518054
30518055
30518056
30518057
30518058
30518059
30518060
30518061
30518062
30518064
30518066
30518067
30518068
30518069
30518070
30518072
30518073
30518074
30518075
30518076
30518077
30518079
30518080
30518081
30518083
30518085
30518086
30518088
30518089
30518090
30518091
30518092
30518093
30518094
30518095
30518096
30518097
30518098
30518099
30518100
30518102
30518105
30518106
30518107
30518108
30518109
30518110
30518111
30518112
30518114
30518115
30518116
30518118
30518119
30518120
30518123
30518126
30518128
30518131
30518132
30518134
30518135
30518136
30518139
30518140
30518143
30518144
30518145
30518146
30518148
30518149
30518150
30518151
30518153
30518155
30518156
30518158
30518159
30518160
30518161
30518162
30518163
30518165
30518166
30518167
30518169
30518170
30518171
30518172
30518173
30518175
30518176
30518177
30518178
30518179
30518180
30518182
30518183
30518184
30518186
30518189
30518190
30518192
30518193
30518194
30518195
30518196
30518197
30518198
30518199
30518200
30518201
30518202
30518203
30518204
30518205
30518206
30518207
30518208
30518209
30518210
30518212
30518213
30518214
30518215
30518216
30518217
30518218
30518219
30518221
30518222
30518223
30518224
30518227
30518228
30518230
30518231
30518232
30518233
30518234
30518235
30518238
30518239
30518240
30518241
30518242
30518243
30518244
30518247
30518248
30518249
30518250
30518251
30518252
30518253
30518254
30518255
30518257
30518258
30518260
30518262
30518263
30518264
30518268
30518270
30518271
30518272
30518273
30518274
30518276
30518277
30518278
30518279
30518281
30518282
30518287
30518288
30518289
30518290
30518292
30518293
30518294
30518295
30518296
30518297
30518299
30518301
30518302
30518306
30518307
30518308
30518309
30518310
30518311
30518313
30518315
30518316
30518317
30518318
30518319
30518320
30518321
30518322
30518323
30518324
30518326
30518329
30518330
30518332
30518333
30518334
30518336
30518340
30518341
30518344
30518345
30518346
30518347
30518348
30518349
30518350
30518351
30518352
30518353
30518355
30518356
30518357
30518359
30518361
30518362
30518363
30518364
30518365
30518366
30518367
30518368
30518369
30518371
30518372
30518374
30518377
30518382
30518383
30518384
30518385
30518386
30518387
30518388
30518389
30518390
30518392
30518393
30518394
30518395
30518396
30518397
30518398
30518399
30518400
30518401
30518402
30518404
30518405
30518407
30518408
30518409
30518410
30518411
30518413
30518414
30518417
30518421
30518422
30518426
30518427
30518428
30518429
30518430
30518431
30518433
30518434
30518435
30518436
30518438
30518439
30518442
30518443
30518444
30518445
30518446
30518447
30518449
30518451
30518453
30518454
30518455
30518456
30518457
30518458
30518460
30518463
30518464
30518466
30518467
30518468
30518470
30518471
30518473
30518474
30518475
30518477
30518478
30518479
30518480
30518481
30518483
30518486
30518487
30518488
30518489
30518490
30518492
30518495
30518496
30518497
30518498
30518499
30518500
30518501
30518502
30518504
30518505
30518506
30518507
30518508
30518509
30518512
30518514
30518515
30518516
30518517
30518518
30518519
30518520
30518521
30518522
30518523
30518524
30518526
30518527
30518528
30518529
30518530
30518531
30518532
30518533
30518534
30518536
30518537
30518538
30518539
30518540
30518542
30518543
30518545
30518546
30518548
30518549
30518551
30518552
30518553
30518554
30518555
30518556
30518557
30518558
30518560
30518561
30518562
30518563
30518564
30518565
30518566
30518567
30518569
30518570
30518571
30518573
30518574
30518575
30518576
30518577
30518579
30518580
30518582
30518583
30518584
30518585
30518586
30518587
30518589
30518590
30518592
30518594
30518595
30518596
30518597
30518598
30518599
30518601
30518602
30518603
30518605
30518607
30518609
30518610
30518611
30518612
30518613
30518614
30518615
30518616
30518617
30518618
30518619
30518620
30518621
30518622
30518623
30518624
30518626
30518627
30518628
30518631
30518632
30518633
30518634
30518635
30518636
30518637
30518638
30518639
30518640
30518641
30518642
30518644
30518645
30518646
30518647
30518648
30518650
30518652
30518653
30518656
30518657
30518658
30518660
30518662
30518663
30518664
30518665
30518666
30518667
30518668
30518670
30518671
30518672
30518673
30518674
30518675
30518676
30518678
30518679
30518681
30518682
30518683
30518684
30518685
30518686
30518687
30518688
30518689
30518690
30518691
30518692
30518693
30518694
30518696
30518697
30518698
30518699
30518700
30518702
30518703
30518705
30518706
30518708
30518709
30518711
30518712
30518713
30518715
30518716
30518717
30518719
30518720
30518721
30518725
30518726
30518727
30518729
30518730
30518731
30518733
30518734
30518735
30518736
30518737
30518738
30518739
30518740
30518741
30518742
30518744
30518745
30518746
30518747
30518748
30518749
30518751
30518752
30518753
30518755
30518756
30518759
30518762
30518763
30518764
30518765
30518766
30518767
30518769
30518770
30518771
30518773
30518774
30518776
30518777
30518779
30518780
30518781
30518783
30518784
30518785
30518787
30518788
30518789
30518791
30518792
30518793
30518794
30518796
30518797
30518800
30518802
30518805
30518806
30518807
30518808
30518809
30518810
30518811
30518812
30518813
30518814
30518815
30518816
30518817
30518818
30518819
30518821
30518822
30518823
30518824
30518825
30518826
30518828
30518829
30518830
30518831
30518832
30518833
30518834
30518836
30518837
30518838
30518839
30518840
30518841
30518842
30518843
30518844
30518845
30518847
30518848
30518849
30518851
30518852
30518855
30518856
30518857
30518858
30518860
30518861
30518862
30518864
30518866
30518867
30518868
30518869
30518870
30518872
30518873
30518874
30518876
30518877
30518878
30518879
30518880
30518881
30518883
30518884
30518886
30518887
30518888
30518889
30518890
30518891
30518892
30518893
30518894
30518895
30518896
30518897
30518898
30518899
30518900
30518901
30518902
30518903
30518905
30518906
30518908
30518909
30518911
30518912
30518913
30518914
30518915
30518916
30518918
30518919
30518920
30518921
30518922
30518923
30518924
30518926
30518927
30518928
30518930
30518931
30518932
30518934
30518936
30518937
30518939
30518940
30518941
30518942
30518943
30518944
30518946
30518947
30518948
30518949
30518950
30518951
30518952
30518953
30518954
30518955
30518956
30518957
30518958
30518959
30518961
30518962
30518963
30518964
30518965
30518966
30518967
30518968
30518969
30518970
30518971
30518972
30518973
30518974
30518975
30518976
30518977
30518978
30518980
30518981
30518982
30518983
30518985
30518986
30518987
30518988
30518989
30518990
30518991
30518992
30518993
30518994
30518995
30518996
30518997
30518998
30518999
30519000
30519001
30519002
30519003
30519004
30519006
30519007
30519008
30519009
30519010
30519011
30519013
30519015
30519016
30519017
30519018
30519019
30519020
30519021
30519024
30519025
30519027
30519028
30519029
30519030
30519031
30519032
30519033
30519034
30519035
30519036
30519037
30519038
30519039
30519040
30519041
30519042
30519043
30519044
30519045
30519046
30519047
30519048
30519049
30519051
30519052
30519053
30519054
30519055
30519056
30519057
30519058
30519059
30519060
30519062
30519064
30519065
30519066
30519067
30519068
30519069
30519070
30519071
30519074
30519075
30519076
30519077
30519078
30519080
30519081
30519082
30519083
30519084
30519086
30519087
30519088
30519089
30519090
30519091
30519092
30519093
30519094
30519095
30519096
30519098
30519099
30519100
30519101
30519102
30519103
30519104
30519105
30519106
30519107
30519108
30519109
30519111
30519112
30519113
30519114
30519115
30519118
30519119
30519121
30519123
30519124
30519125
30519126
30519127
30519128
30519130
30519131
30519132
30519133
30519135
30519136
30519138
30519139
30519140
30519143
30519144
30519146
30519147
30519148
30519149
30519150
30519151
30519152
30519153
30519154
30519155
30519156
30519157
30519159
30519160
30519161
30519162
30519163
30519164
30519167
30519168
30519169
30519170
30519171
30519172
30519174
30519175
30519176
30519178
30519179
30519180
30519181
30519182
30519183
30519184
30519186
30519187
30519188
30519189
30519190
30519192
30519194
30519195
30519196
30519197
30519198
30519199
30519201
30519202
30519203
30519204
30519205
30519206
30519208
30519209
30519210
30519211
30519212
30519213
30519214
30519216
30519217
30519219
30519220
30519221
30519222
30519223
30519225
30519226
30519227
30519228
30519229
30519230
30519231
30519232
30519234
30519235
30519236
30519237
30519238
30519239
30519241
30519242
30519243
30519244
30519245
30519248
30519249
30519250
30519251
30519252
30519253
30519254
30519255
30519256
30519257
30519258
30519259
30519261
30519262
30519263
30519265
30519266
30519267
30519268
30519269
30519270
30519271
30519272
30519273
30519274
30519275
30519276
30519277
30519280
30519281
30519283
30519284
30519285
30519286
30519287
30519288
30519289
30519290
30519291
30519292
30519293
30519294
30519295
30519296
30519297
30519299
30519300
30519301
30519302
30519303
30519304
30519307
30519308
30519311
30519312
30519313
30519314
30519315
30519316
30519317
30519318
30519319
30519321
30519322
30519323
30519325
30519326
30519327
30519328
30519331
30519332
30519333
30519334
30519335
30519336
30519337
30519338
30519339
30519340
30519341
30519342
30519344
30519345
30519346
30519347
30519348
30519351
30519353
30519355
30519358
30519359
30519362
30519363
30519364
30519365
30519367
30519368
30519369
30519370
30519372
30519373
30519377
30519378
30519379
30519380
30519381
30519383
30519384
30519385
30519386
30519387
30519388
30519390
30519391
30519394
30519395
30519396
30519397
30519398
30519399
30519401
30519402
30519403
30519404
30519405
30519406
30519407
30519408
30519409
30519410
30519411
30519412
30519413
30519414
30519415
30519416
30519418
30519419
30519420
30519421
30519422
30519423
30519424
30519425
30519426
30519428
30519429
30519430
30519431
30519432
30519434
30519435
30519436
30519438
30519439
30519441
30519442
30519443
30519444
30519445
30519446
30519448
30519450
30519451
30519455
30519456
30519458
30519459
30519460
30519462
30519463
30519465
30519466
30519467
30519468
30519469
30519470
30519471
30519472
30519473
30519474
30519475
30519476
30519477
30519479
30519481
30519483
30519484
30519485
30519486
30519487
30519490
30519491
30519493
30519495
30519496
30519498
30519500
30519502
30519503
30519504
30519505
30519506
30519507
30519508
30519509
30519510
30519511
30519512
30519513
30519514
30519515
30519516
30519517
30519520
30519521
30519522
30519523
30519524
30519525
30519529
30519530
30519531
30519534
30519535
30519536
30519537
30519538
30519539
30519540
30519541
30519543
30519544
30519545
30519546
30519547
30519550
30519552
30519553
30519558
30519559
30519561
30519562
30519564
30519565
30519566
30519567
30519568
30519569
30519570
30519571
30519575
30519576
30519577
30519578
30519580
30519581
30519582
30519583
30519584
30519585
30519587
30519590
30519592
30519593
30519594
30519595
30519596
30519597
30519598
30519602
30519603
30519604
30519605
30519606
30519607
30519609
30519610
30519611
30519612
30519613
30519614
30519615
30519616
30519617
30519619
30519621
30519623
30519624
30519626
30519627
30519628
30519630
30519631
30519634
30519635
30519636
30519637
30519638
30519639
30519641
30519642
30519643
30519644
30519645
30519646
30519648
30519649
30519650
30519651
30519654
30519655
30519656
30519661
30519662
30519663
30519664
30519665
30519666
30519667
30519669
30519670
30519671
30519672
30519673
30519674
30519675
30519677
30519678
30519679
30519681
30519683
30519684
30519685
30519686
30519687
30519689
30519690
30519693
30519695
30519696
30519697
30519698
30519699
30519700
30519702
30519703
30519705
30519707
30519708
30519709
30519710
30519711
30519712
30519714
30519715
30519717
30519718
30519719
30519721
30519722
30519723
30519724
30519725
30519726
30519727
30519731
30519732
30519734
30519735
30519736
30519737
30519738
30519739
30519741
30519742
30519743
30519744
30519745
30519747
30519748
30519750
30519751
30519752
30519753
30519754
30519755
30519756
30519757
30519758
30519759
30519760
30519762
30519763
30519765
30519766
30519767
30519768
30519769
30519770
30519772
30519773
30519775
30519776
30519777
30519778
30519780
30519781
30519783
30519785
30519786
30519788
30519789
30519791
30519792
30519793
30519794
30519795
30519799
30519800
30519801
30519802
30519803
30519804
30519805
30519806
30519807
30519808
30519809
30519811
30519813
30519814
30519815
30519816
30519818
30519820
30519822
30519823
30519824
30519827
30519829
30519830
30519831
30519832
30519833
30519834
30519835
30519836
30519837
30519838
30519840
30519841
30519842
30519843
30519844
30519845
30519846
30519847
30519848
30519849
30519850
30519852
30519853
30519854
30519855
30519857
30519858
30519860
30519862
30519863
30519864
30519865
30519866
30519867
30519868
30519870
30519872
30519874
30519875
30519876
30519877
30519878
30519879
30519880
30519881
30519882
30519883
30519884
30519885
30519886
30519887
30519889
30519890
30519891
30519892
30519895
30519898
30519899
30519901
30519904
30519905
30519907
30519909
30519911
30519912
30519913
30519914
30519918
30519921
30519922
30519925
30519926
30519927
30519929
30519931
30519934
30519939
30519940
30519941
30519942
30519943
30519944
30519945
30519946
30519947
30519948
30519949
30519950
30519951
30519952
30519953
30519954
30519955
30519956
30519958
30519959
30519960
30519962
30519964
30519965
30519966
30519967
30519968
30519969
30519970
30519972
30519973
30519974
30519975
30519977
30519978
30519979
30519982
30519983
30519984
30519985
30519986
30519987
30519988
30519990
30519991
30519992
30519994
30519995
30519996
30519997
30519998
30519999
30520001
30520002
30520003
30520004
30520005
30520006
30520008
30520009
30520011
30520012
30520013
30520014
30520015
30520016
30520017
30520018
30520019
30520020
30520023
30520024
30520025
30520026
30520027
30520028
30520029
30520031
30520032
30520033
30520034
30520035
30520036
30520037
30520038
30520039
30520040
30520041
30520042
30520043
30520044
30520045
30520046
30520047
30520048
30520049
30520050
30520051
30520052
30520053
30520054
30520055
30520056
30520058
30520059
30520060
30520062
30520063
30520064
30520065
30520066
30520067
30520068
30520069
30520070
30520071
30520072
30520073
30520075
30520076
30520077
30520078
30520079
30520080
30520081
30520082
30520084
30520085
30520086
30520088
30520089
30520090
30520092
30520093
30520094
30520095
30520096
30520097
30520098
30520099
30520100
30520102
30520104
30520105
30520106
30520108
30520109
30520110
30520111
30520112
30520114
30520115
30520116
30520119
30520120
30520121
30520123
30520124
30520126
30520127
30520128
30520129
30520130
30520131
30520132
30520133
30520134
30520135
30520136
30520137
30520138
30520139
30520140
30520141
30520142
30520143
30520144
30520145
30520146
30520147
30520148
30520149
30520150
30520151
30520152
30520153
30520154
30520155
30520156
30520157
30520158
30520159
30520160
30520161
30520162
30520163
30520164
30520165
30520166
30520167
30520168
30520169
30520170
30520172
30520173
30520175
30520176
30520177
30520179
30520180
30520181
30520182
30520183
30520184
30520185
30520186
30520187
30520188
30520189
30520190
30520191
30520192
30520193
30520194
30520196
30520198
30520199
30520200
30520201
30520202
30520203
30520204
30520205
30520206
30520207
30520208
30520210
30520211
30520212
30520213
30520214
30520215
30520216
30520217
30520218
30520219
30520221
30520222
30520223
30520225
30520226
30520227
30520228
30520229
30520230
30520231
30520232
30520233
30520234
30520235
30520236
30520237
30520238
30520239
30520240
30520241
30520242
30520243
30520244
30520245
30520246
30520248
30520249
30520250
30520251
30520252
30520255
30520256
30520257
30520258
30520259
30520260
30520261
30520262
30520264
30520265
30520266
30520267
30520268
30520269
30520270
30520271
30520272
30520273
30520274
30520275
30520276
30520277
30520278
30520279
30520280
30520281
30520282
30520283
30520284
30520285
30520286
30520289
30520290
30520291
30520292
30520293
30520294
30520295
30520296
30520297
30520298
30520299
30520300
30520301
30520302
30520303
30520304
30520305
30520307
30520308
30520309
30520310
30520311
30520312
30520313
30520314
30520315
30520316
30520317
30520318
30520320
30520321
30520322
30520323
30520324
30520325
30520326
30520327
30520329
30520330
30520331
30520332
30520333
30520334
30520335
30520336
30520337
30520338
30520339
30520340
30520341
30520343
30520345
30520346
30520347
30520348
30520349
30520350
30520351
30520353
30520354
30520355
30520356
30520357
30520358
30520359
30520360
30520362
30520364
30520365
30520366
30520367
30520369
30520370
30520373
30520376
30520377
30520379
30520381
30520384
30520385
30520387
30520388
30520390
30520391
30520393
30520395
30520397
30520398
30520399
30520400
30520401
30520402
30520403
30520404
30520406
30520407
30520408
30520409
30520411
30520413
30520414
30520415
30520416
30520417
30520419
30520420
30520421
30520423
30520424
30520425
30520426
30520427
30520428
30520429
30520430
30520431
30520432
30520434
30520435
30520436
30520437
30520438
30520439
30520440
30520441
30520442
30520443
30520444
30520445
30520447
30520448
30520449
30520450
30520451
30520452
30520453
30520454
30520455
30520456
30520457
30520458
30520459
30520460
30520461
30520463
30520466
30520467
30520469
30520470
30520471
30520472
30520473
30520475
30520478
30520479
30520480
30520481
30520482
30520484
30520485
30520487
30520488
30520490
30520491
30520494
30520496
30520497
30520498
30520500
30520501
30520502
30520503
30520504
30520505
30520506
30520507
30520508
30520509
30520514
30520515
30520517
30520518
30520521
30520522
30520523
30520524
30520525
30520527
30520528
30520530
30520531
30520533
30520534
30520535
30520536
30520537
30520539
30520540
30520541
30520542
30520543
30520544
30520545
30520547
30520548
30520549
30520550
30520551
30520552
30520553
30520554
30520555
30520556
30520558
30520560
30520561
30520562
30520563
30520564
30520565
30520566
30520567
30520568
30520569
30520572
30520573
30520575
30520576
30520577
30520578
30520579
30520580
30520581
30520582
30520583
30520584
30520585
30520586
30520587
30520588
30520589
30520590
30520591
30520592
30520594
30520595
30520597
30520598
30520599
30520601
30520602
30520604
30520605
30520606
30520607
30520608
30520609
30520610
30520613
30520614
30520615
30520616
30520617
30520619
30520620
30520621
30520622
30520623
30520624
30520625
30520626
30520627
30520628
30520629
30520630
30520631
30520632
30520633
30520634
30520636
30520637
30520638
30520639
30520640
30520641
30520642
30520643
30520644
30520645
30520646
30520647
30520648
30520649
30520650
30520652
30520653
30520654
30520655
30520657
30520658
30520659
30520660
30520661
30520663
30520665
30520666
30520667
30520668
30520670
30520672
30520674
30520676
30520677
30520678
30520679
30520680
30520681
30520683
30520684
30520685
30520686
30520687
30520688
30520689
30520690
30520691
30520692
30520693
30520695
30520696
30520697
30520698
30520699
30520701
30520702
30520703
30520704
30520705
30520706
30520708
30520709
30520710
30520711
30520712
30520713
30520714
30520715
30520716
30520717
30520718
30520719
30520721
30520722
30520723
30520724
30520725
30520726
30520727
30520728
30520730
30520732
30520733
30520734
30520735
30520736
30520737
30520739
30520740
30520742
30520743
30520745
30520746
30520747
30520748
30520749
30520750
30520751
30520752
30520753
30520754
30520755
30520756
30520757
30520759
30520761
30520762
30520763
30520764
30520765
30520766
30520767
30520768
30520769
30520770
30520771
30520773
30520774
30520775
30520776
30520777
30520778
30520779
30520781
30520782
30520783
30520784
30520785
30520786
30520787
30520788
30520789
30520790
30520792
30520793
30520794
30520795
30520797
30520799
30520800
30520801
30520802
30520803
30520804
30520805
30520806
30520807
30520808
30520809
30520810
30520812
30520813
30520814
30520817
30520818
30520819
30520820
30520821
30520822
30520823
30520824
30520825
30520826
30520827
30520829
30520830
30520832
30520833
30520834
30520836
30520837
30520838
30520840
30520841
30520842
30520843
30520844
30520845
30520846
30520847
30520849
30520850
30520851
30520852
30520855
30520856
30520858
30520860
30520861
30520862
30520863
30520864
30520865
30520866
30520867
30520868
30520869
30520870
30520871
30520872
30520873
30520874
30520875
30520876
30520878
30520879
30520880
30520881
30520882
30520883
30520885
30520886
30520887
30520888
30520889
30520891
30520892
30520893
30520894
30520895
30520897
30520898
30520899
30520900
30520902
30520903
30520904
30520905
30520907
30520908
30520909
30520911
30520914
30520915
30520916
30520917
30520918
30520920
30520921
30520922
30520925
30520926
30520928
30520929
30520931
30520932
30520933
30520934
30520936
30520938
30520939
30520940
30520941
30520945
30520946
30520947
30520948
30520949
30520952
30520953
30520954
30520955
30520956
30520957
30520958
30520959
30520960
30520961
30520963
30520964
30520965
30520966
30520967
30520968
30520969
30520970
30520971
30520972
30520973
30520974
30520975
30520978
30520979
30520980
30520981
30520986
30520987
30520988
30520989
30520990
30520991
30520992
30520993
30520994
30520995
30520996
30520997
30520998
30520999
30521001
30521002
30521004
30521005
30521006
30521007
30521008
30521010
30521011
30521012
30521013
30521014
30521015
30521016
30521017
30521018
30521020
30521021
30521022
30521023
30521024
30521025
30521026
30521027
30521029
30521030
30521031
30521032
30521033
30521034
30521035
30521036
30521038
30521039
30521040
30521041
30521042
30521043
30521044
30521045
30521046
30521047
30521048
30521049
30521050
30521051
30521052
30521054
30521055
30521056
30521057
30521058
30521059
30521060
30521061
30521062
30521063
30521064
30521065
30521066
30521067
30521068
30521070
30521071
30521072
30521073
30521074
30521075
30521076
30521077
30521078
30521079
30521080
30521081
30521083
30521086
30521087
30521088
30521089
30521090
30521091
30521092
30521093
30521094
30521095
30521096
30521097
30521098
30521100
30521101
30521102
30521103
30521104
30521107
30521108
30521109
30521110
30521112
30521113
30521115
30521118
30521119
30521120
30521121
30521122
30521124
30521139
30521140
30521152
30521164
30521197
30512427