32847384
32847385
32847386
32847387
32847388
32847390
32847392
32847395
32847396
32847399
32847400
32847401
32847402
32847403
32847404
32847405
32847406
32847407
32847408
32847409
32847410
32847411
32847412
32847413
32847415
32847417
32847418
32847419
32847420
32847421
32847422
32847423
32847424
32847426
32847427
32847428
32847432
32847435
32847436
32847437
32847439
32847440
32847441
32847443
32847444
32847445
32847448
32847449
32847450
32847451
32847456
32847457
32847458
32847460
32847462
32847463
32847464
32847465
32847467
32847468
32847472
32847473
32847474
32847476
32847477
32847478
32847479
32847481
32847482
32847484
32847485
32847487
32847488
32847489
32847490
32847492
32847493
32847494
32847496
32847497
32847498
32847499
32847500
32847501
32847502
32847503
32847504
32847505
32847506
32847507
32847508
32847509
32847510
32847511
32847513
32847514
32847515
32847516
32847517
32847518
32847519
32847520
32847521
32847523
32847524
32847525
32847526
32847527
32847528
32847529
32847530
32847531
32847532
32847534
32847538
32847539
32847543
32847544
32847546
32847547
32847548
32847549
32847550
32847551
32847553
32847554
32847555
32847557
32847558
32847559
32847560
32847563
32847569
32847570
32847571
32847572
32847573
32847578
32847579
32847581
32847582
32847583
32847584
32847585
32847586
32847587
32847588
32847589
32847590
32847591
32847592
32847593
32847595
32847596
32847597
32847598
32847599
32847600
32847601
32847603
32847604
32847605
32847607
32847609
32847610
32847611
32847612
32847613
32847614
32847615
32847616
32847617
32847618
32847619
32847620
32847621
32847622
32847623
32847624
32847625
32847628
32847629
32847630
32847631
32847632
32847633
32847634
32847635
32847637
32847638
32847639
32847640
32847641
32847642
32847643
32847644
32847645
32847646
32847647
32847648
32847649
32847650
32847651
32847652
32847653
32847654
32847655
32847656
32847657
32847658
32847659
32847660
32847661
32847662
32847664
32847665
32847667
32847668
32847669
32847670
32847671
32847672
32847673
32847674
32847676
32847677
32847678
32847679
32847681
32847682
32847683
32847684
32847685
32847686
32847687
32847688
32847689
32847690
32847691
32847692
32847693
32847694
32847695
32847696
32847697
32847698
32847700
32847701
32847704
32847705
32847706
32847708
32847709
32847710
32847711
32847713
32847715
32847716
32847719
32847720
32847721
32847722
32847730
32847731
32847733
32847734
32847737
32847738
32847739
32847740
32847742
32847743
32847745
32847747
32847750
32847751
32847752
32847753
32847755
32847756
32847757
32847758
32847759
32847760
32847761
32847762
32847763
32847764
32847765
32847766
32847767
32847768
32847769
32847770
32847771
32847772
32847773
32847774
32847775
32847776
32847779
32847782
32847783
32847784
32847785
32847786
32847787
32847788
32847789
32847790
32847791
32847792
32847793
32847794
32847795
32847796
32847797
32847798
32847799
32847800
32847801
32847803
32847805
32847806
32847807
32847808
32847810
32847811
32847812
32847813
32847814
32847815
32847817
32847818
32847819
32847820
32847821
32847823
32847824
32847825
32847826
32847827
32847829
32847830
32847831
32847832
32847833
32847836
32847838
32847839
32847840
32847841
32847842
32847843
32847844
32847845
32847846
32847847
32847848
32847849
32847850
32847852
32847853
32847854
32847855
32847856
32847857
32847858
32847859
32847860
32847861
32847862
32847863
32847864
32847865
32847868
32847869
32847870
32847871
32847872
32847873
32847874
32847875
32847876
32847881
32847882
32847883
32847884
32847885
32847887
32847888
32847890
32847891
32847892
32847893
32847894
32847895
32847896
32847897
32847898
32847900
32847901
32847903
32847904
32847907
32847908
32847909
32847910
32847911
32847916
32847917
32847918
32847919
32847922
32847924
32847925
32847928
32847929
32847930
32847931
32847932
32847935
32847937
32847938
32847939
32847940
32847941
32847942
32847943
32847945
32847946
32847947
32847948
32847949
32847950
32847952
32847953
32847955
32847956
32847957
32847958
32847959
32847960
32847961
32847963
32847964
32847965
32847966
32847967
32847968
32847969
32847971
32847972
32847973
32847974
32847976
32847977
32847978
32847979
32847980
32847981
32847983
32847984
32847985
32847986
32847987
32847988
32847989
32847990
32847991
32847992
32847993
32847994
32847995
32847996
32847998
32847999
32848000
32848001
32848002
32848003
32848004
32848005
32848006
32848007
32848008
32848009
32848010
32848011
32848012
32848013
32848014
32848015
32848016
32848017
32848018
32848019
32848020
32848021
32848023
32848024
32848025
32848026
32848027
32848028
32848029
32848030
32848031
32848032
32848033
32848034
32848035
32848036
32848037
32848038
32848039
32848042
32848044
32848046
32848047
32848048
32848050
32848051
32848052
32848053
32848054
32848055
32848057
32848058
32848059
32848060
32848061
32848062
32848063
32848064
32848065
32848066
32848067
32848068
32848069
32848070
32848071
32848072
32848073
32848076
32848077
32848078
32848079
32848080
32848081
32848083
32848084
32848086
32848088
32848089
32848091
32848092
32848094
32848095
32848096
32848099
32848100
32848101
32848102
32848103
32848104
32848106
32848107
32848108
32848109
32848110
32848111
32848112
32848113
32848114
32848115
32848116
32848117
32848120
32848121
32848122
32848123
32848124
32848125
32848126
32848127
32848128
32848129
32848130
32848131
32848132
32848133
32848134
32848135
32848136
32848137
32848138
32848140
32848141
32848142
32848143
32848144
32848145
32848146
32848147
32848149
32848150
32848151
32848152
32848154
32848156
32848157
32848158
32848159
32848160
32848161
32848162
32848163
32848165
32848167
32848168
32848169
32848170
32848171
32848172
32848173
32848174
32848175
32848176
32848177
32848178
32848179
32848180
32848181
32848182
32848184
32848185
32848187
32848188
32848189
32848191
32848192
32848194
32848197
32848198
32848199
32848202
32848203
32848204
32848206
32848207
32848208
32848209
32848210
32848211
32848212
32848213
32848214
32848215
32848216
32848217
32848218
32848220
32848221
32848222
32848223
32848224
32848228
32848229
32848230
32848231
32848232
32848234
32848236
32848238
32848239
32848240
32848241
32848242
32848243
32848244
32848245
32848246
32848247
32848248
32848249
32848250
32848251
32848253
32848254
32848255
32848256
32848257
32848258
32848259
32848260
32848261
32848264
32848266
32848267
32848269
32848270
32848272
32848273
32848274
32848275
32848277
32848278
32848281
32848282
32848284
32848285
32848286
32848287
32848288
32848289
32848290
32848291
32848292
32848293
32848294
32848295
32848297
32848298
32848300
32848301
32848302
32848303
32848304
32848305
32848306
32848307
32848308
32848309
32848310
32848311
32848314
32848315
32848317
32848318
32848319
32848320
32848321
32848323
32848324
32848325
32848327
32848328
32848329
32848331
32848332
32848333
32848334
32848335
32848336
32848338
32848339
32848341
32848342
32848343
32848345
32848346
32848347
32848348
32848350
32848351
32848353
32848355
32848356
32848357
32848359
32848362
32848363
32848364
32848365
32848366
32848368
32848370
32848372
32848373
32848375
32848377
32848378
32848379
32848381
32848382
32848383
32848385
32848388
32848390
32848391
32848392
32848393
32848396
32848397
32848399
32848401
32848402
32848403
32848404
32848405
32848408
32848409
32848410
32848415
32848418
32848419
32848423
32848424
32848425
32848428
32848431
32848432
32848433
32848434
32848437
32848439
32848440
32848442
32848443
32848444
32848445
32848446
32848449
32848450
32848451
32848453
32848456
32848459
32848460
32848462
32848463
32848464
32848465
32848466
32848467
32848468
32848469
32848470
32848471
32848472
32848474
32848475
32848481
32848484
32848486
32848488
32848490
32848491
32848492
32848493
32848495
32848498
32848500
32848501
32848503
32848505
32848506
32848508
32848511
32848514
32848515
32848516
32848518
32848519
32848520
32848524
32848525
32848527
32848528
32848529
32848531
32848532
32848535
32848536
32848538
32848539
32848540
32848542
32848543
32848544
32848546
32848547
32848549
32848551
32848552
32848553
32848554
32848556
32848557
32848558
32848559
32848560
32848561
32848562
32848563
32848565
32848567
32848568
32848569
32848570
32848573
32848575
32848576
32848577
32848579
32848580
32848581
32848583
32848584
32848585
32848586
32848588
32848592
32848593
32848595
32848596
32848597
32848598
32848599
32848602
32848604
32848606
32848608
32848609
32848610
32848612
32848614
32848615
32848617
32848618
32848619
32848620
32848621
32848622
32848623
32848624
32848625
32848628
32848629
32848630
32848631
32848632
32848633
32848635
32848637
32848638
32848640
32848641
32848643
32848644
32848647
32848648
32848649
32848651
32848652
32848653
32848654
32848655
32848656
32848657
32848658
32848659
32848660
32848662
32848664
32848665
32848666
32848667
32848668
32848669
32848670
32848671
32848672
32848674
32848675
32848676
32848678
32848679
32848682
32848683
32848684
32848686
32848687
32848688
32848690
32848691
32848692
32848694
32848695
32848696
32848697
32848699
32848700
32848701
32848702
32848704
32848705
32848706
32848707
32848710
32848711
32848712
32848714
32848715
32848716
32848720
32848721
32848722
32848724
32848727
32848728
32848729
32848730
32848731
32848732
32848734
32848735
32848736
32848740
32848741
32848742
32848743
32848744
32848745
32848746
32848748
32848751
32848752
32848753
32848755
32848756
32848757
32848758
32848759
32848760
32848762
32848764
32848765
32848766
32848768
32848769
32848771
32848772
32848773
32848774
32848775
32848776
32848777
32848779
32848781
32848782
32848784
32848785
32848786
32848789
32848790
32848791
32848796
32848797
32848798
32848799
32848800
32848801
32848803
32848804
32848805
32848806
32848809
32848810
32848811
32848812
32848813
32848814
32848815
32848817
32848818
32848819
32848821
32848824
32848826
32848827
32848830
32848831
32848833
32848834
32848836
32848837
32848841
32848842
32848845
32848846
32848848
32848849
32848851
32848852
32848853
32848855
32848856
32848857
32848858
32848859
32848860
32848861
32848864
32848865
32848868
32848876
32848877
32848880
32848881
32848882
32848883
32848884
32848885
32848887
32848890
32848891
32848892
32848897
32848898
32848899
32848900
32848901
32848903
32848904
32848905
32848908
32848909
32848910
32848911
32848913
32848914
32848915
32848920
32848921
32848922
32848923
32848926
32848928
32848929
32848930
32848931
32848932
32848933
32848934
32848935
32848936
32848937
32848938
32848940
32848941
32848943
32848944
32848945
32848946
32848947
32848948
32848949
32848951
32848952
32848954
32848956
32848958
32848959
32848960
32848961
32848962
32848964
32848965
32848966
32848967
32848969
32848970
32848972
32848974
32848975
32848976
32848977
32848979
32848980
32848981
32848983
32848984
32848985
32848986
32848987
32848988
32848989
32848990
32848991
32848992
32848993
32848994
32848996
32848997
32848998
32848999
32849001
32849002
32849003
32849004
32849005
32849006
32849007
32849008
32849009
32849011
32849012
32849013
32849014
32849015
32849016
32849017
32849020
32849023
32849024
32849026
32849027
32849028
32849029
32849030
32849031
32849032
32849034
32849036
32849037
32849039
32849040
32849043
32849044
32849045
32849046
32849049
32849050
32849051
32849052
32849054
32849055
32849056
32849058
32849059
32849062
32849064
32849066
32849068
32849069
32849070
32849073
32849074
32849075
32849077
32849079
32849080
32849081
32849083
32849084
32849086
32849088
32849089
32849092
32849094
32849096
32849097
32849098
32849100
32849101
32849102
32849103
32849104
32849106
32849107
32849108
32849109
32849110
32849111
32849112
32849114
32849115
32849116
32849119
32849120
32849121
32849122
32849123
32849124
32849125
32849126
32849127
32849128
32849129
32849130
32849131
32849132
32849133
32849134
32849135
32849137
32849138
32849139
32849140
32849141
32849142
32849144
32849145
32849146
32849147
32849148
32849149
32849150
32849151
32849152
32849153
32849154
32849155
32849156
32849157
32849158
32849159
32849161
32849163
32849164
32849165
32849166
32849167
32849169
32849170
32849171
32849172
32849173
32849174
32849175
32849176
32849179
32849180
32849181
32849182
32849183
32849184
32849185
32849188
32849190
32849191
32849192
32849193
32849194
32849195
32849196
32849197
32849198
32849199
32849200
32849202
32849204
32849205
32849207
32849209
32849210
32849211
32849212
32849213
32849214
32849215
32849216
32849217
32849218
32849220
32849221
32849222
32849223
32849224
32849225
32849226
32849227
32849229
32849230
32849231
32849232
32849233
32849234
32849236
32849237
32849239
32849241
32849243
32849244
32849245
32849246
32849248
32849250
32849251
32849253
32849254
32849255
32849256
32849257
32849258
32849259
32849260
32849261
32849262
32849263
32849264
32849265
32849267
32849268
32849269
32849271
32849272
32849274
32849275
32849277
32849278
32849279
32849281
32849282
32849285
32849287
32849288
32849289
32849290
32849291
32849292
32849293
32849294
32849296
32849297
32849298
32849299
32849302
32849303
32849304
32849305
32849306
32849307
32849308
32849310
32849312
32849313
32849317
32849318
32849320
32849321
32849324
32849325
32849327
32849328
32849329
32849330
32849331
32849334
32849335
32849336
32849337
32849338
32849339
32849343
32849346
32849347
32849348
32849350
32849351
32849353
32849354
32849356
32849357
32849358
32849361
32849362
32849364
32849365
32849366
32849367
32849371
32849372
32849373
32849374
32849375
32849377
32849379
32849380
32849381
32849384
32849386
32849387
32849389
32849390
32849391
32849392
32849394
32849395
32849398
32849401
32849407
32849408
32849409
32849410
32849411
32849412
32849413
32849415
32849418
32849419
32849421
32849423
32849424
32849428
32849429
32849430
32849431
32849432
32849435
32849436
32849437
32849439
32849440
32849441
32849442
32849443
32849444
32849445
32849446
32849447
32849448
32849449
32849450
32849452
32849453
32849454
32849456
32849457
32849458
32849459
32849461
32849462
32849464
32849465
32849466
32849467
32849468
32849471
32849472
32849475
32849477
32849478
32849480
32849481
32849482
32849483
32849488
32849489
32849490
32849491
32849492
32849494
32849495
32849497
32849498
32849500
32849502
32849503
32849504
32849505
32849506
32849507
32849508
32849509
32849511
32849512
32849513
32849515
32849516
32849517
32849519
32849520
32849522
32849523
32849525
32849529
32849530
32849532
32849534
32849535
32849538
32849539
32849540
32849542
32849543
32849544
32849545
32849546
32849547
32849549
32849550
32849551
32849552
32849553
32849554
32849555
32849557
32849561
32849562
32849564
32849565
32849566
32849567
32849569
32849571
32849573
32849574
32849577
32849579
32849580
32849583
32849587
32849588
32849589
32849590
32849593
32849594
32849596
32849598
32849600
32849603
32849605
32849606
32849607
32849608
32849610
32849611
32849612
32849613
32849614
32849615
32849618
32849619
32849620
32849621
32849622
32849623
32849624
32849625
32849626
32849627
32849628
32849629
32849630
32849631
32849632
32849633
32849634
32849635
32849636
32849637
32849638
32849639
32849641
32849642
32849643
32849644
32849645
32849649
32849650
32849651
32849652
32849653
32849654
32849655
32849656
32849658
32849659
32849660
32849661
32849663
32849664
32849666
32849667
32849668
32849669
32849670
32849671
32849672
32849673
32849674
32849675
32849676
32849677
32849678
32849679
32849680
32849681
32849682
32849683
32849685
32849687
32849688
32849690
32849691
32849692
32849693
32849695
32849697
32849698
32849700
32849701
32849702
32849704
32849705
32849706
32849707
32849708
32849711
32849712
32849713
32849714
32849716
32849717
32849720
32849722
32849724
32849727
32849728
32849730
32849732
32849733
32849736
32849738
32849740
32849744
32849745
32849746
32849747
32849749
32849752
32849753
32849755
32849757
32849758
32849759
32849762
32849763
32849764
32849765
32849767
32849768
32849769
32849772
32849773
32849776
32849777
32849779
32849780
32849782
32849783
32849785
32849786
32849787
32849788
32849789
32849790
32849793
32849795
32849796
32849798
32849799
32849800
32849803
32849805
32849806
32849807
32849808
32849811
32849812
32849813
32849814
32849816
32849817
32849818
32849821
32849822
32849824
32849826
32849827
32849829
32849830
32849832
32849833
32849834
32849835
32849836
32849841
32849845
32849846
32849847
32849848
32849852
32849854
32849855
32849857
32849858
32849859
32849860
32849862
32849870
32849871
32849874
32849875
32849877
32849880
32849886
32849887
32849947
32849948
32849952
32849981
32849983
32849987
32850009
32850010
32850011
32850026
32850029
32850037
32850039
32850052
32850058
32850059
32850060
32850061
32850064
32850067
32850076
32850082
32850083
32850086
32850095
32850101
32850103
32850123
32850124
32850126
32850137
32850147
32850171
32850176
32850177
32850183
32850185
32850186
32850188
32850190
32850192
32850194
32850196
32850197
32850198
32850199
32850203
32850204
32850207
32850208
32850209
32850210
32850292
32850294
32850295
32850304
32850307
32850319
32850321
32850323
32850347
32850349
32850350
32850353
32850354
32850358
32850360
32850368
32850386
32850387
32850400
32850403
32850419
32850434
32850441
32850447
32850449
32850459
32850466
32850474
32850481
32850483
32850487
32850490
32850494
32850499
32850500
32850502
32850505
32850525
32850527
32850538
32850541
32850543
32850544
32850546
32850550
32850551
32850552
32850553
32850554
32850555
32850558
32850559
32850560
32850561
32850562
32850563
32850565
32850567
32850568
32850569
32850572
32850574
32850576
32850577
32850578
32850579
32850581
32850582
32850583
32850584
32850585
32850586
32850587
32850588
32850589
32850591
32850593
32850594
32850595
32850596
32850597
32850598
32850599
32850600
32850601
32850602
32850603
32850605
32850606
32850607
32850608
32850609
32850610
32850611
32850613
32850614
32850616
32850617
32850618
32850619
32850620
32850621
32850622
32850623
32850624
32850625
32850626
32850627
32850628
32850629
32850630
32850632
32850633
32850634
32850635
32850636
32850637
32850638
32850639
32850640
32850642
32850644
32850645
32850646
32850647
32850649
32850650
32850651
32850652
32850653
32850656
32850657
32850658
32850659
32850660
32850661
32850662
32850663
32850664
32850666
32850669
32850671
32850672
32850673
32850674
32850676
32850677
32850678
32850679
32850681
32850682
32850683
32850684
32850685
32850686
32850687
32850688
32850689
32850690
32850691
32850692
32850693
32850694
32850695
32850696
32850697
32850698
32850699
32850700
32850701
32850703
32850704
32850705
32850706
32850707
32850708
32850709
32850710
32850711
32850712
32850714
32850715
32850716
32850717
32850718
32850719
32850720
32850721
32850722
32850723
32850725
32850726
32850727
32850728
32850729
32850730
32850732
32850733
32850735
32850736
32850739
32850740
32850742
32850744
32850746
32850748
32850749
32850751
32850752
32850753
32850754
32850756
32850757
32850758
32850759
32850760
32850761
32850762
32850763
32850765
32850766
32850770
32850771
32850773
32850774
32850775
32850777
32850778
32850780
32850781
32850782
32850785
32850786
32850788
32850789
32850790
32850791
32850793
32850794
32850795
32850796
32850797
32850798
32850799
32850800
32850801
32850802
32850804
32850805
32850806
32850807
32850811
32850812
32850813
32850814
32850815
32850816
32850817
32850818
32850819
32850820
32850821
32850824
32850825
32850827
32850829
32850830
32850832
32850835
32850836
32850837
32850838
32850840
32850841
32850843
32850844
32850846
32850847
32850848
32850849
32850850
32850851
32850852
32850853
32850854
32850859
32850860
32850861
32850862
32850864
32850865
32850866
32850867
32850869
32850870
32850872
32850873
32850874
32850875
32850876
32850879
32850880
32850881
32850883
32850884
32850886
32850887
32850888
32850889
32850890
32850891
32850892
32850894
32850896
32850897
32850898
32850899
32850900
32850901
32850902
32850903
32850904
32850906
32850907
32850908
32850909
32850911
32850913
32850914
32850915
32850916
32850917
32850918
32850920
32850921
32850923
32850926
32850927
32850928
32850929
32850931
32850933
32850936
32850938
32850939
32850940
32850942
32850943
32850945
32850946
32850948
32850949
32850950
32850951
32850952
32850953
32850955
32850956
32850957
32850958
32850959
32850961
32850962
32850963
32850964
32850966
32850967
32850968
32850969
32850970
32850971
32850972
32850973
32850974
32850975
32850976
32850977
32850978
32850980
32850981
32850982
32850985
32850986
32850987
32850988
32850990
32850991
32850992
32850993
32850994
32850997
32850998
32850999
32851000
32851002
32851003
32851004
32851005
32851006
32851007
32851008
32851013
32851014
32851015
32851016
32851017
32851019
32851020
32851021
32851022
32851023
32851025
32851026
32851028
32851029
32851030
32851031
32851032
32851033
32851035
32851038
32851039
32851040
32851041
32851043
32851044
32851045
32851046
32851048
32851049
32851051
32851052
32851053
32851054
32851057
32851059
32851060
32851061
32851062
32851063
32851064
32851065
32851066
32851068
32851069
32851070
32851071
32851072
32851073
32851074
32851075
32851076
32851077
32851078
32851079
32851080
32851081
32851082
32851083
32851084
32851086
32851087
32851088
32851089
32851090
32851091
32851095
32851097
32851098
32851099
32851100
32851101
32851102
32851104
32851105
32851106
32851109
32851110
32851111
32851112
32851113
32851114
32851115
32851116
32851117
32851118
32851120
32851121
32851122
32851123
32851124
32851126
32851128
32851129
32851131
32851132
32851133
32851134
32851136
32851137
32851138
32851139
32851140
32851141
32851142
32851143
32851144
32851146
32851147
32851148
32851150
32851151
32851152
32851153
32851155
32851156
32851157
32851159
32851160
32851163
32851164
32851165
32851167
32851168
32851169
32851170
32851171
32851172
32851173
32851174
32851175
32851176
32851177
32851178
32851179
32851180
32851182
32851184
32851185
32851187
32851188
32851190
32851191
32851192
32851193
32851194
32851196
32851199
32851201
32851203
32851204
32851205
32851206
32851207
32851208
32851209
32851210
32851211
32851213
32851214
32851215
32851216
32851217
32851218
32851219
32851221
32851222
32851223
32851224
32851225
32851226
32851228
32851229
32851230
32851231
32851232
32851233
32851234
32851235
32851237
32851241
32851242
32851243
32851244
32851245
32851246
32851247
32851248
32851250
32851251
32851252
32851254
32851255
32851256
32851257
32851258
32851259
32851260
32851261
32851262
32851263
32851264
32851265
32851267
32851270
32851271
32851272
32851273
32851275
32851277
32851278
32851279
32851281
32851282
32851283
32851284
32851285
32851286
32851287
32851288
32851289
32851290
32851291
32851292
32851294
32851295
32851296
32851297
32851298
32851299
32851300
32851301
32851302
32851303
32851304
32851305
32851306
32851307
32851308
32851309
32851310
32851311
32851312
32851314
32851315
32851316
32851317
32851318
32851320
32851322
32851323
32851324
32851327
32851328
32851329
32851330
32851333
32851337
32851338
32851339
32851340
32851341
32851342
32851343
32851344
32851345
32851346
32851347
32851348
32851349
32851350
32851351
32851352
32851353
32851354
32851355
32851356
32851357
32851358
32851359
32851360
32851361
32851362
32851363
32851364
32851365
32851366
32851367
32851368
32851369
32851370
32851371
32851373
32851374
32851375
32851376
32851377
32851378
32851379
32851380
32851383
32851384
32851385
32851386
32851387
32851388
32851390
32851392
32851393
32851394
32851395
32851397
32851398
32851400
32851402
32851403
32851404
32851405
32851406
32851407
32851409
32851410
32851411
32851412
32851413
32851414
32851415
32851416
32851417
32851418
32851419
32851421
32851422
32851424
32851425
32851426
32851427
32851428
32851429
32851431
32851432
32851434
32851435
32851436
32851437
32851438
32851439
32851440
32851441
32851442
32851444
32851445
32851446
32851447
32851448
32851449
32851450
32851451
32851453
32851454
32851456
32851458
32851459
32851462
32851464
32851465
32851468
32851469
32851470
32851471
32851472
32851473
32851475
32851476
32851477
32851478
32851480
32851482
32851483
32851484
32851487
32851488
32851489
32851490
32851491
32851493
32851495
32851497
32851498
32851499
32851500
32851501
32851502
32851503
32851505
32851506
32851507
32851508
32851509
32851510
32851511
32851513
32851514
32851515
32851516
32851521
32851522
32851523
32851525
32851526
32851528
32851530
32851531
32851532
32851533
32851534
32851535
32851537
32851538
32851539
32851540
32851541
32851543
32851544
32851545
32851546
32851547
32851548
32851550
32851551
32851552
32851554
32851555
32851556
32851557
32851558
32851559
32851561
32851562
32851563
32851564
32851565
32851567
32851569
32851570
32851571
32851572
32851573
32851575
32851577
32851578
32851579
32851580
32851581
32851582
32851584
32851586
32851589
32851590
32851591
32851592
32851594
32851595
32851596
32851599
32851601
32851602
32851604
32851605
32851607
32851608
32851610
32851611
32851612
32851613
32851614
32851616
32851618
32851620
32851621
32851622
32851624
32851627
32851628
32851629
32851632
32851634
32851638
32851639
32851640
32851641
32851642
32851643
32851645
32851646
32851647
32851648
32851649
32851650
32851651
32851652
32851653
32851654
32851655
32851658
32851659
32851661
32851662
32851663
32851664
32851665
32851666
32851668
32851669
32851670
32851671
32851672
32851673
32851676
32851678
32851679
32851680
32851681
32851682
32851683
32851684
32851685
32851686
32851687
32851690
32851691
32851692
32851693
32851694
32851697
32851698
32851699
32851701
32851703
32851704
32851705
32851706
32851707
32851711
32851712
32851713
32851714
32851715
32851716
32851717
32851719
32851720
32851721
32851723
32851725
32851726
32851727
32851728
32851729
32851731
32851733
32851734
32851735
32851738
32851739
32851740
32851741
32851743
32851744
32851746
32851747
32851748
32851749
32851750
32851751
32851752
32851754
32851755
32851756
32851758
32851759
32851760
32851761
32851762
32851763
32851764
32851765
32851766
32851767
32851770
32851771
32851773
32851774
32851775
32851778
32851779
32851780
32851781
32851782
32851784
32851785
32851789
32851791
32851793
32851794
32851796
32851797
32851800
32851803
32851804
32851805
32851808
32851809
32851810
32851812
32851813
32851814
32851815
32851816
32851817
32851818
32851819
32851820
32851822
32851823
32851824
32851825
32851828
32851829
32851830
32851831
32851834
32851835
32851836
32851837
32851838
32851839
32851840
32851841
32851842
32851844
32851845
32851846
32851848
32851849
32851850
32851851
32851852
32851854
32851855
32851856
32851857
32851858
32851859
32851860
32851862
32851863
32851864
32851865
32851867
32851868
32851870
32851871
32851872
32851873
32851874
32851875
32851877
32851878
32851879
32851880
32851882
32851883
32851884
32851886
32851887
32851889
32851890
32851891
32851892
32851893
32851894
32851895
32851897
32851898
32851899
32851900
32851901
32851902
32851903
32851905
32851906
32851907
32851908
32851909
32851910
32851911
32851913
32851915
32851916
32851917
32851918
32851919
32851920
32851921
32851922
32851923
32851924
32851925
32851926
32851927
32851928
32851929
32851930
32851931
32851933
32851934
32851936
32851937
32851938
32851939
32851940
32851942
32851944
32851945
32851946
32851948
32851949
32851950
32851951
32851952
32851953
32851954
32851955
32851956
32851957
32851959
32851960
32851962
32851963
32851964
32851965
32851966
32851968
32851969
32851970
32851972
32851973
32851977
32851978
32851979
32851980
32851981
32851982
32851983
32851984
32851985
32851986
32851988
32851989
32851990
32851992
32851993
32851994
32851995
32851997
32851998
32852000
32852001
32852003
32852004
32852005
32852007
32852008
32852009
32852010
32852011
32852012
32852013
32852014
32852015
32852016
32852017
32852021
32852022
32852023
32852024
32852025
32852026
32852027
32852028
32852029
32852030
32852031
32852032
32852033
32852034
32852035
32852036
32852037
32852039
32852040
32852041
32852042
32852043
32852045
32852046
32852047
32852048
32852049
32852050
32852051
32852052
32852054
32852056
32852057
32852058
32852059
32852060
32852061
32852062
32852065
32852066
32852067
32852068
32852069
32852071
32852072
32852075
32852076
32852077
32852078
32852079
32852081
32852082
32852083
32852084
32852085
32852088
32852089
32852090
32852091
32852092
32852093
32852094
32852096
32852097
32852098
32852099
32852100
32852101
32852102
32852103
32852104
32852105
32852106
32852107
32852108
32852109
32852110
32852111
32852112
32852113
32852114
32852115
32852116
32852117
32852119
32852120
32852121
32852122
32852123
32852124
32852125
32852126
32852127
32852128
32852130
32852131
32852132
32852134
32852136
32852137
32852138
32852139
32852140
32852141
32852142
32852143
32852144
32852145
32852146
32852147
32852148
32852149
32852151
32852152
32852153
32852154
32852155
32852156
32852157
32852159
32852160
32852163
32852164
32852165
32852166
32852167
32852168
32852169
32852170
32852171
32852172
32852173
32852174
32852175
32852176
32852177
32852178
32852179
32852180
32852181
32852182
32852183
32852184
32852185
32852186
32852187
32852189
32852190
32852191
32852193
32852196
32852197
32852199
32852200
32852201
32852202
32852204
32852205
32852207
32852208
32852210
32852211
32852213
32852214
32852215
32852217
32852218
32852219
32852220
32852221
32852223
32852224
32852225
32852227
32852228
32852229
32852231
32852232
32852233
32852234
32852235
32852236
32852237
32852238
32852239
32852241
32852242
32852244
32852245
32852246
32852247
32852248
32852249
32852250
32852251
32852252
32852253
32852254
32852255
32852256
32852257
32852258
32852259
32852260
32852261
32852262
32852263
32852265
32852266
32852267
32852268
32852269
32852270
32852271
32852273
32852274
32852275
32852276
32852277
32852278
32852280
32852281
32852282
32852283
32852284
32852285
32852286
32852287
32852289
32852290
32852291
32852292
32852293
32852294
32852295
32852296
32852297
32852298
32852299
32852300
32852301
32852302
32852303
32852304
32852305
32852306
32852307
32852309
32852310
32852311
32852313
32852314
32852315
32852316
32852317
32852318
32852319
32852320
32852321
32852323
32852324
32852325
32852326
32852327
32852328
32852329
32852330
32852331
32852332
32852333
32852334
32852335
32852336
32852338
32852339
32852340
32852341
32852342
32852343
32852344
32852345
32852346
32852348
32852349
32852350
32852351
32852352
32852353
32852354
32852355
32852356
32852357
32852359
32852360
32852361
32852362
32852363
32852364
32852365
32852366
32852367
32852368
32852369
32852370
32852371
32852372
32852373
32852374
32852375
32852376
32852377
32852378
32852379
32852380
32852382
32852383
32852384
32852385
32852386
32852387
32852388
32852389
32852390
32852391
32852392
32852393
32852394
32852395
32852396
32852397
32852398
32852399
32852401
32852402
32852403
32852404
32852405
32852406
32852407
32852408
32852409
32852410
32852411
32852412
32852413
32852414
32852415
32852416
32852417
32852418
32852419
32852420
32852421
32852422
32852423
32852425
32852426
32852427
32852428
32852429
32852430
32852431
32852432
32852433
32852435
32852436
32852437
32852441
32852442
32852443
32852444
32852445
32852446
32852447
32852448
32852449
32852450
32852451
32852452
32852453
32852455
32852456
32852457
32852459
32852460
32852461
32852462
32852463
32852464
32852465
32852466
32852467
32852468
32852470
32852471
32852472
32852473
32852474
32852475
32852476
32852477
32852478
32852479
32852480
32852481
32852482
32852484
32852485
32852486
32852487
32852490
32852491
32852492
32852493
32852494
32852495
32852496
32852497
32852498
32852499
32852500
32852501
32852502
32852503
32852504
32852505
32852506
32852507
32852508
32852509
32852510
32852511
32852512
32852513
32852514
32852516
32852519
32852520
32852521
32852522
32852523
32852524
32852525
32852526
32852527
32852528
32852529
32852530
32852531
32852532
32852534
32852535
32852536
32852538
32852539
32852540
32852541
32852543
32852544
32852545
32852546
32852548
32852549
32852550
32852551
32852552
32852553
32852555
32852556
32852557
32852558
32852559
32852560
32852561
32852562
32852563
32852564
32852565
32852567
32852569
32852570
32852571
32852572
32852573
32852574
32852575
32852577
32852578
32852580
32852581
32852582
32852583
32852584
32852585
32852586
32852587
32852588
32852589
32852591
32852592
32852593
32852594
32852595
32852596
32852597
32852598
32852599
32852601
32852602
32852604
32852605
32852606
32852608
32852609
32852610
32852611
32852613
32852614
32852615
32852616
32852617
32852619
32852620
32852621
32852622
32852623
32852624
32852625
32852626
32852627
32852628
32852629
32852630
32852631
32852632
32852633
32852634
32852636
32852637
32852640
32852641
32852642
32852643
32852644
32852646
32852648
32852649
32852650
32852651
32852652
32852653
32852654
32852655
32852656
32852657
32852658
32852659
32852660
32852661
32852662
32852663
32852664
32852665
32852666
32852667
32852668
32852669
32852670
32852671
32852672
32852673
32852674
32852675
32852676
32852677
32852678
32852680
32852681
32852682
32852683
32852684
32852685
32852686
32852687
32852688
32852689
32852690
32852692
32852694
32852695
32852696
32852697
32852699
32852700
32852701
32852702
32852703
32852705
32852707
32852708
32852710
32852711
32852714
32852715
32852716
32852718
32852719
32852720
32852721
32852722
32852723
32852724
32852725
32852727
32852728
32852730
32852731
32852733
32852734
32852737
32852738
32852739
32852740
32852741
32852742
32852744
32852745
32852746
32852747
32852748
32852750
32852751
32852752
32852753
32852754
32852755
32852756
32852757
32852759
32852761
32852762
32852763
32852764
32852765
32852766
32852767
32852768
32852770
32852771
32852772
32852773
32852774
32852775
32852776
32852777
32852778
32852779
32852780
32852781
32852782
32852783
32852784
32852786
32852787
32852788
32852789
32852790
32852791
32852792
32852793
32852794
32852797
32852798
32852799
32852800
32852801
32852803
32852804
32852805
32852806
32852807
32852808
32852809
32852810
32852811
32852812
32852813
32852814
32852816
32852818
32852819
32852821
32852822
32852825
32852827
32852828
32852829
32852830
32852832
32852833
32852834
32852835
32852836
32852837
32852838
32852839
32852841
32852842
32852843
32852844
32852845
32852846
32852847
32852848
32852849
32852850
32852851
32852853
32852855
32852857
32852858
32852859
32852860
32852861
32852863
32852864
32852865
32852866
32852867
32852868
32852871
32852872
32852874
32852875
32852876
32852878
32852879
32852880
32852881
32852883
32852885
32852886
32852887
32852888
32852889
32852890
32852891
32852892
32852894
32852895
32852897
32852898
32852899
32852900
32852901
32852902
32852904
32852907
32852908
32852910
32852911
32852912
32852913
32852914
32852916
32852918
32852919
32852920
32852921
32852925
32852926
32852927
32852928
32852929
32852930
32852931
32852932
32852933
32852935
32852936
32852939
32852941
32852942
32852943
32852946
32852948
32852949
32852950
32852951
32852952
32852954
32852955
32852956
32852959
32852960
32852963
32852964
32852965
32852966
32852967
32852968
32852969
32852970
32852974
32852975
32852976
32852978
32852979
32852980
32852981
32852983
32852984
32852985
32852986
32852987
32852988
32852989
32852991
32852992
32852993
32852994
32852995
32852996
32852997
32852998
32852999
32853000
32853001
32853002
32853003
32853004
32853005
32853006
32853007
32853008
32853009
32853011
32853012
32853013
32853014
32853016
32853017
32853018
32853019
32853020
32853021
32853023
32853024
32853025
32853026
32853027
32853028
32853029
32853030
32853031
32853032
32853033
32853034
32853036
32853037
32853038
32853040
32853041
32853042
32853043
32853044
32853045
32853046
32853047
32853048
32853049
32853052
32853054
32853056
32853057
32853058
32853059
32853060
32853062
32853063
32853064
32853065
32853068
32853069
32853070
32853071
32853073
32853074
32853075
32853076
32853077
32853078
32853079
32853080
32853081
32853082
32853083
32853085
32853088
32853090
32853091
32853093
32853094
32853095
32853096
32853098
32853099
32853101
32853103
32853106
32853107
32853108
32853109
32853111
32853113
32853114
32853115
32853116
32853118
32853119
32853120
32853122
32853123
32853124
32853125
32853126
32853127
32853128
32853129
32853130
32853132
32853133
32853134
32853136
32853137
32853138
32853139
32853140
32853141
32853142
32853143
32853144
32853145
32853146
32853147
32853148
32853150
32853151
32853154
32853155
32853156
32853157
32853158
32853160
32853161
32853164
32853165
32853166
32853167
32853168
32853169
32853170
32853171
32853172
32853173
32853174
32853175
32853176
32853178
32853179
32853180
32853181
32853182
32853183
32853184
32853186
32853188
32853190
32853191
32853192
32853193
32853194
32853195
32853196
32853198
32853199
32853200
32853202
32853205
32853206
32853207
32853208
32853209
32853210
32853211
32853212
32853213
32853216
32853217
32853218
32853220
32853223
32853224
32853225
32853228
32853231
32853232
32853234
32853235
32853236
32853237
32853238
32853239
32853242
32853243
32853245
32853246
32853248
32853249
32853250
32853251
32853252
32853254
32853255
32853256
32853259
32853260
32853261
32853262
32853263
32853264
32853265
32853266
32853268
32853269
32853270
32853271
32853272
32853273
32853275
32853277
32853278
32853279
32853281
32853282
32853283
32853284
32853285
32853286
32853287
32853288
32853289
32853290
32853291
32853292
32853294
32853295
32853296
32853297
32853298
32853300
32853301
32853302
32853303
32853304
32853305
32853306
32853307
32853309
32853310
32853311
32853313
32853314
32853315
32853316
32853317
32853318
32853319
32853320
32853321
32853322
32853325
32853326
32853327
32853328
32853329
32853330
32853331
32853332
32853333
32853334
32853335
32853336
32853337
32853338
32853339
32853341
32853342
32853343
32853344
32853345
32853346
32853348
32853349
32853350
32853352
32853353
32853354
32853355
32853356
32853357
32853358
32853359
32853360
32853361
32853362
32853363
32853364
32853365
32853366
32853367
32853368
32853369
32853370
32853371
32853372
32853373
32853374
32853376
32853377
32853378
32853379
32853381
32853382
32853383
32853384
32853386
32853387
32853388
32853389
32853390
32853391
32853392
32853393
32853395
32853396
32853397
32853398
32853399
32853400
32853402
32853404
32853405
32853406
32853407
32853408
32853410
32853411
32853412
32853413
32853414
32853416
32853417
32853418
32853419
32853420
32853422
32853424
32853425
32853426
32853427
32853428
32853429
32853430
32853431
32853432
32853433
32853434
32853435
32853436
32853437
32853438
32853439
32853440
32853441
32853442
32853443
32853444
32853445
32853446
32853447
32853448
32853450
32853451
32853453
32853454
32853455
32853456
32853457
32853459
32853461
32853462
32853464
32853465
32853466
32853467
32853469
32853470
32853473
32853474
32853476
32853477
32853478
32853479
32853480
32853481
32853482
32853483
32853484
32853485
32853486
32853487
32853488
32853489
32853491
32853492
32853493
32853494
32853495
32853496
32853498
32853499
32853501
32853502
32853503
32853504
32853506
32853507
32853508
32853510
32853511
32853512
32853513
32853514
32853515
32853517
32853518
32853519
32853520
32853521
32853522
32853523
32853524
32853527
32853528
32853529
32853531
32853532
32853533
32853534
32853535
32853536
32853537
32853538
32853540
32853542
32853543
32853544
32853545
32853547
32853553
32853555
32853556
32853557
32853558
32853560
32853561
32853562
32853563
32853564
32853566
32853568
32853569
32853570
32853571
32853572
32853573
32853574
32853576
32853577
32853578
32853580
32853581
32853583
32853584
32853585
32853586
32853587
32853588
32853589
32853593
32853594
32853596
32853597
32853598
32853599
32853600
32853603
32853604
32853605
32853607
32853608
32853612
32853613
32853614
32853615
32853616
32853617
32853618
32853619
32853620
32853622
32853624
32853626
32853627
32853628
32853630
32853631
32853633
32853634
32853637
32853638
32853639
32853640
32853641
32853642
32853643
32853644
32853645
32853646
32853647
32853648
32853649
32853651
32853652
32853653
32853654
32853655
32853657
32853658
32853660
32853661
32853662
32853663
32853664
32853665
32853666
32853667
32853668
32853669
32853670
32853672
32853673
32853674
32853675
32853676
32853677
32853679
32853680
32853681
32853682
32853683
32853684
32853685
32853686
32853687
32853688
32853689
32853690
32853691
32853692
32853693
32853694
32853695
32853696
32853697
32853698
32853699
32853700
32853701
32853703
32853704
32853705
32853706
32853707
32853708
32853709
32853710
32853711
32853712
32853715
32853716
32853717
32853720
32853721
32853723
32853724
32853725
32853726
32853727
32853728
32853729
32853730
32853732
32853733
32853735
32853736
32853737
32853738
32853740
32853741
32853742
32853745
32853746
32853747
32853748
32853749
32853754
32853755
32853756
32853757
32853759
32853760
32853761
32853762
32853764
32853767
32853768
32853769
32853770
32853771
32853772
32853774
32853775
32853778
32853779
32853780
32853781
32853782
32853783
32853785
32853786
32853787
32853788
32853789
32853790
32853791
32853794
32853795
32853796
32853797
32853798
32853799
32853801
32853802
32853803
32853804
32853805
32853806
32853807
32853809
32853810
32853811
32853813
32853814
32853815
32853816
32853817
32853819
32853820
32853821
32853822
32853823
32853824
32853826
32853827
32853828
32853829
32853830
32853831
32853832
32853833
32853834
32853835
32853836
32853838
32853839
32853841
32853842
32853843
32853846
32853848
32853849
32853850
32853851
32853852
32853853
32853854
32853855
32853856
32853857
32853858
32853859
32853860
32853861
32853862
32853863
32853864
32853865
32853866
32853867
32853868
32853869
32853870
32853871
32853873
32853874
32853875
32853876
32853877
32853879
32853880
32853881
32853882
32853883
32853885
32853886
32853887
32853888
32853889
32853890
32853891
32853892
32853893
32853894
32853895
32853896
32853897
32853898
32853899
32853900
32853901
32853902
32853903
32853904
32853906
32853907
32853908
32853909
32853910
32853911
32853912
32853913
32853914
32853915
32853916
32853917
32853919
32853920
32853921
32853922
32853923
32853924
32853925
32853927
32853928
32853929
32853930
32853931
32853932
32853933
32853935
32853936
32853939
32853940
32853941
32853942
32853943
32853944
32853945
32853946
32853947
32853948
32853949
32853950
32853951
32853952
32853953
32853954
32853955
32853956
32853957
32853958
32853959
32853960
32853961
32853962
32853963
32853964
32853965
32853966
32853968
32853970
32853972
32853973
32853974
32853975
32853976
32853977
32853978
32853979
32853980
32853981
32853982
32853984
32853985
32853986
32853987
32853988
32853989
32853990
32853991
32853993
32853994
32853995
32853996
32853997
32853998
32853999
32854001
32854002
32854003
32854004
32854005
32854007
32854008
32854009
32854010
32854011
32854012
32854013
32854015
32854016
32854017
32854019
32854020
32854021
32854022
32854023
32854025
32854027
32854028
32854029
32854030
32854032
32854033
32854034
32854035
32854036
32854037
32854038
32854039
32854041
32854042
32854043
32854044
32854045
32854046
32854047
32854049
32854050
32854051
32854052
32854053
32854055
32854056
32854057
32854058
32854059
32854060
32854061
32854065
32854066
32854067
32854068
32854070
32854071
32854073
32854074
32854075
32854077
32854078
32854079
32854080
32854081
32854082
32854083
32854084
32854085
32854086
32854087
32854088
32854089
32854090
32854092
32854093
32854094
32854095
32854096
32854098
32854099
32854100
32854101
32854102
32854103
32854104
32854105
32854106
32854107
32854108
32854109
32854110
32854111
32854112
32854113
32854114
32854115
32854116
32854119
32854120
32854122
32854123
32854124
32854125
32854127
32854130
32854131
32854132
32854133
32854134
32854135
32854136
32854137
32854138
32854139
32854140
32854141
32854142
32854143
32854144
32854145
32854146
32854147
32854149
32854150
32854151
32854152
32854155
32854156
32854157
32854158
32854159
32854160
32854161
32854162
32854163
32854164
32854165
32854166
32854167
32854169
32854170
32854171
32854172
32854174
32854175
32854176
32854177
32854178
32854179
32854180
32854181
32854182
32854183
32854185
32854186
32854187
32854188
32854189
32854190
32854191
32854194
32854195
32854196
32854197
32854198
32854199
32854200
32854201
32854202
32854203
32854204
32854206
32854207
32854208
32854209
32854211
32854212
32854213
32854214
32854215
32854216
32854217
32854218
32854219
32854221
32854222
32854223
32854224
32854225
32854226
32854228
32854229
32854230
32854231
32854232
32854233
32854234
32854235
32854236
32854238
32854240
32854241
32854242
32854243
32854244
32854247
32854248
32854250
32854252
32854253
32854254
32854255
32854256
32854257
32854258
32854259
32854260
32854261
32854262
32854264
32854265
32854266
32854268
32854269
32854270
32854271
32854272
32854273
32854274
32854275
32854276
32854277
32854278
32854279
32854280
32854282
32854284
32854285
32854286
32854287
32854288
32854290
32854291
32854292
32854293
32854294
32854297
32854298
32854299
32854300
32854301
32854302
32854305
32854306
32854307
32854308
32854310
32854312
32854313
32854314
32854315
32854316
32854317
32854318
32854319
32854320
32854322
32854324
32854325
32854326
32854327
32854328
32854329
32854330
32854331
32854332
32854333
32854334
32854338
32854339
32854340
32854342
32854343
32854344
32854345
32854346
32854347
32854348
32854349
32854351
32854353
32854354
32854355
32854356
32854357
32854358
32854359
32854361
32854362
32854364
32854365
32854369
32854370
32854371
32854372
32854373
32854375
32854377
32854378
32854379
32854380
32854381
32854382
32854383
32854384
32854385
32854386
32854388
32854389
32854390
32854393
32854394
32854395
32854396
32854397
32854398
32854400
32854401
32854402
32854403
32854404
32854405
32854406
32854407
32854408
32854409
32854410
32854411
32854412
32854413
32854414
32854415
32854416
32854417
32854419
32854420
32854421
32854422
32854423
32854424
32854425
32854427
32854428
32854429
32854432
32854433
32854435
32854436
32854437
32854439
32854440
32854441
32854442
32854443
32854445
32854446
32854447
32854448
32854449
32854450
32854451
32854452
32854453
32854454
32854455
32854456
32854457
32854458
32854459
32854460
32854461
32854462
32854463
32854465
32854467
32854468
32854471
32854472
32854473
32854474
32854475
32854476
32854477
32854478
32854479
32854480
32854481
32854483
32854484
32854487
32854488
32854489
32854491
32854492
32854493
32854494
32854495
32854496
32854497
32854498
32854499
32854500
32854501
32854502
32854503
32854505
32854506
32854507
32854508
32854509
32854510
32854513
32854517
32854518
32854519
32854520
32854522
32854523
32854525
32854527
32854528
32854530
32854531
32854532
32854533
32854534
32854535
32854536
32854538
32854539
32854540
32854541
32854542
32854543
32854544
32854545
32854546
32854547
32854548
32854549
32854551
32854553
32854554
32854555
32854557
32854558
32854559
32854560
32854561
32854563
32854564
32854565
32854566
32854567
32854568
32854570
32854572
32854573
32854575
32854576
32854577
32854578
32854579
32854580
32854581
32854582
32854583
32854584
32854585
32854586
32854587
32854588
32854589
32854590
32854591
32854593
32854594
32854596
32854597
32854598
32854599
32854600
32854601
32854602
32854604
32854605
32854606
32854607
32854608
32854609
32854610
32854611
32854612
32854613
32854614
32854615
32854616
32854617
32854618
32854619
32854620
32854621
32854622
32854623
32854625
32854627
32854628
32854629
32854631
32854632
32854633
32854635
32854636
32854637
32854639
32854640
32854642
32854643
32854645
32854646
32854647
32854651
32854653
32854655
32854656
32854657
32854658
32854659
32854660
32854661
32854662
32854665
32854666
32854667
32854668
32854669
32854670
32854671
32854673
32854674
32854676
32854677
32854679
32854680
32854682
32854684
32854686
32854689
32854692
32854694
32854697
32854698
32854699
32854700
32854701
32854703
32854704
32854705
32854706
32854707
32854708
32854710
32854711
32854715
32854716
32854717
32854719
32854721
32854722
32854723
32854725
32854728
32854729
32854731
32854733
32854736
32854740
32854741
32854742
32854744
32854745
32854747
32854750
32854752
32854753
32854754
32854756
32854761
32854762
32854763
32854764
32854765
32854766
32854767
32854768
32854771
32854772
32854773
32854774
32854776
32854777
32854778
32854779
32854780
32854783
32854784
32854786
32854789
32854790
32854792
32854793
32854795
32854796
32854797
32854798
32854800
32854802
32854803
32854804
32854806
32854807
32854808
32854809
32854810
32854813
32854814
32854815
32854816
32854818
32854819
32854820
32854821
32854822
32854823
32854825
32854826
32854827
32854828
32854829
32854831
32854832
32854833
32854834
32854835
32854836
32854837
32854839
32854840
32854842
32854843
32854844
32854845
32854846
32854847
32854849
32854850
32854851
32854852
32854854
32854856
32854857
32854858
32854860
32854862
32854863
32854865
32854866
32854867
32854868
32854869
32854870
32854872
32854873
32854874
32854875
32854876
32854878
32854879
32854880
32854881
32854882
32854883
32854884
32854885
32854886
32854887
32854888
32854889
32854890
32854891
32854892
32854893
32854894
32854895
32854896
32854897
32854898
32854899
32854900
32854902
32854903
32854904
32854905
32854906
32854907
32854908
32854909
32854910
32854911
32854912
32854913
32854914
32854915
32854917
32854918
32854919
32854920
32854921
32854922
32854923
32854924
32854925
32854926
32854927
32854928
32854929
32854931
32854932
32854933
32854934
32854935
32854936
32854937
32854938
32854939
32854940
32854941
32854943
32854944
32854946
32854947
32854948
32854949
32854950
32854951
32854953
32854955
32854958
32854959
32854960
32854961
32854962
32854963
32854964
32854965
32854966
32854967
32854968
32854969
32854970
32854971
32854972
32854973
32854974
32854975
32854976
32854977
32854978
32854979
32854982
32854983
32854984
32854985
32854986
32854987
32854988
32854989
32854990
32854991
32854993
32854994
32854995
32854997
32854998
32854999
32855000
32855001
32855002
32855003
32855004
32855006
32855007
32855008
32855009
32855010
32855011
32855012
32855013
32855014
32855016
32855017
32855018
32855019
32855022
32855024
32855027
32855028
32855029
32855030
32855033
32855035
32855036
32855037
32855039
32855040
32855043
32855044
32855045
32855046
32855047
32855048
32855049
32855050
32855051
32855052
32855053
32855054
32855055
32855056
32855057
32855059
32855060
32855061
32855062
32855063
32855064
32855065
32855066
32855067
32855068
32855069
32855070
32855071
32855072
32855073
32855074
32855075
32855076
32855078
32855079
32855080
32855081
32855082
32855083
32855084
32855085
32855086
32855087
32855088
32855089
32855091
32855092
32855094
32855096
32855098
32855099
32855100
32855101
32855102
32855103
32855104
32855105
32855106
32855107
32855108
32855109
32855111
32855112
32855113
32855114
32855115
32855116
32855117
32855118
32855119
32855120
32855121
32855122
32855124
32855125
32855126
32855128
32855129
32855130
32855132
32855133
32855134
32855135
32855136
32855137
32855138
32855139
32855140
32855141
32855142
32855143
32855144
32855145
32855148
32855149
32855150
32855151
32855152
32855153
32855154
32855155
32855156
32855158
32855159
32855160
32855161
32855162
32855163
32855164
32855165
32855166
32855167
32855168
32855169
32855170
32855172
32855173
32855174
32855175
32855176
32855177
32855178
32855179
32855180
32855181
32855182
32855183
32855184
32855185
32855186
32855187
32855189
32855190
32855192
32855193
32855194
32855195
32855196
32855197
32855198
32855199
32855200
32855201
32855202
32855203
32855204
32855205
32855206
32855207
32855208
32855210
32855211
32855212
32855213
32855214
32855215
32855216
32855217
32855218
32855219
32855220
32855223
32855224
32855225
32855226
32855227
32855228
32855229
32855230
32855231
32855232
32855233
32855235
32855236
32855237
32855238
32855239
32855241
32855242
32855243
32855244
32855245
32855246
32855248
32855249
32855251
32855252
32855253
32855254
32855255
32855256
32855257
32855258
32855259
32855260
32855261
32855262
32855264
32855265
32855267
32855268
32855269
32855270
32855271
32855272
32855273
32855274
32855275
32855276
32855277
32855278
32855279
32855280
32855281
32855283
32855284
32855286
32855287
32855288
32855291
32855293
32855294
32855295
32855296
32855297
32855298
32855299
32855300
32855301
32855302
32855305
32855306
32855307
32855308
32855309
32855313
32855314
32855315
32855317
32855318
32855319
32855320
32855321
32855322
32855323
32855324
32855325
32855326
32855328
32855329
32855331
32855332
32855333
32855336
32855337
32855338
32855339
32855342
32855343
32855344
32855345
32855346
32855348
32855349
32855350
32855352
32855353
32855354
32855356
32855357
32855360
32855361
32855363
32855364
32855365
32855366
32855367
32855369
32855370
32855372
32855373
32855374
32855375
32855376
32855377
32855378
32855379
32855380
32855381
32855382
32855384
32855385
32855386
32855387
32855388
32855390
32855391
32855392
32855394
32855395
32855396
32855397
32855398
32855399
32855402
32855403
32855404
32855405
32855406
32855407
32855408
32855409
32855410
32855411
32855412
32855413
32855416
32855418
32855419
32855420
32855421
32855422
32855423
32855424
32855427
32855428
32855430
32855432
32855433
32855434
32855435
32855436
32855437
32855438
32855439
32855440
32855441
32855442
32855444
32855446
32855447
32855448
32855449
32855450
32855451
32855452
32855453
32855454
32855455
32855456
32855457
32855458
32855459
32855460
32855461
32855462
32855463
32855465
32855466
32855467
32855469
32855470
32855471
32855472
32855473
32855477
32855478
32855479
32855481
32855482
32855483
32855486
32855487
32855488
32855489
32855490
32855492
32855493
32855496
32855498
32855499
32855500
32855501
32855503
32855504
32855505
32855506
32855507
32855508
32855509
32855510
32855511
32855512
32855514
32855516
32855517
32855518
32855520
32855521
32855523
32855524
32855525
32855527
32855529
32855532
32855533
32855534
32855537
32855538
32855539
32855540
32855541
32855543
32855544
32855546
32855547
32855548
32855549
32855550
32855551
32855552
32855553
32855554
32855555
32855556
32855560
32855561
32855562
32855563
32855564
32855565
32855567
32855568
32855569
32855570
32855573
32855574
32855575
32855577
32855578
32855579
32855580
32855581
32855583
32855585
32855586
32855587
32855588
32855589
32855590
32855591
32855592
32855594
32855596
32855598
32855599
32855601
32855602
32855603
32855604
32855605
32855607
32855608
32855611
32855612
32855613
32855615
32855616
32855617
32855618
32855619
32855620
32855621
32855622
32855623
32855624
32855625
32855627
32855628
32855630
32855631
32855632
32855633
32855634
32855635
32855636
32855637
32855638
32855639
32855640
32855641
32855642
32855643
32855644
32855645
32855646
32855647
32855648
32855649
32855650
32855651
32855653
32855654
32855656
32855657
32855658
32855659
32855660
32855662
32855663
32855664
32855665
32855666
32855667
32855668
32855669
32855670
32855671
32855672
32855673
32855674
32855675
32855677
32855679
32855681
32855682
32855684
32855685
32855687
32855688
32855689
32855690
32855691
32855692
32855693
32855694
32855696
32855697
32855698
32855700
32855701
32855702
32855703
32855704
32855705
32855706
32855707
32855708
32855709
32855710
32855712
32855713
32855715
32855716
32855717
32855718
32855720
32855721
32855722
32855723
32855726
32855728
32855729
32855730
32855732
32855733
32855734
32855735
32855739
32855741
32855743
32855745
32855746
32855747
32855748
32855749
32855750
32855751
32855752
32855753
32855755
32855756
32855757
32855759
32855760
32855762
32855763
32855764
32855765
32855766
32855767
32855769
32855771
32855772
32855773
32855775
32855776
32855777
32855779
32855780
32855781
32855783
32855785
32855786
32855787
32855789
32855790
32855791
32855793
32855795
32855796
32855797
32855799
32855800
32855801
32855802
32855803
32855804
32855806
32855807
32855808
32855809
32855810
32855811
32855812
32855813
32855814
32855815
32855817
32855818
32855819
32855820
32855821
32855822
32855823
32855825
32855826
32855827
32855828
32855829
32855831
32855832
32855833
32855834
32855835
32855836
32855837
32855839
32855840
32855841
32855842
32855843
32855844
32855847
32855848
32855849
32855852
32855853
32855855
32855857
32855858
32855859
32855860
32855861
32855862
32855863
32855864
32855865
32855866
32855867
32855868
32855870
32855871
32855872
32855873
32855874
32855875
32855876
32855877
32855878
32855879
32855880
32855881
32855882
32855883
32855884
32855886
32855887
32855888
32855889
32855891
32855892
32855893
32855894
32855896
32855897
32855898
32855899
32855900
32855901
32855902
32855905
32855906
32855907
32855908
32855909
32855911
32855912
32855913
32855914
32855915
32855917
32855918
32855919
32855920
32855921
32855922
32855923
32855924
32855925
32855927
32855928
32855931
32855933
32855934
32855935
32855936
32855937
32855938
32855939
32855941
32855942
32855943
32855944
32855945
32855946
32855947
32855949
32855951
32855954
32855955
32855956
32855957
32855958
32855960
32855961
32855964
32855965
32855966
32855969
32855971
32855972
32855973
32855974
32855975
32855977
32855978
32855979
32855980
32855981
32855982
32855983
32855985
32855986
32855987
32855989
32855991
32855992
32855995
32855997
32855998
32856000
32856001
32856002
32856003
32856005
32856007
32856008
32856010
32856014
32856015
32856017
32856019
32856020
32856021
32856022
32856023
32856024
32856026
32856027
32856028
32856029
32856031
32856032
32856033
32856037
32856038
32856039
32856041
32856042
32856044
32856045
32856046
32856047
32856048
32856049
32856050
32856051
32856053
32856054
32856057
32856058
32856059
32856060
32856061
32856062
32856063
32856064
32856067
32856068
32856069
32856070
32856071
32856072
32856073
32856075
32856077
32856078
32856079
32856081
32856083
32856084
32856085
32856086
32856093
32856094
32856095
32856096
32856097
32856098
32856099
32856100
32856101
32856102
32856104
32856105
32856107
32856108
32856109
32856110
32856111
32856113
32856114
32856115
32856116
32856118
32856119
32856120
32856121
32856122
32856123
32856124
32856125
32856126
32856127
32856128
32856130
32856131
32856132
32856133
32856135
32856136
32856139
32856140
32856142
32856143
32856144
32856145
32856146
32856147
32856149
32856151
32856152
32856153
32856154
32856156
32856157
32856160
32856161
32856163
32856165
32856167
32856168
32856169
32856170
32856172
32856174
32856175
32856178
32856179
32856180
32856181
32856182
32856183
32856184
32856185
32856186
32856187
32856189
32856190
32856192
32856193
32856194
32856195
32856196
32856197
32856198
32856199
32856200
32856202
32856203
32856204
32856205
32856206
32856207
32856211
32856212
32856213
32856214
32856215
32856217
32856218
32856219
32856220
32856221
32856222
32856223
32856224
32856226
32856227
32856228
32856229
32856230
32856231
32856232
32856234
32856235
32856236
32856237
32856239
32856241
32856242
32856243
32856245
32856246
32856247
32856248
32856249
32856250
32856251
32856253
32856254
32856255
32856256
32856257
32856258
32856259
32856260
32856263
32856264
32856267
32856268
32856269
32856270
32856271
32856273
32856274
32856275
32856276
32856277
32856278
32856279
32856280
32856281
32856282
32856283
32856284
32856285
32856286
32856287
32856288
32856289
32856290
32856292
32856293
32856294
32856296
32856297
32856298
32856299
32856300
32856301
32856302
32856303
32856304
32856305
32856307
32856309
32856310
32856311
32856312
32856313
32856314
32856316
32856317
32856319
32856321
32856322
32856323
32856324
32856326
32856327
32856328
32856329
32856330
32856331
32856332
32856333
32856334
32856335
32856336
32856339
32856341
32856343
32856344
32856345
32856346
32856348
32856349
32856350
32856351
32856353
32856354
32856355
32856356
32856357
32856358
32856360
32856361
32856362
32856363
32856364
32856366
32856367
32856368
32856369
32856372
32856373
32856374
32856375
32856376
32856378
32856379
32856381
32856382
32856384
32856385
32856386
32856387
32856389
32856390
32856391
32856392
32856393
32856394
32856396
32856397
32856398
32856399
32856400
32856401
32856402
32856403
32856404
32856405
32856406
32856407
32856408
32856411
32856413
32856414
32856415
32856416
32856417
32856418
32856419
32856421
32856422
32856424
32856426
32856427
32856428
32856429
32856430
32856431
32856432
32856433
32856434
32856436
32856437
32856438
32856440
32856441
32856442
32856443
32856444
32856445
32856446
32856447
32856448
32856449
32856450
32856451
32856453
32856455
32856456
32856458
32856460
32856461
32856462
32856463
32856464
32856465
32856466
32856467
32856468
32856469
32856470
32856471
32856472
32856473
32856474
32856475
32856476
32856477
32856478
32856479
32856481
32856482
32856483
32856484
32856485
32856486
32856487
32856488
32856489
32856490
32856491
32856494
32856495
32856497
32856498
32856500
32856501
32856502
32856503
32856504
32856505
32856506
32856507
32856508
32856509
32856510
32856511
32856512
32856513
32856514
32856515
32856516
32856517
32856518
32856519
32856520
32856521
32856522
32856523
32856524
32856525
32856526
32856529
32856530
32856533
32856534
32856535
32856536
32856537
32856538
32856540
32856541
32856542
32856544
32856545
32856546
32856548
32856550
32856551
32856553
32856554
32856555
32856556
32856557
32856558
32856559
32856560
32856561
32856562
32856564
32856565
32856566
32856567
32856568
32856569
32856570
32856571
32856572
32856573
32856574
32856575
32856576
32856577
32856578
32856579
32856584
32856585
32856586
32856587
32856589
32856590
32856593
32856594
32856597
32856599
32856601
32856603
32856604
32856605
32856606
32856607
32856608
32856609
32856610
32856611
32856613
32856614
32856615
32856616
32856617
32856618
32856620
32856621
32856623
32856625
32856626
32856627
32856629
32856630
32856631
32856633
32856634
32856636
32856637
32856638
32856639
32856640
32856642
32856645
32856647
32856648
32856649
32856650
32856651
32856652
32856654
32856655
32856656
32856657
32856658
32856660
32856661
32856662
32856663
32856664
32856665
32856667
32856668
32856670
32856671
32856673
32856675
32856676
32856677
32856678
32856679
32856680
32856681
32856682
32856683
32856684
32856685
32856686
32856687
32856688
32856689
32856690
32856693
32856694
32856696
32856697
32856698
32856700
32856701
32856702
32856703
32856704
32856705
32856706
32856707
32856708
32856710
32856712
32856715
32856716
32856717
32856718
32856719
32856721
32856722
32856723
32856724
32856725
32856727
32856728
32856730
32856732
32856733
32856734
32856735
32856736
32856737
32856738
32856739
32856740
32856744
32856745
32856746
32856749
32856750
32856751
32856752
32856754
32856755
32856756
32856757
32856759
32856760
32856761
32856762
32856763
32856764
32856766
32856767
32856768
32856770
32856771
32856772
32856773
32856774
32856775
32856776
32856777
32856778
32856780
32856781
32856782
32856783
32856785
32856786
32856787
32856789
32856790
32856794
32856795
32856796
32856797
32856799
32856800
32856802
32856803
32856804
32856805
32856806
32856808
32856809
32856812
32856813
32856815
32856816
32856817
32856818
32856820
32856822
32856823
32856826
32856827
32856828
32856829
32856832
32856833
32856834
32856836
32856837
32856838
32856840
32856841
32856842
32856843
32856844
32856845
32856846
32849838
32849839
32849840
32849842
32849849
32849863
32849865
32849866
32849869
32849873
32849876
32849878
32849881
32849882
32849883
32849888
32849889
32849890
32849891
32849893
32849894
32849895
32849896
32849897
32849898
32849899
32849900
32849902
32849903
32849904
32849905
32849906
32849907
32849908
32849909
32849910
32849911
32849912
32849913
32849914
32849915
32849917
32849918
32849920
32849921
32849922
32849923
32849924
32849925
32849926
32849927
32849928
32849929
32849931
32849932
32849934
32849936
32849937
32849938
32849940
32849941
32849943
32849945
32849946
32849949
32849953
32849954
32849956
32849957
32849959
32849960
32849961
32849963
32849967
32849968
32849969
32849970
32849971
32849972
32849974
32849975
32849976
32849978
32849979
32849980
32849988
32849989
32849992
32849994
32849995
32849997
32849999
32850000
32850004
32850007
32850012
32850013
32850014
32850016
32850019
32850020
32850021
32850022
32850024
32850025
32850027
32850028
32850031
32850032
32850033
32850034
32850035
32850036
32850040
32850042
32850043
32850044
32850045
32850046
32850047
32850048
32850051
32850053
32850062
32850065
32850068
32850069
32850070
32850071
32850072
32850073
32850074
32850075
32850077
32850079
32850080
32850087
32850088
32850089
32850092
32850093
32850094
32850096
32850097
32850098
32850099
32850104
32850106
32850107
32850109
32850110
32850111
32850113
32850114
32850115
32850116
32850117
32850118
32850125
32850127
32850128
32850129
32850131
32850132
32850133
32850134
32850141
32850142
32850143
32850144
32850146
32850148
32850150
32850151
32850153
32850154
32850155
32850156
32850157
32850160
32850162
32850163
32850164
32850166
32850167
32850168
32850169
32850172
32850173
32850174
32850179
32850180
32850211
32850214
32850215
32850217
32850218
32850220
32850222
32850224
32850225
32850228
32850229
32850230
32850232
32850234
32850235
32850236
32850237
32850239
32850240
32850241
32850242
32850244
32850245
32850246
32850248
32850249
32850250
32850251
32850253
32850254
32850255
32850256
32850259
32850263
32850264
32850265
32850266
32850268
32850270
32850271
32850272
32850274
32850276
32850277
32850279
32850280
32850282
32850283
32850284
32850285
32850288
32850289
32850290
32850291
32850293
32850298
32850300
32850301
32850302
32850303
32850305
32850306
32850308
32850309
32850310
32850311
32850312
32850313
32850315
32850316
32850317
32850318
32850325
32850326
32850327
32850330
32850331
32850333
32850335
32850337
32850338
32850339
32850340
32850341
32850343
32850344
32850345
32850346
32850348
32850352
32850355
32850356
32850361
32850362
32850363
32850366
32850367
32850369
32850370
32850371
32850372
32850373
32850375
32850379
32850380
32850381
32850383
32850384
32850388
32850389
32850390
32850392
32850393
32850394
32850395
32850396
32850397
32850398
32850399
32850401
32850402
32850404
32850405
32850409
32850410
32850411
32850412
32850413
32850414
32850415
32850416
32850417
32850420
32850422
32850423
32850424
32850425
32850426
32850429
32850431
32850432
32850433
32850435
32850438
32850439
32850442
32850443
32850444
32850446
32850451
32850452
32850453
32850455
32850456
32850457
32850460
32850461
32850462
32850464
32850467
32850468
32850469
32850470
32850471
32850472
32850473
32850479
32850482
32850484
32850485
32850491
32850495
32850507
32850509
32850512
32850514
32850515
32850517
32850518
32850519
32850520
32850521
32850522
32850523
32850524
32850529
32850530
32850531
32850534
32850535