31903603
31902791
31902794
31902795
31902801
31902802
31902810
31902811
31902826
31902831
31902858
31902864
31902865
31902868
31902869
31902874
31902878
31902885
31902886
31902892
31902893
31902898
31902920
31902922
31902926
31902931
31902934
31902938
31902947
31902948
31902958
31902959
31902967
31902969
31902975
31902976
31902980
31902995
31903001
31903008
31903009
31903020
31903027
31903039
31903041
31903051
31903065
31903066
31903071
31903074
31903094
31903096
31903105
31903107
31903110
31903112
31903114
31903115
31903123
31903126
31903127
31903130
31903131
31903139
31903142
31903170
31903172
31903175
31903176
31903193
31903194
31903200
31903210
31903216
31903225
31903228
31903230
31903231
31903232
31903233
31903234
31903238
31903241
31903243
31903244
31903245
31903248
31903249
31903255
31903256
31903260
31903264
31903267
31903268
31903269
31903272
31903291
31903292
31903293
31895189
31895190
31895191
31895192
31903300
31895194
31895195
31895196
31895197
31895199
31895200
31895201
31895202
31895203
31895204
31895206
31895208
31895209
31895210
31895211
31895213
31895214
31895215
31895216
31895218
31895219
31895221
31895222
31895224
31895225
31895227
31895229
31895230
31895231
31895232
31895235
31895236
31895238
31895240
31895241
31895242
31895243
31895244
31895245
31903302
31895247
31895248
31895250
31895251
31895252
31895253
31895254
31895255
31895256
31895257
31895258
31895260
31895261
31895263
31895264
31895265
31895266
31895267
31895268
31895269
31903303
31895272
31895274
31895275
31895276
31895277
31895278
31895279
31895280
31895282
31895283
31895286
31895287
31895288
31895289
31895290
31895291
31895292
31895293
31895294
31903304
31895297
31895298
31895299
31895301
31895302
31895303
31895305
31895307
31895309
31895313
31895314
31903305
31895317
31895318
31895319
31895321
31895322
31895323
31895324
31895327
31895329
31895330
31895331
31895333
31895335
31895336
31895337
31895339
31895340
31895341
31895342
31895344
31895345
31895346
31895347
31895349
31895351
31895353
31895354
31895356
31895357
31895358
31895359
31895360
31895361
31895363
31895366
31895369
31895370
31895373
31895375
31895378
31895381
31895382
31895383
31895385
31895388
31895390
31895391
31895392
31895394
31895395
31895401
31895403
31895405
31895406
31895407
31895410
31895416
31895418
31895419
31895420
31895425
31895426
31895427
31895428
31895429
31895430
31895432
31895433
31895434
31895437
31895438
31895439
31895442
31895443
31895444
31895446
31895447
31895448
31895451
31895452
31895453
31895456
31895458
31895460
31895461
31895462
31895463
31895465
31895466
31895467
31895468
31895469
31895471
31895476
31895477
31895478
31895481
31895483
31895484
31895485
31895487
31895488
31895489
31895491
31895492
31895493
31895495
31895496
31895497
31895498
31895500
31895502
31895503
31895505
31895508
31895509
31895511
31895512
31895516
31895517
31895519
31895522
31895524
31895527
31895528
31895531
31895533
31895534
31895535
31895536
31895537
31895540
31895542
31895544
31895545
31895547
31895550
31895551
31895552
31895553
31895556
31895557
31895558
31895560
31895561
31895563
31895566
31895567
31895570
31895574
31895577
31895578
31895579
31895580
31895581
31895582
31895584
31895585
31895586
31895587
31895588
31895589
31895591
31903316
31895593
31895594
31895595
31895596
31895597
31895598
31895599
31895600
31895601
31895602
31895604
31895605
31895606
31895607
31895608
31895609
31895610
31895612
31895613
31895614
31895615
31895618
31895619
31895620
31895621
31895622
31895623
31895624
31895625
31895627
31895628
31895629
31895630
31895631
31895632
31895633
31895634
31895636
31895637
31895638
31895639
31895640
31895641
31895642
31895643
31895645
31895646
31895648
31895649
31895650
31895651
31895652
31895653
31895654
31895655
31895656
31895657
31895658
31895659
31895660
31895661
31895662
31895663
31895664
31895665
31895666
31895667
31895668
31895669
31895670
31895671
31895672
31895673
31895675
31895676
31895677
31895678
31895679
31895680
31895681
31895682
31895683
31895684
31895685
31895686
31895687
31895688
31895689
31895690
31895691
31895692
31895693
31895694
31895695
31895697
31895698
31895699
31895700
31895702
31895704
31895705
31895706
31895707
31895708
31895709
31895711
31895713
31895714
31895716
31895717
31895718
31895719
31895720
31895721
31895722
31895723
31895725
31895726
31895727
31895728
31895729
31895730
31895731
31895732
31895733
31895734
31895735
31895737
31895738
31895739
31895740
31895741
31895742
31895743
31895744
31895745
31895746
31895748
31895749
31895750
31895751
31895752
31895753
31895755
31895756
31895757
31895758
31895759
31895760
31895761
31895762
31895763
31895764
31895765
31895766
31895767
31895768
31895769
31895770
31895771
31895772
31895774
31895775
31895776
31895777
31895778
31895779
31895780
31895781
31895782
31895783
31895784
31895787
31895789
31895790
31895792
31895793
31895794
31895795
31895796
31895797
31895798
31895799
31895800
31895801
31895802
31895803
31895804
31895805
31895806
31895807
31895808
31895809
31895810
31895811
31895812
31895813
31895814
31895816
31895817
31895818
31895819
31895820
31895821
31895822
31895823
31895824
31895825
31895826
31895827
31895828
31895829
31895830
31895831
31895832
31895833
31895834
31895835
31895836
31895837
31895838
31895839
31895840
31895841
31895842
31895843
31895844
31895845
31895847
31895848
31895849
31895850
31895851
31895852
31895853
31895854
31895855
31895856
31895858
31895859
31895860
31895861
31895862
31895863
31895864
31895865
31895866
31895868
31895869
31895871
31895872
31895873
31895876
31895877
31895879
31895880
31895881
31895882
31895883
31895884
31895885
31895886
31895887
31895888
31895889
31895890
31895891
31895892
31895893
31895894
31895895
31895896
31895897
31895898
31895899
31895900
31895901
31895902
31895903
31895904
31895906
31895907
31895909
31895910
31895911
31895912
31895913
31895914
31895916
31895917
31895918
31895919
31895920
31895921
31895922
31895923
31895924
31895925
31895926
31895927
31895928
31895929
31895930
31895931
31895932
31895933
31895935
31895936
31895938
31895940
31895941
31895942
31895943
31895945
31895946
31895947
31895948
31895949
31895950
31895951
31895953
31895955
31895956
31895957
31895958
31895959
31895960
31895961
31895962
31895963
31895964
31895965
31895966
31895967
31895968
31895969
31895971
31895972
31895973
31895974
31895975
31895976
31895977
31895978
31895979
31895980
31895981
31895982
31895983
31895984
31895986
31895987
31895988
31895989
31895990
31895991
31895992
31895993
31895994
31895995
31895996
31895997
31895999
31896001
31896002
31896003
31896005
31896006
31896007
31896008
31896010
31896011
31896012
31896014
31896015
31896016
31896017
31896018
31896019
31896020
31896021
31896022
31896024
31896025
31896026
31896027
31896028
31896029
31896030
31896031
31896034
31896035
31896036
31896037
31896038
31896039
31896040
31896041
31896042
31896043
31896044
31896045
31896047
31896048
31896049
31896050
31896051
31896052
31896053
31896054
31896055
31896056
31896057
31896058
31896061
31896062
31896064
31896065
31896066
31896067
31896068
31896069
31896070
31896071
31896072
31896073
31896074
31896075
31896076
31896077
31896078
31896079
31896080
31896081
31896082
31896083
31896084
31896085
31896086
31896087
31896088
31896090
31896092
31896093
31896094
31896096
31896097
31896098
31896100
31896101
31896102
31896103
31896105
31896106
31896107
31896108
31896109
31896110
31896111
31896112
31896113
31896114
31896115
31896119
31896120
31896121
31896122
31896123
31896125
31896126
31896127
31896129
31896131
31896132
31896133
31896134
31896135
31896137
31896138
31896140
31896141
31896142
31896144
31896145
31896146
31896147
31896148
31896149
31896152
31896153
31896154
31896155
31896156
31896158
31896159
31896160
31896161
31896162
31896165
31896166
31896167
31896168
31896170
31896171
31896173
31896174
31896176
31896177
31896178
31896179
31896181
31896182
31896185
31896187
31896188
31896189
31896190
31896191
31896192
31896193
31896194
31896197
31896198
31896199
31896200
31896201
31896204
31896205
31896206
31896207
31896208
31896210
31896213
31896214
31896216
31896217
31896218
31896219
31896220
31896221
31896222
31896224
31896225
31896227
31896228
31896229
31896230
31896231
31896232
31896235
31896237
31896238
31896240
31896241
31896242
31896246
31896247
31896249
31896250
31896251
31896252
31896253
31896254
31896257
31896258
31896259
31896260
31896261
31896262
31896263
31896265
31896266
31896267
31896269
31896276
31896279
31896284
31896286
31896297
31896296
31896299
31896291
31896303
31896304
31896307
31896308
31896314
31896315
31896318
31896319
31896321
31896323
31896324
31896334
31896343
31896344
31896337
31896340
31896341
31896342
31896345
31896351
31896352
31896354
31896347
31896348
31896357
31896358
31896350
31896355
31896361
31896356
31896360
31896362
31896364
31896367
31896368
31896369
31896372
31896373
31896374
31896375
31896376
31896378
31896379
31896380
31896383
31896385
31896387
31896389
31896390
31896391
31896392
31896393
31896394
31896396
31896397
31896398
31896399
31896400
31896403
31896404
31896405
31896406
31896407
31896408
31896409
31896410
31896411
31896412
31896413
31896414
31896415
31896416
31896417
31896419
31896420
31896421
31896422
31896423
31896424
31896426
31896429
31896430
31896431
31896432
31896433
31896434
31896435
31896436
31896437
31896438
31896440
31896441
31896442
31896443
31896444
31896445
31896446
31896447
31896449
31896452
31896454
31896455
31896456
31896457
31896458
31896459
31896460
31896461
31896462
31896463
31896465
31896466
31896467
31896468
31896469
31896470
31896471
31896472
31896473
31896474
31896475
31896476
31896477
31896478
31896479
31896270
31896481
31896482
31896483
31896484
31896485
31896271
31896487
31896488
31896489
31896272
31896491
31896492
31896493
31896494
31896495
31896496
31896274
31896497
31896499
31896500
31896501
31896498
31896503
31896504
31896505
31896506
31896508
31896509
31896510
31896511
31896277
31896513
31896514
31896515
31896516
31896517
31896518
31896519
31896520
31896278
31896522
31896524
31896526
31896527
31896529
31896530
31896532
31896534
31896535
31896536
31896282
31896539
31896540
31896541
31896542
31896543
31896283
31896544
31896546
31896547
31896548
31896545
31896549
31896551
31896552
31896553
31896554
31896556
31896557
31896558
31896559
31896560
31896562
31896563
31896564
31896565
31896566
31896567
31896287
31896288
31896570
31896571
31896572
31896573
31896574
31896289
31896577
31896290
31896579
31896580
31896581
31896582
31896584
31896585
31896586
31896587
31896588
31896590
31896591
31896592
31896593
31896293
31896596
31896597
31896598
31896599
31896600
31896294
31896602
31896604
31896606
31896607
31896610
31896611
31896612
31896613
31896614
31896616
31896617
31896298
31896619
31896622
31896623
31896624
31896625
31896627
31896628
31896629
31896630
31896632
31896301
31896635
31896636
31896637
31896638
31896639
31896640
31896641
31896642
31896643
31896645
31896647
31896648
31896649
31896650
31896652
31896653
31896654
31896656
31896658
31896659
31896660
31896663
31896664
31896665
31896666
31896667
31896668
31896669
31896670
31896672
31896673
31896674
31896676
31896677
31896310
31896678
31896680
31896681
31896682
31896684
31896685
31896689
31896691
31896694
31896695
31896696
31896697
31896699
31896700
31896701
31896702
31896705
31896707
31896708
31896710
31896711
31896712
31896317
31896714
31896715
31896716
31896717
31896718
31896713
31896719
31896721
31896723
31896725
31896729
31896320
31896731
31896732
31896733
31896734
31896737
31896322
31896740
31896741
31896742
31896744
31896745
31896746
31896747
31896750
31896751
31896752
31896754
31896755
31896757
31896326
31896759
31896760
31896761
31896763
31896327
31896765
31896766
31896767
31896768
31896769
31896770
31896771
31896328
31896772
31896329
31896774
31896775
31896777
31896776
31896330
31896779
31896331
31896784
31896785
31896332
31896792
31896333
31896794
31896795
31896796
31896797
31896799
31896800
31896801
31896802
31896335
31896805
31896804
31896806
31896807
31896336
31896809
31896811
31896810
31896813
31896814
31896808
31896816
31896817
31896822
31896824
31896825
31896826
31896827
31896828
31896829
31896833
31896834
31896835
31896839
31896841
31896842
31896845
31896847
31896848
31896849
31896850
31896852
31896853
31896855
31896857
31896859
31896861
31896862
31896864
31896865
31896868
31896869
31896870
31896871
31896872
31896873
31896349
31896874
31896877
31896881
31896886
31896887
31896888
31896889
31896890
31896895
31896897
31896898
31896900
31896901
31896903
31896904
31896906
31896909
31896910
31896912
31896913
31896914
31896916
31896917
31896918
31896919
31896920
31896921
31896923
31896924
31896926
31896927
31896928
31896929
31896930
31896932
31896933
31896935
31896936
31896937
31896938
31896941
31896942
31896943
31896945
31896946
31896947
31896948
31896949
31896950
31896951
31896953
31896955
31896960
31896961
31896963
31896965
31896966
31896967
31896969
31896970
31896973
31896974
31896976
31896977
31896978
31896979
31896980
31896981
31896982
31896983
31896984
31896985
31896986
31896987
31896988
31896990
31896991
31896992
31896993
31896994
31896995
31896996
31896997
31896998
31896999
31897000
31897001
31897002
31897003
31897004
31897005
31897006
31897007
31897009
31897010
31897011
31897012
31897013
31897014
31897015
31897016
31897017
31897018
31897019
31897020
31897021
31897022
31897023
31897024
31897025
31897026
31897027
31897028
31897029
31897030
31897031
31897032
31897033
31897037
31897038
31897041
31897042
31897043
31897045
31897046
31897047
31897048
31897049
31897050
31897051
31897052
31897053
31897054
31897055
31897056
31897057
31897058
31897059
31897061
31897063
31897065
31897066
31897067
31897068
31897069
31897070
31897071
31897072
31897074
31897075
31897076
31897078
31897079
31897080
31897081
31897082
31897083
31897084
31897085
31897086
31897087
31897088
31897089
31897090
31897091
31897092
31897094
31897095
31897096
31897097
31897099
31897100
31897101
31897102
31897103
31897104
31897106
31897107
31897108
31897109
31897110
31897111
31897112
31897113
31897114
31897115
31897116
31897117
31897118
31897119
31897120
31897122
31897123
31897124
31897125
31897126
31897127
31897128
31897129
31897130
31897131
31897132
31897133
31897134
31897135
31897136
31897137
31897138
31897139
31897140
31897141
31897142
31897143
31897144
31897145
31897147
31897148
31897149
31897150
31897151
31897152
31897153
31897154
31897155
31897157
31897158
31897159
31897160
31897161
31897162
31897163
31897164
31897165
31897166
31897167
31897168
31897169
31897170
31897171
31897172
31897173
31897174
31897175
31897176
31897179
31897180
31897181
31897182
31897183
31897184
31897185
31897186
31897187
31897189
31897190
31897191
31897192
31897193
31897194
31897195
31897196
31897197
31897198
31897199
31897200
31897201
31897202
31897203
31897205
31897206
31897208
31897209
31897210
31897211
31897214
31897215
31897216
31897217
31897218
31897219
31897220
31897221
31897222
31897223
31897225
31897226
31897227
31897230
31897231
31897232
31897233
31897234
31897236
31897237
31897238
31897239
31897240
31897241
31897242
31897244
31897245
31897246
31897248
31897249
31897250
31897251
31897252
31897253
31897254
31897255
31897256
31897257
31897258
31897259
31897260
31897262
31897263
31897264
31897265
31897266
31897267
31897268
31897269
31897270
31897271
31897272
31897273
31897274
31897275
31897276
31897278
31897279
31897280
31897281
31897283
31897284
31897285
31897287
31897288
31897289
31897290
31897291
31897292
31897293
31897294
31897296
31897297
31897298
31897299
31897300
31897301
31897302
31897303
31897306
31897307
31897308
31897309
31897311
31897312
31897313
31897314
31897315
31897317
31897318
31897319
31897320
31897321
31897322
31897323
31897324
31897325
31897326
31897327
31897328
31897329
31897330
31897331
31897332
31897333
31897334
31897335
31897337
31897338
31897339
31897340
31897341
31897342
31897343
31897344
31897345
31897346
31897347
31897348
31897349
31897350
31897351
31897353
31897355
31897356
31897357
31897358
31897360
31897361
31897362
31897363
31897364
31897366
31897367
31897368
31897369
31897370
31897371
31897372
31897373
31897374
31897375
31897376
31897379
31897381
31897382
31897383
31897384
31897385
31897386
31897387
31897388
31897389
31897390
31897391
31897393
31897394
31897395
31897396
31897397
31897398
31897399
31897400
31897401
31897402
31897403
31897405
31897406
31897407
31897408
31897409
31897410
31897411
31897414
31897415
31897416
31897418
31897423
31897424
31897425
31897427
31897428
31897429
31897430
31897431
31897433
31897434
31897435
31897437
31897438
31897439
31897440
31897442
31897443
31897444
31897445
31897446
31897447
31897451
31897452
31897453
31897454
31897455
31897456
31897458
31897459
31897460
31897461
31897463
31897464
31897465
31897466
31897467
31897468
31897469
31897471
31897472
31897474
31897477
31897480
31897481
31897482
31897483
31897484
31897485
31897486
31897488
31897490
31897492
31897493
31897494
31897495
31897496
31897497
31897498
31897501
31897502
31897505
31897506
31897507
31897508
31897509
31897511
31897512
31897515
31897516
31897517
31897518
31897519
31897520
31897521
31897522
31897523
31897524
31897525
31897527
31897529
31897530
31897531
31897532
31897533
31897534
31897536
31897537
31897540
31897541
31897542
31897543
31897544
31897545
31897547
31897550
31897551
31897552
31897553
31897554
31897555
31897556
31897557
31897558
31897559
31897560
31897561
31897562
31897564
31897565
31897566
31897567
31897568
31897569
31897571
31897572
31897573
31897574
31897575
31897576
31897577
31897578
31897580
31897581
31897582
31897583
31897584
31897587
31897588
31897589
31897590
31897591
31897593
31897594
31897595
31897596
31897597
31897598
31897600
31897602
31897603
31897604
31897605
31897607
31897608
31897609
31897610
31897611
31897612
31897613
31897615
31897616
31897618
31897619
31897620
31897621
31897622
31897623
31897624
31897625
31897627
31897628
31897630
31897631
31897632
31897633
31897634
31897635
31897636
31897637
31897638
31897639
31897640
31897641
31897642
31897643
31897644
31897647
31897648
31897650
31897652
31897653
31897655
31897656
31897657
31897658
31897659
31897660
31897661
31897663
31897664
31897665
31897667
31897669
31897670
31897671
31897672
31897673
31897674
31897675
31897677
31897678
31897679
31897680
31897681
31897682
31897683
31897685
31897686
31897687
31897688
31897689
31897690
31897691
31897692
31897693
31897694
31897695
31897696
31897697
31897698
31897699
31897700
31897701
31897702
31897704
31897705
31897706
31897708
31897709
31897710
31897711
31897712
31897713
31897714
31897715
31897716
31897717
31897718
31897719
31897720
31897721
31897722
31897723
31897724
31897725
31897726
31897728
31897729
31897732
31897733
31897734
31897735
31897736
31897737
31897738
31897739
31897740
31897741
31897742
31897744
31897745
31897747
31897750
31897751
31897753
31897754
31897755
31897756
31897757
31897758
31897759
31897760
31897761
31897762
31897763
31897764
31897765
31897766
31897767
31897768
31897769
31897770
31897771
31897772
31897773
31897774
31897775
31897776
31897777
31897778
31897779
31897780
31897781
31897784
31897785
31897786
31897787
31897788
31897789
31897790
31897792
31897795
31897796
31897797
31897798
31897799
31897800
31897801
31897802
31897803
31897804
31897805
31897807
31897808
31897809
31897810
31897811
31897812
31897814
31897815
31897817
31897818
31897819
31897820
31897822
31897823
31897824
31897825
31897826
31897827
31897828
31897829
31897830
31897831
31897832
31897834
31897835
31897836
31897838
31897839
31897841
31897842
31897843
31897844
31897845
31897846
31897847
31897848
31897849
31897850
31897851
31897852
31897853
31897854
31897855
31897856
31897857
31897860
31897861
31897862
31897863
31897864
31897865
31897867
31897868
31897869
31897870
31897871
31897872
31897874
31897875
31897876
31897877
31897878
31897879
31897880
31897881
31897884
31897885
31897886
31897887
31897888
31897889
31897892
31897893
31897894
31897895
31897896
31897897
31897898
31897899
31897902
31897903
31897904
31897905
31897906
31897907
31897908
31897909
31897910
31897911
31897912
31897913
31897914
31897915
31897916
31897917
31897918
31897919
31897920
31897921
31897924
31897925
31897926
31897927
31897928
31897929
31897930
31897932
31897933
31897935
31897937
31897938
31897939
31897940
31897941
31897942
31897943
31897945
31897946
31897947
31897948
31897949
31897950
31897951
31897952
31897954
31897956
31897957
31897958
31897959
31897960
31897962
31897963
31897964
31897965
31897968
31897969
31897970
31897971
31897972
31897973
31897975
31897977
31897979
31897981
31897983
31897985
31897986
31897987
31897988
31897989
31897990
31897991
31897992
31897993
31897994
31897995
31897996
31897997
31897998
31898001
31898002
31898003
31898004
31898005
31898006
31898007
31898008
31898010
31898011
31898012
31898013
31898014
31898015
31898016
31898017
31898018
31898019
31898020
31898021
31898022
31898023
31898024
31898025
31898026
31898028
31898030
31898033
31898034
31898035
31898038
31898039
31898041
31898042
31898043
31898045
31898046
31898047
31898049
31898050
31898051
31898052
31898053
31898055
31898056
31898057
31898059
31898060
31898061
31898062
31898063
31898064
31898065
31898066
31898068
31898069
31898070
31898071
31898072
31898073
31898074
31898075
31898076
31898077
31898079
31898080
31898081
31898082
31898083
31898084
31898085
31898086
31898087
31898088
31898089
31898090
31898091
31898092
31898093
31898094
31898095
31898096
31898098
31898100
31898101
31898102
31898103
31898104
31898105
31898106
31898107
31898108
31898109
31898110
31898112
31898113
31898114
31898115
31898117
31898118
31898120
31898121
31898122
31898123
31898124
31898125
31898126
31898128
31898129
31898130
31898131
31898132
31898133
31898134
31898136
31898138
31898139
31898141
31898142
31898143
31898144
31898145
31898146
31898147
31898148
31898149
31898151
31898152
31898153
31898154
31898155
31898157
31898159
31898160
31898162
31898163
31898165
31898166
31898167
31898168
31898169
31898171
31898172
31898174
31898176
31898177
31898179
31898180
31898181
31898182
31898183
31898184
31898185
31898186
31898187
31898188
31898189
31898190
31898191
31898192
31898193
31898194
31898195
31898196
31898197
31898198
31898200
31898201
31898204
31898205
31898206
31898208
31898210
31898211
31898212
31898213
31898214
31898215
31898217
31898218
31898219
31898220
31898221
31898223
31898224
31898226
31898227
31898228
31898229
31898230
31898231
31898232
31898233
31898234
31898235
31898236
31898238
31898239
31898240
31898241
31898242
31898243
31898245
31898246
31898247
31898248
31898250
31898251
31898252
31898255
31898256
31898257
31898258
31898259
31898260
31898261
31898262
31898263
31898264
31898266
31898267
31898268
31898269
31898271
31898272
31898273
31898274
31898275
31898277
31898278
31898280
31898281
31898282
31898285
31898287
31898288
31898289
31898290
31898291
31898292
31898294
31898295
31898299
31898300
31898301
31898302
31898303
31898304
31898305
31898306
31898307
31898309
31898310
31898311
31898312
31898313
31898314
31898315
31898316
31898317
31898318
31898319
31898320
31898321
31898322
31898323
31898324
31898325
31898326
31898327
31898328
31898329
31898330
31898332
31898333
31898334
31898335
31898336
31898337
31898339
31898340
31898341
31898343
31898344
31898346
31898348
31898349
31898350
31898352
31898353
31898355
31898356
31898357
31898358
31898359
31898360
31898361
31898362
31898363
31898364
31898365
31898366
31898367
31898368
31898369
31898370
31898371
31898372
31898374
31898375
31898376
31898377
31898378
31898379
31898380
31898381
31898383
31898384
31898385
31898386
31898387
31898388
31898389
31898390
31898391
31898393
31898395
31898396
31898397
31898398
31898399
31898400
31898401
31898402
31898403
31898404
31898405
31898407
31898408
31898409
31898410
31898411
31898412
31898414
31898415
31898417
31898418
31898419
31898420
31898421
31898422
31898423
31898425
31898426
31898427
31898428
31898429
31898430
31898432
31898433
31898434
31898435
31898436
31898440
31898441
31898442
31898444
31898445
31898446
31898447
31898448
31898449
31898450
31898451
31898452
31898454
31898455
31898458
31898459
31898460
31898461
31898462
31898463
31898464
31898466
31898467
31898469
31898470
31898472
31898475
31898476
31898477
31898479
31898480
31898481
31898482
31898484
31898485
31898486
31898487
31898489
31898490
31898491
31898493
31898494
31898495
31898496
31898497
31898501
31898502
31898503
31898504
31898505
31898506
31898507
31898508
31898509
31898510
31898512
31898513
31898514
31898515
31898516
31898518
31898519
31898520
31898524
31898526
31898527
31898528
31898529
31898530
31898532
31898533
31898534
31898535
31898536
31898537
31898538
31898539
31898540
31898541
31898542
31898543
31898547
31898548
31898549
31898551
31898552
31898553
31898554
31898555
31898556
31898558
31898559
31898561
31898562
31898563
31898564
31898565
31898566
31898567
31898568
31898569
31898570
31898571
31898573
31898574
31898575
31898576
31898577
31898579
31898580
31898581
31898582
31898583
31898584
31898585
31898586
31898587
31898588
31898590
31898591
31898592
31898593
31898594
31898595
31898596
31898597
31898598
31898599
31898600
31898601
31898602
31898603
31898604
31898606
31898607
31898608
31898609
31898610
31898611
31898612
31898613
31898614
31898616
31898617
31898618
31898620
31898621
31898622
31898623
31898624
31898625
31898626
31898627
31898628
31898629
31898630
31898631
31898632
31898633
31898634
31898635
31898636
31898637
31898638
31898639
31898640
31898641
31898643
31898644
31898646
31898647
31898648
31898649
31898650
31898651
31898654
31898655
31898656
31898657
31898658
31898660
31898663
31898665
31898667
31898668
31898670
31898671
31898672
31898673
31898674
31898675
31898676
31898677
31898678
31898679
31898680
31898681
31898682
31898683
31898684
31898685
31898686
31898687
31898688
31898689
31898690
31898693
31898694
31898695
31898696
31898697
31898698
31898699
31898700
31898701
31898703
31898705
31898707
31898708
31898711
31898712
31898713
31898715
31898716
31898717
31898718
31898719
31898720
31898721
31898722
31898723
31898725
31898727
31898728
31898729
31898730
31898731
31898732
31898733
31898734
31898735
31898736
31898737
31898738
31898739
31898740
31898741
31898742
31898743
31898744
31898745
31898747
31898748
31898749
31898750
31898751
31898752
31898753
31898754
31898755
31898756
31898757
31898759
31898760
31898761
31898762
31898763
31898764
31898767
31898768
31898769
31898770
31898771
31898772
31898773
31898774
31898775
31898776
31898777
31898780
31898781
31898782
31898784
31898785
31898786
31898787
31898788
31898789
31898790
31898791
31898792
31898794
31898795
31898796
31898798
31898799
31898800
31898801
31898802
31898803
31898804
31898805
31898806
31898807
31898808
31898809
31898810
31898812
31898813
31898814
31898815
31898816
31898818
31898819
31898820
31898821
31898822
31898823
31898824
31898826
31898827
31898829
31898832
31898834
31898835
31898836
31898837
31898838
31898839
31898841
31898842
31898843
31898844
31898845
31898846
31898847
31898848
31898850
31898851
31898853
31898855
31898856
31898857
31898860
31898862
31898863
31898867
31898868
31898870
31898871
31898873
31898874
31898875
31898877
31898878
31898879
31898880
31898881
31898883
31898885
31898886
31898887
31898888
31898889
31898890
31898891
31898894
31898895
31898896
31898897
31898898
31898899
31898900
31898901
31898902
31898903
31898904
31898905
31898907
31898908
31898909
31898910
31898911
31898912
31898913
31898914
31898915
31898916
31898918
31898919
31898920
31898921
31898922
31898923
31898924
31898925
31898926
31898927
31898928
31898931
31898933
31898935
31898936
31898937
31898938
31898939
31898940
31898941
31898942
31898943
31898944
31898946
31898948
31898949
31898950
31898951
31898954
31898957
31898958
31898959
31898961
31898962
31898963
31898964
31898966
31898968
31898969
31898970
31898971
31898972
31898973
31898974
31898975
31898976
31898978
31898979
31898980
31898981
31898982
31898983
31898984
31898986
31898987
31898989
31898991
31898993
31898994
31898995
31898996
31898997
31898998
31898999
31899000
31899001
31899002
31899003
31899005
31899006
31899008
31899010
31899011
31899012
31899013
31899015
31899016
31899017
31899018
31899019
31899020
31899021
31899022
31899024
31899025
31899028
31899030
31899032
31899033
31899034
31899035
31899036
31899038
31899039
31899040
31899041
31899042
31899043
31899047
31899048
31899049
31899050
31899054
31899055
31899056
31899057
31899058
31899059
31899061
31899062
31899063
31899064
31899065
31899066
31899068
31899069
31899070
31899072
31899073
31899074
31899075
31899076
31899077
31899078
31899079
31899081
31899082
31899083
31899084
31899085
31899086
31899087
31899088
31899089
31899090
31899092
31899094
31899095
31899096
31899097
31899098
31899100
31899105
31899106
31899107
31899108
31899110
31899111
31899115
31899116
31899120
31899121
31899122
31899124
31899125
31899127
31899128
31899130
31899131
31899133
31899134
31899135
31899137
31899138
31899139
31899141
31899142
31899143
31899145
31899146
31899148
31899149
31899151
31899153
31899155
31899156
31899157
31899158
31899159
31899160
31899161
31899162
31899163
31899165
31899167
31899169
31899170
31899171
31899172
31899174
31899175
31899176
31899177
31899178
31899179
31899180
31899181
31899182
31899183
31899184
31899185
31899186
31899187
31899188
31899189
31899191
31899192
31899193
31899194
31899195
31899197
31899198
31899199
31899200
31899201
31899202
31899203
31899204
31899205
31899206
31899210
31899211
31899212
31899213
31899214
31899217
31899219
31899221
31899222
31899223
31899224
31899225
31899226
31899228
31899229
31899230
31899231
31899232
31899233
31899235
31899236
31899238
31899239
31899240
31899241
31899242
31899243
31899245
31899247
31899248
31899249
31899251
31899252
31899253
31899254
31899256
31899257
31899258
31899259
31899260
31899261
31899262
31899266
31899269
31899271
31899272
31899273
31899274
31899275
31899277
31899278
31899279
31899280
31899282
31899283
31899285
31899286
31899288
31899289
31899290
31899291
31899292
31899293
31899294
31899296
31899297
31899298
31899299
31899300
31899301
31899302
31899304
31899305
31899306
31899307
31899309
31899310
31899312
31899313
31899314
31899315
31899316
31899317
31899318
31899319
31899320
31899321
31899322
31899323
31899324
31899325
31899326
31899327
31899328
31899329
31899330
31899331
31899332
31899333
31899335
31899336
31899338
31899339
31899340
31899341
31899342
31899343
31899344
31899345
31899347
31899349
31899350
31899351
31899352
31899355
31899356
31899357
31899358
31899360
31899362
31899363
31899364
31899365
31899368
31899369
31899370
31899372
31899374
31899376
31899377
31899378
31899379
31899381
31899382
31899383
31899385
31899387
31899388
31899389
31899390
31899391
31899394
31899395
31899397
31899398
31899400
31899401
31899402
31899403
31899404
31899405
31899407
31899408
31899409
31899410
31899412
31899413
31899414
31899416
31899417
31899418
31899419
31899420
31899422
31899423
31899424
31899425
31899426
31899428
31899429
31899430
31899432
31899433
31899435
31899436
31899438
31899440
31899441
31899442
31899443
31899444
31899445
31899447
31899450
31899452
31899453
31899454
31899455
31899456
31899458
31899459
31899461
31899462
31899464
31899466
31899468
31899470
31899471
31899473
31899475
31899476
31899477
31899478
31899479
31899481
31899482
31899484
31899485
31899487
31899489
31899490
31899493
31899494
31899495
31899496
31899497
31899500
31899502
31899503
31899504
31899505
31899508
31899509
31899510
31899511
31899512
31899513
31899515
31899516
31899518
31899519
31899521
31899522
31899524
31899525
31899528
31899529
31899533
31899534
31899535
31899538
31899539
31899541
31899543
31899545
31899546
31899547
31899548
31899549
31899551
31899553
31899554
31899555
31899556
31899557
31899558
31899559
31899561
31899562
31899564
31899565
31899566
31899567
31899568
31899569
31899570
31899571
31899572
31899573
31899574
31899576
31899578
31899579
31899581
31899582
31899583
31899584
31899587
31899588
31899589
31899593
31899594
31899595
31899596
31899598
31899599
31899600
31899602
31899603
31899604
31899605
31899606
31899607
31899608
31899609
31899610
31899612
31899613
31899614
31899616
31899617
31899618
31899619
31899620
31899621
31899622
31899623
31899624
31899625
31899626
31899627
31899629
31899630
31899631
31899632
31899633
31899634
31899635
31899636
31899637
31899638
31899639
31899640
31899641
31899642
31899643
31899644
31899645
31899647
31899648
31899649
31899650
31899651
31899652
31899653
31899655
31899656
31899659
31899660
31899661
31899662
31899663
31899665
31899666
31899667
31899670
31899671
31899672
31899673
31899674
31899675
31899677
31899679
31899680
31899681
31899682
31899683
31899684
31899685
31899686
31899687
31899688
31899689
31899690
31899691
31899692
31899693
31899695
31899696
31899697
31899698
31899700
31899701
31899703
31899704
31899705
31899706
31899707
31899709
31899710
31899712
31899714
31899715
31899716
31899718
31899719
31899720
31899721
31899722
31899723
31899724
31899726
31899727
31899728
31899729
31899731
31899732
31899733
31899734
31899735
31899736
31899739
31899741
31899742
31899743
31899744
31899745
31899747
31899748
31899751
31899752
31899753
31899754
31899755
31899756
31899757
31899759
31899760
31899761
31899762
31899763
31899764
31899765
31899766
31899767
31899768
31899769
31899770
31899771
31899772
31899773
31899774
31899775
31899776
31899777
31899779
31899782
31899783
31899784
31899785
31899786
31899788
31899789
31899790
31899791
31899792
31899794
31899795
31899796
31899797
31899798
31899799
31899800
31899801
31899802
31899803
31899804
31899806
31899807
31899809
31899810
31899811
31899812
31899813
31899814
31899815
31899816
31899817
31899818
31899820
31899823
31899824
31899825
31899826
31899828
31899829
31899830
31899831
31899832
31899833
31899834
31899835
31899836
31899837
31899838
31899840
31899841
31899842
31899843
31899844
31899845
31899847
31899848
31899849
31899850
31899851
31899852
31899853
31899854
31899855
31899857
31899858
31899859
31899860
31899861
31899862
31899864
31899865
31899867
31899868
31899870
31899871
31899872
31899873
31899874
31899875
31899876
31899877
31899878
31899879
31899880
31899881
31899882
31899884
31899885
31899886
31899887
31899888
31899889
31899890
31899891
31899892
31899895
31899897
31899899
31899901
31899902
31899903
31899906
31899909
31899910
31899913
31899914
31899916
31899917
31899918
31899920
31899921
31899923
31899924
31899925
31899926
31899927
31899928
31899931
31899932
31899933
31899934
31899935
31899937
31899938
31899939
31899940
31899941
31899943
31899944
31899947
31899948
31899949
31899950
31899951
31899952
31899953
31899954
31899955
31899956
31899957
31899958
31899959
31899960
31899961
31899962
31899964
31899965
31899966
31899967
31899968
31899969
31899970
31899971
31899972
31899973
31899974
31899975
31899976
31899977
31899978
31899979
31899980
31899981
31899982
31899984
31899985
31899986
31899987
31899988
31899989
31899990
31899991
31899992
31899993
31899995
31899997
31899998
31899999
31900000
31900001
31900003
31900004
31900005
31900007
31900009
31900010
31900012
31900013
31900014
31900015
31900017
31900018
31900019
31900020
31900021
31900023
31900024
31900025
31900027
31900028
31900029
31900030
31900032
31900033
31900035
31900036
31900038
31900039
31900040
31900041
31900042
31900043
31900044
31900045
31900047
31900048
31900050
31900051
31900052
31900057
31900058
31900059
31900061
31900062
31900063
31900065
31900066
31900067
31900068
31900070
31900071
31900072
31900073
31900074
31900075
31900076
31900077
31900078
31900079
31900080
31900081
31900082
31900083
31900084
31900086
31900087
31900088
31900089
31900090
31900091
31900092
31900094
31900095
31900097
31900099
31900100
31900101
31900104
31900106
31900107
31900109
31900110
31900111
31900112
31900113
31900116
31900117
31900118
31900119
31900122
31900123
31900124
31900126
31900128
31900129
31900130
31900131
31900133
31900135
31900136
31900137
31900138
31900139
31900140
31900141
31900142
31900143
31900145
31900146
31900147
31900148
31900149
31900150
31900151
31900152
31900153
31900154
31900156
31900157
31900158
31900159
31900160
31900161
31900162
31900163
31900164
31900165
31900166
31900168
31900169
31900170
31900171
31900172
31900173
31900174
31900175
31900177
31900178
31900179
31900180
31900183
31900184
31900185
31900187
31900188
31900189
31900190
31900191
31900193
31900195
31900196
31900197
31900198
31900202
31900203
31900204
31900205
31900206
31900207
31900208
31900209
31900210
31900211
31900212
31900213
31900214
31900215
31900216
31900217
31900218
31900219
31900220
31900221
31900222
31900223
31900224
31900225
31900226
31900227
31900228
31900229
31900230
31900231
31900232
31900233
31900234
31900235
31900236
31900237
31900238
31900239
31900240
31900241
31900242
31900243
31900244
31900246
31900247
31900248
31900249
31900250
31900251
31900252
31900253
31900254
31900255
31900256
31900257
31900258
31900259
31900260
31900261
31900263
31900264
31900265
31900266
31900267
31900269
31900270
31900271
31900272
31900274
31900276
31900277
31900279
31900280
31900282
31900283
31900284
31900285
31900286
31900288
31900289
31900291
31900292
31900293
31900294
31900295
31900296
31900297
31900298
31900300
31900301
31900302
31900303
31900304
31900305
31900307
31900308
31900309
31900310
31900312
31900313
31900314
31900315
31900316
31900318
31900319
31900320
31900321
31900323
31900324
31900326
31900328
31900329
31900331
31900332
31900334
31900335
31900337
31900338
31900339
31900340
31900341
31900342
31900343
31900346
31900347
31900348
31900349
31900350
31900351
31900352
31900353
31900354
31900355
31900356
31900357
31900359
31900360
31900361
31900362
31900363
31900364
31900365
31900366
31900367
31900368
31900369
31900370
31900371
31900372
31900373
31900374
31900375
31900376
31900377
31900378
31900379
31900380
31900381
31900382
31900383
31900384
31900386
31900387
31900388
31900389
31900390
31900391
31900392
31900393
31900394
31900395
31900396
31900397
31900398
31900399
31900400
31900401
31900403
31900404
31900405
31900406
31900407
31900409
31900411
31900413
31900414
31900415
31900416
31900417
31900418
31900419
31900420
31900421
31900422
31900423
31900424
31900425
31900426
31900427
31900428
31900429
31900430
31900431
31900432
31900433
31900434
31900435
31900438
31900439
31900440
31900441
31900442
31900444
31900446
31900448
31900449
31900450
31900452
31900453
31900454
31900455
31900456
31900457
31900460
31900461
31900462
31900463
31900465
31900466
31900468
31900469
31900470
31900471
31900472
31900474
31900475
31900476
31900477
31900479
31900480
31900482
31900483
31900485
31900487
31900488
31900489
31900490
31900491
31900492
31900493
31900494
31900495
31900496
31900498
31900499
31900502
31900503
31900504
31900505
31900507
31900509
31900510
31900511
31900512
31900513
31900516
31900517
31900518
31900519
31900520
31900523
31900524
31900525
31900526
31900527
31900528
31900529
31900530
31900532
31900534
31900536
31900537
31900538
31900540
31900541
31900543
31900544
31900545
31900546
31900550
31900551
31900552
31900553
31900555
31900558
31900559
31900560
31900561
31900563
31900564
31900565
31900567
31900568
31900570
31900572
31900573
31900575
31900577
31900579
31900580
31900581
31900582
31900584
31900586
31900587
31900590
31900592
31900593
31900594
31900597
31900599
31900600
31900601
31900602
31900604
31900605
31900607
31900608
31900611
31900612
31900613
31900617
31900619
31900620
31900621
31900623
31900624
31900625
31900626
31900627
31900628
31900629
31900630
31900631
31900632
31900633
31900635
31900636
31900639
31900641
31900642
31900643
31900645
31900646
31900647
31900649
31900650
31900652
31900653
31900654
31900655
31900656
31900657
31900659
31900660
31900661
31900662
31900663
31900664
31900665
31900666
31900667
31900668
31900670
31900672
31900673
31900675
31900676
31900678
31900679
31900681
31900683
31900684
31900688
31900689
31900690
31900692
31900693
31900694
31900695
31900696
31900697
31900698
31900699
31900701
31900702
31900704
31900705
31900707
31900709
31900711
31900712
31900714
31900715
31900717
31900720
31900721
31900723
31900724
31900726
31900729
31900730
31900732
31900736
31900737
31900739
31900740
31900741
31900743
31900744
31900745
31900746
31900747
31900748
31900749
31900750
31900751
31900752
31900753
31900754
31900755
31900756
31900758
31900759
31900760
31900761
31900762
31900763
31900765
31900766
31900768
31900769
31900770
31900771
31900772
31900773
31900774
31900775
31900776
31900777
31900778
31900779
31900780
31900781
31900782
31900783
31900784
31900785
31900787
31900788
31900789
31900790
31900792
31900793
31900794
31900795
31900797
31900798
31900799
31900800
31900801
31900802
31900803
31900804
31900805
31900806
31900807
31900809
31900810
31900811
31900812
31900813
31900814
31900815
31900816
31900817
31900818
31900819
31900820
31900824
31900825
31900827
31900829
31900830
31900831
31900832
31900833
31900834
31900835
31900836
31900837
31900838
31900839
31900840
31900841
31900843
31900844
31900845
31900846
31900847
31900848
31900849
31900850
31900851
31900852
31900853
31900854
31900855
31900857
31900858
31900859
31900860
31900861
31900862
31900863
31900864
31900865
31900866
31900867
31900868
31900869
31900870
31900871
31900872
31900873
31900874
31900875
31900876
31900877
31900878
31900879
31900880
31900881
31900882
31900883
31900885
31900886
31900888
31900889
31900890
31900891
31900892
31900893
31900894
31900895
31900896
31900897
31900899
31900900
31900901
31900902
31900904
31900905
31900906
31900907
31900909
31900910
31900911
31900912
31900913
31900914
31900915
31900917
31900918
31900919
31900920
31900923
31900924
31900925
31900926
31900927
31900928
31900929
31900930
31900931
31900932
31900934
31900936
31900937
31900938
31900939
31900940
31900941
31900942
31900943
31900944
31900945
31900946
31900947
31900948
31900950
31900951
31900953
31900954
31900955
31900956
31900957
31900959
31900961
31900962
31900963
31900964
31900965
31900966
31900967
31900968
31900969
31900971
31900972
31900973
31900976
31900977
31900978
31900979
31900980
31900983
31900984
31900985
31900986
31900987
31900988
31900989
31900990
31900991
31900993
31900994
31900995
31900996
31900997
31900998
31900999
31901000
31903531
31901002
31901005
31901006
31901007
31901010
31901012
31901013
31901014
31901017
31901018
31901019
31901020
31901021
31901022
31901023
31901024
31901025
31901027
31901028
31901029
31901030
31901031
31901034
31901035
31901036
31901037
31901038
31901039
31901040
31901041
31901042
31901043
31901044
31901045
31901046
31901047
31901048
31901049
31901050
31901051
31901052
31901053
31901054
31901055
31901056
31901057
31901058
31901059
31901060
31901061
31901062
31901064
31901065
31901066
31901067
31901068
31901069
31901070
31901071
31901072
31901073
31901074
31901075
31901077
31901078
31901079
31901080
31901081
31901082
31901083
31901084
31901085
31901086
31901087
31901088
31901089
31901090
31901091
31901092
31901095
31901096
31901098
31901099
31901100
31901101
31901102
31901103
31901105
31901107
31901108
31901109
31901110
31901113
31901114
31901118
31901119
31901120
31901122
31901123
31901125
31901126
31901127
31901128
31901129
31901130
31901131
31901132
31901133
31901136
31901137
31901138
31901139
31901141
31901142
31901143
31901147
31901149
31901150
31901151
31901152
31901153
31903537
31901155
31901156
31901157
31901158
31901159
31901161
31901162
31901165
31901167
31901168
31901169
31901170
31901171
31901172
31901174
31901175
31903538
31901177
31901178
31901179
31901181
31901182
31901183
31901185
31901189
31901190
31901191
31901193
31901194
31901195
31901198
31901199
31901201
31901203
31901204
31901205
31901208
31901210
31901211
31901215
31901216
31901219
31901221
31901225
31901226
31901229
31901232
31901234
31901235
31901237
31901238
31901239
31901241
31901246
31903541
31901252
31901253
31901257
31901258
31901268
31901269
31901274
31901275
31901278
31901279
31901281
31901288
31901289
31901290
31901291
31901293
31901294
31901300
31901301
31901302
31901303
31901305
31901307
31901308
31901311
31901312
31901314
31901316
31901322
31901323
31901325
31901327
31901329
31901336
31901337
31901340
31901341
31901343
31901344
31901350
31901352
31901355
31901356
31901360
31901361
31901363
31901370
31901371
31901372
31901373
31901374
31901375
31901376
31901378
31901384
31901385
31901391
31901392
31901394
31901398
31901401
31901403
31901406
31901408
31901416
31901421
31901423
31901427
31901429
31901438
31901439
31901440
31901447
31901448
31901453
31901456
31901457
31901463
31901465
31901467
31901468
31901469
31901470
31901472
31901473
31901480
31901482
31901485
31901486
31901487
31901489
31901490
31901491
31901495
31901498
31901500
31901507
31901508
31901509
31901510
31901514
31901515
31901516
31901521
31901523
31901524
31901531
31901533
31901537
31901540
31901544
31901545
31901547
31901548
31901555
31901557
31901559
31901564
31901572
31901573
31901575
31901579
31901580
31901584
31901585
31901586
31901588
31901589
31901592
31901593
31901595
31901596
31901598
31901599
31901602
31903555
31901607
31901611
31901615
31901616
31901618
31901622
31901627
31901628
31901630
31901631
31901632
31901638
31901639
31901640
31901643
31901646
31901647
31901648
31901650
31901651
31901652
31901654
31901656
31901660
31901663
31901664
31901665
31901666
31901667
31901669
31901670
31901675
31901677
31901679
31901680
31901681
31901682
31901683
31901684
31901685
31901687
31901691
31901692
31901693
31901694
31901695
31901696
31901700
31901701
31901702
31901703
31901704
31901706
31901708
31901709
31901711
31901713
31901715
31901716
31901719
31901720
31901722
31901724
31901726
31901727
31901728
31901729
31901732
31901741
31901742
31901743
31901744
31901745
31901747
31901748
31901749
31901750
31901752
31901754
31901758
31901759
31901760
31901762
31901764
31901765
31901770
31901772
31901773
31901777
31901780
31901781
31901782
31901783
31901785
31901788
31901790
31901791
31901794
31901796
31901797
31901802
31901807
31901808
31901809
31901812
31901813
31901814
31901817
31901819
31901820
31901821
31901822
31901824
31901827
31901828
31901829
31901830
31901831
31901832
31901834
31901835
31901836
31901838
31901839
31901840
31901842
31901843
31901844
31901846
31901851
31901855
31901856
31901858
31901859
31901861
31901863
31901864
31901867
31901869
31901870
31901871
31901874
31901875
31901876
31901877
31901879
31901880
31901882
31901883
31901886
31901887
31901889
31901891
31901893
31901896
31901899
31901902
31901903
31901904
31901905
31901907
31901909
31901911
31901912
31901913
31901916
31901921
31901924
31901925
31901927
31901928
31901929
31901931
31901932
31901934
31901936
31901937
31901938
31901941
31901942
31901943
31901946
31901952
31901953
31901960
31901962
31901963
31901967
31901969
31901970
31901974
31901976
31901978
31901979
31901980
31901981
31901982
31901984
31901985
31901986
31901988
31901989
31901991
31901992
31901993
31901997
31901999
31902010
31902011
31902012
31902013
31902018
31902019
31902024
31902026
31902028
31902029
31902030
31902032
31902037
31902038
31902039
31902040
31902041
31902042
31902043
31902044
31902047
31902050
31902053
31902056
31902057
31902058
31902059
31902060
31902061
31902063
31902064
31902065
31902067
31902068
31902071
31902075
31902076
31902078
31902080
31902082
31902083
31902084
31902085
31902087
31902088
31902089
31902090
31902091
31902092
31902093
31902094
31902095
31902098
31902099
31902100
31902101
31902102
31902103
31902104
31902105
31903575
31902107
31902113
31902115
31902119
31902122
31902126
31902128
31902130
31903576
31902138
31902140
31902141
31902152
31902153
31902154
31902155
31902161
31902164
31902168
31902174
31902176
31902177
31902178
31902179
31902185
31902186
31902188
31902193
31902197
31902199
31902200
31902201
31902202
31902204
31902205
31902207
31902209
31902210
31902211
31902213
31902217
31902218
31902219
31902220
31902221
31902222
31902223
31902224
31902225
31902226
31902227
31902230
31902231
31902233
31902234
31902235
31902236
31902237
31902238
31902241
31902242
31902243
31902244
31902245
31902246
31902247
31902248
31902251
31902252
31902253
31902254
31902255
31902257
31902258
31902259
31902260
31902261
31902262
31902263
31902266
31902267
31902269
31902270
31902271
31902272
31902273
31902274
31902275
31902277
31902278
31902280
31902281
31902283
31902285
31902286
31902287
31902288
31902290
31902292
31902295
31902296
31902297
31902300
31902303
31902304
31902306
31902307
31902308
31902309
31902310
31902311
31902312
31902313
31902314
31902316
31902318
31902320
31902321
31902322
31902323
31902324
31902325
31902326
31902327
31902328
31902330
31902331
31902333
31902334
31902337
31902338
31902339
31902340
31902341
31902343
31902345
31902346
31902347
31902348
31902349
31902350
31902351
31902352
31902354
31902355
31902356
31902357
31902359
31902361
31902362
31902363
31902364
31902365
31902366
31902368
31902369
31902370
31902371
31902372
31902373
31902374
31902375
31902378
31902380
31902381
31902382
31902383
31902384
31902385
31902386
31902387
31902388
31902389
31902391
31902392
31902396
31902397
31902398
31902399
31902401
31902402
31902403
31902404
31902407
31902408
31902409
31902410
31902411
31902412
31902413
31902414
31902415
31902417
31902420
31902422
31902423
31902424
31902425
31902426
31902427
31902428
31902430
31902431
31902434
31902435
31902436
31902438
31902440
31902441
31902442
31902443
31902444
31902445
31902448
31902449
31902452
31902453
31902454
31902455
31902456
31902457
31902459
31902460
31902461
31902462
31902463
31902467
31902468
31902469
31902471
31902472
31902473
31902474
31902475
31902476
31902477
31902478
31902479
31902480
31902481
31902484
31902485
31902487
31902490
31902492
31902493
31902497
31902501
31902503
31902504
31902505
31902508
31902509
31902512
31902513
31902518
31902519
31902520
31902522
31902523
31902524
31902525
31902526
31902528
31902532
31902535
31902538
31902539
31902540
31902541
31902545
31902547
31902552
31902555
31902556
31902557
31902558
31902559
31902560
31902561
31902565
31902566
31902568
31902571
31902572
31902573
31902574
31902576
31902577
31902578
31902579
31902581
31902583
31902584
31902586
31902588
31902589
31902590
31902594
31902596
31902598
31902599
31902600
31902601
31902602
31902603
31902604
31902605
31902606
31902607
31902608
31902609
31902610
31902611
31902613
31902614
31902617
31902619
31902620
31902621
31902623
31902624
31902625
31902626
31902627
31902628
31902629
31902630
31902631
31902632
31902633
31902634
31902636
31902637
31902638
31902639
31902640
31902641
31902647
31902648
31902649
31902650
31902651
31902653
31902655
31902656
31902657
31902658
31902660
31902661
31902662
31902663
31902665
31902666
31902668
31902669
31902671
31902672
31902674
31902675
31902676
31902678
31902679
31902681
31902682
31902683
31902685
31902686
31902689
31902690
31902692
31902695
31902696
31902698
31902699
31902700
31902702
31902705
31902706
31902707
31902709
31902713
31902714
31902715
31902717
31902718
31902719
31902721
31902724
31902725
31902726
31902728
31902729
31902730
31902731
31902732
31902733
31902735
31902739
31902740
31902741
31902742
31902744
31902746
31902747
31902749
31902750
31902751
31902756
31902760
31902762
31902763
31902765
31902767
31902769
31902770
31902771
31902776
31902780
31902784
31902785
31902786
31902790
31902796
31902797
31902799
31902803
31902805
31902806
31902816
31902819
31902821
31902824
31902833
31902835
31902840
31902842
31902844
31902851
31902852
31902856
31902863
31902866
31902876
31902881
31902896
31902901
31902903
31902907
31902911
31902912
31902917
31902924
31902943
31902944
31902950
31902952
31902960
31902961
31902972
31902973
31902974
31902977
31902979
31902983
31902988
31902990
31902993
31902998
31903003
31903004
31903007
31903012
31903013
31903016
31903018
31903025
31903030
31903045
31903055
31903058
31903059
31903061
31903069
31903070
31903078
31903086
31903092
31903098
31903101
31903102
31903109
31903119
31903135
31903137
31903140
31903143
31903144
31903147
31903154
31903156
31903157
31903158
31903161
31903169
31903174
31903179
31903184
31903192
31903198
31903202
31903206
31903209
31903212
31903219
31903227
31903229
31903239
31903251
31903261
31903262
31903265
31903270
31903271
31903273
31903275
31903284
31903286
31903288
31903289
31903290
31903294
31903297
31903298
31903301
31903310
31903312
31903314
31903317
31903319
31903321
31903323
31903325
31903328
31903329
31903331
31903332
31903333
31903334
31903335
31903336
31903337
31903338
31903339
31903340
31903343
31903345
31903347
31903351
31903352
31903356
31903357
31903358
31903359
31903361
31903362
31903363
31903364
31903366
31903368
31903369
31903370
31903371
31903375
31903376
31903377
31903379
31903381
31903383
31903384
31903386
31903387
31903390
31903391
31903393
31903394
31903395
31903397
31903398
31903399
31903401
31903402
31903403
31903405
31903409
31903410
31903411
31903412
31903416
31903417
31903419
31903420
31903421
31903422
31903424
31903425
31903427
31903428
31903429
31903432
31903433
31903434
31903435
31903436
31903437
31903438
31903439
31903440
31903442
31903443
31903445
31903446
31903447
31903448
31903449
31903451
31903452
31903453
31903454
31903456
31903457
31903458
31903459
31903460
31903461
31903462
31903463
31903466
31903470
31903471
31903473
31903475
31903476
31903480
31903482
31903483
31903484
31903485
31903486
31903488
31903489
31903490
31903491
31903494
31903496
31903497
31903500
31903501
31903503
31903506
31903510
31903515
31903521
31903522
31903524
31903525
31903526
31903533
31903534
31903536
31903543
31903546
31903549
31903551
31903557
31903558
31903561
31903563
31903565
31903566
31903569
31903573
31903574
31903578
31903579
31903583
31903584
31903585
31903587
31903588
31903590
31903592
31903593
31903596
31903601
31903604
31903606
31903608
31903609
31903610
31903614
31903615
31903616
31903618
31903625
31903626
31903628
31903630
31903632
31903633
31903634
31903635
31903636
31903637
31903638
31903639
31903640
31903646
31903649
31903650
31903653
31903654
31903657
31903659
31903662
31903663
31903666
31903668
31903671
31903672
31903677
31903678
31903679
31903681
31903682
31903684
31903685
31903686
31903688
31903690
31903692
31903693
31903694
31903695
31903696
31903699
31903701
31903702
31903703
31903704
31903705
31903706
31903708
31903709
31903710
31903711
31903712
31903713
31903714
31903716
31903717
31903718
31903719
31903721
31903724
31903725
31903726
31903727
31903730
31903732
31903733
31903735
31903736
31903737
31903739
31903741
31903742
31903743
31903746
31903747
31903750
31903751
31903753
31903757
31903770
31903788
31903794
31903795
31903796
31903797
31902736
31902737
31902752
31902754
31902755
31902757
31902758
31902772
31902774
31902779
31902781
31902782
31902792
31902793
31902798
31902808
31902813
31902814
31902822
31902823
31902830
31902837
31902838
31902839
31902841
31902845
31902846
31902848
31902849
31902850
31902854
31902860
31902861
31902871
31902872
31902873
31902883
31902888
31902889
31902897
31902902
31902904
31902906
31902913
31902925
31902927
31902932
31902933
31902937
31902942
31902951
31902955
31902956
31902957
31902965
31902978
31902994
31902999
31903000
31903005
31903006
31903023
31903035
31903036
31903038
31903042
31903043
31903062
31903063
31903080
31903081
31903087
31903093
31903095
31903116
31903128
31903136
31903138
31903149
31903182
31903186
31903189
31903190
31903201
31903203
31903208
31903214
31903215
31903217
31903220
31903222
31903223
31903226
31903247
31903253
31903254
31903257
31903258
31903263
31903276
31903278
31903279
31903327
31903495
31903504
31903507
31903511
31903516
31903527
31903535
31903540
31903542
31903552
31903553
31903559
31903560
31903562
31903567
31903570
31903571
31903580
31903581
31903589
31903597
31903598
31903599
31903602
31903605
31903754
31903755
31903756
31903759
31903764
31903765
31903766
31903768
31903771
31903773
31903774
31903776
31903780
31903783
31903785
31903792
31903793
31903508
31896243
31896245