31981569
31981571
31981572
31981573
31981574
31981575
31981576
31981577
31981578
31981579
31981580
31981582
31981584
31981585
31981586
31981588
31981589
31981590
31981591
31981592
31981594
31981596
31981598
31981601
31981602
31981604
31981605
31981606
31981607
31981608
31981609
31981610
31981611
31981612
31981613
31981614
31981615
31981616
31981617
31981618
31981620
31981621
31981622
31981623
31981624
31981625
31981626
31981627
31981629
31981630
31981631
31981632
31981633
31981634
31981635
31981637
31981638
31981639
31981640
31981641
31981642
31981643
31981645
31981646
31981647
31981648
31981649
31981650
31981651
31981652
31981653
31981654
31981657
31981658
31981659
31981660
31981661
31981662
31981663
31981664
31981665
31981666
31981667
31981668
31981669
31981670
31981672
31981673
31981674
31981675
31981676
31981677
31981678
31981679
31981680
31981681
31981682
31981683
31981684
31981685
31981688
31981690
31981691
31981692
31981693
31981694
31981695
31981696
31981697
31981698
31981699
31981700
31981701
31981702
31981703
31981704
31981705
31981706
31981707
31981708
31981709
31981710
31981711
31981712
31981713
31981714
31981716
31981718
31981719
31981720
31981722
31981725
31981728
31981732
31981739
31981741
31981745
31981746
31981747
31981750
31981752
31981756
31981757
31981759
31981761
31981762
31981765
31981766
31981770
31981773
31981774
31981775
31981777
31981778
31981779
31981781
31981783
31981784
31981786
31981787
31981788
31981789
31981802
31981806
31981807
31981809
31981810
31981813
31981814
31981815
31981816
31981818
31981820
31981821
31981822
31981823
31981826
31982443
31982452
31982454
31982455
31982456
31982459
31982462
31982464
31982468
31982469
31982472
31982477
31982478
31982480
31982481
31982490
31982491
31982493
31982496
31982501
31982507
31982512
31982517
31982521
31982524
31982530
31982532
31982533
31982536
31982542
31982549
31982551
31982556
31982562
31982563
31982564
31982565
31982570
31982571
31982572
31982573
31982580
31982588
31982592
31982597
31982599
31982605
31982607
31982611
31982612
31982613
31982622
31982626
31982639
31982642
31982652
31982657
31982660
31982662
31982681
31982692
31982693
31982699
31982701
31982704
31982712
31982721
31982724
31982736
31982737
31982738
31982743
31982745
31982753
31982758
31982759
31982760
31982761
31982762
31982763
31982764
31982765
31982766
31982767
31982768
31982769
31982770
31982771
31982772
31982773
31982774
31982775
31982777
31982778
31982779
31982780
31982781
31982783
31982784
31982785
31982786
31982787
31982788
31982789
31982790
31982791
31982792
31982793
31982794
31982795
31982796
31982797
31982798
31982799
31982800
31982801
31982802
31982803
31982804
31982805
31982806
31982807
31982808
31982809
31982810
31982811
31982812
31982813
31982814
31982815
31982816
31982817
31982818
31982819
31982821
31982822
31982823
31982824
31982825
31982826
31982827
31982828
31982829
31982830
31982831
31982832
31982833
31982834
31982835
31982836
31982837
31982838
31982839
31982840
31982841
31982844
31982845
31982846
31982847
31982848
31982850
31982851
31982854
31982855
31982856
31982857
31982858
31982860
31982861
31982862
31982863
31982864
31982866
31982867
31982868
31982869
31982870
31982871
31982872
31982873
31982874
31982876
31982878
31982879
31982880
31982881
31982882
31982883
31982884
31982885
31982886
31982887
31982888
31982890
31982891
31982892
31982893
31982895
31982896
31982897
31982898
31982899
31982900
31982902
31982903
31982905
31982908
31982909
31982910
31982911
31982913
31982914
31982915
31982916
31982918
31982919
31982920
31982921
31982922
31982923
31982924
31982925
31982926
31982927
31982928
31982929
31982930
31982931
31982932
31982933
31982934
31982935
31982936
31982937
31982938
31982939
31982940
31982941
31982942
31982943
31982944
31982945
31982946
31982947
31982948
31982949
31982950
31982951
31982952
31982953
31982954
31982955
31982956
31982958
31982960
31982961
31982962
31982963
31982964
31982965
31982966
31982967
31982968
31982969
31982970
31982971
31982972
31982973
31982974
31982976
31982977
31982978
31982979
31982980
31982983
31982984
31982985
31982987
31982988
31982989
31982991
31982993
31982994
31982995
31982997
31982999
31983000
31983001
31983002
31983003
31983005
31983006
31983007
31983009
31983010
31983012
31983013
31983014
31983015
31983016
31983017
31983018
31983019
31983020
31983021
31983022
31983023
31983024
31983025
31983027
31983030
31983031
31983032
31983033
31983034
31983035
31983037
31983038
31983039
31983040
31983042
31983043
31983044
31983047
31983048
31983049
31983050
31983051
31983052
31983053
31983054
31983055
31983056
31983057
31983058
31983060
31983061
31983062
31983063
31983064
31983066
31983067
31983069
31983070
31983071
31983072
31983073
31983074
31983077
31983079
31983080
31983081
31983082
31983083
31983086
31983087
31983089
31983091
31983092
31983093
31983094
31983095
31983096
31983097
31983098
31983100
31983101
31983105
31983106
31983107
31983108
31983110
31983111
31983112
31983113
31983114
31983115
31983117
31983118
31983119
31983120
31983121
31983123
31983124
31983125
31983126
31983128
31983130
31983131
31983132
31983133
31983135
31983136
31983137
31983138
31983139
31983141
31983142
31983143
31983144
31983145
31983146
31983147
31983148
31983149
31983150
31983151
31983152
31983153
31983154
31983155
31983157
31983158
31983160
31983161
31983162
31983163
31983164
31983165
31983166
31983168
31983169
31983170
31983171
31983172
31983173
31983174
31983175
31983176
31983177
31983178
31983180
31983181
31983183
31983184
31983185
31983186
31983187
31983189
31983191
31983192
31983193
31983194
31983195
31983196
31983197
31983198
31983199
31983200
31983201
31983203
31983204
31983205
31983206
31983207
31983208
31983209
31983210
31983211
31983212
31983213
31983214
31983215
31983216
31983217
31983219
31983220
31983221
31983222
31983223
31983224
31983225
31983226
31983227
31983228
31983229
31983230
31983231
31983232
31983233
31983234
31983237
31983238
31983239
31983240
31983241
31983242
31983243
31983245
31983246
31983247
31983248
31983249
31983250
31983251
31983252
31983253
31983255
31983256
31983258
31983259
31983260
31983261
31983262
31983263
31983265
31983266
31983267
31983268
31983269
31983270
31983271
31983272
31983273
31983274
31983275
31983276
31983277
31983278
31983279
31983280
31983281
31983282
31983284
31983285
31983286
31983287
31983288
31983289
31983291
31983292
31983293
31983294
31983295
31983297
31983298
31983299
31983300
31983301
31983304
31983305
31983306
31983307
31983308
31983310
31983311
31983312
31983313
31983314
31983316
31983317
31983318
31983319
31983320
31983321
31983322
31983323
31983324
31983325
31983326
31983327
31983328
31983330
31983331
31983332
31983333
31983335
31983336
31983337
31983338
31983339
31983340
31983341
31983343
31983345
31983347
31983348
31983349
31983350
31983351
31983353
31983354
31983355
31983356
31983358
31983359
31983360
31983361
31983362
31983363
31983364
31983366
31983367
31983368
31983369
31983370
31983371
31983372
31983373
31983374
31983375
31983376
31983377
31983378
31983380
31983382
31983383
31983384
31983385
31983387
31983388
31983390
31983391
31983392
31983393
31983394
31983395
31983396
31983397
31983398
31983399
31983400
31983401
31983402
31983403
31983404
31983405
31983406
31983407
31983408
31983409
31983410
31983411
31983413
31983414
31983416
31983417
31983418
31983419
31983420
31983421
31983422
31983423
31983424
31983425
31983426
31983427
31983429
31983430
31983431
31983432
31983433
31983434
31983435
31983436
31983437
31983438
31983439
31983440
31983441
31983442
31983443
31983444
31983445
31983446
31983447
31983448
31983449
31983450
31983451
31983452
31983453
31983454
31983455
31983456
31983457
31983458
31983460
31983461
31983462
31983463
31983464
31983465
31983466
31983467
31983468
31983469
31983470
31983471
31983472
31983473
31983474
31983475
31983476
31983477
31983478
31983479
31983480
31983481
31983482
31983483
31983484
31983485
31983486
31983487
31983488
31983489
31983490
31983491
31983492
31983493
31983494
31983496
31983497
31983498
31983499
31983500
31983501
31983503
31983505
31983506
31983507
31983508
31983509
31983510
31983512
31983513
31983515
31983516
31983517
31983518
31983520
31983521
31983522
31983523
31983524
31983525
31983526
31983527
31983528
31983529
31983530
31983531
31983532
31983534
31983535
31983536
31983537
31983538
31983539
31983540
31983542
31983543
31983544
31983546
31983547
31983549
31983550
31983551
31983552
31983553
31983555
31983556
31983557
31983558
31983559
31983560
31983561
31983562
31983563
31983564
31983565
31983566
31983567
31983569
31983570
31983571
31983572
31983573
31983574
31983575
31983576
31983577
31983578
31983579
31983580
31983581
31983582
31983583
31983584
31983585
31983586
31983587
31983588
31983589
31983590
31983591
31983592
31983594
31983595
31983596
31983597
31983598
31983599
31983600
31983601
31983602
31983603
31983604
31983605
31983606
31983608
31983609
31983610
31983612
31983613
31983614
31983615
31983616
31983617
31983618
31983619
31983620
31983621
31983622
31983623
31983624
31983625
31983626
31983627
31983628
31983629
31983630
31983631
31983632
31983633
31983634
31983635
31983636
31983637
31983638
31983639
31983640
31983641
31983643
31983644
31983645
31983646
31983647
31983648
31983649
31983650
31983651
31983652
31983654
31983655
31983656
31983657
31983658
31983660
31983661
31983662
31983663
31983664
31983665
31983666
31983667
31983668
31983670
31983671
31983672
31983673
31983674
31983675
31983676
31983677
31983678
31983679
31983680
31983681
31983682
31983683
31983684
31983685
31983686
31983687
31983688
31983689
31983690
31983691
31983692
31983694
31983697
31983698
31983700
31983701
31983703
31983704
31983705
31983707
31983708
31983709
31983711
31983716
31983717
31983724
31983727
31983728
31983729
31983732
31983735
31983736
31983737
31983738
31983739
31983740
31983741
31983743
31983744
31983745
31983746
31983747
31983748
31983749
31983750
31983752
31983753
31983754
31983755
31983757
31983758
31983759
31983760
31983761
31983762
31983763
31983764
31983765
31983766
31983767
31983768
31983769
31983770
31983771
31983772
31983774
31983775
31983776
31983778
31983779
31983780
31983781
31983782
31983783
31983784
31983785
31983786
31983788
31983789
31983790
31983791
31983792
31983793
31983794
31983795
31983796
31983797
31983798
31983799
31983800
31983801
31983802
31983803
31983804
31983805
31983806
31983808
31983809
31983811
31983812
31983813
31983814
31983815
31983817
31983818
31983819
31983820
31983821
31983822
31983823
31983825
31983826
31983827
31983828
31983829
31983830
31983831
31983832
31983835
31983836
31983837
31983838
31983839
31983840
31983841
31983842
31983843
31983844
31983845
31983846
31983847
31983848
31983850
31983851
31983852
31983853
31983856
31983857
31983858
31983859
31983860
31983861
31983862
31983863
31983864
31983865
31983866
31983867
31983871
31983872
31983873
31983874
31983875
31983877
31983878
31983879
31983880
31983881
31983882
31983884
31983885
31983886
31983887
31983888
31983889
31983890
31983891
31983892
31983894
31983895
31983896
31983897
31983898
31983899
31983900
31983901
31983902
31983903
31983904
31983905
31983906
31983908
31983909
31983910
31983911
31983912
31983913
31983914
31983915
31983916
31983918
31983919
31983922
31983923
31983924
31983925
31983926
31983927
31983928
31983929
31983930
31983931
31983932
31983934
31983935
31983936
31983937
31983938
31983939
31983941
31983943
31983944
31983945
31983946
31983947
31983948
31983950
31983951
31983952
31983953
31983954
31983955
31983956
31983957
31983958
31983959
31983960
31983961
31983962
31983963
31983964
31983966
31983967
31983968
31983969
31983970
31983971
31983972
31983973
31983975
31983976
31983978
31983979
31983980
31983981
31983982
31983983
31983984
31983985
31983988
31983989
31983991
31983992
31983993
31983994
31983995
31983996
31983997
31983998
31983999
31984001
31984002
31984005
31984007
31984008
31984010
31984012
31984013
31984014
31984017
31984018
31984019
31984020
31984021
31984024
31984025
31984026
31984027
31984028
31984029
31984030
31984031
31984032
31984033
31984034
31984036
31984037
31984038
31984039
31984040
31984041
31984042
31984043
31984045
31984046
31984047
31984048
31984049
31984050
31984051
31984052
31984054
31984055
31984056
31984058
31984059
31984060
31984061
31984062
31984063
31984064
31984066
31984067
31984070
31984071
31984072
31984074
31984075
31984077
31984079
31984080
31984081
31984083
31984085
31984087
31984088
31984089
31984091
31984092
31984093
31984094
31984095
31984096
31984097
31984098
31984099
31984100
31984102
31984103
31984104
31984105
31984106
31984108
31984109
31984110
31984111
31984113
31984114
31984115
31984116
31984117
31984118
31984119
31984120
31984122
31984123
31984124
31984125
31984126
31984127
31984128
31984129
31984130
31984131
31984132
31984134
31984136
31984137
31984138
31984139
31984140
31984141
31984143
31984144
31984148
31984150
31984152
31984153
31984156
31984158
31984160
31984161
31984162
31984163
31984164
31984165
31984166
31984167
31984169
31984170
31984171
31984172
31984173
31984174
31984175
31984179
31984181
31984182
31984183
31984185
31984186
31984187
31984188
31984189
31984190
31984191
31984192
31984193
31984194
31984195
31984196
31984197
31984198
31984199
31984200
31984201
31984202
31984203
31984206
31984207
31984208
31984209
31984210
31984211
31984212
31984214
31984215
31984216
31984217
31984218
31984219
31984220
31984221
31984223
31984226
31984227
31984229
31984230
31984231
31984233
31984234
31984235
31984236
31984237
31984238
31984239
31984241
31984242
31984244
31984245
31984246
31984247
31984248
31984250
31984251
31984252
31984253
31984254
31984255
31984256
31984257
31984258
31984259
31984261
31984262
31984263
31984264
31984265
31984267
31984268
31984269
31984270
31984272
31984273
31984274
31984275
31984276
31984278
31984279
31984280
31984281
31984282
31984283
31984284
31984286
31984288
31984289
31984290
31984291
31984293
31984294
31984295
31984296
31984297
31984298
31984299
31984300
31984301
31984302
31984304
31984305
31984306
31984308
31984310
31984311
31984312
31984313
31984316
31984318
31984319
31984320
31984322
31984323
31984324
31984325
31984326
31984327
31984328
31984330
31984332
31984333
31984334
31984335
31984336
31984337
31984338
31984339
31984340
31984341
31984342
31984343
31984344
31984345
31984346
31984347
31984348
31984349
31984351
31984352
31984353
31984354
31984355
31984356
31984358
31984359
31984360
31984361
31984362
31984363
31984364
31984365
31984367
31984368
31984369
31984370
31984371
31984372
31984373
31984374
31984375
31984376
31984377
31984378
31984379
31984380
31984381
31984382
31984383
31984384
31984386
31984387
31984388
31984389
31984390
31984391
31984392
31984394
31984395
31984396
31984398
31984399
31984400
31984401
31984402
31984403
31984404
31984405
31984406
31984407
31984410
31984411
31984412
31984413
31984414
31984415
31984416
31984417
31984419
31984420
31984421
31984422
31984423
31984424
31984425
31984427
31984428
31984429
31984430
31984433
31984434
31984435
31984436
31984437
31984438
31984439
31984440
31984441
31984442
31984443
31984444
31984445
31984446
31984447
31984448
31984449
31984450
31984451
31984453
31984454
31984455
31984456
31984457
31984458
31984459
31984461
31984462
31984463
31984464
31984465
31984466
31984467
31984469
31984470
31984471
31984472
31984473
31984474
31984475
31984478
31984479
31984480
31984481
31984483
31984484
31984485
31984486
31984487
31984488
31984489
31984490
31984491
31984492
31984493
31984494
31984495
31984498
31984499
31984501
31984502
31984503
31984504
31984505
31984506
31984507
31984508
31984509
31984510
31984512
31984513
31984515
31984516
31984520
31984521
31984522
31984523
31984524
31984526
31984527
31984529
31984530
31984531
31984532
31984533
31984536
31984537
31984538
31984539
31984540
31984541
31984542
31984543
31984545
31984546
31984547
31984548
31984549
31984550
31984551
31984552
31984553
31984554
31984555
31984556
31984557
31984558
31984559
31984560
31984561
31984562
31984563
31984564
31984565
31984566
31984567
31984568
31984569
31984571
31984572
31984573
31984574
31984575
31984576
31984577
31984578
31984579
31984580
31984581
31984582
31984583
31984584
31984585
31984586
31984587
31984588
31984589
31984590
31984591
31984592
31984593
31984594
31984596
31984598
31984599
31984600
31984601
31984602
31984603
31984604
31984605
31984606
31984607
31984608
31984609
31984610
31984611
31984612
31984613
31984614
31984615
31984616
31984617
31984618
31984619
31984620
31984621
31984622
31984623
31984624
31984625
31984627
31984628
31984629
31984631
31984632
31984633
31984635
31984637
31984638
31984639
31984640
31984641
31984642
31984644
31984645
31984646
31984647
31984648
31984649
31984650
31984651
31984652
31984653
31984654
31984655
31984656
31984657
31984658
31984660
31984662
31984663
31984664
31984665
31984666
31984667
31984668
31984670
31984671
31984672
31984673
31984674
31984675
31984676
31984677
31984678
31984679
31984680
31984681
31984682
31984683
31984684
31984685
31984686
31984687
31984688
31984689
31984690
31984691
31984692
31984693
31984695
31984696
31984697
31984698
31984699
31984700
31984702
31984703
31984706
31984707
31984708
31984709
31984712
31984713
31984714
31984715
31984716
31984717
31984718
31984719
31984720
31984721
31984722
31984723
31984724
31984725
31984726
31984727
31984729
31984730
31984731
31984733
31984734
31984735
31984738
31984739
31984740
31984741
31984742
31984744
31984745
31984748
31984749
31984750
31984751
31984752
31984754
31984755
31984756
31984757
31984758
31984759
31984760
31984761
31984762
31984763
31984765
31984766
31984767
31984768
31984769
31984770
31984771
31984772
31984773
31984774
31984775
31984776
31984777
31984778
31984780
31984781
31984782
31984783
31984784
31984785
31984788
31984789
31984790
31984791
31984792
31984793
31984796
31984797
31984800
31984801
31984802
31984803
31984805
31984806
31984807
31984810
31984812
31984813
31984814
31984816
31984817
31984818
31984820
31984821
31984823
31984824
31984825
31984826
31984827
31984829
31984830
31984831
31984832
31984833
31984834
31984835
31984836
31984838
31984839
31984840
31984841
31984842
31984844
31984845
31984846
31984847
31984848
31984849
31984850
31984851
31984853
31984855
31984856
31984857
31984858
31984859
31984860
31984862
31984863
31984864
31984865
31984866
31984868
31984869
31984872
31984874
31984875
31984876
31984877
31984879
31984881
31984883
31984884
31984885
31984886
31984891
31984892
31984893
31984894
31984895
31984896
31984897
31984898
31984899
31984900
31984903
31984904
31984905
31984906
31984907
31984908
31984909
31984911
31984912
31984913
31984914
31984915
31984916
31984917
31984918
31984919
31984922
31984923
31984924
31984926
31984927
31984929
31984930
31984931
31984932
31984933
31984934
31984937
31984938
31984939
31984940
31984941
31984942
31984943
31984944
31984946
31984947
31984948
31984949
31984950
31984951
31984952
31984953
31984954
31984956
31984957
31984958
31984959
31984961
31984962
31984963
31984964
31984965
31984966
31984967
31984968
31984969
31984970
31984971
31984972
31984973
31984974
31984975
31984976
31984977
31984978
31984979
31984980
31984981
31984982
31984983
31984984
31984985
31984986
31984988
31984989
31984990
31984991
31984992
31984993
31984994
31984995
31984998
31984999
31985000
31985001
31985002
31985004
31985005
31985007
31985008
31985010
31985011
31985012
31985013
31985014
31985015
31985016
31985017
31985018
31985021
31985023
31985024
31985025
31985027
31985028
31985029
31985030
31985031
31985032
31985033
31985034
31985035
31985036
31985037
31985038
31985039
31985041
31985042
31985043
31985044
31985045
31985047
31985048
31985049
31985050
31985051
31985052
31985053
31985054
31985055
31985056
31985057
31985058
31985059
31985060
31985061
31985062
31985064
31985065
31985066
31985067
31985068
31985071
31985073
31985074
31985076
31985077
31985078
31985079
31985080
31985081
31985083
31985084
31985085
31985086
31985087
31985089
31985090
31985091
31985092
31985093
31985094
31985096
31985097
31985099
31985100
31985101
31985102
31985103
31985105
31985106
31985107
31985109
31985110
31985111
31985112
31985113
31985114
31985115
31985117
31985118
31985119
31985120
31985121
31985122
31985124
31985125
31985126
31985128
31985129
31985130
31985131
31985132
31985133
31985134
31985135
31985136
31985137
31985138
31985139
31985141
31985142
31985143
31985144
31985145
31985146
31985148
31985149
31985150
31985151
31985152
31985153
31985154
31985156
31985157
31985158
31985159
31985160
31985161
31985162
31985163
31985164
31985165
31985166
31985167
31985168
31985169
31985170
31985171
31985172
31985173
31985174
31985175
31985177
31985178
31985179
31985181
31985184
31985185
31985188
31985190
31985192
31985193
31985194
31985195
31985196
31985197
31985198
31985199
31985200
31985201
31985202
31985203
31985205
31985206
31985207
31985208
31985209
31985210
31985211
31985212
31985213
31985214
31985215
31985216
31985217
31985219
31985220
31985221
31985222
31985223
31985226
31985227
31985228
31985229
31985230
31985231
31985232
31985233
31985234
31985235
31985236
31985238
31985239
31985240
31985243
31985244
31985247
31985248
31985249
31985251
31985252
31985253
31985257
31985259
31985260
31985261
31985262
31985263
31985264
31985265
31985266
31985267
31985269
31985270
31985271
31985272
31985273
31985274
31985276
31985278
31985279
31985280
31985281
31985282
31985283
31985284
31985285
31985286
31985287
31985288
31985289
31985291
31985292
31985293
31985294
31985295
31985296
31985297
31985298
31985299
31985300
31985301
31985302
31985303
31985304
31985306
31985307
31985308
31985309
31985310
31985311
31985312
31985313
31985314
31985315
31985316
31985318
31985319
31985320
31985321
31985322
31985323
31985324
31985325
31985326
31985327
31985328
31985329
31985330
31985331
31985332
31985333
31985334
31985335
31985336
31985337
31985338
31985339
31985340
31985341
31985342
31985343
31985344
31985345
31985346
31985347
31985348
31985349
31985350
31985351
31985352
31985353
31985354
31985355
31985356
31985357
31985358
31985359
31985360
31985361
31985362
31985363
31985364
31985365
31985366
31985367
31985368
31985369
31985370
31985371
31985372
31985374
31985375
31985376
31985377
31985378
31985379
31985380
31985381
31985382
31985383
31985384
31985385
31985386
31985387
31985388
31985389
31985390
31985392
31985393
31985394
31985395
31985396
31985397
31985398
31985399
31985400
31985402
31985403
31985404
31985405
31985407
31985408
31985409
31985410
31985411
31985412
31985413
31985414
31985415
31985416
31985417
31985418
31985420
31985422
31985423
31985424
31985427
31985428
31985429
31985430
31985431
31985433
31985434
31985435
31985436
31985437
31985438
31985439
31985440
31985442
31985443
31985444
31985445
31985446
31985447
31985449
31985450
31985452
31985453
31985454
31985455
31985456
31985457
31985458
31985459
31985461
31985462
31985463
31985465
31985468
31985469
31985471
31985473
31985474
31985475
31985476
31985477
31985478
31985479
31985481
31985483
31985484
31985485
31985486
31985487
31985489
31985491
31985492
31985493
31985494
31985495
31985496
31985497
31985498
31985500
31985501
31985502
31985503
31985504
31985505
31985506
31985508
31985509
31985513
31985514
31985515
31985516
31985517
31985518
31985520
31985521
31985522
31985523
31985524
31985525
31985526
31985529
31985530
31985531
31985532
31985533
31985534
31985535
31985536
31985537
31985538
31985539
31985540
31985543
31985544
31985545
31985546
31985547
31985548
31985549
31985551
31985552
31985553
31985555
31985556
31985558
31985560
31985561
31985562
31985563
31985564
31985566
31985567
31985568
31985569
31985570
31985571
31985572
31985573
31985574
31985575
31985577
31985578
31985579
31985581
31985582
31985583
31985585
31985586
31985587
31985588
31985589
31985590
31985591
31985593
31985594
31985596
31985597
31985598
31985599
31985600
31985602
31985603
31985604
31985605
31985606
31985607
31985608
31985609
31985611
31985612
31985615
31985616
31985617
31985618
31985619
31985621
31985622
31985623
31985624
31985626
31985627
31985628
31985629
31985630
31985631
31985633
31985634
31985635
31985636
31985637
31985638
31985639
31985640
31985641
31985642
31985643
31985645
31985646
31985647
31985648
31985649
31985650
31985651
31985652
31985653
31985655
31985656
31985657
31985660
31985661
31985662
31985664
31985665
31985667
31985668
31985669
31985670
31985671
31985672
31985673
31985676
31985677
31985678
31985679
31985680
31985681
31985682
31985683
31985686
31985687
31985688
31985689
31985690
31985692
31985693
31985694
31985695
31985696
31985698
31985699
31985701
31985703
31985704
31985705
31985706
31985707
31985709
31985710
31985711
31985712
31985714
31985716
31985718
31985719
31985721
31985722
31985723
31985725
31985726
31985727
31985728
31985729
31985730
31985731
31985732
31985733
31985734
31985735
31985736
31985737
31985738
31985739
31985740
31985741
31985743
31985744
31985745
31985746
31985747
31985748
31985749
31985750
31985752
31985753
31985754
31985756
31985757
31985758
31985759
31985760
31985761
31985762
31985763
31985764
31985766
31985767
31985769
31985770
31985771
31985772
31985773
31985774
31985775
31985776
31985777
31985778
31985779
31985780
31985783
31985784
31985785
31985786
31985787
31985788
31985789
31985790
31985791
31985792
31985793
31985794
31985795
31985796
31985797
31985798
31985800
31985801
31985802
31985803
31985804
31985805
31985806
31985808
31985810
31985811
31985812
31985813
31985814
31985815
31985818
31985820
31985821
31985822
31985824
31985825
31985826
31985827
31985828
31985829
31985830
31985833
31985834
31985835
31985836
31985837
31985838
31985840
31985841
31985842
31985844
31985845
31985847
31985853
31985854
31985855
31985857
31985859
31985863
31985864
31985866
31985867
31985868
31985869
31985870
31985872
31985873
31985874
31985875
31985876
31985878
31985879
31985880
31985882
31985884
31985885
31985887
31985888
31985889
31985890
31985891
31985893
31985894
31985895
31985898
31985899
31985900
31985901
31985902
31985903
31985904
31985905
31985906
31985907
31985908
31985909
31985911
31985912
31985913
31985914
31985915
31985917
31985918
31985919
31985920
31985921
31985922
31985923
31985925
31985927
31985928
31985929
31985931
31985932
31985933
31985934
31985935
31985936
31985937
31985940
31985941
31985943
31985944
31985947
31985949
31985950
31985951
31985953
31985955
31985956
31985957
31985958
31985960
31985961
31985962
31985963
31985965
31985967
31985968
31985969
31985970
31985971
31985972
31985973
31985974
31985975
31985976
31985977
31985978
31985979
31985980
31985981
31985982
31985984
31985985
31985986
31985988
31985990
31985991
31985992
31985993
31985995
31985997
31985998
31985999
31986000
31986002
31986003
31986004
31986006
31986007
31986008
31986010
31986011
31986012
31986013
31986014
31986015
31986016
31986017
31986018
31986019
31986020
31986021
31986022
31986023
31986025
31986026
31986027
31986028
31986029
31986030
31986031
31986032
31986033
31986034
31986035
31986036
31986037
31986040
31986041
31986045
31986046
31986048
31986053
31986061
31986063
31986064
31986065
31986066
31986068
31986069
31986070
31986071
31986072
31986073
31986074
31986075
31986077
31986078
31986079
31986080
31986083
31986084
31986085
31986086
31986087
31986088
31986091
31986092
31986093
31986094
31986096
31986097
31986099
31986100
31986101
31986102
31986103
31986104
31986105
31986106
31986107
31986108
31986109
31986110
31986111
31986112
31986113
31986114
31986115
31986116
31986117
31986118
31986119
31986120
31986121
31986123
31986124
31986125
31986126
31986128
31986129
31986130
31986132
31986133
31986134
31986135
31986136
31986138
31986139
31986140
31986141
31986142
31986143
31986144
31986145
31986146
31986147
31986148
31986149
31986150
31986152
31986153
31986154
31986155
31986157
31986158
31986160
31986163
31986164
31986165
31986166
31986167
31986170
31986171
31986173
31986174
31986175
31986176
31986177
31986178
31986179
31986180
31986181
31986182
31986183
31986184
31986185
31986186
31986187
31986188
31986189
31986190
31986191
31986192
31986193
31986194
31986195
31986196
31986197
31986198
31986199
31986200
31986201
31986203
31986204
31986206
31986207
31986208
31986209
31986210
31986211
31986212
31986213
31986214
31986215
31986216
31986218
31986219
31986220
31986221
31986222
31986223
31986224
31986225
31986226
31986227
31986228
31986229
31986230
31986231
31986232
31986233
31986234
31986235
31986237
31986238
31986239
31986242
31986243
31986244
31986246
31986247
31986249
31986250
31986251
31986252
31986254
31986255
31986258
31986259
31986260
31986261
31986262
31986263
31986264
31986265
31986266
31986267
31986268
31986270
31986271
31986272
31986273
31986274
31986275
31986276
31986277
31986278
31986279
31986281
31986282
31986283
31986285
31986286
31986287
31986288
31986289
31986290
31986292
31986293
31986295
31986296
31986297
31986298
31986299
31986300
31986302
31986304
31986306
31986307
31986308
31986309
31986310
31986311
31986312
31986313
31986314
31986315
31986316
31986319
31986320
31986321
31986323
31986324
31986325
31986326
31986327
31986328
31986329
31986330
31986331
31986332
31986333
31986334
31986335
31986336
31986338
31986339
31986341
31986342
31986344
31986345
31986346
31986347
31986348
31986349
31986350
31986351
31986352
31986353
31986354
31986355
31986356
31986357
31986358
31986359
31986360
31986361
31986363
31986364
31986365
31986366
31986367
31986368
31986369
31986370
31986371
31986372
31986373
31986374
31986375
31986376
31986377
31986378
31986379
31986380
31986381
31986382
31986383
31986384
31986385
31986386
31986387
31986388
31986390
31986391
31986392
31986393
31986394
31986396
31986397
31986398
31986399
31986400
31986401
31986402
31986403
31986404
31986405
31986406
31986407
31986408
31986409
31986410
31986411
31986412
31986413
31986414
31986415
31986416
31986417
31986418
31986419
31986420
31986421
31986422
31986423
31986424
31986425
31986426
31986427
31986428
31986429
31986430
31986431
31986432
31986433
31986434
31986435
31986436
31986437
31986438
31986439
31986441
31986442
31986443
31986444
31986445
31986446
31986447
31986448
31986449
31986450
31986451
31986453
31986455
31986456
31986457
31986459
31986460
31986461
31986462
31986463
31986464
31986465
31986467
31986468
31986469
31986471
31986472
31986473
31986474
31986475
31986476
31986477
31986478
31986479
31986480
31986481
31986482
31986483
31986484
31986485
31986486
31986487
31986488
31986489
31986490
31986491
31986492
31986493
31986494
31986496
31986499
31986500
31986501
31986502
31986503
31986504
31986505
31986506
31986507
31986508
31986510
31986511
31986512
31986513
31986514
31986515
31986516
31986517
31986518
31986519
31986520
31986521
31986524
31986525
31986526
31986527
31986528
31986529
31986530
31986531
31986532
31986534
31986535
31986537
31986538
31986539
31986540
31986541
31986542
31986544
31986547
31986548
31986549
31986550
31986551
31986553
31986555
31986556
31986557
31986558
31986559
31986560
31986561
31986564
31986565
31986566
31986567
31986568
31986570
31986571
31986572
31986573
31986574
31986575
31986576
31986577
31986578
31986579
31986580
31986581
31986582
31986583
31986584
31986585
31986586
31986587
31986589
31986591
31986592
31986593
31986594
31986596
31986597
31986598
31986599
31986600
31986601
31986604
31986605
31986606
31986607
31986608
31986609
31986610
31986611
31986612
31986613
31986614
31986615
31986616
31986617
31986618
31986619
31986620
31986621
31986622
31986623
31986624
31986625
31986626
31986627
31986628
31986629
31986630
31986631
31986632
31986634
31986636
31986637
31986638
31986639
31986640
31986641
31986642
31986644
31986645
31986647
31986648
31986649
31986650
31986651
31986652
31986653
31986654
31986655
31986656
31986657
31986658
31986659
31986660
31986662
31986663
31986664
31986666
31986667
31986668
31986669
31986672
31986673
31986674
31986676
31986677
31986678
31986679
31986681
31986682
31986683
31986684
31986685
31986686
31986687
31986688
31986689
31986690
31986691
31986692
31986693
31986694
31986695
31986696
31986697
31986698
31986699
31986700
31986701
31986702
31986703
31986704
31986705
31986706
31986708
31986710
31986711
31986712
31986713
31986714
31986715
31986716
31986719
31986720
31986721
31986722
31986723
31986724
31986725
31986726
31986727
31986728
31986732
31986733
31986734
31986736
31986737
31986738
31986739
31986740
31986741
31986742
31986743
31986744
31986745
31986746
31986747
31986748
31986749
31986750
31986751
31986753
31986754
31986755
31986756
31986757
31986758
31986759
31986760
31986761
31986762
31986764
31986765
31986766
31986767
31986768
31986769
31986770
31986771
31986773
31986775
31986776
31986777
31986778
31986779
31986780
31986781
31986782
31986783
31986784
31986786
31986787
31986788
31986789
31986790
31986792
31986793
31986794
31986795
31986796
31986797
31986798
31986799
31986800
31986801
31986802
31986803
31986806
31986807
31986808
31986809
31986811
31986812
31986813
31986815
31986816
31986817
31986818
31986819
31986820
31986821
31986822
31986823
31986824
31986825
31986826
31986827
31986828
31986829
31986830
31986831
31986832
31986833
31986834
31986835
31986838
31986839
31986840
31986841
31986842
31986843
31986844
31986845
31986846
31986847
31986848
31986849
31986850
31986851
31986852
31986855
31986856
31986857
31986859
31986860
31986861
31986862
31986863
31986864
31986865
31986866
31986867
31986868
31986869
31986870
31986871
31986872
31986873
31986874
31986875
31986877
31986878
31986879
31986880
31986881
31986882
31986883
31986884
31986886
31986887
31986888
31986890
31986891
31986892
31986893
31986894
31986895
31986896
31986897
31986898
31986899
31986900
31986901
31986902
31986904
31986905
31986906
31986908
31986909
31986910
31986911
31986912
31986913
31986914
31986915
31986916
31986917
31986918
31986919
31986920
31986921
31986922
31986923
31986924
31986925
31986926
31986927
31986928
31986930
31986931
31986932
31986933
31986935
31986936
31986937
31986938
31986939
31986940
31980283
31980378
31980399
31981717
31981721
31981723
31981726
31981727
31981729
31981730
31981733
31981734
31981735
31981736
31981737
31981742
31981743
31981744
31981749
31981751
31981753
31981754
31981763
31981764
31981768
31981769
31981780
31981782
31981785
31981790
31981791
31981792
31981793
31981794
31981796
31981798
31981799
31981801
31981803
31981804
31981817
31981824
31981825
31981827
31981828
31981829
31981830
31981832
31981834
31981835
31981836
31981837
31981838
31981840
31981841
31981843
31981844
31981845
31981846
31981847
31981848
31981849
31981850
31981853
31981854
31981855
31981857
31981858
31981859
31981860
31981861
31981862
31981864
31981865
31981866
31981867
31981869
31981870
31981873
31981874
31981875
31981876
31981877
31981878
31981879
31981880
31981881
31981882
31981883
31981885
31981889
31981890
31981891
31981892
31981893
31981894
31981895
31981896
31981897
31981898
31981899
31981900
31981901
31981902
31981903
31981904
31981905
31981906
31981908
31981909
31981910
31981911
31981912
31981913
31981914
31981916
31981917
31981918
31981920
31981921
31981923
31981925
31981926
31981928
31981929
31981930
31981931
31981932
31981933
31981934
31981935
31981936
31981937
31981938
31981939
31981940
31981941
31981943
31981944
31981945
31981946
31981947
31981948
31981949
31981950
31981951
31981952
31981953
31981954
31981955
31981956
31981957
31981958
31981959
31981960
31981961
31981962
31981963
31981965
31981966
31981967
31981969
31981970
31981971
31981972
31981973
31981974
31981975
31981976
31981977
31981978
31981979
31981981
31981982
31981984
31981985
31981987
31981989
31981991
31981992
31981993
31981994
31981995
31981996
31981998
31982000
31982004
31982005
31982006
31982010
31982012
31982013
31982014
31982015
31982016
31982018
31982019
31982021
31982022
31982023
31982024
31982025
31982026
31982027
31982028
31982029
31982031
31982032
31982033
31982034
31982035
31982036
31982037
31982038
31982039
31982040
31982042
31982043
31982044
31982045
31982046
31982047
31982048
31982049
31982050
31982051
31982052
31982053
31982054
31982055
31982057
31982058
31982059
31982060
31982061
31982062
31982063
31982066
31982068
31982069
31982070
31982071
31982072
31982074
31982075
31982077
31982078
31982079
31982080
31982081
31982082
31982083
31982084
31982085
31982086
31982087
31982088
31982089
31982090
31982092
31982093
31982094
31982095
31982097
31982098
31982099
31982100
31982101
31982102
31982103
31982104
31982105
31982106
31982107
31982108
31982109
31982110
31982111
31982112
31982113
31982114
31982115
31982116
31982118
31982119
31982120
31982121
31982122
31982123
31982124
31982126
31982127
31982128
31982129
31982130
31982131
31982133
31982134
31982135
31982136
31982137
31982138
31982139
31982140
31982141
31982144
31982145
31982146
31982147
31982149
31982150
31982151
31982152
31982153
31982154
31982155
31982156
31982157
31982158
31982159
31982160
31982161
31982162
31982163
31982164
31982167
31982168
31982169
31982170
31982171
31982172
31982173
31982174
31982175
31982176
31982177
31982178
31982179
31982181
31982182
31982183
31982184
31982187
31982189
31982190
31982191
31982192
31982194
31982195
31982196
31982201
31982203
31982204
31982205
31982206
31982207
31982208
31982211
31982212
31982213
31982214
31982215
31982216
31982218
31982219
31982220
31982221
31982223
31982224
31982227
31982228
31982229
31982230
31982231
31982232
31982233
31982234
31982235
31982236
31982237
31982238
31982240
31982241
31982242
31982243
31982244
31982246
31982247
31982248
31982249
31982251
31982252
31982253
31982255
31982256
31982257
31982260
31982261
31982262
31982264
31982266
31982268
31982269
31982270
31982271
31982272
31982273
31982274
31982275
31982277
31982278
31982279
31982280
31982281
31982282
31982283
31982284
31982285
31982288
31982289
31982290
31982291
31982293
31982294
31982295
31982296
31982297
31982298
31982299
31982300
31982302
31982304
31982305
31982306
31982307
31982308
31982309
31982311
31982313
31982315
31982316
31982317
31982319
31982320
31982321
31982322
31982323
31982324
31982326
31982327
31982328
31982329
31982330
31982333
31982335
31982336
31982337
31982338
31982339
31982340
31982341
31982343
31982345
31982346
31982347
31982348
31982349
31982350
31982351
31982352
31982355
31982356
31982357
31982358
31982359
31982360
31982362
31982363
31982364
31982365
31982366
31982367
31982368
31982369
31982370
31982372
31982374
31982375
31982376
31982377
31982378
31982379
31982380
31982381
31982382
31982383
31982384
31982385
31982386
31982387
31982388
31982390
31982391
31982393
31982394
31982395
31982398
31982399
31982400
31982401
31982402
31982404
31982405
31982407
31982410
31982411
31982412
31982413
31982414
31982416
31982417
31982418
31982419
31982420
31982421
31982422
31982423
31982424
31982425
31982427
31982429
31982430
31982431
31982432
31982433
31982434
31982435
31982437
31982438
31982440
31982441
31982442
31982444
31982445
31982447
31982449
31982450
31982453
31982457
31982458
31982460
31982463
31982465
31982466
31982467
31982470
31982471
31982474
31982475
31982476
31982479
31982482
31982483
31982486
31982487
31982488
31982489
31982492
31982494
31982495
31982497
31982500
31982502
31982503
31982504
31982505
31982506
31982508
31982510
31982511
31982513
31982514
31982515
31982518
31982520
31982522
31982523
31982525
31982526
31982527
31982528
31982529
31982535
31982538
31982540
31982543
31982544
31982545
31982546
31982547
31982548
31982550
31982552
31982554
31982555
31982557
31982559
31982560
31982566
31982567
31982568
31982569
31982575
31982576
31982577
31982578
31982579
31982581
31982582
31982583
31982584
31982586
31982589
31982590
31982594
31982595
31982596
31982598
31982600
31982601
31982603
31982604
31982608
31982610
31982615
31982617
31982618
31982619
31982620
31982621
31982623
31982625
31982627
31982629
31982630
31982631
31982632
31982633
31982634
31982635
31982636
31982640
31982641
31982643
31982644
31982645
31982647
31982648
31982649
31982650
31982651
31982653
31982654
31982655
31982663
31982664
31982665
31982666
31982667
31982668
31982669
31982670
31982671
31982672
31982673
31982674
31982675
31982676
31982677
31982678
31982682
31982683
31982684
31982685
31982686
31982687
31982689
31982690
31982691
31982694
31982695
31982697
31982698
31982700
31982702
31982703
31982709
31982710
31982713
31982715
31982716
31982717
31982718
31982722
31982723
31982728
31982729
31982731
31982739
31982740
31982741
31982742
31982746
31982747
31982748
31982749
31982750
31982751
31982752
31982756
31982757
31977528
31977529
31977530
31977531
31977532
31977534
31977535
31977536
31977537
31977538
31977539
31977540
31977541
31977542
31977543
31977544
31977546
31977547
31977548
31977549
31977550
31977551
31977553
31977554
31977555
31977556
31977557
31977558
31977560
31977561
31977563
31977564
31977565
31977566
31977567
31977568
31977569
31977571
31977572
31977573
31977574
31977575
31977577
31977578
31977579
31977581
31977582
31977584
31977585
31977586
31977587
31977588
31977589
31977590
31977591
31977593
31977594
31977595
31977596
31977597
31977598
31977599
31977600
31977601
31977603
31977604
31977605
31977606
31977608
31977609
31977611
31977612
31977613
31977615
31977616
31977618
31977619
31977620
31977621
31977624
31977625
31977626
31977627
31977628
31977629
31977630
31977631
31977632
31977633
31977634
31977635
31977636
31977639
31977640
31977641
31977643
31977644
31977645
31977646
31977647
31977649
31977651
31977652
31977653
31977654
31977655
31977656
31977658
31977659
31977660
31977661
31977662
31977666
31977667
31977668
31977669
31977670
31977671
31977672
31977673
31977674
31977676
31977677
31977678
31977679
31977680
31977682
31977683
31977685
31977686
31977687
31977688
31977690
31977691
31977693
31977694
31977695
31977696
31977697
31977698
31977699
31977700
31977701
31977702
31977703
31977704
31977705
31977706
31977707
31977708
31977709
31977710
31977711
31977712
31977713
31977714
31977715
31977716
31977717
31977718
31977719
31977720
31977721
31977722
31977723
31977724
31977725
31977726
31977727
31977728
31977729
31977730
31977731
31977732
31977733
31977734
31977735
31977736
31977737
31977738
31977739
31977740
31977741
31977742
31977743
31977744
31977745
31977746
31977747
31977748
31977749
31977750
31977751
31977752
31977753
31977754
31977755
31977756
31977758
31977760
31977761
31977762
31977763
31977764
31977765
31977766
31977768
31977769
31977770
31977771
31977772
31977773
31977774
31977775
31977776
31977777
31977778
31977779
31977780
31977781
31977782
31977784
31977786
31977787
31977788
31977789
31977790
31977791
31977792
31977793
31977794
31977795
31977796
31977797
31977798
31977799
31977800
31977801
31977802
31977803
31977804
31977806
31977807
31977809
31977810
31977811
31977812
31977813
31977814
31977815
31977816
31977817
31977818
31977819
31977820
31977821
31977822
31977823
31977824
31977825
31977826
31977827
31977828
31977829
31977830
31977831
31977832
31977833
31977834
31977835
31977836
31977837
31977838
31977839
31977840
31977841
31977842
31977843
31977844
31977845
31977847
31977848
31977849
31977850
31977851
31977853
31977854
31977855
31977856
31977858
31977859
31977860
31977862
31977863
31977864
31977865
31977866
31977867
31977868
31977869
31977871
31977873
31977874
31977875
31977877
31977878
31977879
31977880
31977881
31977882
31977884
31977886
31977887
31977888
31977889
31977890
31977891
31977893
31977894
31977895
31977896
31977897
31977899
31977900
31977901
31977902
31977903
31977904
31977905
31977906
31977907
31977908
31977909
31977910
31977911
31977912
31977913
31977914
31977917
31977918
31977919
31977920
31977921
31977922
31977924
31977925
31977927
31977928
31977929
31977930
31977931
31977932
31977933
31977934
31977935
31977936
31977937
31977938
31977939
31977940
31977942
31977944
31977945
31977946
31977947
31977948
31977949
31977950
31977951
31977952
31977954
31977956
31977958
31977959
31977961
31977962
31977963
31977964
31977965
31977966
31977967
31977968
31977969
31977971
31977972
31977975
31977976
31977977
31977978
31977979
31977980
31977981
31977982
31977984
31977985
31977986
31977987
31977988
31977989
31977990
31977991
31977992
31977993
31977994
31977995
31977996
31977997
31977998
31978000
31978001
31978002
31978003
31978004
31978005
31978006
31978007
31978008
31978009
31978010
31978011
31978012
31978013
31978014
31978015
31978016
31978017
31978018
31978019
31978020
31978021
31978022
31978023
31978024
31978025
31978027
31978028
31978029
31978030
31978031
31978032
31978034
31978035
31978036
31978038
31978041
31978042
31978043
31978044
31978047
31978048
31978049
31978050
31978051
31978052
31978053
31978054
31978055
31978056
31978057
31978058
31978060
31978061
31978062
31978063
31978064
31978065
31978066
31978067
31978069
31978070
31978071
31978072
31978074
31978075
31978076
31978077
31978078
31978079
31978080
31978082
31978083
31978084
31978085
31978087
31978088
31978090
31978095
31978096
31978097
31978100
31978101
31978103
31978105
31978106
31978107
31978109
31978110
31978111
31978112
31978113
31978114
31978115
31978116
31978117
31978118
31978119
31978120
31978121
31978123
31978124
31978125
31978126
31978127
31978128
31978129
31978130
31978131
31978132
31978134
31978135
31978136
31978139
31978140
31978142
31978143
31978144
31978145
31978146
31978147
31978149
31978150
31978151
31978152
31978153
31978154
31978157
31978158
31978159
31978160
31978161
31978163
31978164
31978165
31978166
31978167
31978168
31978169
31978171
31978172
31978173
31978174
31978175
31978176
31978178
31978179
31978180
31978181
31978182
31978184
31978185
31978186
31978188
31978189
31978190
31978191
31978192
31978193
31978195
31978196
31978197
31978198
31978199
31978200
31978201
31978202
31978203
31978204
31978208
31978209
31978210
31978211
31978215
31978217
31978218
31978219
31978220
31978221
31978223
31978224
31978225
31978227
31978228
31978230
31978232
31978233
31978234
31978235
31978236
31978237
31978238
31978239
31978240
31978241
31978243
31978244
31978245
31978246
31978247
31978248
31978251
31978252
31978255
31978256
31978257
31978259
31978260
31978261
31978262
31978263
31978264
31978267
31978268
31978271
31978272
31978273
31978274
31978275
31978276
31978277
31978278
31978280
31978281
31978283
31978284
31978285
31978286
31978287
31978288
31978290
31978291
31978292
31978294
31978296
31978298
31978299
31978300
31978301
31978302
31978304
31978305
31978306
31978307
31978308
31978310
31978311
31978312
31978313
31978314
31978316
31978317
31978318
31978319
31978320
31978321
31978322
31978323
31978324
31978325
31978326
31978327
31978328
31978330
31978331
31978332
31978333
31978334
31978335
31978336
31978337
31978338
31978340
31978341
31978342
31978343
31978344
31978345
31978346
31978347
31978348
31978350
31978351
31978352
31978353
31978354
31978355
31978356
31978357
31978358
31978360
31978362
31978363
31978364
31978365
31978366
31978367
31978368
31978369
31978370
31978371
31978372
31978373
31978374
31978375
31978376
31978377
31978378
31978381
31978382
31978383
31978386
31978387
31978388
31978389
31978390
31978392
31978393
31978394
31978396
31978398
31978399
31978401
31978402
31978403
31978404
31978405
31978406
31978407
31978408
31978409
31978411
31978412
31978413
31978415
31978416
31978418
31978419
31978420
31978421
31978422
31978423
31978424
31978425
31978428
31978429
31978430
31978431
31978432
31978434
31978436
31978437
31978439
31978441
31978442
31978443
31978444
31978445
31978447
31978448
31978449
31978451
31978453
31978454
31978455
31978456
31978457
31978458
31978460
31978461
31978462
31978463
31978465
31978466
31978467
31978468
31978469
31978470
31978471
31978472
31978473
31978474
31978475
31978477
31978478
31978479
31978480
31978481
31978482
31978483
31978484
31978485
31978486
31978487
31978489
31978490
31978491
31978493
31978494
31978495
31978496
31978497
31978498
31978499
31978501
31978503
31978506
31978507
31978508
31978509
31978510
31978511
31978513
31978514
31978515
31978516
31978517
31978518
31978519
31978520
31978521
31978522
31978523
31978524
31978525
31978526
31978527
31978528
31978530
31978531
31978532
31978533
31978534
31978535
31978536
31978537
31978540
31978541
31978543
31978544
31978545
31978546
31978547
31978548
31978549
31978550
31978552
31978553
31978554
31978555
31978556
31978557
31978558
31978559
31978560
31978561
31978562
31978564
31978565
31978566
31978567
31978568
31978570
31978571
31978573
31978574
31978575
31978576
31978577
31978578
31978580
31978582
31978583
31978584
31978585
31978586
31978587
31978588
31978589
31978591
31978592
31978593
31978594
31978595
31978596
31978597
31978599
31978600
31978602
31978604
31978605
31978607
31978610
31978611
31978613
31978614
31978615
31978616
31978617
31978618
31978619
31978620
31978621
31978622
31978623
31978624
31978625
31978626
31978627
31978628
31978629
31978630
31978631
31978632
31978633
31978634
31978635
31978636
31978637
31978638
31978639
31978640
31978642
31978643
31978644
31978645
31978646
31978647
31978649
31978651
31978653
31978655
31978656
31978657
31978659
31978660
31978661
31978662
31978663
31978664
31978665
31978666
31978668
31978669
31978670
31978671
31978672
31978673
31978675
31978676
31978677
31978679
31978680
31978683
31978684
31978685
31978686
31978687
31978689
31978690
31978692
31978693
31978694
31978695
31978696
31978698
31978699
31978700
31978702
31978703
31978704
31978706
31978707
31978709
31978710
31978711
31978712
31978713
31978714
31978715
31978718
31978719
31978720
31978722
31978724
31978725
31978726
31978728
31978729
31978731
31978732
31978736
31978737
31978738
31978740
31978741
31978742
31978743
31978744
31978747
31978749
31978750
31978753
31978755
31978756
31978757
31978759
31978760
31978761
31978762
31978763
31978764
31978765
31978766
31978767
31978768
31978769
31978770
31978771
31978772
31978773
31978774
31978775
31978776
31978777
31978779
31978780
31978781
31978782
31978783
31978784
31978785
31978787
31978788
31978790
31978791
31978792
31978793
31978794
31978795
31978796
31978797
31978798
31978799
31978801
31978802
31978803
31978806
31978807
31978808
31978809
31978810
31978811
31978812
31978813
31978814
31978816
31978817
31978819
31978821
31978822
31978823
31978824
31978826
31978827
31978828
31978830
31978831
31978832
31978833
31978834
31978835
31978836
31978837
31978839
31978840
31978841
31978842
31978843
31978844
31978845
31978846
31978847
31978848
31978849
31978850
31978851
31978853
31978854
31978855
31978857
31978859
31978860
31978861
31978862
31978863
31978864
31978865
31978867
31978868
31978869
31978870
31978871
31978872
31978874
31978875
31978876
31978878
31978881
31978882
31978884
31978885
31978886
31978887
31978889
31978890
31978891
31978892
31978893
31978895
31978896
31978898
31978900
31978901
31978905
31978906
31978908
31978909
31978910
31978914
31978915
31978916
31978918
31978919
31978920
31978921
31978922
31978923
31978924
31978925
31978926
31978927
31978928
31978929
31978930
31978932
31978933
31978934
31978935
31978936
31978937
31978940
31978941
31978942
31978943
31978944
31978945
31978948
31978949
31978950
31978951
31978952
31978954
31978955
31978956
31978957
31978958
31978959
31978960
31978962
31978963
31978964
31978966
31978967
31978968
31978970
31978971
31978972
31978973
31978974
31978976
31978977
31978978
31978979
31978980
31978981
31978982
31978983
31978984
31978985
31978986
31978987
31978988
31978989
31978990
31978991
31978992
31978993
31978994
31978995
31978996
31978997
31978998
31978999
31979000
31979001
31979002
31979003
31979004
31979005
31979006
31979007
31979009
31979010
31979011
31979012
31979013
31979014
31979016
31979017
31979018
31979020
31979021
31979022
31979023
31979024
31979025
31979027
31979028
31979029
31979030
31979031
31979032
31979033
31979034
31979035
31979036
31979037
31979039
31979040
31979041
31979042
31979043
31979044
31979045
31979046
31979047
31979049
31979050
31979051
31979053
31979054
31979055
31979056
31979057
31979058
31979060
31979061
31979062
31979063
31979064
31979066
31979067
31979068
31979069
31979070
31979071
31979072
31979073
31979074
31979076
31979077
31979078
31979079
31979080
31979081
31979082
31979083
31979084
31979085
31979086
31979087
31979088
31979089
31979090
31979091
31979092
31979093
31979094
31979095
31979096
31979097
31979098
31979099
31979100
31979101
31979102
31979104
31979105
31979106
31979107
31979108
31979109
31979111
31979112
31979113
31979114
31979115
31979116
31979118
31979119
31979120
31979122
31979123
31979124
31979125
31979127
31979128
31979130
31979131
31979133
31979134
31979135
31979137
31979138
31979139
31979140
31979141
31979142
31979143
31979144
31979145
31979146
31979147
31979149
31979150
31979151
31979152
31979153
31979154
31979155
31979156
31979157
31979158
31979159
31979160
31979161
31979163
31979164
31979165
31979167
31979168
31979169
31979170
31979171
31979172
31979173
31979174
31979175
31979176
31979177
31979178
31979180
31979181
31979182
31979183
31979184
31979185
31979188
31979189
31979190
31979191
31979192
31979193
31979194
31979196
31979197
31979198
31979199
31979200
31979201
31979202
31979204
31979205
31979206
31979207
31979208
31979209
31979210
31979211
31979212
31979213
31979214
31979215
31979216
31979217
31979218
31979219
31979220
31979221
31979222
31979223
31979224
31979225
31979228
31979229
31979230
31979231
31979232
31979233
31979234
31979236
31979237
31979238
31979239
31979240
31979241
31979242
31979243
31979244
31979245
31979246
31979247
31979248
31979249
31979250
31979251
31979252
31979253
31979254
31979256
31979257
31979258
31979260
31979261
31979262
31979263
31979264
31979265
31979266
31979267
31979268
31979269
31979271
31979272
31979273
31979274
31979275
31979276
31979277
31979278
31979279
31979280
31979281
31979282
31979283
31979284
31979285
31979286
31979287
31979288
31979289
31979290
31979291
31979292
31979293
31979294
31979295
31979297
31979298
31979299
31979300
31979302
31979304
31979305
31979306
31979307
31979308
31979309
31979310
31979311
31979312
31979313
31979314
31979315
31979316
31979317
31979319
31979320
31979321
31979322
31979323
31979324
31979325
31979326
31979328
31979329
31979330
31979331
31979332
31979333
31979334
31979335
31979336
31979337
31979338
31979339
31979340
31979341
31979342
31979344
31979347
31979348
31979349
31979350
31979351
31979352
31979353
31979354
31979355
31979356
31979357
31979358
31979359
31979360
31979361
31979362
31979363
31979364
31979365
31979366
31979367
31979368
31979369
31979370
31979371
31979373
31979374
31979375
31979376
31979377
31979379
31979380
31979381
31979382
31979383
31979384
31979386
31979387
31979388
31979389
31979390
31979391
31979393
31979394
31979395
31979396
31979397
31979398
31979399
31979400
31979401
31979402
31979403
31979404
31979405
31979406
31979407
31979408
31979409
31979410
31979411
31979412
31979413
31979414
31979415
31979416
31979418
31979419
31979420
31979421
31979422
31979423
31979424
31979425
31979426
31979427
31979428
31979430
31979431
31979432
31979433
31979434
31979435
31979436
31979437
31979438
31979440
31979441
31979442
31979443
31979444
31979445
31979446
31979447
31979448
31979449
31979450
31979451
31979452
31979454
31979455
31979456
31979457
31979458
31979460
31979461
31979462
31979463
31979465
31979466
31979467
31979468
31979469
31979470
31979471
31979472
31979474
31979475
31979476
31979477
31979478
31979479
31979480
31979481
31979483
31979484
31979485
31979487
31979488
31979490
31979491
31979492
31979493
31979494
31979496
31979497
31979498
31979499
31979500
31979501
31979502
31979503
31979504
31979505
31979507
31979508
31979510
31979511
31979512
31979513
31979514
31979516
31979517
31979518
31979519
31979520
31979521
31979522
31979523
31979524
31979526
31979528
31979529
31979530
31979531
31979532
31979533
31979534
31979535
31979536
31979537
31979538
31979539
31979540
31979541
31979542
31979543
31979544
31979545
31979546
31979547
31979548
31979550
31979551
31979552
31979553
31979554
31979555
31979556
31979557
31979558
31979559
31979560
31979561
31979562
31979565
31979566
31979567
31979568
31979569
31979571
31979572
31979574
31979575
31979576
31979577
31979578
31979579
31979580
31979581
31979582
31979584
31979585
31979586
31979587
31979589
31979590
31979591
31979592
31979593
31979594
31979595
31979596
31979597
31979598
31979599
31979600
31979601
31979602
31979603
31979604
31979605
31979606
31979607
31979608
31979609
31979610
31979611
31979612
31979613
31979614
31979615
31979616
31979617
31979618
31979619
31979620
31979621
31979622
31979623
31979624
31979625
31979626
31979627
31979628
31979629
31979630
31979631
31979632
31979633
31979634
31979635
31979636
31979637
31979638
31979639
31979640
31979641
31979642
31979643
31979644
31979645
31979646
31979647
31979648
31979649
31979650
31979651
31979652
31979653
31979654
31979655
31979656
31979658
31979659
31979660
31979661
31979662
31979663
31979664
31979665
31979666
31979667
31979668
31979669
31979670
31979671
31979672
31979674
31979675
31979676
31979677
31979678
31979679
31979680
31979681
31979683
31979685
31979686
31979687
31979689
31979690
31979691
31979692
31979693
31979694
31979696
31979697
31979698
31979699
31979700
31979701
31979702
31979703
31979704
31979707
31979708
31979710
31979712
31979713
31979714
31979715
31979716
31979717
31979718
31979719
31979721
31979722
31979723
31979724
31979725
31979726
31979727
31979728
31979729
31979730
31979732
31979733
31979734
31979735
31979736
31979737
31979739
31979740
31979741
31979742
31979743
31979744
31979745
31979746
31979747
31979748
31979749
31979750
31979751
31979752
31979753
31979754
31979755
31979756
31979757
31979758
31979759
31979760
31979761
31979762
31979763
31979764
31979765
31979767
31979768
31979769
31979770
31979771
31979772
31979773
31979774
31979775
31979776
31979778
31979779
31979780
31979781
31979782
31979783
31979784
31979786
31979787
31979788
31979789
31979790
31979792
31979793
31979794
31979795
31979796
31979797
31979798
31979799
31979800
31979801
31979802
31979803
31979804
31979805
31979806
31979807
31979808
31979809
31979810
31979811
31979812
31979813
31979814
31979816
31979817
31979818
31979819
31979820
31979821
31979822
31979824
31979825
31979826
31979827
31979828
31979829
31979830
31979831
31979832
31979834
31979835
31979836
31979837
31979838
31979839
31979840
31979841
31979842
31979843
31979844
31979845
31979846
31979847
31979848
31979849
31979850
31979851
31979852
31979853
31979854
31979855
31979856
31979857
31979858
31979859
31979860
31979861
31979863
31979864
31979865
31979866
31979867
31979868
31979869
31979870
31979871
31979872
31979873
31979874
31979875
31979876
31979877
31979878
31979879
31979880
31979881
31979882
31979883
31979884
31979885
31979886
31979887
31979888
31979889
31979890
31979892
31979893
31979895
31979896
31979897
31979898
31979899
31979900
31979901
31979902
31979903
31979904
31979905
31979906
31979907
31979908
31979909
31979910
31979911
31979912
31979914
31979915
31979916
31979917
31979918
31979919
31979920
31979921
31979922
31979923
31979924
31979925
31979926
31979927
31979928
31979929
31979930
31979931
31979933
31979934
31979935
31979936
31979937
31979938
31979939
31979940
31979942
31979943
31979944
31979945
31979946
31979947
31979948
31979949
31979950
31979951
31979952
31979953
31979954
31979955
31979956
31979957
31979958
31979959
31979960
31979961
31979962
31979963
31979964
31979965
31979967
31979968
31979969
31979970
31979972
31979974
31979976
31979977
31979978
31979979
31979980
31979981
31979982
31979983
31979985
31979986
31979987
31979988
31979989
31979990
31979991
31979992
31979993
31979994
31979995
31979996
31979997
31979998
31979999
31980000
31980001
31980002
31980003
31980004
31980005
31980006
31980008
31980009
31980010
31980011
31980012
31980013
31980014
31980015
31980016
31980017
31980018
31980019
31980020
31980021
31980022
31980023
31980024
31980025
31980026
31980027
31980028
31980030
31980031
31980032
31980033
31980034
31980035
31980036
31980037
31980038
31980039
31980040
31980041
31980042
31980044
31980045
31980046
31980047
31980048
31980049
31980050
31980051
31980052
31980053
31980054
31980055
31980056
31980057
31980058
31980059
31980060
31980061
31980062
31980063
31980065
31980067
31980068
31980069
31980070
31980071
31980072
31980073
31980074
31980075
31980076
31980077
31980078
31980079
31980080
31980081
31980082
31980083
31980084
31980085
31980086
31980087
31980088
31980089
31980090
31980091
31980092
31980093
31980094
31980095
31980096
31980097
31980098
31980100
31980102
31980103
31980104
31980105
31980107
31980108
31980110
31980111
31980112
31980113
31980114
31980115
31980116
31980117
31980118
31980119
31980121
31980122
31980123
31980124
31980125
31980126
31980127
31980128
31980129
31980130
31980131
31980132
31980133
31980134
31980135
31980136
31980137
31980138
31980139
31980140
31980141
31980142
31980143
31980144
31980145
31980146
31980147
31980149
31980150
31980151
31980153
31980154
31980155
31980156
31980157
31980158
31980159
31980160
31980161
31980162
31980163
31980164
31980165
31980166
31980167
31980168
31980170
31980171
31980172
31980173
31980174
31980176
31980177
31980178
31980179
31980180
31980181
31980182
31980183
31980184
31980185
31980186
31980188
31980189
31980190
31980191
31980192
31980193
31980194
31980195
31980196
31980197
31980198
31980199
31980200
31980201
31980203
31980204
31980205
31980206
31980207
31980208
31980209
31980210
31980211
31980212
31980213
31980216
31980217
31980218
31980219
31980220
31980221
31980222
31980223
31980224
31980225
31980226
31980227
31980228
31980229
31980230
31980232
31980233
31980234
31980235
31980236
31980237
31980238
31980239
31980240
31980241
31980242
31980243
31980244
31980245
31980246
31980247
31980248
31980249
31980250
31980251
31980252
31980253
31980254
31980255
31980256
31980257
31980258
31980259
31980260
31980261
31980262
31980263
31980264
31980265
31980266
31980267
31980268
31980269
31980270
31980271
31980272
31980273
31980274
31980275
31980276
31980277
31980278
31980279
31980280
31980281
31980282
31980285
31980286
31980287
31980288
31980289
31980290
31980292
31980293
31980294
31980296
31980298
31980299
31980300
31980301
31980302
31980303
31980304
31980305
31980306
31980307
31980308
31980310
31980311
31980312
31980313
31980314
31980315
31980316
31980317
31980319
31980320
31980321
31980322
31980323
31980324
31980325
31980326
31980327
31980328
31980331
31980332
31980333
31980335
31980336
31980338
31980339
31980340
31980341
31980342
31980343
31980344
31980345
31980346
31980347
31980348
31980349
31980350
31980351
31980352
31980353
31980354
31980355
31980356
31980357
31980358
31980359
31980360
31980361
31980362
31980363
31980364
31980365
31980366
31980367
31980368
31980369
31980370
31980371
31980372
31980373
31980374
31980375
31980376
31980377
31980379
31980380
31980381
31980382
31980384
31980385
31980386
31980387
31980389
31980390
31980391
31980392
31980393
31980394
31980395
31980396
31980397
31980398
31980401
31980402
31980403
31980404
31980406
31980407
31980408
31980410
31980411
31980412
31980413
31980414
31980415
31980416
31980418
31980419
31980420
31980421
31980422
31980423
31980424
31980425
31980426
31980427
31980428
31980429
31980430
31980432
31980433
31980434
31980436
31980437
31980438
31980439
31980440
31980441
31980442
31980443
31980444
31980445
31980446
31980447
31980448
31980449
31980450
31980451
31980452
31980453
31980454
31980455
31980456
31980458
31980459
31980460
31980461
31980462
31980463
31980464
31980465
31980466
31980467
31980468
31980469
31980471
31980472
31980473
31980474
31980475
31980479
31980480
31980481
31980482
31980483
31980484
31980486
31980487
31980488
31980489
31980490
31980491
31980494
31980495
31980496
31980497
31980498
31980499
31980500
31980502
31980503
31980504
31980505
31980506
31980507
31980508
31980511
31980512
31980513
31980514
31980515
31980516
31980517
31980518
31980520
31980521
31980522
31980523
31980524
31980525
31980526
31980527
31980528
31980529
31980530
31980531
31980532
31980533
31980534
31980535
31980536
31980537
31980538
31980539
31980541
31980542
31980543
31980544
31980545
31980546
31980547
31980548
31980549
31980550
31980551
31980554
31980555
31980556
31980557
31980558
31980559
31980560
31980561
31980563
31980564
31980566
31980567
31980568
31980569
31980571
31980572
31980573
31980574
31980575
31980576
31980577
31980578
31980579
31980580
31980581
31980582
31980583
31980584
31980585
31980586
31980588
31980589
31980590
31980591
31980592
31980593
31980594
31980595
31980596
31980597
31980598
31980599
31980600
31980601
31980602
31980603
31980604
31980605
31980606
31980607
31980608
31980609
31980611
31980612
31980613
31980614
31980615
31980616
31980617
31980618
31980619
31980620
31980621
31980622
31980623
31980625
31980626
31980627
31980628
31980629
31980630
31980631
31980632
31980633
31980634
31980635
31980636
31980637
31980638
31980640
31980641
31980643
31980644
31980645
31980646
31980647
31980649
31980650
31980651
31980652
31980653
31980655
31980656
31980657
31980658
31980659
31980660
31980662
31980663
31980664
31980665
31980666
31980667
31980668
31980669
31980670
31980672
31980673
31980674
31980675
31980676
31980677
31980678
31980679
31980680
31980681
31980682
31980683
31980685
31980686
31980687
31980688
31980689
31980691
31980692
31980693
31980694
31980695
31980696
31980698
31980700
31980701
31980703
31980704
31980705
31980706
31980707
31980708
31980709
31980710
31980711
31980712
31980713
31980714
31980715
31980716
31980718
31980719
31980720
31980721
31980722
31980723
31980724
31980725
31980726
31980727
31980728
31980730
31980731
31980732
31980733
31980734
31980735
31980736
31980737
31980738
31980740
31980741
31980742
31980743
31980744
31980745
31980746
31980747
31980748
31980749
31980750
31980751
31980752
31980753
31980754
31980756
31980757
31980758
31980759
31980760
31980761
31980762
31980763
31980764
31980765
31980766
31980769
31980770
31980771
31980773
31980774
31980775
31980776
31980777
31980779
31980780
31980781
31980782
31980783
31980784
31980785
31980786
31980787
31980788
31980789
31980790
31980791
31980792
31980793
31980794
31980795
31980796
31980797
31980798
31980802
31980803
31980804
31980806
31980807
31980808
31980809
31980810
31980811
31980812
31980813
31980814
31980816
31980817
31980818
31980819
31980821
31980822
31980823
31980824
31980825
31980826
31980827
31980828
31980829
31980830
31980832
31980833
31980835
31980836
31980837
31980838
31980839
31980840
31980841
31980843
31980844
31980845
31980846
31980848
31980849
31980852
31980853
31980854
31980855
31980856
31980859
31980861
31980862
31980863
31980864
31980865
31980866
31980867
31980868
31980869
31980870
31980871
31980873
31980874
31980875
31980876
31980878
31980879
31980882
31980883
31980884
31980885
31980886
31980887
31980888
31980889
31980890
31980891
31980892
31980893
31980894
31980895
31980897
31980898
31980899
31980901
31980902
31980903
31980904
31980905
31980906
31980907
31980908
31980909
31980911
31980913
31980914
31980915
31980916
31980917
31980918
31980919
31980920
31980921
31980923
31980925
31980927
31980928
31980929
31980930
31980931
31980932
31980935
31980937
31980938
31980939
31980940
31980941
31980942
31980943
31980944
31980946
31980947
31980949
31980950
31980951
31980952
31980953
31980954
31980955
31980956
31980957
31980958
31980959
31980960
31980961
31980962
31980963
31980964
31980965
31980966
31980967
31980968
31980969
31980970
31980971
31980972
31980973
31980974
31980975
31980976
31980977
31980978
31980979
31980980
31980981
31980982
31980983
31980984
31980985
31980986
31980987
31980988
31980989
31980990
31980992
31980993
31980994
31980995
31980996
31980997
31980998
31980999
31981000
31981001
31981002
31981003
31981004
31981005
31981006
31981007
31981008
31981009
31981011
31981012
31981013
31981014
31981015
31981016
31981017
31981018
31981020
31981021
31981022
31981023
31981024
31981025
31981026
31981027
31981028
31981029
31981030
31981031
31981032
31981033
31981034
31981035
31981036
31981037
31981038
31981039
31981040
31981041
31981042
31981043
31981045
31981047
31981049
31981050
31981051
31981052
31981053
31981054
31981055
31981056
31981057
31981059
31981060
31981061
31981062
31981063
31981064
31981065
31981066
31981067
31981068
31981069
31981070
31981071
31981073
31981074
31981076
31981078
31981079
31981080
31981081
31981084
31981085
31981086
31981088
31981089
31981090
31981091
31981093
31981094
31981097
31981098
31981099
31981100
31981101
31981102
31981103
31981104
31981105
31981106
31981108
31981110
31981111
31981112
31981113
31981114
31981115
31981116
31981117
31981118
31981119
31981120
31981121
31981122
31981123
31981124
31981125
31981126
31981127
31981128
31981129
31981130
31981131
31981132
31981133
31981134
31981135
31981136
31981137
31981138
31981139
31981140
31981141
31981142
31981143
31981144
31981145
31981146
31981147
31981148
31981149
31981150
31981152
31981153
31981154
31981155
31981157
31981158
31981160
31981161
31981162
31981163
31981164
31981165
31981166
31981167
31981168
31981169
31981170
31981171
31981172
31981173
31981174
31981175
31981176
31981177
31981179
31981180
31981181
31981182
31981183
31981184
31981185
31981186
31981188
31981189
31981190
31981191
31981192
31981193
31981194
31981195
31981197
31981198
31981201
31981202
31981203
31981204
31981205
31981206
31981207
31981208
31981209
31981210
31981211
31981212
31981213
31981214
31981215
31981216
31981217
31981218
31981219
31981220
31981221
31981222
31981223
31981224
31981225
31981226
31981227
31981228
31981229
31981230
31981231
31981232
31981233
31981234
31981236
31981237
31981238
31981239
31981240
31981241
31981242
31981243
31981244
31981245
31981246
31981247
31981248
31981249
31981250
31981251
31981252
31981253
31981254
31981255
31981258
31981259
31981261
31981262
31981263
31981264
31981265
31981266
31981268
31981269
31981270
31981272
31981274
31981275
31981276
31981277
31981278
31981279
31981280
31981281
31981283
31981284
31981285
31981286
31981287
31981288
31981289
31981290
31981291
31981293
31981294
31981295
31981296
31981297
31981299
31981300
31981301
31981302
31981303
31981304
31981305
31981306
31981307
31981308
31981310
31981311
31981312
31981313
31981315
31981317
31981318
31981320
31981321
31981322
31981323
31981324
31981325
31981326
31981327
31981328
31981329
31981330
31981331
31981332
31981334
31981335
31981336
31981337
31981338
31981339
31981340
31981341
31981343
31981344
31981345
31981347
31981348
31981350
31981351
31981352
31981353
31981354
31981355
31981357
31981358
31981359
31981360
31981361
31981362
31981364
31981365
31981366
31981367
31981368
31981369
31981370
31981371
31981374
31981375
31981376
31981377
31981378
31981379
31981380
31981381
31981382
31981383
31981384
31981385
31981386
31981387
31981388
31981389
31981390
31981391
31981392
31981393
31981394
31981395
31981396
31981397
31981398
31981399
31981401
31981402
31981403
31981404
31981406
31981407
31981409
31981410
31981411
31981412
31981413
31981414
31981415
31981416
31981417
31981418
31981419
31981420
31981422
31981424
31981426
31981428
31981429
31981430
31981433
31981434
31981435
31981436
31981437
31981438
31981439
31981441
31981442
31981443
31981444
31981445
31981446
31981447
31981450
31981452
31981453
31981454
31981455
31981456
31981457
31981459
31981460
31981461
31981462
31981463
31981465
31981466
31981467
31981469
31981472
31981473
31981474
31981475
31981476
31981477
31981478
31981479
31981481
31981484
31981485
31981486
31981488
31981489
31981492
31981493
31981494
31981495
31981496
31981497
31981500
31981501
31981503
31981504
31981505
31981506
31981507
31981508
31981509
31981512
31981513
31981514
31981515
31981516
31981518
31981519
31981520
31981521
31981522
31981523
31981524
31981525
31981526
31981527
31981529
31981530
31981532
31981533
31981534
31981535
31981536
31981538
31981539
31981540
31981541
31981542
31981543
31981544
31981545
31981546
31981547
31981548
31981550
31981551
31981552
31981553
31981554
31981555
31981556
31981557
31981559
31981560
31981561
31981562
31981564
31981565
31981566
31981567