2001085
2001086
2001087
2001088
2001089
2001090
2001091
2001092
2001093
2001094
2001095
2001096
2001097
2001098
2001099
2001100
2001101
2001102
2001103
2001104
2001105
2001106
2001107
2001108
2001111
2001112
2001113
2001114
2001115
2001116
2001117
2001118
2001119
2001122
2001123
2001125
2001126
2001128
2001129
2001130
2001132
2001133
2001134
2001135
2001137
2001138
2001141
2001142
2001143
2001144
2001145
2001146
2001147
2001148
2001149
2001150
2001151
2001152
2001154
2001155
2001156
2001157
2001158
2001159
2001165
2001166
2001168
2001171
2001173
2001174
2001175
2001176
2001177
2001178
2001180
2001181
2001182
2001183
2001184
2001185
2001186
2001187
2001188
2001189
2001190
2001191
2001192
2001193
2001194
2001195
2001196
2001197
2001198
2001199
2001200
2001201
2001202
2001203
2001204
2001205
2001206
2001207
2001208
2001210
2001211
2001212
2001213
2001215
2001216
2001217
2001218
2001219
2001221
2001222
2001223
2001224
2001225
2001226
2001227
2001228
2001229
2001230
2001231
2001232
2001233
2001234
2001235
2001236
2001237
2001238
2001239
2001241
2001242
2001243
2001244
2001245
2001246
2001247
2001248
2001249
2001250
2001252
2001253
2001254
2001255
2001256
2001257
2001258
2001259
2001260
2001261
2001262
2001263
2001265
2001266
2001268
2001269
2001270
2001271
2001273
2001274
2001276
2001277
2001278
2001279
2001280
2001281
2001282
2001283
2001286
2001287
2001288
2001289
2001290
2001293
2001294
2001295
2001296
2001298
2001299
2001300
2001301
2001302
2001303
2001305
2001306
2001307
2001308
2001310
2001311
2001312
2001313
2001314
2001315
2001316
2001317
2001318
2001320
2001321
2001322
2001323
2001324
2001327
2001328
2001329
2001330
2001331
2001332
2001333
2001334
2001335
2001336
2001337
2001338
2001339
2001341
2001342
2001344
2001345
2001346
2001347
2001348
2001349
2001350
2001351
2001352
2001353
2001355
2001356
2001357
2001358
2001359
2001360
2001361
2001363
2001364
2001365
2001367
2001368
2001369
2001370
2001371
2001374
2001376
2001377
2001378
2001379
2001380
2001381
2001382
2001383
2001384
2001385
2001386
2001387
2001388
2001389
2001390
2001393
2001394
2001395
2001396
2001397
2001398
2001399
2001400
2001401
2001402
2001403
2001404
2001405
2001406
2001407
2001409
2001410
2001411
2001412
2001413
2001414
2001416
2001417
2001418
2001419
2001420
2001421
2001422
2001423
2001424
2001425
2001426
2001428
2001429
2001430
2001431
2001433
2001434
2001436
2001437
2001438
2001439
2001440
2001441
2001442
2001444
2001445
2001446
2001447
2001448
2001449
2001450
2001451
2001452
2001453
2001454
2001455
2001456
2001457
2001458
2001459
2001461
2001462
2001463
2001464
2001465
2001466
2001467
2001468
2001469
2001470
2001471
2001472
2001473
2001474
2001475
2001476
2001477
2001478
2001479
2001480
2001481
2001482
2001483
2001485
2001486
2001487
2001488
2001489
2001490
2001491
2001492
2001493
2001494
2001495
2001496
2001497
2001498
2001499
2001500
2001501
2001502
2001503
2001504
2001505
2001506
2001507
2001508
2001509
2001510
2001511
2001512
2001513
2001514
2001515
2001516
2001517
2001518
2001519
2001520
2001521
2001522
2001523
2001524
2001525
2001527
2001528
2001529
2001530
2001531
2001532
2001533
2001534
2001535
2001536
2001537
2001538
2001539
2001540
2001541
2001542
2001544
2001546
2001547
2001548
2001549
2001550
2001551
2001552
2001553
2001554
2001555
2001556
2001557
2001559
2001560
2001561
2001562
2001563
2001564
2001565
2001566
2001567
2001568
2001569
2001570
2001572
2001573
2001574
2001575
2001577
2001578
2001579
2001580
2001581
2001582
2001583
2001585
2001586
2001587
2001588
2001589
2001590
2001591
2001592
2001593
2001594
2001595
2001596
2001597
2001599
2001600
2001601
2001602
2001603
2001604
2001606
2001607
2001608
2001609
2001610
2001611
2001612
2001613
2001614
2001615
2001616
2001617
2001618
2001619
2001620
2001621
2001624
2001625
2001626
2001627
2001628
2001630
2001631
2001632
2001633
2001634
2001635
2001636
2001637
2001638
2001639
2001640
2001641
2001642
2001644
2001645
2001646
2001648
2001649
2001650
2001651
2001653
2001654
2001656
2001657
2001659
2001661
2001662
2001663
2001664
2001665
2001667
2001668
2001669
2001670
2001671
2001672
2001673
2001674
2001675
2001676
2001678
2001679
2001680
2001682
2001683
2001684
2001685
2001686
2001687
2001688
2001689
2001691
2001692
2001693
2001695
2001696
2001697
2001698
2001699
2001700
2001701
2001702
2001703
2001704
2001705
2001706
2001707
2001708
2001710
2001711
2001712
2001715
2001716
2001717
2001719
2001720
2001721
2001722
2001723
2001724
2001725
2001726
2001727
2001728
2001729
2001730
2001731
2001732
2001733
2001734
2001735
2001736
2001737
2001738
2001739
2001740
2001741
2001742
2001743
2001744
2001745
2001747
2001749
2001750
2001751
2001752
2001753
2001754
2001755
2001756
2001757
2001758
2001760
2001762
2001763
2001764
2001765
2001766
2001768
2001770
2001771
2001772
2001773
2001775
2001776
2001777
2001778
2001779
2001780
2001781
2001782
2001784
2001785
2001786
2001787
2001788
2001789
2001790
2001791
2001792
2001793
2001794
2001795
2001796
2001797
2001798
2001799
2001800
2001801
2001802
2001803
2001804
2001805
2001806
2001807
2001808
2001809
2001810
2001811
2001812
2001813
2001814
2001815
2001816
2001817
2001818
2001819
2001820
2001821
2001822
2001823
2001824
2001826
2001827
2001828
2001830
2001831
2001832
2001833
2001834
2001835
2001837
2001838
2001839
2001840
2001841
2001842
2001843
2001844
2001845
2001846
2001847
2001848
2001849
2001850
2001851
2001852
2001853
2001854
2001855
2001856
2001857
2001858
2001859
2001860
2001861
2001862
2001863
2001864
2001865
2001866
2001867
2001868
2001869
2001870
2001872
2001873
2001874
2001876
2001877
2001878
2001879
2001880
2001881
2001883
2001884
2001885
2001886
2001887
2001888
2001889
2001890
2001891
2001892
2001894
2001895
2001896
2001897
2001898
2001899
2001900
2001901
2001902
2001903
2001904
2001905
2001906
2001907
2001908
2001909
2001910
2001911
2001912
2001913
2001914
2001915
2001916
2001917
2001918
2001919
2001920
2001921
2001922
2001923
2001924
2001925
2001926
2001927
2001928
2001929
2001930
2001931
2001932
2001933
2001934
2001935
2001936
2001937
2001938
2001939
2001940
2001942
2001943
2001944
2001945
2001946
2001947
2001948
2001949
2001950
2001951
2001952
2001953
2001954
2001955
2001956
2001957
2001958
2001959
2001960
2001961
2001962
2001963
2001964
2001965
2001966
2001967
2001968
2001969
2001970
2001971
2001972
2001973
2001974
2001975
2001976
2001977
2001978
2001979
2001980
2001981
2001982
2001983
2001984
2001985
2001986
2001987
2001988
2001989
2001990
2001991
2001992