2039708
2039709
2039710
2039712
2039713
2039714
2039716
2039717
2039719
2039720
2039721
2039722
2039723
2039724
2039725
2039726
2039727
2039728
2039729
2039730
2039732
2039733
2039735
2039736
2039737
2039738
2039739
2039740
2039741
2039742
2039743
2039744
2039745
2039746
2039747
2039748
2039749
2039750
2039751
2039752
2039753
2039754
2039755
2039756
2039757
2039758
2039759
2039760
2039761
2039762
2039763
2039764
2039765
2039768
2039769
2039771
2039772
2039774
2039775
2039776
2039777
2039778
2039779
2039780
2039781
2039782
2039783
2039784
2039785
2039786
2039787
2039788
2039789
2039791
2039792
2039794
2039795
2039796
2039797
2039798
2039799
2039800
2039801
2039802
2039803
2039804
2039805
2039806
2039807
2039808
2039810
2039811
2039812
2039813
2039814
2039815
2039816
2039817
2039819
2039820
2039822
2039823
2039824
2039825
2039827
2039828
2039830
2039831
2039832
2039833
2039834
2039835
2039836
2039837
2039838
2039840
2039841
2039842
2039843
2039844
2039845
2039846
2039847
2039848
2039849
2039850
2039851
2039852
2039854
2039855
2039856
2039858
2039859
2039861
2039862
2039865
2039866
2039867
2039868
2039869
2039870
2039871
2039872
2039873
2039874
2039875
2039876
2039877
2039878
2039879
2039880
2039882
2039883
2039884
2039885
2039886
2039887
2039888
2039889
2039890
2039891
2039892
2039894
2039895
2039896
2039897
2039900
2039901
2039902
2039903
2039904
2039905
2039906
2039907
2039908
2039909
2039910
2039911
2039912
2039913
2039914
2039915
2039916
2039917
2039918
2039919
2039920
2039921
2039922
2039923
2039924
2039925
2039926
2039927
2039928
2039929
2039930
2039931
2039932
2039933
2039934
2039935
2039936
2039937
2039940
2039941
2039942
2039943
2039944
2039945
2039946
2039947
2039948
2039949
2039950
2039951
2039953
2039954
2039955
2039956
2039957
2039959
2039962
2039963
2039964
2039965
2039966
2039968
2039969
2039970
2039971
2039972
2039973
2039974
2039975
2039976
2039977
2039978
2039981
2039983
2039985
2039986
2039987
2039989
2039990
2039991
2039992
2039993
2039994
2039995
2039996
2039997
2039998
2039999
2040000
2040001
2040002
2040004
2040005
2040006
2040007
2040008
2040009
2040010
2040012
2040013
2040014
2040015
2040016
2040017
2040018
2040019
2040020
2040021
2040022
2040023
2040024
2040025
2040026
2040027
2040030
2040031
2040032
2040033
2040034
2040036
2040037
2040038
2040039
2040040
2040041
2040043
2040044
2040045
2040046
2040047
2040048
2040049
2040050
2040052
2040054
2040055
2040056
2040057
2040059
2040060
2040061
2040062
2040063
2040066
2040067
2040068
2040069
2040070
2040071
2040072
2040073
2040074
2040076
2040077
2040078
2040079
2040080
2040082
2040083
2040084
2040085
2040086
2040087
2040088
2040089
2040090
2040091
2040092
2040093
2040094
2040095
2040096
2040097
2040098
2040099
2040100
2040101
2040102
2040103
2040104
2040105
2040106
2040107
2040108
2040109
2040110
2040111
2040112
2040113
2040114
2040115
2040116
2040117
2040118
2040119
2040121
2040122
2040123
2040124
2040125
2040126
2040127
2040128
2040129
2040130
2040131
2040132
2040133
2040134
2040135
2040136
2040137
2040138
2040139
2040140
2040142
2040144
2040145
2040146
2040147
2040148
2040149
2040150
2040151
2040152
2040153
2040154
2040156
2040157
2040159
2040160
2040161
2040162
2040163
2040164
2040165
2040167
2040168
2040169
2040170
2040171
2040172
2040173
2040174
2040175
2040176
2040177
2040178
2040179
2040180
2040181
2040182
2040184
2040186
2040187
2040188
2040190
2040192
2040193
2040194
2040195
2040196
2040198
2040199
2040200
2040201
2040202
2040203
2040204
2040205
2040206
2040207
2040208
2040210
2040211
2040212
2040213
2040214
2040215
2040216
2040217
2040218
2040220
2040221
2040222
2040223
2040224
2040227
2040228
2040229
2040230
2040232
2040233
2040234
2040235
2040236
2040237
2040238
2040239
2040240
2040241
2040242
2040243
2040244
2040245
2040246
2040247
2040251
2040252
2040254
2040256
2040257
2040258
2040259
2040260
2040262
2040263
2040264
2040265
2040266
2040267
2040268
2040269
2040270
2040271
2040272
2040273
2040274
2040275
2040276
2040277
2040278
2040279
2040280
2040281
2040282
2040283
2040284
2040286
2040287
2040289
2040290
2040291
2040292
2040294
2040295
2040296
2040297
2040298
2040299
2040300
2040301
2040302
2040303
2040304
2040305
2040307
2040308
2040309
2040310
2040311
2040313
2040314
2040315
2040316
2040317
2040318
2040319
2040320
2040323
2040324
2040326
2040327
2040328
2040329
2040330
2040331
2040332
2040333
2040334
2040335
2040338
2040339
2040340
2040341
2040342
2040343
2040344
2040345
2040346
2040347
2040348
2040349
2040350
2040352
2040354
2040355
2040357
2040358
2040359
2040360
2040361
2040362
2040363
2040364
2040365
2040366
2040367
2040368
2040369
2040370
2040371
2040372
2040373
2040374
2040375
2040376
2040377
2040378
2040379
2040380
2040381
2040382
2040383
2040384
2040385
2040386
2040387
2040388
2040389
2040391
2040392
2040393
2040394
2040395
2040396
2040397
2040398
2040399
2040401
2040402
2040403
2040404
2040405
2040407
2040408
2040409
2040410
2040411
2040412
2040414
2040415
2040416
2040417
2040418
2040419
2040420
2040421
2040422
2040423
2040424
2040425
2040426
2040427
2040428
2040429
2040431
2040432
2040433
2040434
2040435
2040436
2040437
2040438
2040439
2040440
2040441
2040442
2040443
2040444
2040445
2040446
2040447
2040448