1994312
1994313
1994314
1994315
1994316
1994317
1994318
1994319
1994320
1994321
1994322
1994323
1994324
1994325
1994326
1994327
1994328
1994329
1994330
1994331
1994332
1994333
1994334
1994335
1994336
1994337
1994338
1994339
1994340
1994341
1994343
1994344
1994346
1994347
1994349
1994350
1994351
1994352
1994353
1994354
1994355
1994356
1994357
1994359
1994360
1994361
1994362
1994363
1994364
1994365
1994366
1994367
1994369
1994370
1994371
1994373
1994374
1994375
1994376
1994377
1994378
1994379
1994380
1994381
1994382
1994383
1994384
1994386
1994387
1994388
1994389
1994390
1994391
1994392
1994393
1994394
1994396
1994397
1994398
1994399
1994400
1994401
1994402
1994403
1994404
1994405
1994406
1994407
1994408
1994409
1994410
1994411
1994412
1994413
1994417
1994418
1994419
1994420
1994421
1994422
1994424
1994425
1994426
1994427
1994428
1994429
1994430
1994431
1994432
1994433
1994434
1994436
1994437
1994438
1994439
1994440
1994441
1994442
1994444
1994445
1994446
1994447
1994448
1994449
1994450
1994451
1994452
1994453
1994454
1994456
1994458
1994459
1994460
1994461
1994463
1994464
1994465
1994466
1994467
1994468
1994469
1994470
1994471
1994472
1994473
1994474
1994475
1994476
1994477
1994478
1994479
1994480
1994481
1994482
1994483
1994484
1994485
1994487
1994489
1994490
1994491
1994493
1994494
1994495
1994496
1994497
1994498
1994499
1994500
1994502
1994503
1994504
1994505
1994506
1994508
1994509
1994510
1994511
1994512
1994513
1994514
1994515
1994516
1994517
1994518
1994519
1994520
1994521
1994522
1994523
1994524
1994525
1994526
1994527
1994528
1994529
1994530
1994531
1994532
1994533
1994534
1994535
1994536
1994537
1994538
1994541
1994542
1994543
1994544
1994545
1994546
1994547
1994548
1994549
1994550
1994551
1994552
1994554
1994555
1994556
1994557
1994558
1994559
1994560
1994561
1994562
1994563
1994564
1994565
1994566
1994567
1994569
1994570
1994571
1994572
1994573
1994574
1994575
1994576
1994577
1994578
1994579
1994580
1994581
1994582
1994583
1994584
1994585
1994586
1994587
1994588
1994589
1994590
1994591
1994592
1994593
1994594
1994595
1994596
1994598
1994599
1994600
1994601
1994602
1994603
1994604
1994605
1994606
1994607
1994608
1994609
1994610
1994612
1994614
1994615
1994616
1994617
1994618
1994619
1994620
1994621
1994622
1994623
1994624
1994625
1994626
1994627
1994628
1994629
1994630
1994631
1994632
1994633
1994634
1994635
1994636
1994637
1994638
1994639
1994640
1994641
1994643
1994644
1994646
1994647
1994648
1994649
1994650
1994651
1994653
1994654
1994655
1994656
1994657
1994658
1994660
1994661
1994662
1994663
1994664
1994665
1994666
1994667
1994669
1994670
1994671
1994672
1994673
1994674
1994675
1994676
1994677
1994679
1994681
1994683
1994684
1994685
1994686
1994687
1994688
1994690
1994691
1994692
1994693
1994694
1994695
1994696
1994697
1994698
1994699
1994700
1994701
1994702
1994703
1994704
1994705
1994706
1994707
1994708
1994709
1994711
1994712
1994713
1994714
1994715
1994716
1994717
1994718
1994719
1994720
1994721
1994722
1994723
1994724
1994725
1994726
1994727
1994728
1994729
1994730
1994731
1994732
1994733
1994735
1994737
1994738
1994739
1994740
1994741
1994742
1994743
1994744
1994745
1994746
1994747
1994748
1994749
1994750
1994752
1994753
1994754
1994756
1994757
1994758
1994759
1994760
1994761
1994762
1994763
1994764
1994766
1994767
1994770
1994771
1994772
1994773
1994774
1994775
1994776
1994778
1994779
1994780
1994781
1994782
1994784
1994785
1994786
1994787
1994788
1994789
1994790
1994792
1994793
1994794
1994795
1994796
1994797
1994798
1994799
1994800
1994802
1994803
1994804
1994805
1994806
1994807
1994809
1994810
1994811
1994812
1994813
1994815
1994816
1994817
1994818
1994819
1994820
1994821
1994822
1994823
1994824
1994825
1994826
1994827
1994828
1994829
1994830
1994832
1994833
1994834
1994836
1994837
1994838
1994839
1994840
1994841
1994842
1994843
1994845
1994846
1994847
1994849
1994850
1994851
1994852
1994853
1994854
1994855
1994856
1994857
1994858
1994859
1994860
1994861
1994862
1994863
1994864
1994865
1994867
1994868
1994869
1994870
1994871
1994872
1994873
1994875
1994876
1994878
1994879
1994880
1994882
1994887
1994889
1994891
1994892
1994894
1994895
1994896
1994897
1994898
1994899
1994900
1994901
1994902
1994903
1994904
1994905
1994906
1994908
1994909
1994910
1994911
1994912
1994913
1994914
1994915
1994916
1994917
1994918
1994920
1994921
1994922
1994923
1994924
1994925
1994926
1994927
1994928
1994929
1994930
1994931
1994932
1994933
1994934
1994935
1994936
1994937
1994938
1994939
1994940
1994941
1994942
1994943
1994945
1994946
1994947
1994948
1994949
1994950
1994951
1994952
1994953
1994954
1994955
1994956
1994958
1994959
1994960
1994961
1994962
1994963
1994964
1994966
1994967
1994968
1994969
1994971
1994972
1994973
1994974
1994975
1994976
1994977
1994978
1994979
1994980
1994981
1994982
1994983
1994984
1994985
1994987
1994988
1994989
1994991
1994992
1994993
1994994
1994995
1994996
1994997
1994998
1994999
1995000
1995001
1995002
1995004
1995005
1995006
1995007
1995008
1995009
1995010
1995011
1995012
1995013
1995014
1995015
1995016
1995017
1995018
1995019
1995020
1995021
1995022
1995023
1995024
1995025
1995026
1995027
1995028
1995029
1995030
1995031
1995032
1995033
1995034
1995035
1995036
1995038
1995039
1995040
1995041
1995042
1995044
1995045
1995046
1995047
1995049
1995050
1995052
1995053
1995054
1995055
1995056
1995057
1995058
1995060
1995062
1995063
1995064
1995065
1995066
1995067
1995068
1995070
1995071
1995072
1995073
1995074
1995075
1995076
1995077
1995078
1995079