1781744
1781745
1781746
1781747
1781748
1781749
1781750
1781751
1781752
1781753
1781754
1781755
1781756
1781757
1781758
1781759
1781760
1781761
1781762
1781763
1781764
1781766
1781767
1781769
1781770
1781771
1781772
1781773
1781774
1781776
1781777
1781778
1781779
1781780
1781781
1781782
1781783
1781784
1781785
1781787
1781788
1781789
1781790
1781791
1781793
1781794
1781795
1781796
1781797
1781798
1781799
1781800
1781801
1781802
1781803
1781804
1781805
1781806
1781807
1781808
1781809
1781810
1781811
1781812
1781813
1781814
1781815
1781816
1781817
1781818
1781819
1781820
1781821
1781822
1781823
1781824
1781825
1781826
1781827
1781828
1781829
1781830
1781831
1781832
1781833
1781834
1781835
1781837
1781838
1781839
1781840
1781841
1781842
1781843
1781845
1781846
1781847
1781848
1781850
1781851
1781852
1781853
1781854
1781855
1781856
1781857
1781858
1781859
1781860
1781861
1781862
1781863
1781864
1781865
1781866
1781867
1781868
1781870
1781871
1781872
1781873
1781874
1781875
1781876
1781877
1781878
1781879
1781880
1781881
1781882
1781883
1781884
1781885
1781886
1781887
1781888
1781889
1781890
1781892
1781893
1781894
1781895
1781896
1781897
1781898
1781899
1781900
1781901
1781902
1781903
1781904
1781905
1781907
1781908
1781909
1781910
1781911
1781912
1781913
1781914
1781915
1781916
1781917
1781918
1781919
1781920
1781921
1781922
1781923
1781924
1781925
1781926
1781927
1781928
1781929
1781930
1781931
1781932
1781933
1781934
1781935
1781937
1781938
1781939
1781940
1781941
1781942
1781943
1781944
1781945
1781946
1781947
1781948
1781949
1781950
1781951
1781952
1781953
1781954
1781955
1781956
1781958
1781959
1781960
1781961
1781962
1781963
1781964
1781965
1781966
1781967
1781968
1781970
1781972
1781973
1781974
1781975
1781976
1781977
1781978
1781979
1781980
1781981
1781982
1781983
1781984
1781985
1781986
1781987
1781988
1781989
1781990
1781991
1781992
1781993
1781994
1781995
1781996
1781997
1781998
1781999
1782000
1782001
1782003
1782004
1782005
1782006
1782007
1782008
1782010
1782011
1782012
1782013
1782014
1782015
1782016
1782017
1782018
1782019
1782021
1782022
1782023
1782024
1782025
1782026
1782027
1782028
1782029
1782030
1782031
1782032
1782033
1782034
1782035
1782036
1782037
1782038
1782039
1782041
1782042
1782043
1782044
1782045
1782046
1782047
1782048
1782049
1782050
1782051
1782052
1782053
1782054
1782055
1782056
1782057
1782058
1782059
1782060
1782061
1782062
1782063
1782064
1782065
1782066
1782067
1782068
1782070
1782071
1782072
1782073
1782074
1782075
1782076
1782077
1782078
1782079
1782081
1782082
1782083
1782084
1782085
1782086
1782087
1782088
1782089
1782090
1782091
1782092
1782093
1782095
1782096
1782097
1782098
1782099
1782100
1782101
1782102
1782103
1782104
1782105
1782106
1782107
1782108
1782109
1782110
1782111
1782112
1782113
1782114
1782115
1782116
1782117
1782118
1782119
1782120
1782121
1782122
1782124
1782125
1782126
1782127
1782128
1782129
1782130
1782131
1782132
1782133
1782134
1782135
1782136
1782138
1782139
1782140
1782141
1782142
1782143
1782144
1782145
1782146
1782147
1782148
1782149
1782150
1782152
1782153
1782154
1782155
1782156
1782157
1782158
1782159
1782160
1782161
1782162
1782164
1782166
1782167
1782168
1782169
1782170
1782171
1782172
1782174
1782176
1782178
1782181
1782182
1782183
1782184
1782185
1782186
1782187
1782188
1782189
1782191
1782192
1782193
1782194
1782195
1782196
1782197
1782198
1782199
1782200
1782201
1782202
1782203
1782204
1782205
1782207
1782208
1782209
1782210
1782211
1782212
1782213
1782214
1782215
1782216
1782217
1782218
1782219
1782220
1782221
1782222
1782223
1782224
1782225
1782226
1782227
1782228
1782229
1782230
1782231
1782233
1782234
1782235
1782236
1782237
1782238
1782239
1782240
1782241
1782242
1782243
1782244
1782245
1782246
1782250
1782251
1782252
1782253
1782254
1782255
1782256
1782257
1782258
1782259
1782260
1782261
1782262
1782264
1782265
1782266
1782268
1782269
1782274
1782275
1782276
1782277
1782280
1782281
1782283
1782284
1782285
1782286
1782287
1782288
1782290
1782291
1782292
1782293
1782294
1782295
1782296
1782297
1782298
1782299
1782302
1782303
1782305
1782306
1782307
1782308
1782309
1782311
1782312
1782313
1782314
1782315
1782318
1782319
1782322
1782323
1782324
1782325
1782327
1782328
1782329
1782331
1782332
1782333
1782335
1782336
1782338
1782339
1782340
1782341
1782344
1782345
1782346
1782347
1782348
1782350
1782351
1782352
1782353
1782354
1782355
1782356
1782357
1782358
1782359
1782360
1782361
1782362
1782363
1782364
1782366
1782367
1782368
1782369
1782370
1782371
1782372
1782373
1782374
1782375
1782376
1782377
1782378
1782381
1782382
1782383
1782384
1782385
1782386
1782387
1782388
1782389
1782390
1782391
1782392
1782393
1782394
1782395
1782396
1782397
1782401
1782402
1782404
1782405
1782406
1782407
1782408
1782409
1782410
1782412
1782413
1782414
1782416
1782417
1782418
1782419
1782420
1782421
1782422
1782423
1782424
1782426
1782427
1782428
1782429
1782430
1782431
1782432
1782433
1782434
1782435
1782436
1782437
1782438
1782439
1782441
1782442
1782443
1782444
1782445
1782446
1782447
1782448
1782449
1782450
1782452
1782453
1782454
1782455
1782456
1782457
1782458
1782459
1782460
1782461
1782462
1782463
1782464
1782465
1782466
1782467
1782468
1782469
1782470
1782472
1782473
1782474
1782475
1782476
1782477
1782479
1782481
1782482
1782483
1782484
1782485
1782486
1782487
1782488
1782489
1782492
1782493
1782494
1782495
1782496
1782497
1782498
1782500
1782501
1782502
1782503
1782504
1782505
1782506
1782507
1782508
1782509
1782511
1782512
1782513
1782515
1782516
1782517
1782519
1782520
1782522
1782524
1782525
1782526
1782527
1782529
1782530
1782531
1782532
1782533
1782535
1782536
1782537
1782538
1782540
1782541
1782542
1782543
1782544
1782545
1782546
1782548
1782549
1782550
1782551
1782552
1782554
1782555
1782556
1782557
1782558
1782559
1782560
1782561
1782562
1782563
1782564
1782565
1782566
1782567
1782569
1782570
1782572
1782573
1782574
1782575
1782576
1782577
1782578
1782579
1782580
1782581
1782582
1782583
1782584
1782585
1782586
1782587
1782588
1782589
1782590
1782591
1782592
1782593
1782594
1782595
1782597
1782598
1782599
1782600
1782601
1782602
1782603
1782604
1782605
1782606
1782607
1782609
1782611
1782612
1782613
1782614
1782615
1782616
1782617
1782618
1782619
1782620
1782621
1782622
1782623
1782624
1782625
1782626
1782627
1782628
1782629
1782630
1782632
1782633
1782634
1782635
1782636
1782637
1782638
1782639
1782640
1782642
1782643
1782644
1782645
1782646
1782647
1782648
1782649
1782650
1782652
1782653
1782654
1782655
1782657
1782658
1782659
1782660
1782661
1782662
1782663
1782665
1782666
1782668
1782669
1782670
1782671
1782673
1782674
1782675
1782677
1782678
1782679
1782680
1782681
1782682
1782684
1782685
1782686
1782688
1782689
1782690
1782691
1782692
1782693
1782694
1782695
1782696
1782697
1782698
1782699
1782700
1782701
1782702
1782703
1782704
1782705
1782706
1782707
1782708
1782709
1782710
1782711
1782712
1782713
1782714
1782715
1782716
1782717
1782718
1782719
1782720
1782721
1782722
1782723
1782724
1782725