1869740
1869741
1869742
1869744
1869745
1869746
1869747
1869748
1869749
1869751
1869752
1869753
1869754
1869755
1869756
1869758
1869759
1869760
1869761
1869762
1869763
1869764
1869765
1869767
1869768
1869770
1869771
1869772
1869773
1869774
1869775
1869776
1869777
1869778
1869779
1869780
1869781
1869782
1869783
1869784
1869785
1869786
1869787
1869788
1869789
1869790
1869792
1869794
1869795
1869796
1869797
1869798
1869799
1869800
1869801
1869802
1869803
1869804
1869805
1869806
1869807
1869808
1869809
1869810
1869811
1869812
1869813
1869814
1869815
1869816
1869817
1869818
1869820
1869821
1869822
1869823
1869824
1869825
1869826
1869827
1869828
1869829
1869830
1869831
1869832
1869833
1869834
1869836
1869837
1869838
1869839
1869840
1869842
1869843
1869844
1869845
1869846
1869847
1869848
1869849
1869850
1869851
1869852
1869853
1869854
1869855
1869856
1869857
1869858
1869859
1869860
1869861
1869862
1869863
1869865
1869866
1869867
1869869
1869870
1869871
1869873
1869874
1869875
1869876
1869877
1869878
1869879
1869880
1869881
1869882
1869884
1869885
1869886
1869887
1869888
1869889
1869890
1869891
1869892
1869893
1869894
1869896
1869897
1869898
1869899
1869902
1869903
1869904
1869905
1869906
1869908
1869909
1869910
1869911
1869912
1869913
1869914
1869916
1869917
1869919
1869920
1869921
1869922
1869923
1869924
1869925
1869927
1869928
1869929
1869930
1869931
1869933
1869934
1869935
1869936
1869937
1869938
1869939
1869940
1869941
1869942
1869943
1869944
1869946
1869947
1869948
1869949
1869950
1869951
1869953
1869954
1869955
1869956
1869957
1869958
1869960
1869961
1869962
1869963
1869964
1869965
1869966
1869967
1869968
1869969
1869970
1869972
1869975
1869976
1869977
1869978
1869979
1869980
1869981
1869982
1869983
1869984
1869985
1869986
1869987
1869988
1869989
1869990
1869991
1869993
1869994
1869995
1869996
1869997
1869998
1869999
1870000
1870002
1870003
1870005
1870006
1870007
1870012
1870013
1870016
1870017
1870018
1870019
1870020
1870022
1870024
1870025
1870027
1870029
1870030
1870032
1870034
1870035
1870036
1870037
1870038
1870040
1870043
1870044
1870045
1870047
1870048
1870049
1870051
1870052
1870053
1870055
1870056
1870057
1870058
1870060
1870062
1870063
1870064
1870066
1870068
1870069
1870071
1870072
1870073
1870074
1870075
1870077
1870079
1870080
1870081
1870084
1870085
1870089
1870091
1870093
1870094
1870095
1870096
1870097
1870098
1870099
1870101
1870102
1870103
1870104
1870105
1870106
1870107
1870109
1870110
1870111
1870112
1870114
1870115
1870116
1870117
1870118
1870119
1870121
1870122
1870123
1870124
1870125
1870127
1870128
1870129
1870131
1870132
1870133
1870134
1870135
1870137
1870138
1870139
1870140
1870141
1870142
1870143
1870144
1870145
1870146
1870147
1870148
1870149
1870151
1870152
1870154
1870155
1870156
1870157
1870158
1870159
1870160
1870161
1870162
1870163
1870164
1870165
1870166
1870167
1870168
1870169
1870170
1870172
1870173
1870176
1870177
1870178
1870179
1870180
1870181
1870182
1870184
1870185
1870186
1870187
1870188
1870189
1870190
1870191
1870192
1870194
1870195
1870196
1870197
1870198
1870199
1870200
1870202
1870203
1870204
1870205
1870206
1870207
1870208
1870209
1870210
1870211
1870212
1870215
1870216
1870217
1870218
1870219
1870220
1870221
1870222
1870224
1870225
1870226
1870227
1870228
1870230
1870231
1870232
1870233
1870234
1870235
1870236
1870237
1870238
1870239
1870240
1870241
1870242
1870243
1870244
1870245
1870246
1870247
1870248
1870249
1870250
1870252
1870253
1870254
1870255
1870256
1870257
1870258
1870259
1870261
1870262
1870263
1870264
1870265
1870266
1870267
1870269
1870271
1870272
1870273
1870274
1870275
1870276
1870277
1870278
1870279
1870280
1870281
1870282
1870284
1870285
1870286
1870287
1870288
1870289
1870290
1870291
1870292
1870293
1870294
1870295
1870296
1870297
1870298
1870299
1870300
1870301
1870302
1870303
1870304
1870305
1870306
1870307
1870308
1870309
1870310
1870311
1870312
1870313
1870314
1870315
1870316
1870317
1870318
1870319
1870320
1870321
1870322
1870323
1870324
1870325
1870326
1870327
1870328
1870329
1870331
1870332
1870333
1870334
1870335
1870336
1870337
1870338
1870339
1870340
1870341
1870342
1870343
1870344
1870345
1870346
1870347
1870348
1870350
1870351
1870352
1870353
1870354
1870355
1870356
1870357
1870359
1870360
1870361
1870362
1870363
1870364
1870365
1870366
1870368
1870369
1870370
1870372
1870373
1870374
1870375
1870376
1870377
1870378
1870379
1870380
1870381
1870383
1870384
1870385
1870386
1870387
1870388
1870389
1870390
1870391
1870392
1870393
1870394
1870395
1870396
1870397
1870399
1870400
1870401
1870403
1870405
1870407
1870408
1870409
1870411
1870412
1870414
1870415
1870416
1870417
1870418
1870419
1870420
1870421
1870422
1870423
1870424
1870426
1870427
1870428
1870429
1870430
1870431
1870432
1870433
1870435
1870437
1870438
1870439
1870440
1870441
1870442
1870443
1870444
1870445
1870447
1870448
1870449
1870451
1870452
1870453
1870454
1870455
1870456
1870458
1870460
1870461
1870463
1870464
1870466
1870467
1870468
1870469
1870470
1870471
1870472
1870473
1870474
1870478
1870479
1870480
1870481
1870482
1870483
1870484
1870485
1870486
1870487
1870488
1870489
1870490
1870491
1870492
1870493
1870494
1870495
1870496
1870497
1870498
1870499
1870500
1870501
1870502
1870503
1870504
1870505
1870506
1870507
1870508
1870509
1870510
1870511
1870512
1870513
1870514
1870515
1870517
1870518
1870519
1870520
1870522
1870523
1870524
1870525
1870526