1911581
1911582
1911583
1911584
1911585
1911586
1911587
1911588
1911589
1911590
1911591
1911592
1911594
1911595
1911596
1911597
1911598
1911599
1911600
1911601
1911602
1911603
1911604
1911605
1911606
1911607
1911608
1911609
1911610
1911611
1911612
1911613
1911614
1911615
1911616
1911617
1911618
1911619
1911620
1911621
1911622
1911623
1911624
1911625
1911626
1911627
1911628
1911629
1911630
1911631
1911632
1911633
1911634
1911635
1911636
1911637
1911638
1911639
1911640
1911641
1911642
1911643
1911644
1911645
1911646
1911647
1911648
1911650
1911652
1911653
1911655
1911656
1911657
1911658
1911659
1911660
1911662
1911665
1911667
1911668
1911669
1911670
1911671
1911672
1911673
1911674
1911675
1911676
1911677
1911678
1911679
1911680
1911681
1911682
1911684
1911685
1911686
1911687
1911691
1911693
1911695
1911696
1911697
1911698
1911699
1911700
1911701
1911702
1911703
1911704
1911705
1911706
1911707
1911708
1911709
1911710
1911711
1911712
1911713
1911714
1911715
1911716
1911717
1911718
1911719
1911720
1911721
1911722
1911724
1911725
1911727
1911728
1911729
1911730
1911731
1911733
1911735
1911736
1911737
1911739
1911740
1911741
1911742
1911743
1911744
1911745
1911747
1911748
1911749
1911750
1911752
1911753
1911754
1911755
1911756
1911757
1911759
1911761
1911762
1911763
1911764
1911766
1911767
1911768
1911769
1911770
1911771
1911772
1911773
1911774
1911775
1911776
1911777
1911778
1911779
1911781
1911782
1911783
1911784
1911785
1911786
1911787
1911788
1911789
1911790
1911791
1911792
1911793
1911794
1911795
1911797
1911798
1911799
1911800
1911801
1911802
1911803
1911805
1911806
1911807
1911808
1911809
1911810
1911811
1911812
1911814
1911815
1911816
1911817
1911818
1911819
1911820
1911821
1911822
1911823
1911824
1911825
1911826
1911827
1911828
1911829
1911830
1911831
1911832
1911834
1911835
1911836
1911837
1911838
1911839
1911840
1911841
1911842
1911843
1911844
1911845
1911846
1911847
1911848
1911849
1911850
1911851
1911852
1911853
1911854
1911855
1911856
1911857
1911861
1911862
1911863
1911864
1911865
1911866
1911867
1911868
1911869
1911870
1911871
1911872
1911873
1911874
1911875
1911876
1911877
1911878
1911879
1911882
1911883
1911884
1911885
1911886
1911887
1911888
1911889
1911890
1911891
1911892
1911894
1911895
1911896
1911897
1911898
1911899
1911900
1911901
1911902
1911903
1911904
1911905
1911906
1911908
1911909
1911911
1911912
1911913
1911914
1911915
1911916
1911917
1911918
1911919
1911921
1911922
1911923
1911924
1911926
1911928
1911929
1911930
1911931
1911932
1911933
1911934
1911937
1911938
1911939
1911940
1911941
1911942
1911943
1911944
1911945
1911947
1911948
1911949
1911950
1911952
1911953
1911954
1911955
1911957
1911958
1911959
1911960
1911961
1911962
1911963
1911964
1911965
1911966
1911967
1911968
1911969
1911970
1911971
1911972
1911973
1911974
1911975
1911976
1911977
1911978
1911979
1911980
1911981
1911982
1911983
1911984
1911985
1911986
1911987
1911988
1911989
1911990
1911991
1911992
1911993
1911994
1911995
1911996
1911997
1911998
1911999
1912001
1912002
1912003
1912005
1912006
1912007
1912008
1912009
1912010
1912011
1912013
1912014
1912015
1912016
1912017
1912018
1912019
1912020
1912021
1912022
1912023
1912024
1912025
1912026
1912027
1912028
1912029
1912030
1912031
1912033
1912034
1912035
1912036
1912037
1912038
1912039
1912040
1912043
1912044
1912045
1912046
1912047
1912048
1912049
1912050
1912051
1912052
1912053
1912054
1912055
1912056
1912057
1912058
1912059
1912060
1912061
1912062
1912063
1912064
1912065
1912066
1912067
1912068
1912069
1912070
1912072
1912073
1912074
1912075
1912076
1912077
1912078
1912079
1912080
1912081
1912082
1912083
1912084
1912085
1912086
1912088
1912089
1912090
1912091
1912092
1912093
1912094
1912095
1912097
1912098
1912099
1912100
1912101
1912102
1912103
1912104
1912105
1912106
1912108
1912109
1912110
1912112
1912113
1912114
1912115
1912116
1912117
1912118
1912119
1912120
1912121
1912122
1912123
1912124
1912125
1912126
1912127
1912128
1912129
1912130
1912131
1912132
1912133
1912134
1912135
1912136
1912137
1912140
1912141
1912142
1912143
1912144
1912145
1912147
1912160
1912161
1912164
1912165
1912166
1912167
1912168
1912169
1912170
1912172
1912173
1912174
1912175
1912177
1912178
1912179
1912180
1912181
1912184
1912185
1912187
1912188
1912189
1912190
1912191
1912194
1912195
1912196
1912197
1912198
1912199
1912200
1912201
1912203
1912204
1912205
1912206
1912207
1912209
1912214
1912215
1912217
1912220
1912221
1912223
1912224
1912225
1912226
1912227
1912228
1912229
1912230
1912231
1912232
1912233
1912234
1912235
1912242
1912255
1912258
1912259
1912262
1912274
1912277
1912284
1912286
1912296
1912299
1912311
1912315
1912330
1912334
1912340
1912344
1912345
1912348
1912353
1912354
1912355
1912357
1912358
1912359
1912360
1912361
1912363
1912364
1912365
1912366
1912367
1912368
1912369
1912370
1912371
1912372
1912373
1912148
1912150
1912151
1912154
1912155
1912156
1912157
1912158
1912159
1912162
1912171
1912176
1912202
1912210
1912211
1912212
1912216
1912218
1912236
1912238
1912243
1912245
1912246
1912247
1912248
1912256
1912260
1912261
1912263
1912264
1912265
1912266
1912267
1912268
1912269
1912270
1912271
1912272
1912273
1912278
1912279
1912280
1912281
1912282
1912283
1912285
1912287
1912288
1912289
1912290
1912291
1912293
1912294
1912295
1912297
1912298
1912300
1912301
1912302
1912303
1912304
1912305
1912306
1912307
1912308
1912309
1912310
1912312
1912313
1912316
1912317
1912318
1912319
1912320
1912321
1912322
1912323
1912324
1912325
1912326
1912327
1912328
1912329
1912331
1912332
1912333
1912335
1912336
1912337
1912338
1912339
1912341
1912342
1912343
1912346
1912349
1912350
1912351
1912356