1888229
1888230
1888231
1888232
1888233
1888234
1888235
1888236
1888237
1888238
1888239
1888241
1888242
1888243
1888244
1888245
1888246
1888247
1888248
1888249
1888251
1888252
1888253
1888254
1888255
1888256
1888257
1888259
1888260
1888261
1888258
1888262
1888265
1888263
1888264
1888266
1888267
1888270
1888271
1888268
1888272
1888273
1888275
1888274
1888276
1888277
1888279
1888280
1888278
1888283
1888284
1888281
1888285
1888286
1888287
1888288
1888289
1888290
1888291
1888292
1888293
1888294
1888295
1888296
1888297
1888298
1888299
1888300
1888301
1888302
1888305
1888303
1888304
1888308
1888309
1888306
1888307
1888310
1888311
1888312
1888313
1888314
1888315
1888316
1888317
1888318
1888320
1888321
1888322
1888323
1888325
1888326
1888331
1888332
1888333
1888334
1888328
1888336
1888337
1888338
1888330
1888340
1888341
1888342
1888343
1888344
1888345
1888346
1888347
1888348
1888349
1888350
1888351
1888352
1888353
1888354
1888355
1888356
1888357
1888358
1888359
1888360
1888361
1888362
1888363
1888364
1888365
1888368
1888369
1888370
1888371
1888372
1888373
1888374
1888375
1888376
1888377
1888380
1888381
1888382
1888383
1888384
1888385
1888386
1888387
1888388
1888389
1888390
1888391
1888392
1888394
1888395
1888396
1888397
1888399
1888400
1888401
1888402
1888403
1888405
1888404
1888406
1888407
1888408
1888409
1888410
1888411
1888412
1888413
1888415
1888416
1888418
1888419
1888420
1888421
1888422
1888424
1888425
1888426
1888427
1888428
1888429
1888430
1888431
1888432
1888433
1888434
1888435
1888436
1888438
1888439
1888440
1888441
1888442
1888444
1888445
1888446
1888447
1888448
1888449
1888450
1888451
1888452
1888453
1888454
1888455
1888456
1888457
1888458
1888459
1888460
1888461
1888462
1888463
1888464
1888465
1888466
1888467
1888468
1888469
1888470
1888471
1888472
1888473
1888475
1888476
1888477
1888478
1888479
1888480
1888481
1888482
1888483
1888484
1888485
1888486
1888487
1888488
1888489
1888490
1888491
1888492
1888493
1888494
1888495
1888497
1888499
1888500
1888501
1888503
1888504
1888513
1888514
1888522
1888523
1888533
1888539
1888541
1888542
1888543
1888544
1888545
1888546
1888547
1888548
1888549
1888551
1888552
1888553
1888554
1888555
1888556
1888557
1888558
1888559
1888560
1888561
1888562
1888563
1888564
1888565
1888566
1888567
1888568
1888569
1888570
1888571
1888572
1888573
1888574
1888575
1888576
1888577
1888578
1888579
1888580
1888581
1888582
1888583
1888584
1888585
1888586
1888587
1888588
1888589
1888590
1888591
1888592
1888593
1888594
1888595
1888596
1888597
1888598
1888600
1888601
1888602
1888603
1888604
1888605
1888607
1888608
1888609
1888610
1888611
1888612
1888613
1888614
1888615
1888616
1888617
1888618
1888619
1888620
1888621
1888622
1888623
1888624
1888625
1888626
1888627
1888628
1888629
1888630
1888631
1888633
1888634
1888635
1888636
1888638
1888639
1888640
1888641
1888642
1888643
1888644
1888645
1888646
1888647
1888648
1888649
1888650
1888651
1888652
1888653
1888654
1888655
1888656
1888657
1888658
1888659
1888660
1888661
1888662
1888663
1888664
1888665
1888666
1888667
1888668
1888669
1888671
1888673
1888674
1888675
1888677
1888678
1888679
1888680
1888681
1888682
1888683
1888684
1888685
1888686
1888687
1888688
1888689
1888690
1888692
1888693
1888695
1888696
1888697
1888698
1888701
1888702
1888703
1888704
1888705
1888706
1888707
1888708
1888711
1888712
1888713
1888714
1888715
1888716
1888717
1888718
1888719
1888720
1888721
1888722
1888723
1888724
1888725
1888727
1888728
1888729
1888730
1888731
1888732
1888733
1888734
1888735
1888736
1888737
1888738
1888739
1888740
1888741
1888743
1888744
1888745
1888746
1888747
1888748
1888749
1888750
1888751
1888752
1888753
1888754
1888755
1888757
1888758
1888759
1888760
1888761
1888762
1888763
1888765
1888766
1888767
1888768
1888769
1888770
1888771
1888772
1888773
1888774
1888775
1888776
1888777
1888778
1888779
1888780
1888781
1888782
1888783
1888784
1888785
1888786
1888788
1888789
1888790
1888791
1888792
1888793
1888794
1888795
1888796
1888797
1888798
1888799
1888800
1888801
1888802
1888803
1888804
1888805
1888806
1888807
1888808
1888809
1888810
1888811
1888812
1888813
1888814
1888815
1888816
1888817
1888818
1888819
1888820
1888821
1888823
1888824
1888825
1888826
1888827
1888828
1888829
1888830
1888831
1888832
1888833
1888834
1888836
1888837
1888838
1888840
1888841
1888842
1888843
1888844
1888845
1888846
1888847
1888848
1888849
1888850
1888851
1888852
1888853
1888854
1888855
1888856
1888858
1888859
1888860
1888861
1888329
1888474