1883908
1883909
1883910
1883911
1883912
1883913
1883914
1883915
1883916
1883917
1883918
1883919
1883920
1883921
1883922
1883923
1883924
1883925
1883926
1883927
1883928
1883929
1883930
1883931
1883932
1883933
1883934
1883935
1883936
1883937
1883938
1883939
1883940
1883942
1883943
1883944
1883945
1883946
1883947
1883948
1883949
1883950
1883951
1883952
1883953
1883954
1883955
1883956
1883957
1883958
1883959
1883960
1883961
1883962
1883965
1883966
1883967
1883968
1883969
1883970
1883971
1883972
1883973
1883974
1883975
1883976
1883977
1883978
1883979
1883981
1883982
1883983
1883985
1883986
1883987
1883988
1883989
1883990
1883991
1883992
1883993
1883994
1883995
1883996
1883997
1883998
1883999
1884000
1884001
1884002
1884004
1884005
1884006
1884007
1884008
1884009
1884010
1884011
1884012
1884015
1884016
1884017
1884018
1884020
1884021
1884023
1884024
1884025
1884026
1884027
1884028
1884029
1884030
1884031
1884032
1884033
1884034
1884035
1884036
1884037
1884038
1884039
1884041
1884043
1884044
1884045
1884046
1884047
1884048
1884049
1884050
1884051
1884053
1884054
1884055
1884056
1884057
1884059
1884060
1884061
1884062
1884063
1884064
1884066
1884067
1884068
1884069
1884070
1884071
1884073
1884074
1884075
1884076
1884077
1884078
1884079
1884080
1884081
1884082
1884083
1884084
1884086
1884087
1884088
1884089
1884090
1884091
1884092
1884093
1884094
1884095
1884096
1884097
1884098
1884099
1884100
1884101
1884102
1884103
1884105
1884106
1884107
1884109
1884111
1884112
1884114
1884115
1884117
1884118
1884119
1884120
1884121
1884123
1884125
1884126
1884127
1884128
1884129
1884130
1884131
1884132
1884133
1884134
1884135
1884136
1884137
1884138
1884139
1884140
1884141
1884142
1884143
1884144
1884145
1884146
1884147
1884149
1884150
1884151
1884152
1884153
1884154
1884155
1884156
1884157
1884159
1884161
1884162
1884163
1884164
1884165
1884167
1884168
1884169
1884171
1884172
1884173
1884174
1884175
1884177
1884178
1884179
1884180
1884181
1884182
1884183
1884184
1884186
1884187
1884188
1884189
1884190
1884191
1884193
1884194
1884195
1884196
1884197
1884198
1884199
1884200
1884201
1884202
1884203
1884204
1884205
1884206
1884208
1884209
1884210
1884211
1884213
1884214
1884215
1884217
1884218
1884219
1884220
1884222
1884223
1884224
1884225
1884227
1884228
1884230
1884231
1884232
1884235
1884236
1884237
1884238
1884239
1884240
1884242
1884243
1884245
1884248
1884249
1884251
1884252
1884254
1884255
1884256
1884257
1884259
1884260
1884261
1884262
1884263
1884264
1884265
1884266
1884267
1884268
1884269
1884270
1884271
1884272
1884273
1884274
1884275
1884276
1884277
1884279
1884280
1884281
1884282
1884283
1884285
1884286
1884287
1884288
1884289
1884290
1884291
1884292
1884294
1884295
1884296
1884297
1884298
1884299
1884300
1884301
1884302
1884303
1884304
1884305
1884306
1884307
1884308
1884309
1884310
1884311
1884312
1884313
1884314
1884315
1884316
1884317
1884318
1884319
1884320
1884321
1884322
1884323
1884324
1884326
1884327
1884329
1884331
1884333
1884334
1884335
1884336
1884337
1884338
1884339
1884340
1884342
1884343
1884344
1884346
1884347
1884348
1884350
1884351
1884353
1884355
1884357
1884361
1884363
1884365
1884368
1884369
1884372
1884373
1884376
1884383
1884387
1884390
1884397
1884398
1884399
1884400
1884401
1884402
1884403
1884404
1884405
1884407
1884409
1884410
1884411
1884412
1884413
1884414
1884415
1884416
1884417
1884418
1884419
1884420
1884421
1884422
1884423
1884424
1884425
1884426
1884427
1884428
1884429
1884430
1884431
1884432
1884433
1884434
1884435
1884436
1884437
1884438
1884439
1884440
1884441
1884442
1884443
1884444
1884445
1884446
1884447
1884448
1884449
1884451
1884452
1884453
1884454
1884455
1884457
1884458
1884459
1884466
1884469
1884470
1884472
1884473
1884474
1884476
1884477
1884478
1884479
1884480
1884481
1884482
1884483
1884484
1884485
1884486
1884487
1884488
1884489
1884490
1884492
1884493
1884495
1884496
1884497
1884498
1884499
1884500
1884502
1884503
1884504
1884505
1884506
1884507
1884508
1884509
1884510
1884511
1884512
1884513
1884514
1884515
1884516
1884517
1884518
1884519
1884520
1884521
1884522
1884523
1884524
1884525
1884526
1884527
1884528
1884529
1884530
1884531
1884532
1884534
1884535
1884536
1884537
1884538
1884539
1884541
1884542
1884543
1884544
1884545
1884546
1884547
1884548
1884551
1884552
1884553
1884555
1884556
1884557
1884558
1884560
1884561
1884562
1884563
1884564
1884565
1884566
1884567
1884568
1884569
1884570
1884571
1884573
1884574
1884575
1884576
1884577
1884578
1884579
1884580
1884581
1884582
1884583
1884584
1884585
1884586
1884587
1884588
1884589
1884590
1884591
1884592
1884593
1884594
1884595
1884596
1884597
1884598
1884599
1884601
1884602
1884603
1884604
1884605
1884606
1884607
1884608
1884609
1884610
1884611
1884612
1884613
1884614
1884615
1884616
1884617
1884618
1884619
1884620
1884621
1884622
1884623
1884624
1884625
1884626
1884627
1884628
1884629
1884630
1884631
1884632
1884633
1884634
1884635
1884637
1884638
1884639
1884640
1884641
1884643
1884644
1884645
1884646
1884647
1884649
1884650
1884652
1884654
1884655
1884656
1884657
1884658
1884659
1884660
1884661
1884662
1884663
1884664
1884665
1884666
1884667
1884668
1884669
1884670
1884671
1884672
1884673
1884674
1884675
1884676
1884677
1884678
1884679
1884680
1884681
1884682
1884683
1884685
1884686
1884687
1884688
1884689
1884690
1884691
1884692
1884694
1884695
1884697
1884698
1884700
1884701
1884702
1884703
1884704
1884705
1884706
1884707
1884708
1884709
1884710
1884711
1884712
1884713
1884714
1884715
1884716
1884717
1884719
1884720
1884721
1884722
1884723
1884724
1884725
1884726
1884727
1884728
1884729
1884731
1884732
1884733
1884734
1884735
1884736
1884737
1884738
1884739
1884740
1884741
1884742
1884743
1884744
1884746
1884747
1884748
1884750
1884751
1884752
1884753
1884754
1884755
1884756
1884757
1884759
1884760
1884761
1884762
1884763
1884765
1884766