2048318
2048319
2048320
2048321
2048322
2048323
2048324
2048326
2048327
2048328
2048329
2048330
2048331
2048332
2048333
2048335
2048336
2048337
2048338
2048339
2048340
2048341
2048342
2048343
2048344
2048345
2048346
2048347
2048348
2048349
2048350
2048351
2048352
2048353
2048354
2048355
2048356
2048357
2048358
2048359
2048360
2048361
2048362
2048364
2048365
2048366
2048367
2048368
2048369
2048371
2048372
2048373
2048374
2048375
2048376
2048378
2048379
2048381
2048382
2048384
2048385
2048386
2048387
2048388
2048389
2048390
2048391
2048392
2048393
2048394
2048395
2048396
2048397
2048398
2048399
2048400
2048401
2048402
2048403
2048404
2048405
2048406
2048407
2048408
2048409
2048410
2048412
2048413
2048414
2048415
2048416
2048417
2048418
2048419
2048420
2048421
2048422
2048423
2048424
2048425
2048426
2048427
2048430
2048431
2048432
2048433
2048434
2048435
2048436
2048437
2048438
2048439
2048440
2048441
2048442
2048443
2048444
2048445
2048446
2048447
2048448
2048449
2048451
2048452
2048453
2048454
2048455
2048456
2048457
2048458
2048459
2048460
2048461
2048462
2048463
2048464
2048465
2048466
2048467
2048468
2048469
2048470
2048471
2048472
2048474
2048475
2048476
2048477
2048479
2048480
2048481
2048482
2048483
2048484
2048485
2048486
2048488
2048489
2048491
2048492
2048493
2048494
2048496
2048497
2048498
2048499
2048500
2048501
2048502
2048503
2048504
2048505
2048506
2048509
2048510
2048511
2048512
2048513
2048514
2048515
2048516
2048517
2048518
2048519
2048520
2048521
2048522
2048523
2048524
2048525
2048526
2048527
2048528
2048529
2048530
2048531
2048532
2048534
2048535
2048536
2048537
2048538
2048539
2048540
2048542
2048543
2048544
2048545
2048547
2048548
2048549
2048550
2048553
2048554
2048555
2048556
2048557
2048558
2048559
2048560
2048562
2048563
2048564
2048565
2048566
2048567
2048569
2048570
2048571
2048573
2048574
2048575
2048576
2048577
2048578
2048579
2048580
2048581
2048582
2048583
2048584
2048586
2048588
2048589
2048590
2048591
2048592
2048593
2048594
2048596
2048597
2048598
2048599
2048600
2048601
2048602
2048603
2048604
2048605
2048606
2048607
2048608
2048609
2048612
2048613
2048614
2048615
2048616
2048617
2048618
2048619
2048620
2048621
2048623
2048624
2048625
2048626
2048627
2048628
2048629
2048630
2048631
2048632
2048633
2048634
2048635
2048636
2048637
2048638
2048639
2048641
2048642
2048643
2048644
2048645
2048646
2048647
2048648
2048649
2048650
2048651
2048652
2048653
2048654
2048655
2048656
2048657
2048658
2048659
2048660
2048661
2048662
2048663
2048664
2048665
2048666
2048667
2048668
2048669
2048670
2048671
2048672
2048673
2048674
2048675
2048677
2048678
2048679
2048681
2048682
2048683
2048684
2048685
2048686
2048687
2048688
2048689
2048690
2048691
2048692
2048693
2048694
2048695
2048696
2048698
2048699
2048700
2048702
2048703
2048704
2048705
2048706
2048707
2048708
2048709
2048710
2048711
2048712
2048713
2048714
2048715
2048716
2048717
2048718
2048719
2048720
2048721
2048722
2048723
2048724
2048725
2048726
2048727
2048728
2048729
2048730
2048731
2048732
2048733
2048734
2048736
2048738
2048739
2048740
2048741
2048742
2048743
2048744
2048745
2048746
2048747
2048748
2048750
2048751
2048752
2048753
2048754
2048755
2048756
2048757
2048758
2048759
2048760
2048761
2048762
2048763
2048764
2048765
2048766
2048767
2048768
2048769
2048770
2048771
2048772
2048773
2048774
2048775
2048776
2048777
2048778
2048779
2048780
2048781
2048784
2048785
2048786
2048788
2048789
2048790
2048791
2048792
2048794
2048795
2048796
2048797
2048798
2048799
2048801
2048803
2048804
2048805
2048806
2048807
2048808
2048810
2048811
2048812
2048813
2048814
2048815
2048816
2048817
2048819
2048821
2048822
2048823
2048824
2048825
2048826
2048827
2048828
2048830
2048831
2048833
2048835
2048836
2048837
2048838
2048840
2048841
2048842
2048843
2048845
2048846
2048847
2048848
2048849
2048850
2048851
2048852
2048853
2048854
2048855
2048856
2048857
2048858
2048859
2048860
2048862
2048864
2048865
2048867
2048868
2048869
2048870
2048871
2048874
2048875
2048878
2048879
2048880
2048882
2048883
2048884
2048885
2048886
2048887
2048888
2048889
2048890
2048891
2048892
2048893
2048894
2048895
2048896
2048897
2048898
2048899
2048900
2048901
2048902
2048904
2048905
2048906
2048907
2048908
2048909
2048910
2048911
2048912
2048913
2048914
2048915
2048916
2048917
2048918
2048919
2048920
2048921
2048922
2048923
2048924
2048925
2048926
2048927
2048928
2048929
2048930
2048931
2048932
2048933
2048934
2048935
2048936
2048937
2048938
2048939
2048940
2048941
2048942
2048944
2048945
2048946
2048947
2048948
2048949
2048950
2048952
2048953
2048954
2048956
2048957
2048958
2048959
2048960
2048961
2048962
2048963
2048964
2048965
2048966
2048967
2048968
2048969
2048970
2048971
2048972
2048973
2048976
2048977
2048978
2048980
2048981
2048983
2048984
2048985
2048986
2048987
2048988
2048989
2048990
2048991
2048992
2048993
2048994
2048995
2048996
2048997
2048998
2048999
2049000
2049001
2049002
2049003
2049004
2049005
2049006
2049007
2049008
2049009
2049010
2049011
2049012
2049013
2049014
2049015
2049016
2049017
2049018
2049019
2049020
2049021
2049022
2049024
2049025
2049026
2049027
2049028
2049029
2049030
2049031
2049032
2049033
2049034
2049035
2049036
2049037
2049038
2049039
2049040
2049041
2049042
2049043
2049044
2049045
2049046
2049047
2049048
2049049
2049050
2049051
2049052
2049053
2049054
2049055
2049056
2049057
2049058
2049059
2049060
2049061
2049062
2049063
2049064
2049065
2049067
2049068
2049069
2049070
2049071
2049072
2049073
2049074
2049075
2049076
2049077
2049078
2049079
2049080
2049081
2049082
2049083
2049084
2049085
2049086
2049087
2049088
2049089
2049090
2049091
2049092
2049094
2049095
2049096
2049097
2049098
2049099
2049100
2049102
2049103
2049104
2049105
2049106
2049107
2049108
2049109
2049110
2049111
2049112
2049113
2049114
2049115
2049116
2049117
2049118
2049119
2049120
2049121
2049122
2049123
2049125
2049126
2049127
2049128
2049129
2049130
2049131
2049132
2049133
2049135
2049137
2049138
2049139
2049140
2049141
2049142
2049143
2049144
2049146
2049148
2049149
2049150
2049151
2049152
2049153
2049154
2049155
2049156