1998848
1998849
1998850
1998851
1998852
1998854
1998855
1998856
1998857
1998859
1998860
1998861
1998862
1998863
1998864
1998865
1998866
1998867
1998868
1998869
1998870
1998871
1998872
1998873
1998874
1998875
1998876
1998878
1998879
1998882
1998883
1998884
1998885
1998886
1998887
1998888
1998889
1998890
1998891
1998892
1998893
1998895
1998896
1998897
1998898
1998899
1998900
1998902
1998903
1998904
1998905
1998907
1998908
1998909
1998910
1998911
1998913
1998914
1998916
1998917
1998919
1998920
1998921
1998922
1998923
1998925
1998926
1998927
1998928
1998930
1998931
1998932
1998933
1998934
1998935
1998936
1998937
1998938
1998939
1998940
1998941
1998943
1998944
1998945
1998947
1998949
1998950
1998951
1998952
1998953
1998954
1998955
1998956
1998957
1998958
1998959
1998960
1998961
1998962
1998963
1998964
1998965
1998966
1998967
1998968
1998969
1998970
1998971
1998972
1998973
1998974
1998976
1998977
1998978
1998979
1998980
1998981
1998982
1998983
1998984
1998985
1998986
1998987
1998988
1998989
1998991
1998992
1998993
1998994
1998995
1998996
1998997
1998998
1998999
1999000
1999002
1999003
1999005
1999006
1999007
1999009
1999010
1999011
1999012
1999013
1999014
1999016
1999017
1999018
1999019
1999021
1999022
1999023
1999024
1999025
1999026
1999027
1999028
1999029
1999030
1999031
1999032
1999033
1999034
1999035
1999036
1999038
1999039
1999040
1999042
1999044
1999045
1999046
1999047
1999048
1999049
1999051
1999052
1999053
1999055
1999056
1999057
1999058
1999059
1999060
1999061
1999062
1999063
1999064
1999065
1999066
1999067
1999068
1999069
1999070
1999071
1999072
1999073
1999074
1999075
1999076
1999077
1999078
1999079
1999080
1999081
1999082
1999083
1999084
1999085
1999086
1999087
1999088
1999090
1999091
1999092
1999093
1999095
1999096
1999097
1999098
1999099
1999100
1999101
1999102
1999103
1999104
1999105
1999106
1999107
1999108
1999110
1999111
1999112
1999113
1999114
1999115
1999116
1999117
1999118
1999119
1999120
1999121
1999122
1999123
1999124
1999125
1999127
1999128
1999129
1999130
1999131
1999132
1999133
1999134
1999135
1999136
1999137
1999138
1999139
1999140
1999142
1999143
1999144
1999145
1999146
1999147
1999149
1999150
1999151
1999152
1999153
1999154
1999156
1999157
1999158
1999160
1999161
1999162
1999163
1999164
1999165
1999169
1999170
1999172
1999173
1999174
1999175
1999176
1999177
1999178
1999179
1999180
1999181
1999182
1999183
1999184
1999185
1999186
1999187
1999188
1999189
1999190
1999191
1999192
1999193
1999194
1999195
1999196
1999197
1999198
1999199
1999200
1999201
1999202
1999203
1999204
1999205
1999206
1999207
1999208
1999210
1999211
1999212
1999213
1999214
1999216
1999217
1999218
1999219
1999220
1999221
1999222
1999223
1999224
1999225
1999226
1999228
1999229
1999230
1999231
1999232
1999233
1999234
1999235
1999236
1999237
1999238
1999239
1999240
1999241
1999243
1999244
1999245
1999246
1999247
1999248
1999249
1999250
1999251
1999252
1999253
1999254
1999255
1999256
1999257
1999259
1999260
1999261
1999262
1999263
1999264
1999265
1999266
1999267
1999268
1999270
1999271
1999272
1999274
1999275
1999276
1999277
1999279
1999280
1999281
1999282
1999283
1999284
1999285
1999287
1999288
1999290
1999291
1999292
1999293
1999294
1999295
1999296
1999297
1999298
1999299
1999300
1999302
1999303
1999304
1999305
1999306
1999307
1999308
1999309
1999310
1999311
1999312
1999313
1999314
1999315
1999316
1999317
1999318
1999319
1999320
1999321
1999322
1999323
1999325
1999327
1999328
1999329
1999330
1999331
1999332
1999333
1999334
1999335
1999336
1999337
1999338
1999339
1999340
1999341
1999342
1999343
1999345
1999346
1999347
1999348
1999349
1999350
1999351
1999352
1999353
1999354
1999355
1999356
1999357
1999358
1999359
1999360
1999361
1999362
1999363
1999364
1999365
1999366
1999367
1999368
1999369
1999370
1999371
1999372
1999373
1999374
1999375
1999376
1999377
1999378
1999379
1999380
1999381
1999382
1999383
1999384
1999385
1999386
1998386
1998387
1998388
1998389
1998390
1998391
1998392
1998394
1998395
1998396
1998397
1998398
1998399
1998400
1998401
1998402
1998403
1998404
1998405
1998406
1998407
1998408
1998409
1998410
1998411
1998412
1998413
1998414
1998415
1998416
1998417
1998418
1998419
1998420
1998421
1998422
1998423
1998424
1998425
1998426
1998427
1998428
1998429
1998430
1998431
1998432
1998433
1998434
1998435
1998436
1998437
1998438
1998439
1998440
1998441
1998442
1998443
1998444
1998445
1998446
1998447
1998448
1998450
1998451
1998452
1998453
1998454
1998455
1998456
1998457
1998458
1998459
1998460
1998461
1998462
1998464
1998465
1998467
1998468
1998469
1998470
1998471
1998472
1998473
1998474
1998475
1998476
1998478
1998479
1998480
1998481
1998482
1998483
1998484
1998485
1998486
1998487
1998488
1998489
1998490
1998491
1998492
1998493
1998494
1998495
1998496
1998499
1998500
1998502
1998503
1998505
1998506
1998507
1998508
1998509
1998510
1998511
1998512
1998514
1998515
1998517
1998518
1998519
1998520
1998521
1998522
1998523
1998524
1998526
1998527
1998528
1998529
1998530
1998531
1998533
1998534
1998535
1998536
1998538
1998539
1998540
1998541
1998542
1998543
1998544
1998545
1998546
1998547
1998548
1998549
1998550
1998551
1998552
1998553
1998554
1998556
1998557
1998558
1998559
1998561
1998562
1998563
1998564
1998565
1998566
1998567
1998568
1998569
1998570
1998571
1998572
1998573
1998574
1998575
1998576
1998577
1998578
1998579
1998580
1998581
1998582
1998583
1998584
1998585
1998586
1998587
1998588
1998589
1998591
1998593
1998594
1998595
1998596
1998597
1998598
1998599
1998601
1998602
1998604
1998605
1998606
1998607
1998609
1998610
1998611
1998612
1998613
1998614
1998615
1998616
1998617
1998618
1998619
1998620
1998621
1998623
1998624
1998626
1998627
1998628
1998630
1998631
1998632
1998633
1998634
1998635
1998636
1998637
1998638
1998639
1998640
1998641
1998642
1998643
1998644
1998645
1998647
1998649
1998650
1998651
1998654
1998655
1998656
1998657
1998658
1998659
1998660
1998661
1998662
1998665
1998666
1998669
1998670
1998675
1998676
1998677
1998678
1998679
1998681
1998682
1998683
1998684
1998685
1998686
1998688
1998689
1998690
1998691
1998692
1998693
1998694
1998695
1998696
1998697
1998698
1998699
1998700
1998701
1998702
1998703
1998704
1998705
1998706
1998707
1998708
1998709
1998710
1998712
1998713
1998714
1998715
1998716
1998717
1998718
1998719
1998720
1998721
1998722
1998723
1998724
1998725
1998726
1998727
1998728
1998729
1998730
1998732
1998733
1998734
1998735
1998736
1998737
1998738
1998739
1998740
1998741
1998742
1998743
1998744
1998745
1998746
1998747
1998748
1998749
1998750
1998751
1998752
1998753
1998754
1998755
1998757
1998758
1998759
1998760
1998761
1998762
1998764
1998766
1998767
1998768
1998769
1998770
1998771
1998773
1998775
1998776
1998777
1998778
1998779
1998780
1998781
1998782
1998783
1998784
1998785
1998786
1998787
1998788
1998789
1998791
1998792
1998793
1998794
1998795
1998796
1998797
1998799
1998801
1998802
1998803
1998804
1998805
1998806
1998807
1998809
1998810
1998811
1998812
1998813
1998814
1998815
1998816
1998819
1998820
1998822
1998823
1998824
1998826
1998828
1998829
1998831
1998832
1998834
1998835
1998836
1998837
1998840
1998841
1998842
1998843
1998844
1998845
1998847