1958780
1958781
1958783
1958785
1958792
1958796
1958807
1958810
1958686
1958687
1958688
1958689
1958690
1958691
1958692
1958693
1958694
1958695
1958696
1958697
1958698
1958753
1958754
1958756
1958757
1958758
1958760
1958761
1958762
1958763
1958764
1958765
1958766
1958767
1958768
1958769
1958770
1958771
1958772
1958773
1958774
1958775
1958776
1958777
1958778
1958779
1958782
1958784
1958786
1958787
1958788
1958790
1958791
1958793
1958794
1958795
1958797
1958798
1958800
1958801
1958802
1958805
1958806
1958804
1958808
1958809
1958811
1958812
1958813
1958814
1958815
1958816
1958817
1958818
1958819
1958820
1958821
1958822
1958823
1958824
1958825
1958826
1958827
1958828
1958829
1958830
1958831
1958832
1958833
1958834
1958835
1958836
1958837
1958838
1958839
1958840
1958841
1958842
1958843
1958844
1958845
1958846
1958848
1958849
1958850
1958851
1958852
1958853
1958854
1958855
1958856
1958857
1958858
1958860
1958861
1958863
1958864
1958865
1958866
1958867
1958869
1958870
1958871
1958872
1958873
1958874
1958875
1958876
1958878
1958879
1958880
1958881
1958882
1958883
1958884
1958885
1958886
1958887
1958888
1958889
1958890
1958891
1958892
1958893
1958951
1958895
1958896
1958897
1958898
1958899
1958900
1958901
1958902
1958904
1958905
1958907
1958909
1958910
1958911
1958912
1958913
1958914
1958915
1958916
1958917
1958918
1958919
1958920
1958921
1958922
1958923
1958924
1958925
1958926
1958927
1958928
1958929
1958930
1958931
1958932
1958933
1958934
1958935
1958936
1958937
1958938
1958939
1958940
1958941
1958942
1958944
1958943
1958945
1958947
1958948
1958950
1958946
1958949
1958954
1958953
1958955
1958956
1958957
1958958
1958961
1958962
1958963
1958964
1958965
1958966
1958960
1958968
1958969
1958970
1958972
1958973
1958974
1958975
1958971
1958977
1958978
1958976
1958979
1958980
1958981
1958982
1958983
1958985
1958986
1958987
1958988
1958989
1958990
1958991
1958992
1958993
1958994
1958995
1958996
1958997
1958998
1958999
1959000
1959001
1959002
1959003
1959004
1959005
1959006
1959007
1959008
1959009
1959010
1959011
1959012
1959013
1959014
1959015
1959016
1959017
1959018
1959019
1959021
1959022
1959023
1959024
1959025
1959027
1959028
1959029
1959030
1959031
1959032
1959033
1959034
1959035
1959036
1959038
1959039
1959040
1959041
1959042
1959043
1959044
1959045
1959046
1959047
1959048
1959049
1959050
1959051
1959052
1959053
1959054
1959055
1959056
1959057
1959058
1959059
1959061
1959062
1959063
1959064
1959066
1959067
1959068
1959069
1959071
1959072
1959073
1959074
1959075
1959076
1959077
1959078
1959079
1959082
1959083
1959084
1959085
1959086
1959087
1959088
1959089
1959090
1959091
1959092
1959093
1959094
1959095
1959096
1959097
1959098
1959099
1959060
1959065
1959070
1959080
1958952
1958959
1958699
1958700
1958701
1958702
1958704
1958706
1958707
1958708
1958709
1958710
1958711
1958712
1958714
1958715
1958716
1958717
1958721
1958722
1958723
1958724
1958726
1958727
1958728
1958729
1958731
1958732
1958733
1958734
1958735
1958736
1958737
1958738
1958739
1958740
1958741
1958742
1958743
1958744
1958746
1958747
1958749
1958750
1958751