1893479
1893480
1893481
1893482
1893483
1893484
1893485
1893486
1893487
1893488
1893489
1893490
1893491
1893493
1893494
1893495
1893496
1893497
1893498
1893499
1893500
1893501
1893502
1893504
1893505
1893506
1893507
1893508
1893509
1893510
1893511
1893512
1893515
1893516
1893517
1893518
1893519
1893520
1893521
1893522
1893524
1893525
1893526
1893527
1893528
1893529
1893530
1893531
1893532
1893533
1893534
1893535
1893536
1893537
1893538
1893539
1893540
1893541
1893542
1893543
1893544
1893545
1893546
1893547
1893548
1893549
1893551
1893552
1893553
1893554
1893555
1893556
1893557
1893559
1893560
1893561
1893562
1893564
1893565
1893566
1893567
1893568
1893569
1893570
1893571
1893572
1893573
1893574
1893575
1893577
1893579
1893582
1893583
1893584
1893585
1893586
1893587
1893588
1893589
1893590
1893591
1893592
1893593
1893594
1893595
1893596
1893597
1893598
1893599
1893600
1893601
1893602
1893603
1893605
1893606
1893607
1893608
1893609
1893610
1893612
1893613
1893614
1893615
1893616
1893617
1893618
1893619
1893620
1893621
1893622
1893623
1893624
1893626
1893627
1893628
1893629
1893630
1893631
1893632
1893633
1893634
1893635
1893636
1893638
1893640
1893641
1893642
1893644
1893645
1893646
1893647
1893648
1893649
1893650
1893651
1893652
1893653
1893655
1893656
1893657
1893658
1893659
1893660
1893661
1893663
1893664
1893665
1893666
1893667
1893669
1893670
1893671
1893673
1893674
1893676
1893677
1893680
1893681
1893682
1893683
1893684
1893685
1893687
1893689
1893690
1893691
1893693
1893694
1893695
1893696
1893697
1893698
1893699
1893701
1893702
1893703
1893705
1893706
1893707
1893709
1893710
1893711
1893712
1893713
1893714
1893715
1893716
1893717
1893718
1893719
1893720
1893723
1893724
1893725
1893726
1893727
1893728
1893729
1893730
1893731
1893732
1893733
1893734
1893735
1893736
1893737
1893738
1893739
1893740
1893742
1893743
1893744
1893745
1893746
1893747
1893748
1893749
1893751
1893753
1893754
1893755
1893756
1893757
1893758
1893759
1893760
1893762
1893763
1893764
1893765
1893766
1893767
1893768
1893769
1893770
1893771
1893772
1893773
1893775
1893776
1893777
1893778
1893779
1893780
1893781
1893784
1893792
1893793
1893794
1893797
1893798
1893799
1893800
1893801
1893802
1893803
1893805
1893806
1893808
1893810
1893811
1893812
1893813
1893815
1893816
1893818
1893819
1893820
1893822
1893823
1893824
1893825
1893827
1893828
1893829
1893830
1893831
1893832
1893833
1893834
1893835
1893836
1893837
1893838
1893839
1893840
1893841
1893842
1893843
1893844
1893846
1893847
1893848
1893849