1808203
1808204
1808205
1808206
1808207
1808208
1808209
1808210
1808212
1808214
1808215
1808216
1808217
1808218
1808219
1808220
1808221
1808222
1808223
1808224
1808227
1808228
1808230
1808231
1808232
1808234
1808236
1808237
1808238
1808239
1808240
1808241
1808243
1808244
1808245
1808246
1808247
1808248
1808249
1808250
1808251
1808252
1808253
1808254
1808255
1808256
1808258
1808260
1808261
1808262
1808264
1808265
1808266
1808267
1808268
1808269
1808270
1808272
1808273
1808275
1808276
1808277
1808278
1808279
1808281
1808283
1808284
1808285
1808287
1808288
1808289
1808290
1808291
1808292
1808293
1808294
1808295
1808297
1808298
1808299
1808300
1808301
1808302
1808303
1808304
1808305
1808306
1808307
1808309
1808310
1808311
1808312
1808313
1808314
1808315
1808316
1808317
1808318
1808319
1808320
1808321
1808322
1808323
1808324
1808325
1808326
1808327
1808328
1808329
1808330
1808332
1808333
1808334
1808335
1808336
1808337
1808338
1808339
1808340
1808341
1808345
1808346
1808347
1808348
1808349
1808350
1808351
1808352
1808353
1808354
1808355
1808356
1808357
1808358
1808359
1808360
1808362
1808363
1808364
1808365
1808366
1808367
1808368
1808369
1808370
1808371
1808372
1808373
1808374
1808375
1808377
1808379
1808380
1808381
1808382
1808384
1808386
1808387
1808388
1808389
1808391
1808392
1808393
1808394
1808396
1808397
1808399
1808401
1808403
1808405
1808406
1808407
1808408
1808409
1808410
1808412
1808413
1808414
1808415
1808416
1808417
1808418
1808419
1808420
1808423
1808424
1808425
1808426
1808428
1808429
1808430
1808431
1808433
1808434
1808435
1808436
1808438
1808439
1808440
1808441
1808443
1808444
1808445
1808446
1808447
1808448
1808449
1808450
1808451
1808452
1808453
1808454
1808455
1808456
1808457
1808458
1808459
1808461
1808462
1808463
1808464
1808465
1808466
1808467
1808468
1808469
1808471
1808472
1808473
1808474
1808475
1808476
1808478
1808479
1808480
1808481
1808482
1808483
1808484
1808485
1808487
1808488
1808489
1808491
1808493
1808494
1808495
1808496
1808497
1808498
1808499
1808500
1808501
1808502
1808504
1808505
1808506
1808507
1808509
1808510
1808511
1808512
1808513
1808514
1808516
1808518
1808519
1808520
1808521
1808522
1808523
1808524
1808525
1808526
1808527
1808528
1808529
1808530
1808531
1808532
1808533
1808534
1808535
1808536
1808537
1808538
1808539
1808540
1808541
1808544
1808545
1808546
1808547
1808548
1808549
1808550
1808551
1808552
1808553
1808554
1808556
1808557
1808558
1808559
1808560
1808561
1808562
1808563
1808564
1808565
1808566
1808568
1808570
1808571
1808572
1808573
1808574
1808575
1808576
1808578
1808579
1808580
1808581
1808582
1808583
1808584
1808585
1808587
1808588
1808589
1808590
1808591
1808592
1808593
1808595
1808596
1808598
1808599
1808600
1808602
1808604
1808605
1808606
1808607
1808608
1808609
1808610
1808611
1808612
1808613
1808614
1808616
1808617
1808618
1808619
1808620
1808622
1808623
1808624
1808625
1808626
1808627
1808628
1808629
1808630
1808631
1808633
1808634
1808635
1808636
1808637
1808638
1808639
1808641
1808642
1808643
1808644
1808645
1808646
1808647
1808648
1808649
1808650
1808651
1808652
1808653
1808654
1808655
1808657
1808658
1808659
1808660
1808661
1808662
1808663
1808664
1808665
1808666
1808667
1808668
1808669
1808670
1808671
1808672
1808673
1808674
1808675
1808676
1808678
1808679
1808680
1808681
1808682
1808683
1808684
1808685
1808686
1808687
1808688
1808689
1808690
1808691
1808692
1808693
1808694
1808695
1808696
1808697
1808698
1808700
1808701
1808702
1808703
1808704
1808705
1808706
1808707
1808708
1808709
1808710
1808712
1808714
1808715
1808716
1808717
1808718
1808719
1808720
1808721
1808722
1808723
1808725
1808726
1808727
1808728
1808729
1808730
1808732
1808733
1808734
1808735
1808736
1808737
1808738
1808739
1808740
1808741
1808743
1808744
1808745
1808746
1808747
1808748
1808749
1808750
1808751
1808752
1808753
1808754
1808755
1808756
1808757
1808758
1808759
1808760
1808761
1808762
1808763
1808764
1808765
1808766
1808767
1808768
1808769
1808770
1808771
1808773
1808774
1808775
1808776
1808777
1808779
1808780
1808781
1808782
1808783
1808784
1808785
1808786
1808787
1808788
1808789
1808790
1808793
1808794
1808795
1808796
1808800
1808801
1808802
1808803
1808804
1808805
1808806
1808807
1808808
1808809
1808811
1808814
1808815
1808816
1808817
1808818
1808819
1808820
1808821
1808822
1808823
1808825
1808826
1808827
1808828
1808829
1808831
1808832
1808833
1808834
1808835
1808837
1808838
1808839
1808840
1808841
1808842
1808843
1808844
1808845
1808846
1808848
1808849
1808850
1808851
1808852
1808853
1808854
1808856
1808857
1808858
1808860
1808861
1808862
1808863
1808864
1808865
1808867
1808868
1808869
1808870
1808871
1808872
1808873
1808874
1808875
1808876
1808878
1808880
1808881
1808882
1808883
1808884
1808885
1808886
1808887
1808888
1808889
1808890
1808891
1808892
1808893
1808894
1808895
1808896
1808897
1808898
1808900
1808901
1808902
1808903
1808904
1808905
1808906
1808907
1808908
1808909
1808910
1808912
1808913
1808914
1808916
1808917
1808918
1808919
1808920
1808922
1808923
1808924
1808925
1808927
1808928
1808930
1808931
1808932
1808933
1808934
1808935
1808936
1808938
1808939
1808940
1808942
1808943
1808944
1808945
1808947
1808948
1808949
1808950
1808951
1808952
1808953
1808954
1808955
1808956
1808957
1808958
1808959
1808960
1808961
1808962
1808964
1808965
1808966
1808967
1808968
1808969
1808970
1808971
1808972
1808973
1808974
1808975
1808977
1808978
1808979
1808980
1808981