1886988
1886989
1886990
1886991
1886992
1886993
1886994
1886995
1886996
1886997
1886998
1886999
1887000
1887001
1887002
1887003
1887004
1887005
1887006
1887008
1887009
1887011
1887012
1887015
1887018
1887019
1887020
1887021
1887022
1887023
1887024
1887026
1887028
1887030
1887031
1887032
1887033
1887038
1887040
1887042
1887046
1887048
1887049
1887050
1887054
1887056
1887058
1887059
1887060
1887061
1887062
1887067
1887068
1887069
1887070
1887071
1887072
1887073
1887074
1887075
1887076
1887077
1887078
1887079
1887080
1887081
1887082
1887083
1887084
1887085
1887086
1887087
1887088
1887089
1887091
1887092
1887093
1887094
1887095
1887098
1887104
1887106
1887108
1887109
1887110
1887111
1887112
1887113
1887117
1887119
1887123
1887130
1887132
1887135
1887136
1887141
1887145
1887147
1887148
1887149
1887150
1887151
1887152
1887155
1887157
1887158
1887159
1887160
1887161
1887162
1887164
1887165
1887166
1887167
1887169
1887170
1887171
1887172
1887180
1887185
1887188
1887191
1887192
1887193
1887194
1887195
1887196
1887197
1887198
1887199
1887200
1887201
1887202
1887203
1887204
1887205
1887206
1887207
1887208
1887210
1887211
1887212
1887214
1887215
1887216
1887217
1887219
1887220
1887221
1887223
1887224
1887226
1887227
1887228
1887229
1887230
1887231
1887232
1887233
1887235
1887236
1887237
1887238
1887239
1887240
1887241
1887242
1887243
1887244
1887245
1887246
1887247
1887248
1887249
1887250
1887251
1887252
1887253
1887254
1887255
1887257
1887258
1887259
1887260
1887261
1887262
1887263
1887264
1887266
1887267
1887268
1887269
1887270
1887271
1887272
1887273
1887274
1887275
1887276
1887277
1887278
1887280
1887281
1887282
1887283
1887285
1887286
1887287
1887288
1887289
1887290
1887292
1887294
1887295
1887296
1887297
1887298
1887300
1887301
1887302
1887303
1887304
1887305
1887306
1887307
1887308
1887309
1887310
1887311
1887312
1887313
1887314
1887315
1887316
1887317
1887318
1887319
1887321
1887322
1887323
1887324
1887325
1887326
1887327
1887328
1887329
1887330
1887331
1887333
1887334
1887335
1887336
1887337
1887339
1887340
1887341
1887342
1887343
1887344
1887345
1887347
1887348
1887349
1887350
1887351
1887352
1887353
1887354
1887355
1887356
1887357
1887358
1887359
1887360
1887361
1887363
1887364
1887366
1887367
1887368
1887369
1887370
1887371
1887372
1887373
1887374
1887376
1887377
1887378
1887379
1887380
1887381
1887382
1887384
1887385
1887386
1887387
1887388
1887389
1887390
1887391
1887392
1887393
1887394
1887395
1887396
1887398
1887399
1887400
1887401
1887402
1887403
1887404
1887405
1887407
1887408
1887409
1887410
1887412
1887413
1887415
1887416
1887417
1887418
1887419
1887420
1887421
1887422
1887424
1887425
1887426
1887427
1887428
1887429
1887430
1887431
1887432
1887433
1887434
1887435
1887436
1887437
1887438
1887440
1887441
1887442
1887443
1887444
1887445
1887446
1887447
1887448
1887449
1887451
1887452
1887453
1887454
1887455
1887456
1887457
1887458
1887459
1887462
1887464
1887466
1887467
1887468
1887469
1887470
1887471
1887472
1887474
1887475
1887477
1887480
1887481
1887483
1887485
1887487
1887488
1887492
1887493
1887494
1887496
1887497
1887499
1887500
1887501
1887502
1887503
1887504
1887505
1887506
1887507
1887508
1887509
1887510
1887511
1887512
1887513
1887514
1887516
1887517
1887518
1887519
1887520
1887521
1887522
1887523
1887524
1887525
1887526
1887527
1887528
1887529
1887530
1887531
1887532
1887533
1887534
1887535
1887536
1887537
1887539
1887540
1887541
1887542
1887543
1887544
1887545
1887546
1887547
1887548
1887549
1887550
1887551
1887552
1887553
1887554
1887556
1887557
1887558
1887559
1887560
1887561
1887562
1887563
1887564
1887565
1887566
1887567
1887568
1887569
1887571
1887572
1887573
1887574
1887575
1887576
1887577
1887578
1887579
1887580
1887582
1887583
1887584
1887585
1887586
1887587
1887588
1887589
1887590
1887592
1887593
1887594
1887596
1887597
1887598
1887599
1887600
1887601
1887602
1887603
1887604
1887606
1887607
1887608
1887609
1887610
1887612
1887614
1887615
1887616
1887617
1887618
1887620
1887621
1887623
1887624
1887625
1887626
1887627
1887629
1887630
1887631
1887632
1887633
1887635
1887636
1887637
1887638
1887639
1887641
1887642
1887643
1887644
1887645
1887646
1887647
1887648
1887649
1887650
1887651
1887654
1887655
1887657
1887658
1887659
1887660
1887661
1887662
1887663
1887664
1887665
1887666
1887667
1887668
1887669
1887670
1887671
1887672
1887673
1887675
1887677
1887678
1887684
1887685
1887687
1887688
1887690
1887691
1887692
1887693
1887694
1887695
1887696
1887697
1887698
1887699
1887701
1887702
1887704
1887705
1887706
1887707
1887708
1887709
1887710
1887711
1887712
1887713
1887714
1887716
1887717
1887718
1887719
1887720
1887721
1887722
1887723
1887725
1887727
1887729
1887731
1887732
1887733
1887734
1887735
1887737
1887738
1887739
1887740
1887741
1887742
1887743
1887744
1887745
1887746
1887747
1887748
1887749
1887750
1887751
1887752
1887753
1887754
1887755
1887756
1887757
1887758
1887759
1887760
1887762
1887764
1887765
1887766
1887767
1887770
1887771
1887772
1887773
1887774
1887775
1887776
1887777
1887778
1887779
1887007
1887010
1887016
1887025
1887027
1887029
1887034
1887035
1887036
1887037
1887039
1887041
1887043
1887044
1887045
1887047
1887051
1887053
1887055
1887063
1887096
1887097
1887099
1887100
1887102
1887114
1887115
1887118
1887121
1887122
1887124
1887125
1887126
1887127
1887128
1887129
1887133
1887134
1887137
1887138
1887139
1887140
1887142
1887143
1887144
1887146
1887153
1887156
1887476
1887478
1887479
1887482
1887484
1887486
1887489
1887490
1887674
1887676
1887679
1887680
1887682
1887683
1887686