2015068
2015069
2015070
2015071
2015072
2015073
2015074
2015075
2015076
2015077
2015078
2015079
2015080
2015081
2015082
2015083
2015084
2015085
2015086
2015087
2015088
2015089
2015091
2015092
2015093
2015094
2015095
2015096
2015097
2015100
2015101
2015102
2015105
2015107
2015111
2015112
2015113
2015114
2015115
2015116
2015117
2015118
2015119
2015120
2015121
2015122
2015123
2015125
2015126
2015127
2015128
2015129
2015130
2015131
2015132
2015133
2015134
2015135
2015136
2015137
2015138
2015139
2015140
2015141
2015142
2015144
2015150
2015151
2015152
2015153
2015154
2015155
2015156
2015157
2015158
2015160
2015161
2015162
2015163
2015164
2015165
2015166
2015167
2015168
2015169
2015170
2015172
2015173
2015174
2015175
2015176
2015177
2015178
2015179
2015180
2015181
2015182
2015183
2015184
2015186
2015187
2015188
2015189
2015190
2015191
2015192
2015193
2015194
2015195
2015196
2015197
2015198
2015199
2015200
2015201
2015202
2015203
2015204
2015205
2015206
2015207
2015208
2015209
2015210
2015211
2015212
2015213
2015214
2015215
2015216
2015217
2015218
2015219
2015220
2015221
2015222
2015223
2015224
2015225
2015226
2015227
2015228
2015229
2015232
2015234
2015235
2015236
2015237
2015238
2015239
2015240
2015241
2015242
2015243
2015244
2015245
2015246
2015247
2015248
2015249
2015250
2015251
2015252
2015253
2015254
2015255
2015257
2015258
2015259
2015260
2015261
2015263
2015264
2015265
2015266
2015268
2015269
2015270
2015272
2015274
2015275
2015276
2015277
2015278
2015279
2015280
2015281
2015282
2015283
2015285
2015286
2015287
2015288
2015289
2015290
2015292
2015293
2015294
2015296
2015297
2015298
2015299
2015300
2015302
2015303
2015304
2015305
2015306
2015307
2015308
2015309
2015310
2015311
2015312
2015313
2015314
2015315
2015316
2015317
2015321
2015322
2015324
2015325
2015328
2015329
2015330
2015331
2015332
2015334
2015336
2015338
2015340
2015341
2015342
2015343
2015344
2015345
2015347
2015348
2015349
2015350
2015351
2015352
2015353
2015354
2015355
2015356
2015359
2015362
2015364
2015365
2015366
2015367
2015369
2015371
2015372
2015374
2015376
2015377
2015379
2015380
2015382
2015383
2015384
2015385
2015386
2015387
2015388
2015389
2015391
2015392
2015393
2015394
2015395
2015396
2015397
2015398
2015399
2015400
2015402
2015403
2015404
2015405
2015406
2015407
2015408
2015409
2015410
2015411
2015412
2015413
2015414
2015415
2015416
2015417
2015418
2015419
2015420
2015422
2015423
2015424
2015425
2015426
2015428
2015429
2015430
2015432
2015433
2015434
2015435
2015437
2015438
2015439
2015440
2015441
2015442
2015443
2015444
2015445
2015447
2015448
2015449
2015452
2015454
2015455
2015456
2015457
2015458
2015459
2015461
2015462
2015464
2015465
2015466
2015467
2015468
2015469
2015472
2015473
2015474
2015475
2015476
2015477
2015478
2015485
2015486
2015487
2015488
2015489
2015490
2015492
2015493
2015494
2015495
2015496
2015497
2015498
2015499
2015500
2015501
2015502
2015503
2015504
2015505
2015506
2015507
2015508
2015510
2015511
2015512
2015513
2015514
2015515
2015516
2015517
2015518
2015520
2015521
2015522
2015523
2015524
2015525
2015526
2015527
2015528
2015529
2015530
2015531
2015532
2015533
2015534
2015536
2015537
2015538
2015539
2015540
2015543
2015544
2015545
2015547
2015548
2015549
2015550
2015551
2015552
2015553
2015554
2015555
2015556
2015558
2015559
2015560
2015561
2015562
2015563
2015564
2015565
2015566
2015567
2015568
2015569
2015570
2015571
2015572
2015573
2015574
2015575
2015576
2015577
2015578
2015580
2015581
2015582
2015583
2015584
2015586
2015587
2015589
2015590
2015591
2015592
2015593
2015594
2015595
2015596
2015597
2015599
2015600
2015601
2015602
2015603
2015604
2015605
2015606
2015607
2015608
2015609
2015610
2015611
2015612
2015613
2015615
2015616
2015617
2015618
2015619
2015620
2015622
2015624
2015625
2015626
2015627
2015628
2015629
2015630
2015631
2015632
2015633
2015634
2015635
2015636
2015637
2015639
2015640
2015641
2015642
2015643
2015644
2015645
2015646
2015647
2015648
2015649
2015650
2015651
2015652
2015653
2015654
2015655
2015656
2015657
2015658
2015660
2015661
2015662
2015663
2015665
2015666
2015667
2015668
2015669
2015670
2015671
2015672
2015673
2015674
2015675
2015676
2015677
2015678
2015679
2015680
2015683
2015685
2015691
2015692
2015693
2015694
2015696
2015697
2015698
2015699
2015700
2015701
2015704
2015705
2015706
2015707
2015708
2015709
2015710
2015711
2015712
2015714
2015715
2015716
2015717
2015718
2015719
2015720
2015721
2015724
2015725
2015726
2015727
2015729
2015730
2015731
2015732
2015733
2015734
2015735
2015737
2015738
2015739
2015740
2015741
2015742
2015743
2015744
2015745
2015746
2015747
2015749
2015750
2015751
2015752
2015753
2015754
2015755
2015756
2015757
2015758
2015759
2015760
2015761
2015763
2015764
2015765
2015766
2015767
2015768
2015769
2015770
2015772
2015773
2015774
2015775
2015778
2015779
2015780
2015781
2015783
2015784
2015785
2015786
2015787
2015788
2015789
2015790
2015791
2015792
2015793
2015794
2015795
2015796
2015797
2015798
2015799
2015800
2015801
2015802
2015803
2015804
2015805
2015806
2015807
2015808
2015809
2015810
2015811
2015812
2015813
2015814
2015815
2015816
2015817
2015818
2015819
2015820
2015821
2015822
2015824
2015825
2015826
2015827
2015828
2015829
2015830
2015831
2015832
2015833
2015834
2015835
2015836
2015837
2015838
2015839
2015841
2015842
2015843
2015844
2015845
2015846
2015847
2015848
2015849
2015850
2015852
2015853
2015855
2015858
2015859
2015860
2015861
2015862
2015863
2015864
2015866
2015867
2015869
2015870
2015871
2015872
2015873
2015874
2015875
2015876
2015877
2015879
2015880
2015881
2015882
2015885
2015886
2015887
2015888
2015889
2015890
2015891
2015892
2015893
2015894
2015895
2015898
2015899
2015900
2015901
2015902
2015903
2015904
2015905
2015906
2015907
2015908
2015909
2015910
2015912
2015913
2015914
2015915
2015916
2015918
2015919
2015920
2015921
2015922
2015924
2015925
2015926
2015927
2015928
2015929
2015930
2015931
2015932
2015933
2015934
2015935
2015936
2015937
2015938
2015939
2015940
2015942
2015943
2015944
2015945
2015946
2015947
2015948
2015949
2015950
2015952
2015954
2015956
2015957
2015959
2015960
2015961
2015962
2015963
2015964
2015966
2015967
2015970
2015971
2015972
2015974
2015975
2015976
2015977
2015978
2015979
2015980
2015981
2015983
2015984
2015986
2015987
2015988
2015989
2015990
2015991
2015992
2015993
2015994
2015995
2015996
2015997
2015998
2015999
2016000
2016001
2016002
2016003
2016004
2016005
2016006
2016007
2016008
2016009
2016010
2016011
2016012
2016013
2016014
2016015
2016016
2016017
2016018
2016019
2016020
2016021
2016022
2016023
2016027
2016028
2016029
2016030
2016031
2016032
2016033
2016034
2016036
2016037
2016039
2016040
2016041
2016044
2016045
2016046
2016047
2016049
2016050
2016051
2016052
2016053
2016054
2016055
2016056
2016057
2016058
2016059
2016060
2016061
2016062
2016063
2016064
2016065
2016066
2016067
2016068
2016069
2016070
2016071
2016072
2016073
2016074
2016077
2016078
2016079
2016080
2016081
2016082
2016083
2016084
2016085
2016086
2016087
2016088
2016089
2016090
2016091
2016092
2016093
2016094
2016095
2016096
2016097
2016098
2016099
2016101
2016102
2016103
2016104
2016105
2016106
2016107
2016108
2016109
2016110
2016111
2016113
2016114
2016116
2016117
2016118
2016119
2016122
2016123
2016124
2016127
2016128
2016129
2016130
2016131
2016132
2016133
2016134
2016135
2016136
2016137
2016138
2016140
2016141
2016142
2016143
2016144
2016145
2016146
2016147
2016148
2016149
2016150
2016151
2016152
2016153
2016154
2016156
2016158
2016159
2016160
2016161
2016162
2016164
2016165
2016166
2016167
2016168
2016169
2016170
2016171
2016172
2016173
2016174
2016175
2016176
2016177
2016178
2016180
2016181
2016182
2016183
2016184
2016185
2016186
2016187
2016188
2016189
2016190
2016191
2016192
2016193
2016194
2016195
2016196
2016197
2016199
2016200
2016201
2016202
2016204
2016205
2016207
2016209
2016210
2016211
2016212
2016213
2016214
2016215
2016216
2016217
2016218
2016219
2016220
2016221
2016222