1479632651589988352
1479624414798958594
1479608473818222593
1479641525604651010
1479649181438554114
1479616774949773318
1479657619371483137
1479666930353065986
1479672360307462147
1479678969872109572
1479686539848433669
1479705492255617029
1479873269289336843
1479887954612998159
1479897564661039107
1479923577034051595
1479836666319802368
1479934347968974849
1479774653778481154
1479943973305307140
1479956241812267008
1479707634722873345
1479790531295289345
1479699437148676099
1479836539089739779
1479907499998339078
1479693568054898690
1479754223504011267
1479768589959839745