1480357352905887744
1480334997529763842
1480367877433835521
1480376942914326532
1480348998590472197
1480386220421177346
1480394461633036291
1480402006460276740
1480411090911735811
1480420927724834821
1480430239427747846
1480491797306617867
1480565847273914378
1480560562471845894
1480536768428523527
1480650738586066953
1480614172698292236
1480552711355613188
1480443148988043264
1480628510259433472
1480451208091521025
1480514257380855809
1480679093502758913
1480486010081398787
1480475683126140928
1480480535386284032
1480531407617286144
1480457727482732544
1480464177244217345
1480502932910972928
1480543561305268225
1480643649499193346
1480497396299620355
1480609939240493059
1480658205906804739
1480665252261814275
1480575959506067461
1480685353312952326
1480590341061451783
1480622332746113031
1480672298772230145
1480601840630837249
1480571133493604353
1480549237809049603
1480554774353395712