9190042
9190044
9190045
9190047
9190048
9190049
9190050
9190051
9190052
9190053
9190054
9190055
9190056
9190057
9190058
9190059
9190060
9190061
9190062
9190063
9190064
9190065
9190067
9190068
9190069
9190070
9190071
9190073
9190075
9190076
9190079
9190081
9190082
9190083
9190084
9190085
9190086
9190087
9190088
9190089
9190090
9190091
9190092
9190093
9190094
9190096
9190097
9190099
9190100
9190102
9190104
9190106
9190107
9190108
9190109
9190110
9190111
9190112
9190113
9190114
9190115
9190116
9190117
9190118
9190119
9190120
9190122
9190123
9190124
9190125
9190126
9190127
9190128
9190129
9190130
9190131
9190132
9190133
9190134
9190135
9190136
9190137
9190138
9190139
9190140
9190141
9190143
9190144
9190145
9190146
9190148
9190150
9190151
9190152
9190153
9190154
9190155
9190156
9190157
9190158
9190159
9190161
9190162
9190163
9190164
9190165
9190166
9190167
9190168
9190169
9190171
9190172
9190173
9190174
9190176
9190179
9190180
9190181
9190182
9190183
9190184
9190185
9190186
9190187
9190188
9190189
9190190
9190191
9190192
9190193
9190194
9190196
9190197
9190198
9190199
9190200
9190201
9190202
9190203
9190205
9190208
9190211
9190212
9190213
9190214
9190215
9190217
9190218
9190219
9190220
9190222
9190224
9190225
9190226
9190227
9190229
9190230
9190231
9190233
9190234
9190235
9190236
9190237
9190238
9190239
9190240
9190241
9190242
9190244
9190245
9190246
9190247
9190249
9190252
9190253
9190257
9190259
9190260
9190261
9190262
9190263
9190264
9190265
9190267
9190268
9190269
9190270
9190271
9190272
9190273
9190274
9190275
9190276
9190277
9190278
9190279
9190280
9190281
9190282
9190283
9190284
9190285
9190286
9190287
9190288
9190289
9190290
9190291
9190292
9190293
9190294
9190295
9190296
9190298
9190299
9190300
9190301
9190302
9190303
9190304
9190305
9190306
9190307
9190309
9190310
9190314
9190315
9190316
9190317
9190319
9190320
9190321
9190322
9190323
9190324
9190325
9190326
9190327
9190329
9190331
9190332
9190333
9190334
9190335
9190336
9190337
9190338
9190339
9190340
9190342
9190343
9190344
9190345
9190346
9190347
9190348
9190349
9190350
9190351
9190352
9190353
9190354
9190355
9190356
9190357
9190358
9190360
9190361
9190362
9190363
9190365
9190366
9190367
9190368
9190369
9190370
9190371
9190372
9190374
9190375
9190376
9190377
9190378
9190379
9190380
9190381
9190382
9190383
9190384
9190385
9190386
9190387
9190388
9190389
9190390
9190391
9190392
9190393
9190394
9190395
9190396
9190397
9190398
9190399
9190400
9190401
9190402
9190403
9190404
9190405
9190406
9190407
9190408
9190409
9190410
9190411
9190413
9190415
9190416
9190417
9190418
9190419
9190420
9190421
9190422
9190423
9190424
9190425
9190426
9190427
9190428
9190429
9190430
9190431
9190432
9190433
9190434
9190435
9190436
9190437
9190438
9190439
9190440
9190441
9190442
9190443
9190444
9190445
9190446
9190447
9190448
9190449
9190450
9190451
9190452
9190453
9190454
9190455
9190456
9190457
9190458
9190459
9190460
9190461
9190462
9190463
9190464
9190465
9190466
9190467
9190468
9190469
9190470
9190471
9190472
9190473
9190474
9190475
9190476
9190477
9190478
9190479
9190480
9190481
9190482
9190483
9190484
9190485
9190486
9190487
9190488
9190489
9190490
9190491
9190492
9190493
9190494
9190495
9190496
9190497
9190498
9190499
9190500
9190501
9190502
9190503
9190504
9190505
9190507
9190508
9190509
9190510
9190511
9190512
9190513
9190514
9190515
9190516
9190517
9190518
9190520
9190521
9190522
9190523
9190524
9190525
9190526
9190527
9190528
9190529
9190530
9190531
9190532
9190533
9190534
9190535
9190536
9190537
9190538
9190539
9190540
9190541
9190542
9190543
9190544
9190545
9190546
9190547
9190548
9190549
9190551
9190552
9190553
9190554
9190555
9190556
9190558
9190559
9190560
9190561
9190562
9190563
9190564
9190565
9190566
9190567
9190569
9190570
9190571
9190572
9190573
9190575
9190576
9190577
9190578
9190580
9190581
9190582
9190583
9190584
9190585
9190586
9190587
9190588
9190589
9190590
9190591
9190592
9190593
9190594
9190595
9190596
9190597
9190598
9190599
9190600
9190601
9190602
9190603
9190604
9190605
9190606
9190607
9190608
9190609
9190610
9190611
9190612
9190613
9190614
9190615
9190616
9190617
9190618
9190619
9190620
9190621
9190622
9190623
9190624
9190626
9190627
9190628
9190629
9190630
9190631
9190632
9190633
9190634
9190635
9190636
9190637
9190638
9190639
9190640
9190642
9190643
9190644
9190645
9190646
9190647
9190648
9190649
9190650
9190651
9190652
9190653
9190654
9190655
9190656
9190657
9190658
9190659
9190660
9190661
9190662
9190663
9190664
9190665
9190666
9190667
9190668
9190669
9190670
9190671
9190673
9190674
9190675
9190676
9190677
9190678
9190679
9190680
9190681
9190682
9190683
9190684
9190685
9190686
9190687
9190688
9190689
9190690
9190691
9190693
9190695
9190696
9190697
9190698
9190700
9190701
9190702
9190703
9190704
9190705
9190706
9190707
9190708
9190709
9190710
9190712
9190713
9190714
9190715
9190716
9190718
9190719
9190720
9190721
9190722
9190723
9190724
9190725
9190726
9190727
9190728
9190729
9190730
9190731
9190732
9190733
9190734
9190735
9190736
9190737
9190738
9190739
9190740
9190741
9190742
9190743
9190744
9190745
9190747
9190748
9190749
9190750
9190751
9190752
9190753
9190754
9190755
9190756
9190757
9190758
9190759
9190760
9190761
9190762
9190763
9190764
9190765
9190766
9190767
9190768
9190769
9190770
9190771
9190772
9190773
9190774
9190775
9190776
9190777
9190778
9190779
9190780
9190781
9190782
9190783
9190786
9190787
9190788
9190789
9190790
9190791
9190792
9190793
9190794
9190795
9190796
9190797
9190798
9190799
9190800
9190801
9190802
9190803
9190804
9190805
9190806
9190807
9190809
9190810
9190811
9190812
9190813
9190814
9190815
9190816
9190817
9190818
9190819
9190820
9190821
9190822
9190823
9190824
9190825
9190826
9190827
9190828
9190829
9190830
9190831
9190832
9190833
9190834
9190835
9190836
9190837
9190838
9190839
9190840
9190841
9190842
9190843
9190844
9190846
9190847
9190848
9190849
9190850
9190851
9190852
9190853
9190854
9190855
9190856
9190857
9190858
9190859
9190860
9190861
9190862
9190863
9190864
9190865
9190866
9190867
9190869
9190870
9190871
9190872
9190873
9190874
9190875
9190876
9190877
9190879
9190880
9190881
9190883
9190884
9190885
9190886
9190887
9190888
9190889
9190890
9190891
9190892
9190893
9190894
9190895
9190896
9190897
9190898
9190899
9190900
9190901
9190902
9190903
9190904
9190905
9190906
9190908
9190910
9190911
9190912
9190913
9190914
9190916
9190917
9190918
9190919
9190920
9190921
9190922
9190923
9190924
9190925
9190926
9190927
9190928
9190929
9190930
9190931
9190933
9190934
9190935
9190936
9190937
9190938
9190939
9190940
9190941
9190943
9190944
9190945
9190946
9190947
9190948
9190949
9190950
9190951
9190952
9190953
9190954
9190955
9190956
9190957
9190958
9190959
9190960
9190961
9190962
9190964
9190965
9190966
9190967
9190968
9190969
9190970
9190971
9190973
9190975
9190976
9190977
9190979
9190980
9190981
9190982
9190983
9190984
9190985
9190986
9190987
9190988
9190989
9190990
9190991
9190992
9190993
9190994
9190995
9190996
9190997
9190998
9191000
9191001
9191002
9191003
9191004
9191005
9191006
9191007
9191008
9191009
9191010
9191011
9191012
9191013
9191014
9191015
9191016
9191018
9191019
9191020
9191022
9191023
9191024
9191025
9191026
9191027
9191028
9191029
9191030
9191031
9191033
9191034
9191035
9191036
9191037
9191038
9191039
9191040
9191041
9191042
9191043
9191045
9191046
9191047
9191048
9191049
9191051
9191052
9191053
9191054
9191055
9191056
9191057
9191058
9191059
9191061
9191062
9191063
9191064
9191065
9191066
9191067
9191069
9191070
9191071
9191072
9191074
9191075
9191077
9191079
9191080
9191081
9191082
9191083
9191084
9191085
9191086
9191087
9191088
9191089
9191090
9191091
9191092
9191094
9191096
9191097
9191098
9191099
9191101
9191102
9191103
9191104
9191105
9191106
9191107
9191108
9191110
9191111
9191112
9191113
9191114
9191115
9191117
9191118
9191120
9191121
9191122
9191123
9191124
9191125
9191126
9191127
9191130
9191131
9191132
9191133
9191134
9191135
9191136
9191137
9191138
9191139
9191140
9191141
9191142
9191143
9191145
9191146
9191147
9191148
9191149
9191150
9191151
9191152
9191153
9191154
9191155
9191157
9191158
9191159
9191160
9191161
9191162
9191163
9191164
9191165
9191166
9191167
9191168
9191169
9191170
9191171
9191172
9191173
9191174
9191175
9191176
9191177
9191181
9191183
9191184
9191185
9191186
9191187
9191188
9191189
9191191
9191192
9191193
9191194
9191196
9191197
9191198
9191199
9191200
9191201
9191202
9191203
9191204
9191205
9191206
9191207
9191208
9191209
9191210
9191211
9191212
9191213
9191214
9191215
9191216
9191217
9191218
9191219
9191220
9191221
9191222
9191223
9191224
9191225
9191226
9191227
9191228
9191229
9191230
9191231
9191232
9191233
9191234
9191235
9191236
9191238
9191239
9191240
9191241
9191242
9191243
9191244
9191245
9191247
9191248
9191249
9191250
9191251
9191252
9191254
9191255
9191256
9191258
9191259
9191260
9191261
9191262
9191263
9191264
9191265
9191266
9191267
9191268
9191269
9191270
9191271
9191272
9191273
9191274
9191275
9191276
9191277
9191278
9191279
9191280
9191281
9191282
9191283
9191284
9191285
9191286
9191287
9191288
9191289
9191290
9191291
9191294
9191296
9191297
9191298
9191299
9191300
9191301
9191302
9191303
9191304
9191305
9191306
9191307
9191308
9191309
9191310
9191312
9191313
9191314
9191315
9191316
9191317
9191318
9191319
9191320
9191321
9191322
9191324
9191325
9191326
9191327
9191328
9191329
9191330
9191331
9191332
9191333
9191335
9191336
9191337
9191340
9191341
9191342
9191343
9191344
9191345
9191346
9191347
9191348
9191349
9191351
9191352
9191353
9191354
9191356
9191357
9191358
9191359
9191360
9191361
9191362
9191363
9191364
9191365
9191366
9191367
9191368
9191369
9191370
9191371
9191372
9191373
9191374
9191375
9191377
9191378
9191379
9191380
9191381
9191382
9191383
9191384
9191385
9191386
9191387
9191388
9191389
9191390
9191391
9191392
9191393
9191394
9191395
9191396
9191397
9191398
9191399
9191401
9191402
9191403
9191404
9191405
9191406
9191407
9191408
9191410
9191411
9191414
9191416
9191417
9191418
9191419
9191422
9191423
9191424
9191425
9191426
9191427
9191428
9191430
9191431
9191433
9191435
9191437
9191438
9191440
9191441
9191444
9191445
9191446
9191447
9191448
9191449
9191450
9191451
9191452
9191453
9191454
9191455
9191456
9191457
9191458
9191459
9191460
9191461
9191462
9191463
9191464
9191465
9191466
9191467
9191468
9191469
9191470
9191471
9191473
9191474
9191475
9191476
9191477
9191478
9191479
9191480
9191481
9191482
9191483
9191484
9191485
9191486
9191487
9191488
9191489
9191490
9191491
9191493
9191494
9191496
9191497
9191498
9191499
9191500
9191501
9191503
9191504
9191505
9191506
9191507
9191508
9191509
9191510
9191511
9191512
9191513
9191514
9191515
9191516
9191517
9191518
9191519
9191520
9191521
9191522
9191523
9191524
9191525
9191526
9191527
9191528
9191529
9191530
9191532
9191533
9191534
9191535
9191536
9191537
9191540
9191541
9191542
9191543
9191544
9191545
9191546
9191547
9191548
9191549
9191551
9191552
9191553
9191554
9191555
9191556
9191557
9191558
9191559
9191560
9191563
9191564
9191565
9191566
9191568
9191569
9191571
9191574
9191575
9191576
9191579
9191580
9191581
9191582
9191585
9191586
9191587
9191589
9191590
9191591
9191592
9191593
9191594
9191595
9191596
9191597
9191598
9191599
9191600
9191601
9191602
9191604
9191605
9191606
9191607
9191608
9191609
9191610
9191611
9191612
9191613
9191614
9191615
9191616
9191617
9191618
9191619
9191620
9191621
9191622
9191623
9191625
9191626
9191627
9191628
9191629
9191630
9191631
9191632
9191633
9191634
9191635
9191636
9191637
9191638
9191639
9191641
9191643
9191644
9191645
9191646
9191647
9191648
9191649
9191650
9191651
9191652
9191653
9191654
9191655
9191656
9191657
9191658
9191659
9191660
9191661
9191662
9191663
9191664
9191665
9191667
9191668
9191669
9191670
9191671
9191672
9191673
9191674
9191675
9191676
9191678
9191679
9191681
9191682
9191684
9191685
9191686
9191687
9191688
9191689
9191690
9191692
9191693
9191694
9191695
9191696
9191697
9191698
9191699
9191700
9191701
9191702
9191703
9191704
9191705
9191706
9191707
9191708
9191709
9191711
9191712
9191714
9191715
9191716
9191717
9191718
9191719
9191720
9191721
9191723
9191724
9191725
9191726
9191727
9191728
9191729
9191731
9191732
9191733
9191734
9191735
9191736
9191737
9191738
9191739
9191740
9191741
9191742
9191743
9191744
9191745
9191746
9191747
9191748
9191749
9191750
9191751
9191752
9191753
9191755
9191757
9191758
9191759
9191761
9191762
9191763
9191764
9191765
9191767
9191768
9191770
9191771
9191772
9191773
9191774
9191775
9191777
9191778
9191779
9191780
9191781
9191782
9191783
9191784
9191785
9191786
9191787
9191789
9191790
9191791
9191793
9191794
9191795
9191797
9191798
9191799
9191800
9191802
9191803
9191804
9191807
9191808
9191809
9191811
9191812
9191813
9191814
9191815
9191816
9191817
9191819
9191821
9191822
9191823
9191824
9191825
9191826
9191827
9191828
9191829
9191830
9191831
9191832
9191833
9191834
9191835
9191836
9191837
9191838
9191839
9191840
9191841
9191842
9191843
9191846
9191847
9191848
9191849
9191850
9191851
9191852
9191853
9191854
9191855
9191857
9191858
9191859
9191860
9191861
9191862
9191863
9191864
9191865
9191866
9191867
9191868
9191869
9191871
9191880
9191883
9191885
9191886
9191891
9191892
9191895
9191897
9191901
9191902
9191903
9191905
9191906
9191908
9191909
9191910
9191911
9191912
9191914
9191916
9191917
9191918
9191919
9191920
9191921
9191922
9191923
9191924
9191925
9191926
9191927
9191928
9191929
9191930
9191931
9191932
9191933
9191934
9191935
9191936
9191937
9191938
9191939
9191941
9191943
9191944
9191945
9191946
9191947
9191948
9191950
9191951
9191953
9191954
9191955
9191957
9191958
9191959
9191960
9191963
9191964
9191965
9191966
9191967
9191968
9191969
9191970
9191971
9191972
9191973
9191975
9191976
9191978
9191979
9191980
9191981
9191982
9191983
9191984
9191985
9191986
9191987
9191988
9191989
9191990
9191991
9191992
9191993
9191994
9191995
9191996
9191997
9191998
9191999
9192000
9192001
9192002
9192004
9192005
9192006
9192007
9192008
9192009
9192010
9192011
9192012
9192013
9192014
9192015
9192016
9192017
9192018
9192019
9192020
9192021
9192022
9192023
9192024
9192025
9192026
9192027
9192028
9192029
9192030
9192031
9192032
9192033
9192034
9192035
9192036
9192037
9192038
9192039
9192040
9192041
9192042
9192043
9192044
9192045
9192046
9192047
9192048
9192049
9192050
9192051
9192052
9192053
9192054
9192055
9192056
9192058
9192060
9192061
9192062
9192063
9192064
9192065
9192067
9192069
9192070
9192071
9192072
9192073
9192074
9192075
9192076
9192077
9192078
9192079
9192080
9192082
9192083
9192084
9192085
9192086
9192087
9192088
9192089
9192090
9192091
9192092
9192093
9192094
9192096
9192098
9192099
9192100
9192101
9192102
9192103
9192105
9192106
9192107
9192108
9192109
9192110
9192111
9192112
9192113
9192114
9192115
9192116
9192117
9192118
9192119
9192120
9192121
9192122
9192123
9192125
9192126
9192127
9192128
9192129
9192130
9192131
9192132
9192133
9192134
9192135
9192136
9192137
9192138
9192139
9192140
9192143
9192144
9192145
9192146
9192147
9192148
9192150
9192151
9192152
9192153
9192154
9192155
9192156
9192157
9192158
9192159
9192160
9192161
9192163
9192164
9192165
9192166
9192167
9192168
9192169
9192170
9192171
9192172
9192173
9192175
9192176
9192177
9192178
9192179
9192180
9192181
9192182
9192183
9192184
9192185
9192186
9192187
9192188
9192189
9192190
9192191
9192193
9192194
9192195
9192197
9192198
9192199
9192200
9192201
9192204
9192205
9192206
9192207
9192208
9192209
9192210
9192215
9192216
9192218
9192219
9192220
9192222
9192225
9192226
9192227
9192228
9192229
9192230
9192231
9192232
9192233
9192235
9192236
9192237
9192238
9192239
9192240
9192242
9192243
9192245
9192246
9192247
9192248
9192249
9192250
9192251
9192252
9192253
9192254
9192257
9192258
9192259
9192260
9192261
9192262
9192263
9192264
9192265
9192266
9192267
9192268
9192269
9192270
9192271
9192272
9192273
9192274
9192276
9192278
9192279
9192280
9192281
9192282
9192283
9192284
9192285
9192286
9192287
9192288
9192289
9192290
9192291
9192292
9192293
9192294
9192295
9192296
9192297
9192298
9192299
9192300
9192301
9192302
9192303
9192304
9192306
9192307
9192308
9192309
9192310
9192311
9192312
9192313
9192315
9192316
9192317
9192318
9192319
9192320
9192321
9192322
9192323
9192324
9192325
9192326
9192327
9192329
9192330
9192331
9192332
9192333
9192334
9192335
9192336
9192337
9192339
9192340
9192341
9192342
9192344
9192345
9192346
9192347
9192348
9192349
9192350
9192351
9192352
9192353
9192354
9192355
9192356
9192357
9192358
9192359
9192360
9192361
9192362
9192363
9192364
9192365
9192366
9192367
9192368
9192369
9192370
9192371
9192372
9192373
9192374
9192375
9192376
9192377
9192378
9192379
9192380
9192381
9192382
9192383
9192384
9192385
9192386
9192387
9192390
9192391
9192392
9192393
9192394
9192395
9192396
9192397
9192398
9192399
9192400
9192401
9192402
9192404
9192405
9192407
9192408
9192409
9192411
9192412
9192414
9192415
9192416
9192417
9192418
9192419
9192420
9192421
9192423
9192424
9192425
9192426
9192427
9192428
9192429
9192430
9192431
9192432
9192433
9192435
9192436
9192437
9192438
9192440
9192441
9192442
9192443
9192444
9192445
9192446
9192447
9192448
9192450
9192451
9192452
9192453
9192454
9192455
9192456
9192457
9192458
9192459
9192460
9192461
9192462
9192463
9192464
9192465
9192466
9192467
9192468
9192469
9192470
9192471
9192472
9192473
9192475
9192476
9192477
9192478
9192479
9192480
9192482
9192484
9192485
9192486
9192487
9192489
9192490
9192491
9192492
9192494
9192495
9192496
9192497
9192498
9192499
9192500
9192501
9192502
9192503
9192504
9192505
9192506
9192507
9192508
9192509
9192511
9192512
9192514
9192515
9192517
9192518
9192519
9192521
9192522
9192523
9192525
9192526
9192527
9192528
9192529
9192530
9192531
9192532
9192533
9192534
9192535
9192536
9192537
9192538
9192539
9192540
9192541
9192542
9192543
9192544
9192545
9192546
9192547
9192548
9192549
9192552
9192554
9192555
9192556
9192558
9192559
9192560
9192562
9192563
9192564
9192565
9192566
9192567
9192568
9192569
9192570
9192571
9192572
9192573
9192574
9192575
9192577
9192578
9192579
9192580
9192581
9192583
9192585
9192587
9192588
9192590
9192591
9192592
9192593
9192594
9192595
9192596
9192597
9192599
9192600
9192601
9192602
9192604
9192605
9192606
9192608
9192609
9192610
9192611
9192612
9192613
9192615
9192616
9192617
9192618
9192619
9192620
9192621
9192623
9192624
9192625
9192626
9192628
9192630
9192631
9192632
9192634
9192637
9192638
9192640
9192641
9192642
9192645
9192643
9192648
9192649
9192650
9192651
9192652
9192653
9192654
9192655
9192656
9192657
9192659
9192660
9192661
9192662
9192663
9192665
9192666
9192667
9192668
9192669
9192670
9192671
9192672
9192673
9192674
9192675
9192676
9192677
9192678
9192679
9192680
9192681
9192682
9192683
9192684
9192685
9192687
9192688
9192689
9192690
9192691
9192692
9192693
9192694
9192696
9192697
9192698
9192699
9192700
9192702
9192703
9192704
9192705
9192706
9192707
9192708
9192709
9192710
9192711
9192712
9192713
9192714
9192718
9192719
9192720
9192721
9192723
9192724
9192726
9192727
9192728
9192729
9192730
9192731
9192733
9192734
9192735
9192736
9192737
9192739
9192740
9192741
9192742
9192743
9192744
9192745
9192746
9192747
9192748
9192749
9192750
9192751
9192754
9192755
9192756
9192758
9192759
9192762
9192763
9192764
9192766
9192768
9192769
9192770
9192771
9192772
9192773
9192775
9192776
9192777
9192778
9192779
9192781
9192782
9192783
9192788
9192790
9192794
9192795
9192796
9192797
9192798
9192800
9192801
9192802
9192803
9192804
9192805
9192806
9192808
9192809
9192811
9192812
9192814
9192815
9192817
9192819
9192822
9192823
9192824
9192825
9192826
9192828
9192830
9192832
9192834
9192835
9192837
9192838
9192839
9192840
9192841
9192842
9192843
9192844
9192845
9192846
9192847
9192849
9192850
9192851
9192852
9192853
9192854
9192855
9192857
9192858
9192859
9192860
9192861
9192862
9192863
9192864
9192865
9192867
9192868
9192869
9192870
9192871
9192872
9192873
9192874
9192875
9192876
9192877
9192878
9192879
9192880
9192881
9192882
9192883
9192884
9192885
9192886
9192887
9192888
9192889
9192890
9192891
9192892
9192893
9192895
9192897
9192898
9192899
9192900
9192901
9192902
9192903
9192904
9192905
9192906
9192907
9192908
9192909
9192910
9192911
9192912
9192914
9192916
9192917
9192918
9192919
9192920
9192921
9192922
9192923
9192924
9192926
9192927
9192928
9192929
9192930
9192931
9192932
9192933
9192934
9192935
9192936
9192937
9192938
9192939
9192940
9192941
9192942
9192943
9192945
9192946
9192947
9192948
9192950
9192951
9192952
9192953
9192954
9192955
9192956
9192957
9192958
9192959
9192960
9192961
9192962
9192963
9192964
9192965
9192966
9192967
9192968
9192969
9192970
9192971
9192972
9192973
9192974
9192975
9192976
9192977
9192978
9192980
9192981
9192982
9192983
9192984
9192985
9192986
9192987
9192988
9192989
9192990
9192991
9192992
9192993
9192994
9192995
9192997
9192998
9192999
9193000
9193001
9193002
9193003
9193004
9193006
9193007
9193008
9193009
9193010
9193011
9193012
9193013
9193014
9193015
9193016
9193017
9193018
9193019
9193020
9193021
9193022
9193023
9193024
9193025
9193026
9193027
9193028
9193029
9193030
9193031
9193032
9193033
9193034
9193035
9193036
9193037
9193038
9193039
9193040
9193041
9193042
9193043
9193044
9193045
9193047
9193048
9193049
9193050
9193051
9193052
9193053
9193054
9193055
9193056
9193057
9193058
9193059
9193060
9193061
9193062
9193063
9193065
9193066
9193067
9193068
9193069
9193070
9193072
9193073
9193074
9193075
9193076
9193077
9193078
9193079
9193080
9193081
9193082
9193083
9193084
9193085
9193087
9193088
9193089
9193090
9193091
9193092
9193093
9193094
9193095
9193096
9193097
9193098
9193099
9193100
9193101
9193102
9193103
9193104
9193105
9193106
9193109
9193110
9193111
9193112
9193113
9193114
9193115
9193116
9193117
9193118
9193119
9193120
9193121
9193123
9193124
9193125
9193126
9193127
9193129
9193130
9193132
9193133
9193134
9193135
9193138
9193139
9193140
9193141
9193142
9193143
9193144
9193145
9193146
9193147
9193148
9193150
9193151
9193152
9193153
9193154
9193155
9193156
9193157
9193158
9193159
9193160
9193161
9193162
9193163
9193164
9193165
9193166
9193167
9193169
9193170
9193171
9193172
9193173
9193174
9193175
9193176
9193177
9193178
9193180
9193181
9193182
9193183
9193184
9193185
9193186
9193187
9193188
9193189
9193190
9193191
9193192
9193193
9193194
9193195
9193196
9193197
9193199
9193201
9193202
9193203
9193204
9193205
9193206
9193207
9193208
9193209
9193210
9193211
9193213
9193214
9193215
9193216
9193217
9193218
9193219
9193220
9193221
9193222
9193223
9193224
9193225
9193226
9193227
9193228
9193229
9193230
9193232
9193233
9193234
9193235
9193236
9193237
9193239
9193240
9193241
9193242
9193244
9193247
9193248
9193249
9193250
9193251
9193252
9193253
9193254
9193255
9193256
9193257
9193259
9193260
9193261
9193262
9193263
9193264
9193265
9193266
9193267
9193269
9193270
9193271
9193272
9193273
9193275
9193276
9193277
9193278
9193279
9193280
9193281
9193282
9193283
9193284
9193285
9193286
9193287
9193288
9193289
9193290
9193291
9193292
9193293
9193294
9193295
9193296
9193297
9193298
9193299
9193300
9193301
9193302
9193303
9193304
9193305
9193306
9193307
9193308
9193309
9193310
9193311
9193312
9193313
9193314
9193315
9193316
9193317
9193318
9193319
9193320
9193321
9193323
9193324
9193325
9193326
9193327
9193328
9193329
9193330
9193331
9193332
9193333
9193334
9193335
9193336
9193337
9193338
9193339
9193341
9193342
9193343
9193344
9193345
9193346
9193347
9193348
9193349
9193350
9193351
9193352
9193353
9193354
9193356
9193357
9193358
9193359
9193360
9193361
9193362
9193363
9193364
9193365
9193366
9193367
9193368
9193370
9193371
9193372
9193373
9193374
9193375
9193376
9193377
9193378
9193379
9193380
9193381
9193382
9193383
9193384
9193385
9193386
9193387
9193389
9193391
9193392
9193393
9193394
9193395
9193396
9193397
9193398
9193399
9193400
9193401
9193402
9193403
9193404
9193405
9193406
9193407
9193408
9193409
9193410
9193411
9193412
9193413
9193414
9193415
9193416
9193417
9193418
9193420
9193421
9193422
9193424
9193427
9193428
9193429
9193430
9193431
9193432
9193433
9193435
9193436
9193437
9193438
9193439
9193440
9193441
9193442
9193443
9193444
9193445
9193446
9193447
9193448
9193449
9193450
9193451
9193452
9193453
9193454
9193455
9193456
9193457
9193458
9193459
9193460
9193461
9193462
9193463
9193464
9193465
9193466
9193468
9193469
9193470
9193471
9193472
9193473
9193474
9193475
9193476
9193477
9193478
9193480
9193481
9193482
9193484
9193485
9193486
9193487
9193488
9193490
9193491
9193492
9193493
9193494
9193495
9193496
9193497
9193498
9193499
9193502
9193503
9193504
9193505
9193506
9193507
9193508
9193509
9193510
9193512
9193513
9193514
9193515
9193516
9193517
9193519
9193520
9193521
9193522
9193523
9193524
9193525
9193526
9193527
9193528
9193529
9193530
9193531
9193532
9193534
9193535
9193536
9193537
9193538
9193539
9193540
9193541
9193542
9193543
9193544
9193546
9193547
9193548
9193549
9193550
9193551
9193552
9193553
9193555
9193557
9193558
9193559
9193561
9193562
9193563
9193564
9193565
9193566
9193567
9193568
9193569
9193571
9193572
9193573
9193574
9193576
9193577
9193578
9193579
9193580
9193582
9193585
9193586
9193587
9193588
9193589
9193590
9193591
9193592
9193593
9193594
9193595
9193596
9193597
9193598
9193599
9193600
9193601
9193602
9193603
9193604
9193605
9193606
9193607
9193608
9193609
9193610
9193612
9193613
9193614
9193615
9193616
9193618
9193619
9193621
9193622
9193624
9193625
9193626
9193627
9193628
9193629
9193630
9193632
9193633
9193634
9193635
9193636
9193637
9193638
9193640
9193641
9193642
9193643
9193644
9193645
9193646
9193647
9193648
9193649
9193650
9193651
9193652
9193653
9193654
9193655
9193656
9193658
9193659
9193660
9193661
9193662
9193663
9193664
9193665
9193666
9193667
9193668
9193669
9193670
9193671
9193673
9193674
9193675
9193676
9193677
9193678
9193679
9193680
9193682
9193683
9193684
9193685
9193686
9193687
9193688
9193689
9193691
9193692
9193693
9193694
9193695
9193696
9193697
9193698
9193699
9193700
9193701
9193702
9193703
9193704
9193705
9193706
9193707
9193708
9193709
9193710
9193711
9193712
9193715
9193717
9193719
9193720
9193721
9193722
9193723
9193724
9193725
9193726
9193728
9193729
9193730
9193731
9193732
9193733
9193734
9193735
9193736
9193737
9193738
9193739
9193741
9193742
9193743
9193745
9193746
9193747
9193748
9193750
9193751
9193752
9193753
9193754
9193755
9193756
9190175