9179805
9179806
9179807
9179808
9179809
9179810
9179812
9179813
9179814
9179815
9179816
9179817
9179818
9179819
9179820
9179821
9179822
9179823
9179824
9179825
9179826
9179828
9179829
9179830
9179831
9179832
9179834
9179835
9179836
9179837
9179838
9179839
9179840
9179841
9179842
9179843
9179844
9179845
9179846
9179847
9179848
9179849
9179850
9179851
9179853
9179854
9179855
9179856
9179857
9179858
9179859
9179860
9179861
9179862
9179863
9179864
9179865
9179866
9179867
9179868
9179869
9179870
9179871
9179872
9179873
9179874
9179875
9179876
9179877
9179879
9179880
9179881
9179882
9179883
9179884
9179885
9179886
9179887
9179888
9179889
9179890
9179891
9179892
9179893
9179894
9179895
9179896
9179897
9179898
9179899
9179900
9179901
9179902
9179904
9179905
9179906
9179907
9179908
9179909
9179910
9179911
9179912
9179913
9179914
9179915
9179916
9179917
9179918
9179920
9179921
9179922
9179923
9179924
9179925
9179926
9179927
9179928
9179929
9179930
9179931
9179932
9179933
9179934
9179935
9179936
9179937
9179938
9179939
9179941
9179943
9179944
9179945
9179946
9179947
9179948
9179949
9179950
9179952
9179953
9179954
9179955
9179956
9179958
9179959
9179960
9179961
9179962
9179963
9179964
9179965
9179966
9179967
9179968
9179969
9179971
9179972
9179973
9179974
9179976
9179977
9179978
9179979
9179980
9179981
9179982
9179983
9179984
9179985
9179986
9179987
9179988
9179989
9179990
9179991
9179992
9179993
9179995
9179996
9179998
9179999
9180000
9180002
9180003
9180004
9180005
9180006
9180007
9180008
9180009
9180010
9180011
9180012
9180013
9180014
9180015
9180016
9180017
9180018
9180019
9180020
9180021
9180022
9180023
9180024
9180025
9180027
9180030
9180031
9180033
9180034
9180035
9180036
9180037
9180038
9180039
9180040
9180041
9180042
9180043
9180044
9180045
9180046
9180047
9180048
9180049
9180050
9180051
9180052
9180053
9180054
9180055
9180056
9180057
9180058
9180059
9180060
9180061
9180064
9180065
9180066
9180067
9180069
9180070
9180071
9180073
9180074
9180075
9180076
9180077
9180078
9180079
9180080
9180081
9180082
9180083
9180084
9180085
9180086
9180087
9180088
9180089
9180090
9180091
9180092
9180093
9180094
9180095
9180096
9180097
9180098
9180100
9180102
9180103
9180104
9180106
9180107
9180108
9180110
9180111
9180112
9180113
9180114
9180115
9180116
9180117
9180118
9180121
9180122
9180123
9180124
9180126
9180127
9180128
9180129
9180131
9180132
9180133
9180134
9180135
9180136
9180137
9180138
9180139
9180140
9180141
9180143
9180144
9180145
9180146
9180147
9180148
9180149
9180150
9180151
9180152
9180153
9180154
9180155
9180156
9180157
9180158
9180159
9180160
9180161
9180162
9180163
9180164
9180165
9180166
9180167
9180168
9180169
9180171
9180172
9180173
9180174
9180175
9180176
9180177
9180178
9180179
9180180
9180181
9180182
9180184
9180185
9180186
9180187
9180188
9180189
9180190
9180191
9180192
9180193
9180194
9180195
9180197
9180198
9180200
9180201
9180202
9180203
9180204
9180205
9180206
9180207
9180208
9180209
9180210
9180211
9180213
9180214
9180215
9180216
9180217
9180218
9180219
9180220
9180221
9180222
9180224
9180225
9180226
9180228
9180229
9180230
9180231
9180232
9180233
9180234
9180235
9180236
9180239
9180240
9180241
9180242
9180243
9180244
9180245
9180246
9180247
9180248
9180249
9180250
9180251
9180252
9180253
9180254
9180255
9180257
9180258
9180259
9180260
9180261
9180262
9180263
9180264
9180265
9180266
9180267
9180268
9180269
9180270
9180271
9180272
9180273
9180274
9180275
9180276
9180277
9180278
9180280
9180281
9180282
9180283
9180284
9180285
9180286
9180287
9180288
9180289
9180290
9180291
9180292
9180293
9180294
9180295
9180296
9180297
9180298
9180299
9180300
9180301
9180302
9180303
9180304
9180305
9180306
9180307
9180308
9180309
9180310
9180312
9180313
9180314
9180315
9180316
9180317
9180318
9180319
9180320
9180321
9180322
9180323
9180324
9180325
9180326
9180328
9180329
9180330
9180331
9180332
9180333
9180334
9180335
9180337
9180338
9180339
9180340
9180341
9180342
9180343
9180344
9180346
9180347
9180348
9180349
9180350
9180351
9180352
9180353
9180354
9180355
9180356
9180357
9180358
9180360
9180361
9180362
9180364
9180365
9180366
9180367
9180368
9180369
9180370
9180371
9180372
9180373
9180374
9180375
9180376
9180378
9180379
9180380
9180381
9180382
9180383
9180384
9180385
9180386
9180387
9180388
9180389
9180390
9180391
9180392
9180393
9180394
9180396
9180397
9180398
9180399
9180400
9180401
9180402
9180403
9180404
9180405
9180406
9180407
9180408
9180409
9180410
9180411
9180412
9180413
9180414
9180415
9180416
9180417
9180418
9180419
9180421
9180422
9180423
9180424
9180425
9180426
9180427
9180428
9180429
9180432
9180433
9180434
9180435
9180436
9180439
9180440
9180442
9180443
9180444
9180445
9180446
9180447
9180448
9180449
9180450
9180451
9180452
9180453
9180454
9180455
9180456
9180457
9180458
9180459
9180460
9180461
9180462
9180463
9180464
9180465
9180466
9180468
9180469
9180470
9180471
9180473
9180474
9180475
9180476
9180477
9180478
9180479
9180480
9180482
9180483
9180484
9180485
9180486
9180487
9180488
9180489
9180491
9180492
9180493
9180495
9180496
9180497
9180499
9180500
9180501
9180502
9180503
9180504
9180505
9180506
9180507
9180508
9180510
9180511
9180512
9180513
9180514
9180515
9180517
9180518
9180519
9180520
9180521
9180522
9180523
9180524
9180525
9180526
9180527
9180528
9180529
9180530
9180531
9180532
9180533
9180534
9180535
9180536
9180537
9180539
9180540
9180542
9180544
9180546
9180547
9180548
9180549
9180550
9180551
9180552
9180553
9180554
9180555
9180556
9180557
9180559
9180561
9180564
9180566
9180568
9180569
9180570
9180571
9180572
9180573
9180574
9180575
9180577
9180578
9180579
9180580
9180581
9180582
9180585
9180587
9180588
9180591
9180592
9180593
9180594
9180595
9180596
9180597
9180598
9180599
9180600
9180601
9180602
9180603
9180604
9180605
9180606
9180608
9180609
9180610
9180611
9180612
9180613
9180615
9180616
9180617
9180618
9180619
9180621
9180622
9180623
9180626
9180627
9180628
9180629
9180630
9180631
9180632
9180633
9180634
9180635
9180636
9180637
9180638
9180639
9180640
9180642
9180643
9180644
9180646
9180647
9180648
9180650
9180651
9180652
9180653
9180654
9180655
9180657
9180659
9180660
9180662
9180663
9180664
9180665
9180666
9180667
9180669
9180670
9180671
9180672
9180673
9180674
9180675
9180676
9180679
9180680
9180681
9180682
9180684
9180685
9180686
9180687
9180688
9180689
9180691
9180693
9180694
9180695
9180696
9180697
9180698
9180699
9180700
9180701
9180703
9180704
9180706
9180707
9180708
9180709
9180710
9180711
9180712
9180713
9180714
9180716
9180717
9180718
9180719
9180720
9180721
9180722
9180723
9180724
9180725
9180726
9180727
9180728
9180729
9180730
9180731
9180732
9180733
9180734
9180735
9180736
9180737
9180738
9180739
9180740
9180741
9180742
9180743
9180744
9180745
9180746
9180747
9180748
9180749
9180750
9180751
9180752
9180753
9180754
9180755
9180756
9180757
9180758
9180759
9180761
9180762
9180763
9180764
9180765
9180768
9180769
9180770
9180771
9180772
9180773
9180774
9180775
9180776
9180777
9180778
9180779
9180780
9180781
9180782
9180783
9180785
9180786
9180788
9180789
9180790
9180791
9180792
9180793
9180794
9180795
9180796
9180797
9180798
9180799
9180800
9180801
9180802
9180803
9180804
9180805
9180806
9180807
9180808
9180809
9180810
9180811
9180812
9180813
9180814
9180815
9180816
9180817
9180818
9180819
9180820
9180821
9180822
9180824
9180825
9180826
9180827
9180829
9180830
9180831
9180832
9180833
9180834
9180835
9180836
9180838
9180840
9180841
9180842
9180843
9180844
9180845
9180846
9180847
9180848
9180849
9180850
9180851
9180852
9180853
9180854
9180855
9180856
9180857
9180858
9180859
9180860
9180863
9180864
9180865
9180866
9180867
9180869
9180870
9180871
9180872
9180874
9180875
9180876
9180877
9180878
9180879
9180880
9180881
9180882
9180883
9180884
9180885
9180886
9180887
9180888
9180889
9180890
9180891
9180892
9180893
9180894
9180895
9180896
9180899
9180900
9180901
9180902
9180903
9180904
9180905
9180906
9180907
9180908
9180909
9180910
9180911
9180912
9180913
9180914
9180915
9180918
9180919
9180920
9180921
9180923
9180924
9180925
9180927
9180928
9180929
9180930
9180931
9180932
9180933
9180934
9180935
9180936
9180937
9180940
9180941
9180942
9180943
9180944
9180945
9180947
9180949
9180950
9180951
9180952
9180953
9180954
9180955
9180956
9180958
9180959
9180960
9180961
9180962
9180963
9180964
9180965
9180966
9180968
9180969
9180972
9180973
9180974
9180975
9180977
9180978
9180979
9180980
9180981
9180983
9180984
9180985
9180986
9180987
9180988
9180990
9180991
9180993
9180994
9180996
9180997
9180998
9180999
9181000
9181001
9181002
9181003
9181004
9181005
9181006
9181007
9181008
9181009
9181011
9181012
9181013
9181014
9181016
9181017
9181018
9181019
9181021
9181022
9181023
9181025
9181026
9181027
9181029
9181030
9181031
9181032
9181033
9181034
9181035
9181036
9181038
9181039
9181040
9181041
9181043
9181045
9181046
9181047
9181048
9181049
9181050
9181051
9181052
9181053
9181055
9181056
9181057
9181058
9181059
9181060
9181061
9181062
9181063
9181064
9181065
9181066
9181067
9181068
9181069
9181070
9181071
9181072
9181073
9181074
9181075
9181076
9181077
9181078
9181079
9181080
9181082
9181083
9181084
9181086
9181087
9181088
9181089
9181091
9181092
9181093
9181094
9181095
9181096
9181097
9181098
9181099
9181100
9181101
9181102
9181103
9181104
9181105
9181106
9181107
9181108
9181109
9181110
9181111
9181112
9181113
9181114
9181115
9181117
9181119
9181120
9181121
9181122
9181123
9181124
9181125
9181126
9181127
9181128
9181130
9181132
9181133
9181134
9181135
9181136
9181137
9181140
9181141
9181142
9181144
9181145
9181146
9181147
9181148
9181149
9181150
9181151
9181152
9181153
9181154
9181155
9181156
9181158
9181159
9181160
9181161
9181162
9181163
9181164
9181165
9181166
9181167
9181168
9181169
9181170
9181171
9181172
9181173
9181174
9181175
9181176
9181177
9181178
9181179
9181180
9181181
9181182
9181183
9181184
9181185
9181186
9181187
9181188
9181190
9181191
9181192
9181193
9181194
9181195
9181196
9181197
9181198
9181199
9181200
9181201
9181202
9181203
9181204
9181205
9181206
9181207
9181208
9181210
9181211
9181212
9181214
9181215
9181216
9181217
9181218
9181219
9181220
9181221
9181222
9181223
9181224
9181226
9181227
9181228
9181229
9181231
9181232
9181233
9181234
9181235
9181236
9181237
9181238
9181239
9181240
9181241
9181242
9181243
9181244
9181245
9181246
9181247
9181248
9181250
9181251
9181252
9181253
9181254
9181255
9181256
9181257
9181258
9181259
9181260
9181261
9181262
9181264
9181265
9181266
9181267
9181268
9181269
9181270
9181271
9181272
9181273
9181274
9181275
9181276
9181277
9181278
9181279
9181280
9181281
9181282
9181283
9181284
9181285
9181286
9181287
9181288
9181290
9181291
9181292
9181293
9181294
9181295
9181296
9181297
9181298
9181299
9181300
9181301
9181302
9181303
9181304
9181306
9181307
9181308
9181310
9181311
9181312
9181313
9181314
9181316
9181317
9181318
9181319
9181320
9181322
9181323
9181325
9181326
9181327
9181328
9181329
9181332
9181333
9181334
9181335
9181336
9181337
9181338
9181339
9181340
9181341
9181342
9181343
9181344
9181345
9181346
9181347
9181348
9181349
9181350
9181351
9181352
9181353
9181354
9181355
9181356
9181357
9181358
9181359
9181360
9181361
9181362
9181363
9181364
9181365
9181366
9181367
9181368
9181370
9181371
9181373
9181375
9181376
9181377
9181378
9181379
9181380
9181381
9181382
9181383
9181384
9181385
9181386
9181387
9181388
9181389
9181390
9181391
9181392
9181393
9181395
9181396
9181397
9181398
9181399
9181400
9181401
9181402
9181403
9181404
9181405
9181406
9181407
9181408
9181409
9181410
9181411
9181412
9181413
9181414
9181416
9181417
9181418
9181419
9181421
9181422
9181423
9181425
9181426
9181428
9181429
9181431
9181432
9181433
9181434
9181435
9181436
9181438
9181439
9181440
9181441
9181442
9181443
9181444
9181445
9181446
9181447
9181448
9181449
9181450
9181451
9181452
9181453
9181454
9181455
9181456
9181457
9181458
9181459
9181460
9181462
9181463
9181464
9181465
9181467
9181468
9181470
9181471
9181472
9181473
9181474
9181476
9181477
9181478
9181479
9181480
9181481
9181482
9181483
9181484
9181485
9181486
9181487
9181489
9181490
9181491
9181492
9181493
9181494
9181496
9181497
9181498
9181499
9181500
9181501
9181502
9181503
9181504
9181505
9181506
9181507
9181508
9181509
9181511
9181512
9181513
9181514
9181515
9181516
9181517
9181518
9181519
9181520
9181521
9181522
9181523
9181524
9181525
9181526
9181528
9181529
9181530
9181531
9181532
9181534
9181535
9181536
9181537
9181539
9181541
9181542
9181543
9181544
9181545
9181546
9181548
9181549
9181550
9181551
9181553
9181554
9181555
9181556
9181557
9181558
9181560
9181562
9181563
9181564
9181565
9181569
9181571
9181572
9181573
9181574
9181575
9181576
9181577
9181578
9181579
9181580
9181581
9181582
9181583
9181585
9181586
9181587
9181588
9181589
9181590
9181591
9181592
9181593
9181594
9181595
9181596
9181597
9181598
9181599
9181600
9181602
9181603
9181605
9181606
9181607
9181608
9181609
9181610
9181611
9181612
9181613
9181614
9181615
9181616
9181617
9181618
9181619
9181620
9181621
9181622
9181623
9181624
9181626
9181627
9181628
9181629
9181630
9181631
9181632
9181634
9181635
9181637
9181638
9181639
9181640
9181641
9181642
9181644
9181645
9181646
9181647
9181648
9181649
9181651
9181652
9181653
9181655
9181657
9181658
9181659
9181660
9181661
9181662
9181663
9181664
9181665
9181666
9181668
9181669
9181671
9181672
9181673
9181674
9181675
9181676
9181678
9181679
9181680
9181681
9181682
9181683
9181684
9181686
9181687
9181688
9181690
9181691
9181692
9181694
9181695
9181696
9181697
9181698
9181699
9181700
9181701
9181702
9181703
9181704
9181706
9181708
9181709
9181710
9181711
9181712
9181713
9181714
9181716
9181717
9181718
9181719
9181720
9181721
9181722
9181723
9181724
9181725
9181726
9181727
9181728
9181729
9181730
9181731
9181732
9181733
9181734
9181735
9181736
9181737
9181738
9181739
9181740
9181741
9181742
9181743
9181744
9181745
9181746
9181747
9181748
9181749
9181750
9181751
9181752
9181753
9181755
9181756
9181757
9181758
9181759
9181760
9181761
9181762
9181763
9181764
9181765
9181766
9181767
9181768
9181769
9181770
9181771
9181772
9181773
9181774
9181775
9181776
9181778
9181779
9181780
9181781
9181782
9181783
9181785
9181786
9181787
9181788
9181789
9181790
9181791
9181792
9181793
9181794
9181795
9181796
9181798
9181799
9181800
9181801
9181802
9181803
9181804
9181805
9181807
9181808
9181810
9181811
9181812
9181813
9181814
9181815
9181816
9181818
9181819
9181820
9181821
9181823
9181824
9181825
9181826
9181827
9181828
9181829
9181831
9181832
9181833
9181835
9181836
9181837
9181838
9181840
9181842
9181843
9181844
9181845
9181846
9181847
9181848
9181849
9181851
9181852
9181853
9181855
9181856
9181858
9181859
9181860
9181861
9181862
9181863
9181864
9181865
9181867
9181868
9181869
9181870
9181871
9181872
9181873
9181874
9181875
9181876
9181877
9181878
9181879
9181880
9181881
9181882
9181883
9181886
9181888
9181889
9181890
9181891
9181892
9181894
9181895
9181896
9181897
9181898
9181899
9181900
9181901
9181902
9181903
9181904
9181905
9181906
9181907
9181908
9181909
9181910
9181911
9181912
9181913
9181914
9181915
9181916
9181917
9181918
9181919
9181921
9181923
9181924
9181925
9181926
9181927
9181928
9181929
9181931
9181933
9181934
9181936
9181937
9181938
9181939
9181942
9181943
9181944
9181946
9181947
9181948
9181949
9181950
9181951
9181952
9181953
9181954
9181955
9181956
9181957
9181958
9181959
9181960
9181961
9181963
9181964
9181965
9181966
9181967
9181968
9181969
9181970
9181971
9181972
9181973
9181974
9181975
9181976
9181977
9181979
9181980
9181981
9181982
9181983
9181985
9181986
9181987
9181989
9181990
9181991
9181992
9181995
9181996
9181997
9181998
9181999
9182000
9182001
9182002
9182003
9182004
9182005
9182006
9182007
9182008
9182009
9182010
9182011
9182012
9182013
9182014
9182015
9182016
9182018
9182019
9182020
9182021
9182022
9182023
9182024
9182025
9182026
9182027
9182028
9182029
9182030
9182031
9182032
9182033
9182034
9182035
9182036
9182038
9182039
9182040
9182041
9182042
9182043
9182044
9182045
9182046
9182047
9182048
9182049
9182050
9182051
9182052
9182053
9182054
9182055
9182056
9182057
9182058
9182059
9182061
9182063
9182064
9182066
9182067
9182069
9182070
9182072
9182073
9182074
9182075
9182076
9182077
9182078
9182079
9182080
9182081
9182082
9182084
9182085
9182086
9182087
9182089
9182090
9182091
9182093
9182094
9182095
9182097
9182098
9182099
9182100
9182101
9182102
9182103
9182104
9182105
9182106
9182107
9182108
9182109
9182110
9182112
9182113
9182114
9182115
9182116
9182117
9182118
9182120
9182122
9182123
9182124
9182125
9182126
9182127
9182128
9182129
9182130
9182131
9182132
9182133
9182134
9182135
9182136
9182137
9182138
9182139
9182140
9182141
9182142
9182143
9182144
9182145
9182146
9182148
9182149
9182150
9182151
9182152
9182153
9182154
9182156
9182157
9182158
9182159
9182160
9182162
9182163
9182164
9182165
9182166
9182167
9182169
9182170
9182171
9182172
9182173
9182174
9182175
9182176
9182177
9182178
9182179
9182180
9182181
9182182
9182183
9182184
9182185
9182186
9182187
9182188
9182189
9182190
9182192
9182194
9182196
9182198
9182200
9182201
9182202
9182203
9182204
9182205
9182206
9182207
9182208
9182210
9182211
9182212
9182213
9182215
9182216
9182217
9182218
9182219
9182220
9182221
9182222
9182223
9182224
9182225
9182226
9182227
9182229
9182230
9182231
9182232
9182233
9182234
9182236
9182237
9182238
9182239
9182240
9182241
9182243
9182245
9182246
9182247
9182248
9182249
9182251
9182253
9182254
9182256
9182257
9182258
9182259
9182260
9182261
9182262
9182263
9182264
9182265
9182266
9182267
9182269
9182270
9182272
9182273
9182274
9182275
9182276
9182277
9182278
9182279
9182280
9182281
9182282
9182283
9182284
9182285
9182286
9182288
9182289
9182290
9182291
9182292
9182293
9182294
9182295
9182297
9182298
9182299
9182301
9182304
9182306
9182307
9182308
9182309
9182311
9182312
9182313
9182314
9182316
9182317
9182318
9182319
9182322
9182324
9182325
9182326
9182327
9182328
9182331
9182332
9182333
9182335
9182336
9182337
9182338
9182339
9182340
9182342
9182343
9182344
9182346
9182347
9182348
9182349
9182350
9182351
9182352
9182353
9182354
9182355
9182356
9182357
9182358
9182359
9182360
9182361
9182362
9182364
9182365
9182366
9182367
9182368
9182369
9182370
9182372
9182373
9182374
9182375
9182377
9182378
9182379
9182380
9182381
9182382
9182383
9182384
9182385
9182386
9182387
9182388
9182389
9182390
9182391
9182392
9182393
9182394
9182395
9182396
9182397
9182400
9182401
9182402
9182403
9182404
9182405
9182406
9182407
9182409
9182410
9182411
9182413
9182414
9182415
9182416
9182417
9182418
9182419
9182420
9182421
9182422
9182423
9182425
9182426
9182427
9182428
9182429
9182431
9182432
9182433
9182434
9182435
9182436
9182438
9182439
9182440
9182441
9182442
9182443
9182444
9182445
9182446
9182447
9182448
9182450
9182451
9182452
9182453
9182454
9182455
9182456
9182457
9182458
9182459
9182460
9182462
9182463
9182464
9182466
9182467
9182470
9182472
9182474
9182475
9182476
9182477
9182478
9182480
9182481
9182483
9182484
9182485
9182487
9182488
9182490
9182492
9182493
9182495
9182497
9182498
9182502
9182504
9182505
9182506
9182507
9182508
9182509
9182510
9182511
9182512
9182513
9182514
9182515
9182517
9182518
9182519
9182520
9182521
9182522
9182523
9182526
9182527
9182528
9182529
9182530
9182532
9182533
9182534
9182535
9182536
9182537
9182538
9182539
9182540
9182541
9182542
9182543
9182545
9182546
9182547
9182548
9182549
9182550
9182551
9182552
9182554
9182557
9182558
9182559
9182560
9182562
9182563
9182564
9182565
9182566
9182567
9182569
9182570
9182571
9182572
9182573
9182574
9182575
9182576
9182577
9182578
9182579
9182580
9182581
9182582
9182583
9182584
9182585
9182586
9182587
9182588
9182589
9182591
9182592
9182593
9182594
9182595
9182596
9182597
9182598
9182600
9182601
9182602
9182603
9182604
9182605
9182607
9182609
9182610
9182611
9182612
9182613
9182614
9182615
9182616
9182617
9182618
9182619
9182620
9182621
9182622
9182624
9182625
9182626
9182627
9182628
9182629
9182630
9182631
9182632
9182633
9182634
9182635
9182636
9182637
9182638
9182639
9182641
9182642
9182643
9182644
9182645
9182646
9182647
9182648
9182649
9182650
9182652
9182653
9182654
9182655
9182656
9182658
9182659
9182660
9182661
9182663
9182664
9182665
9182666
9182667
9182668
9182669
9182670
9182671
9182672
9182673
9182674
9182675
9182676
9182677
9182679
9182680
9182681
9182683
9182684
9182685
9182686
9182687
9182688
9182689
9182690
9182691
9182692
9182693
9182694
9182695
9182696
9182697
9182698
9182699
9182700
9182701
9182703
9182704
9182705
9182706
9182707
9182708
9182709
9182710
9182711
9182713
9182714
9182715
9182716
9182717
9182718
9182719
9182720
9182721
9182722
9182723
9182724
9182725
9182726
9182727
9182729
9182730
9182731
9182732
9182733
9182734
9182735
9182736
9182737
9182739
9182740
9182741
9182742
9182743
9182746
9182747
9182748
9182749
9182750
9182751
9182752
9182753
9182754
9182755
9182757
9182758
9182759
9182760
9182761
9182762
9182764
9182766
9182767
9182769
9182770
9182771
9182772
9182773
9182774
9182775
9182777
9182778
9182779
9182780
9182781
9182782
9182783
9182784
9182785
9182787
9182788
9182789
9182790
9182791
9182792
9182793
9182794
9182795
9182796
9182798
9182799
9182800
9182801
9182802
9182803
9182804
9182805
9182806
9182807
9182808
9182811
9182813
9182814
9182815
9182816
9182818
9182819
9182820
9182821
9182822
9182823
9182824
9182826
9182827
9182828
9182829
9182830
9182831
9182832
9182833
9182834
9182835
9182836
9182837
9182838
9182839
9182840
9182841
9182842
9182843
9182845
9182846
9182847
9182848
9182849
9182850
9182851
9182852
9182854
9182855
9182856
9182857
9182858
9182859
9182860
9182862
9182863
9182864
9182865
9182866
9182867
9182869
9182870
9182872
9182873
9182874
9182875
9182876
9182877
9182878
9182879
9182881
9182882
9182883
9182884
9182885
9182886
9182887
9182889
9182890
9182891
9182892
9182894
9182895
9182896
9182897
9182898
9182899
9182900
9182901
9182902
9182903
9182904
9182905
9182906
9182907
9182908
9182909
9182910
9182911
9182912
9182913
9182914
9182915
9182916
9182917
9182918
9182919
9182920
9182921
9182922
9182923
9182924
9182925
9182926
9182927
9182929
9182930
9182931
9182932
9182933
9182934
9182935
9182936
9182937
9182938
9182939
9182940
9182941
9182942
9182943
9182944
9182945
9182946
9182947
9182948
9182949
9182950
9182951
9182952
9182953
9182954
9182956
9182957
9182958
9182959
9182960
9182961
9182962
9182963
9182964
9182965
9182966
9182967
9182968
9182969
9182970
9182971
9182972
9182973
9182974
9182975
9182976
9182977
9182978
9182980
9182981
9182982
9182983
9182984
9182986
9182987
9182988
9182989
9182990
9182991
9182992
9182993
9182994
9182995
9182996
9182997
9182998
9182999
9183000
9183001
9183003
9183004
9183005
9183006
9183007
9183008
9183009
9183010
9183011
9183012
9183013
9183014
9183016
9183017
9183018
9183019
9183020
9183021
9183022
9183023
9183024
9183025
9183026
9183027
9183028
9183029
9183030
9183031
9183032
9183033
9183034
9183035
9183036
9183037
9183038
9183039
9183041
9183042
9183043
9183044
9183045
9183046
9183047
9183048
9183049
9183050
9183051
9183052
9183053
9183054
9183055
9183057
9183058
9183059
9183060
9183061
9183062
9183065
9183066
9183067
9183068
9183069
9183070
9183071
9183072
9183073
9183075
9183076
9183077
9183078
9183079
9183080
9183081
9183082
9183083
9183084
9183085
9183087
9183088
9183089
9183090
9183091
9183093
9183094
9183095
9183096
9183097
9183098
9183099
9183100
9183101
9183102
9183103
9183105
9183107
9183108
9183109
9183110
9183111
9183113
9183115
9183116
9183117
9183118
9183119
9183120
9183122
9183123
9183124
9183125
9183126
9183127
9183128
9183129
9183130
9183131
9183132
9183133
9183134
9183135
9183136
9183137
9183138
9183139
9183141
9183142
9183143
9183144
9183145
9183146
9183147
9183148
9183149
9183150
9183151
9183152
9183153
9183154
9183155
9183156
9183157
9183158
9183159
9183160
9183161
9183162
9183163
9183164
9183165
9183166
9183167
9183168
9183169
9183170
9183171
9183172
9183173
9183174
9183176
9183177
9183178
9183179
9183180
9183181
9183182
9183183
9183184
9183185
9183186
9183187
9183188
9183189
9183190
9183191
9183192
9183193
9183194
9183195
9183196
9183197
9183198
9183199
9183200
9183201
9183202
9183203
9183204
9183205
9183206
9183207
9183208
9183209
9183210
9183212
9183214
9183215
9183216
9183217
9183218
9183219
9183220
9183221
9183222
9183224
9183225
9183226
9183227
9183229
9183230
9183231
9183232
9183233
9183234
9183235
9183236
9183237
9183239
9183240
9183241
9183242
9183243
9183244
9183245
9183246
9183247
9183248
9183249
9183250
9183251
9183252
9183253
9183254
9183255
9183256
9183257
9183258
9183259
9183261
9183262
9183263
9183264
9183265
9183266
9183267
9183269
9183270
9183271
9183273
9183274
9183275
9183276
9183277
9183278
9183280
9183282
9183283
9183284
9183286
9183287
9183288
9183289
9183290
9183291
9183292
9183293
9183295
9183296
9183299
9183300
9183301
9183302
9183303
9183304
9183305
9183306
9183307
9183310
9183311
9183312
9183314
9183315
9183316
9183317
9183321
9183322
9183324
9183325
9183326
9183327
9183328
9183329
9183330
9183331
9183332
9183333
9183335
9183336
9183338
9183339
9183340
9183342
9183344
9183345
9183347
9183348
9183351
9183352
9183355
9183356
9183358
9183361
9183363
9183364
9183365
9183366
9183367
9183368
9183370
9183372
9183373
9183375
9183376
9183377
9183378
9183379
9183380
9183381
9183382
9183383
9183384
9183387
9183388
9183389
9183390
9183391
9183393
9183394
9183395
9183396
9183397
9183398
9183399
9183400
9183401
9183402
9183403
9183404
9183405
9183406
9183407
9183409
9183410
9183411
9183413
9183414
9183415
9183416
9183417
9183418
9183419
9183420
9183422
9183423
9183424
9183425
9183427
9183428
9183429
9183430
9183431
9183432
9183434
9183435
9183437
9183438
9183439
9183440