8969622
8969624
8969625
8969626
8969628
8969630
8969631
8969632
8969633
8969634
8969635
8969636
8969637
8969638
8969639
8969640
8969641
8969642
8969643
8969644
8969645
8969646
8969647
8969648
8969649
8969650
8969651
8969652
8969653
8969654
8969655
8969656
8969657
8969658
8969659
8969660
8969661
8969662
8969663
8969664
8969665
8969666
8969667
8969668
8969669
8969670
8969671
8969672
8969673
8969674
8969675
8969676
8969677
8969678
8969679
8969680
8969681
8969682
8969683
8969684
8969685
8969686
8969687
8969688
8969689
8969690
8969691
8969693
8969694
8969695
8969696
8969697
8969698
8969699
8969700
8969701
8969702
8969703
8969705
8969706
8969707
8969708
8969710
8969712
8969715
8969716
8969717
8969718
8969719
8969720
8969721
8969724
8969725
8969727
8969729
8969730
8969731
8969732
8969733
8969734
8969735
8969736
8969738
8969739
8969740
8969741
8969742
8969743
8969744
8969745
8969746
8969748
8969749
8969750
8969751
8969752
8969753
8969754
8969755
8969756
8969762
8969763
8969764
8969765
8969766
8969767
8969768
8969769
8969770
8969771
8969772
8969774
8969775
8969776
8969777
8969778
8969779
8969780
8969781
8969782
8969783
8969784
8969785
8969786
8969787
8969788
8969789
8969790
8969791
8969792
8969793
8969794
8969795
8969796
8969797
8969798
8969799
8969800
8969801
8969802
8969803
8969804
8969805
8969806
8969807
8969810
8969811
8969813
8969814
8969815
8969816
8969817
8969819
8969820
8969822
8969823
8969824
8969825
8969827
8969828
8969829
8969830
8969831
8969832
8969833
8969834
8969835
8969837
8969838
8969839
8969840
8969841
8969842
8969843
8969844
8969845
8969846
8969847
8969848
8969850
8969851
8969852
8969853
8969854
8969855
8969856
8969859
8969860
8969861
8969863
8969864
8969865
8969866
8969867
8969868
8969869
8969870
8969871
8969872
8969873
8969874
8969875
8969876
8969877
8969878
8969879
8969882
8969883
8969884
8969885
8969886
8969887
8969888
8969889
8969890
8969892
8969893
8969894
8969895
8969896
8969897
8969898
8969899
8969900
8969901
8969903
8969904
8969905
8969906
8969907
8969908
8969909
8969910
8969911
8969912
8969913
8969914
8969915
8969916
8969917
8969918
8969919
8969920
8969921
8969922
8969923
8969924
8969925
8969926
8969927
8969928
8969929
8969930
8969931
8969932
8969933
8969934
8969935
8969936
8969937
8969938
8969939
8969940
8969941
8969942
8969943
8969944
8969945
8969947
8969948
8969949
8969950
8969951
8969952
8969953
8969954
8969955
8969956
8969957
8969958
8969959
8969960
8969961
8969962
8969964
8969965
8969966
8969967
8969968
8969969
8969970
8969971
8969972
8969973
8969975
8969977
8969978
8969979
8969980
8969981
8969982
8969984
8969985
8969987
8969988
8969990
8969991
8969992
8969993
8969994
8969995
8969996
8969997
8969999
8970000
8970002
8970003
8970004
8970005
8970006
8970007
8970008
8970009
8970010
8970011
8970014
8970015
8970017
8970018
8970019
8970021
8970022
8970023
8970025
8970026
8970027
8970028
8970029
8970030
8970031
8970032
8970033
8970034
8970035
8970036
8970037
8970038
8970039
8970041
8970042
8970043
8970044
8970045
8970046
8970047
8970048
8970049
8970051
8970052
8970053
8970054
8970055
8970056
8970057
8970058
8970059
8970060
8970061
8970062
8970063
8970064
8970065
8970066
8970067
8970068
8970069
8970070
8970071
8970073
8970074
8970075
8970076
8970077
8970078
8970080
8970081
8970082
8970083
8970084
8970086
8970088
8970089
8970090
8970091
8970092
8970093
8970094
8970095
8970096
8970097
8970098
8970100
8970101
8970104
8970105
8970106
8970107
8970108
8970110
8970111
8970112
8970113
8970114
8970115
8970116
8970119
8970120
8970121
8970122
8970123
8970124
8970125
8970126
8970127
8970128
8970131
8970132
8970134
8970135
8970136
8970137
8970138
8970139
8970140
8970141
8970142
8970143
8970145
8970146
8970147
8970148
8970149
8970150
8970151
8970152
8970153
8970154
8970155
8970156
8970157
8970158
8970159
8970160
8970161
8970162
8970163
8970164
8970165
8970166
8970167
8970168
8970170
8970171
8970172
8970173
8970174
8970176
8970177
8970178
8970179
8970180
8970181
8970183
8970184
8970185
8970186
8970187
8970189
8970190
8970191
8970192
8970193
8970194
8970195
8970196
8970197
8970198
8970199
8970200
8970201
8970202
8970203
8970204
8970205
8970206
8970207
8970208
8970209
8970211
8970212
8970213
8970214
8970215
8970216
8970217
8970218
8970219
8970220
8970221
8970225
8970226
8970227
8970230
8970231
8970232
8970233
8970234
8970235
8970236
8970237
8970238
8970239
8970242
8970244
8970245
8970246
8970247
8970248
8970249
8970250
8970251
8970252
8970253
8970257
8970259
8970260
8970261
8970262
8970263
8970264
8970265
8970266
8970267
8970268
8970269
8970270
8970272
8970273
8970274
8970275
8970276
8970278
8970279
8970280
8970281
8970282
8970283
8970284
8970285
8970286
8970287
8970289
8970290
8970291
8970292
8970293
8970294
8970295
8970296
8970297
8970298
8970299
8970300
8970301
8970302
8970304
8970305
8970306
8970307
8970308
8970309
8970311
8970312
8970313
8970314
8970315
8970316
8970318
8970319
8970320
8970322
8970323
8970324
8970325
8970326
8970327
8970329
8970330
8970331
8970332
8970333
8970334
8970335
8970336
8970337
8970338
8970339
8970340
8970341
8970342
8970343
8970345
8970346
8970347
8970348
8970349
8970350
8970351
8970353
8970354
8970355
8970356
8970357
8970358
8970359
8970361
8970363
8970364
8970365
8970366
8970367
8970369
8970370
8970371
8970372
8970373
8970374
8970375
8970377
8970378
8970379
8970380
8970381
8970382
8970383
8970384
8970386
8970387
8970388
8970389
8970390
8970392
8970393
8970394
8970395
8970398
8970399
8970400
8970401
8970402
8970404
8970406
8970407
8970408
8970409
8970410
8970411
8970412
8970413
8970415
8970416
8970417
8970418
8970419
8970420
8970421
8970422
8970423
8970425
8970426
8970427
8970428
8970429
8970430
8970431
8970432
8970434
8970435
8970436
8970437
8970438
8970439
8970440
8970441
8970442
8970443
8970446
8970447
8970448
8970449
8970450
8970451
8970453
8970454
8970456
8970457
8970458
8970460
8970461
8970462
8970463
8970464
8970465
8970466
8970467
8970468
8970472
8970473
8970474
8970475
8970476
8970477
8970479
8970480
8970481
8970482
8970483
8970484
8970485
8970486
8970487
8970490
8970491
8970492
8970493
8970494
8970495
8970496
8970497
8970498
8970499
8970501
8970502
8970503
8970504
8970505
8970506
8970507
8970508
8970509
8970510
8970511
8970512
8970513
8970514
8970517
8970518
8970519
8970520
8970521
8970522
8970523
8970524
8970525
8970526
8970527
8970529
8970530
8970531
8970532
8970533
8970534
8970535
8970536
8970537
8970538
8970539
8970540
8970541
8970542
8970543
8970544
8970545
8970546
8970547
8970548
8970549
8970550
8970551
8970552
8970553
8970555
8970556
8970557
8970558
8970559
8970560
8970562
8970563
8970565
8970567
8970568
8970570
8970571
8970572
8970573
8970574
8970575
8970577
8970579
8970580
8970581
8970582
8970583
8970584
8970586
8970587
8970588
8970589
8970590
8970591
8970592
8970593
8970594
8970595
8970596
8970597
8970598
8970599
8970600
8970601
8970602
8970603
8970604
8970605
8970606
8970608
8970610
8970611
8970613
8970614
8970615
8970616
8970617
8970618
8970619
8970621
8970622
8970623
8970624
8970625
8970626
8970627
8970628
8970629
8970631
8970632
8970633
8970635
8970636
8970637
8970638
8970639
8970640
8970641
8970643
8970645
8970646
8970647
8970652
8970653
8970654
8970655
8970656
8970658
8970659
8970660
8970661
8970662
8970665
8970666
8970668
8970669
8970670
8970671
8970672
8970673
8970674
8970675
8970676
8970677
8970679
8970680
8970682
8970683
8970685
8970686
8970687
8970688
8970689
8970690
8970691
8970692
8970693
8970694
8970695
8970696
8970697
8970698
8970699
8970700
8970701
8970702
8970703
8970704
8970706
8970707
8970708
8970709
8970710
8970711
8970713
8970715
8970716
8970717
8970718
8970719
8970720
8970721
8970723
8970724
8970725
8970726
8970728
8970729
8970731
8970732
8970733
8970734
8970736
8970737
8970739
8970742
8970744
8970745
8970746
8970749
8970750
8970751
8970752
8970754
8970757
8970759
8970760
8970761
8970762
8970763
8970764
8970765
8970766
8970768
8970769
8970770
8970771
8970773
8970774
8970775
8970778
8970779
8970780
8970781
8970782
8970783
8970784
8970785
8970786
8970787
8970788
8970789
8970790
8970791
8970792
8970793
8970794
8970795
8970796
8970797
8970798
8970800
8970804
8970805
8970806
8970808
8970809
8970810
8970812
8970813
8970814
8970815
8970816
8970817
8970818
8970820
8970821
8970822
8970823
8970824
8970826
8970827
8970829
8970830
8970832
8970834
8970835
8970836
8970837
8970838
8970839
8970840
8970841
8970842
8970843
8970844
8970845
8970847
8970848
8970849
8970850
8970851
8970852
8970854
8970856
8970857
8970859
8970860
8970861
8970862
8970863
8970864
8970865
8970867
8970869
8970870
8970871
8970872
8970873
8970874
8970876
8970877
8970878
8970879
8970880
8970882
8970883
8970884
8970885
8970886
8970887
8970889
8970890
8970891
8970892
8970893
8970894
8970895
8970896
8970897
8970898
8970899
8970900
8970901
8970902
8970903
8970904
8970905
8970906
8970907
8970908
8970912
8970913
8970914
8970915
8970916
8970917
8970918
8970919
8970920
8970921
8970923
8970924
8970925
8970926
8970930
8970931
8970933
8970934
8970935
8970937
8970938
8970939
8970941
8970942
8970943
8970945
8970946
8970947
8970948
8970950
8970951
8970952
8970953
8970955
8970956
8970958
8970959
8970960
8970961
8970962
8970963
8970965
8970966
8970967
8970968
8970969
8970970
8970972
8970973
8970974
8970975
8970976
8970977
8970978
8970979
8970980
8970982
8970983
8970984
8970985
8970987
8970988
8970989
8970990
8970991
8970993
8970994
8970995
8970996
8970997
8970999
8971001
8971002
8971003
8971004
8971005
8971006
8971007
8971008
8971009
8971010
8971014
8971015
8971017
8971018
8971019
8971021
8971022
8971023
8971024
8971025
8971027
8971028
8971029
8971030
8971032
8971033
8971034
8971035
8971036
8971037
8971038
8971039
8971042
8971043
8971044
8971045
8971047
8971048
8971049
8971052
8971053
8971054
8971057
8971058
8971060
8971061
8971062
8971063
8971064
8971065
8971066
8971067
8971068
8971069
8971070
8971071
8971072
8971073
8971074
8971076
8971077
8971078
8971079
8971080
8971082
8971083
8971087
8971089
8971090
8971092
8971095
8971096
8971098
8971100
8971101
8971102
8971103
8971104
8971106
8971107
8971108
8971110
8971111
8971112
8971113
8971114
8971115
8971116
8971117
8971118
8971119
8971121
8971122
8971123
8971124
8971125
8971126
8971127
8971129
8971130
8971131
8971132
8971133
8971135
8971136
8971137
8971138
8971140
8971141
8971142
8971144
8971145
8971146
8971147
8971148
8971149
8971151
8971154
8971155
8971156
8971157
8971159
8971160
8971161
8971162
8971163
8971164
8971165
8971166
8971168
8971169
8971170
8971171
8971174
8971175
8971176
8971178
8971179
8971180
8971181
8971182
8971183
8971184
8971185
8971186
8971187
8971189
8971190
8971192
8971193
8971194
8971195
8971196
8971198
8971199
8971200
8971202
8971203
8971206
8971207
8971208
8971210
8971211
8971212
8971213
8971214
8971215
8971216
8971217
8971218
8971219
8971220
8971222
8971223
8971224
8971225
8971228
8971232
8971233
8971235
8971236
8971237
8971239
8971241
8971242
8971243
8971246
8971247
8971248
8971250
8971251
8971252
8971253
8971254
8971255
8971256
8971257
8971258
8971259
8971261
8971263
8971267
8971268
8971270
8971271
8971273
8971275
8971276
8971277
8971278
8971279
8971282
8971283
8971284
8971286
8971288
8971290
8971291
8971292
8971293
8971294
8971295
8971296
8971297
8971300
8971301
8971302
8971304
8971305
8971306
8971307
8971308
8971311
8971313
8971314
8971316
8971318
8971320
8971322
8971325
8971327
8971328
8971329
8971330
8971331
8971332
8971333
8971334
8971336
8971338
8971339
8971340
8971341
8971342
8971344
8971345
8971346
8971347
8971348
8971349
8971350
8971351
8971352
8971353
8971354
8971355
8971356
8971357
8971358
8971359
8971360
8971361
8971363
8971364
8971366
8971368
8971370
8971371
8971373
8971376
8971377
8971378
8971379
8971380
8971381
8971383
8971384
8971385
8971386
8971387
8971389
8971390
8971391
8971392
8971393
8971394
8971396
8971397
8971398
8971399
8971400
8971401
8971402
8971403
8971404
8971406
8971407
8971409
8971411
8971412
8971413
8971414
8971415
8971416
8971417
8971418
8971419
8971421
8971422
8971423
8971424
8971426
8971427
8971429
8971430
8971431
8971432
8971433
8971434
8971435
8971436
8971437
8971439
8971440
8971441
8971444
8971445
8971447
8971448
8971451
8971452
8971453
8971454
8971458
8971459
8971460
8971461
8971463
8971464
8971466
8971467
8971469
8971472
8971474
8971476
8971478
8971479
8971481
8971482
8971483
8971485
8971486
8971487
8971488
8971489
8971492
8971493
8971495
8971497
8971498
8971499
8971500
8971501
8971504
8971505
8971506
8971507
8971508
8971509
8971512
8971513
8971516
8971518
8971519
8971520
8971521
8971522
8971523
8971524
8971525
8971527
8971528
8971529
8971530
8971531
8971533
8971534
8971535
8971536
8971537
8971538
8971539
8971540
8971541
8971542
8971543
8971544
8971545
8971546
8971548
8971553
8971554
8971556
8971557
8971559
8971561
8971562
8971563
8971564
8971565
8971568
8971569
8971570
8971572
8971574
8971577
8971579
8971581
8971582
8971583
8971584
8971585
8971586
8971587
8971590
8971591
8971593
8971594
8971595
8971596
8971597
8971598
8971599
8971600
8971601
8971602
8971603
8971604
8971605
8971606
8971607
8971608
8971609
8971610
8971611
8971612
8971616
8971617
8971618
8971619
8971620
8971621
8971622
8971623
8971624
8971625
8971626
8971627
8971628
8971629
8971630
8971631
8971632
8971633
8971634
8971635
8971636
8971637
8971638
8971639
8971640
8971641
8971642
8971643
8971644
8971645
8971646
8971647
8971648
8971649
8971650
8971652
8971653
8971654
8971656
8971657
8971658
8971659
8971662
8971663
8971665
8971666
8971668
8971669
8971670
8971671
8971672
8971674
8971675
8971677
8971678
8971681
8971682
8971683
8971684
8971685
8971686
8971688
8971689
8971690
8971691
8971692
8971693
8971694
8971695
8971696
8971698
8971699
8971702
8971703
8971706
8971707
8971709
8971710
8971711
8971712
8971713
8971714
8971715
8971716
8971717
8971720
8971723
8971725
8971726
8971727
8971728
8971729
8971730
8971731
8971732
8971734
8971736
8971737
8971739
8971740
8971742
8971744
8971746
8971747
8971751
8971752
8971753
8971754
8971756
8971757
8971758
8971761
8971764
8971765
8971766
8971767
8971768
8971769
8971770
8971771
8971772
8971773
8971774
8971775
8971776
8971777
8971779
8971780
8971781
8971782
8971784
8971785
8971787
8971789
8971790
8971791
8971792
8971793
8971794
8971795
8971796
8971797
8971798
8971800
8971801
8971802
8971803
8971804
8971805
8971807
8971808
8971809
8971811
8971812
8971814
8971815
8971816
8971818
8971819
8971820
8971821
8971823
8971826
8971827
8971828
8971830
8971832
8971833
8971834
8971835
8971836
8971837
8971839
8971840
8971841
8971842
8971844
8971846
8971847
8971850
8971851
8971852
8971853
8971854
8971856
8971858
8971859
8971860
8971861
8971863
8971864
8971865
8971867
8971868
8971869
8971871
8971873
8971874
8971875
8971876
8971878
8971882
8971883
8971885
8971886
8971887
8971888
8971889
8971890
8971891
8971892
8971893
8971894
8971895
8971896
8971897
8971898
8971901
8971903
8971904
8971906
8971908
8971909
8971910
8971911
8971912
8971913
8971914
8971915
8971916
8971918
8971919
8971922
8971923
8971924
8971925
8971926
8971927
8971928
8971930
8971932
8971933
8971934
8971935
8971937
8971938
8971939
8971940
8971941
8971942
8971944
8971945
8971946
8971947
8971949
8971951
8971953
8971954
8971955
8971956
8971957
8971958
8971959
8971960
8971961
8971963
8971964
8971965
8971966
8971969
8971970
8971971
8971972
8971973
8971974
8971975
8971976
8971977
8971978
8971979
8971980
8971981
8971982
8971983
8971984
8971985
8971986
8971988
8971989
8971991
8971992
8971993
8971994
8971995
8971996
8971997
8971998
8971999
8972000
8972002
8972003
8972004
8972005
8972006
8972007
8972008
8972009
8972010
8972011
8972012
8972013
8972014
8972015
8972016
8972017
8972018
8972019
8972020
8972021
8972022
8972023
8972024
8972025
8972026
8972027
8972029
8972030
8972032
8972033
8972035
8972036
8972037
8972038
8972040
8972041
8972042
8972043
8972045
8972046
8972048
8972049
8972050
8972051
8972053
8972054
8972055
8972056
8972057
8972058
8972060
8972061
8972062
8972063
8972064
8972065
8972066
8972067
8972068
8972069
8972070
8972071
8972072
8972073
8972074
8972075
8972076
8972077
8972078
8972079
8972080
8972081
8972082
8972083
8972084
8972085
8972086
8972087
8972088
8972089
8972090
8972091
8972092
8972093
8972094
8972095
8972096
8972097
8972098
8972099
8972100
8972101
8972102
8972103
8972104
8972105
8972106
8972107
8972108
8972109
8972110
8972111
8972112
8972113
8972114
8972117
8972118
8972119
8972120
8972122
8972124
8972126
8972127
8972128
8972130
8972132
8972133
8972135
8972138
8972139
8972143
8972144
8972146
8972147
8972148
8972149
8972151
8972153
8972154
8972155
8972156
8972159
8972160
8972162
8972163
8972164
8972165
8972166
8972168
8972169
8972171
8972172
8972173
8972174
8972175
8972177
8972178
8972181
8972182
8972183
8972184
8972186
8972193
8972195
8972196
8972197
8972199
8972203
8972204
8972205
8972206
8972207
8972208
8972210
8972211
8972213
8972214
8972215
8972216
8972217
8972218
8972219
8972220
8972222
8972223
8972224
8972226
8972228
8972230
8972231
8972232
8972233
8972234
8972235
8972236
8972237
8972238
8972239
8972240
8972241
8972242
8972243
8972244
8972246
8972250
8972251
8972252
8972253
8972254
8972255
8972256
8972258
8972259
8972260
8972261
8972263
8972264
8972265
8972266
8972267
8972268
8972269
8972270
8972271
8972272
8972273
8972274
8972275
8972276
8972277
8972278
8972280
8972281
8972282
8972283
8972284
8972285
8972286
8972288
8972289
8972290
8972291
8972293
8972294
8972295
8972296
8972297
8972298
8972300
8972301
8972303
8972305
8972308
8972309
8972310
8972311
8972313
8972314
8972315
8972316
8972317
8972318
8972319
8972320
8972321
8972322
8972323
8972324
8972325
8972326
8972328
8972329
8972331
8972332
8972333
8972334
8972336
8972338
8972339
8972340
8972341
8972342
8972344
8972345
8972346
8972347
8972348
8972349
8972350
8972351
8972352
8972354
8972356
8972357
8972358
8972359
8972360
8972362
8972363
8972364
8972365
8972367
8972368
8972369
8972370
8972371
8972372
8972373
8972375
8972376
8972377
8972378
8972379
8972380
8972381
8972382
8972383
8972384
8972385
8972386
8972387
8972388
8972389
8972390
8972391
8972392
8972393
8972394
8972395
8972396
8972398
8972399
8972401
8972403
8972406
8972407
8972410
8972411
8972412
8972413
8972414
8972415
8972416
8972417
8972418
8972419
8972420
8972421
8972422
8972423
8972424
8972426
8972427
8972428
8972429
8972430
8972431
8972432
8972433
8972435
8972436
8972438
8972439
8972440
8972441
8972442
8972443
8972444
8972445
8972446
8972447
8972449
8972450
8972451
8972452
8972454
8972455
8972456
8972457
8972458
8972459
8972460
8972461
8972462
8972464
8972466
8972467
8972468
8972469
8972470
8972472
8972473
8972475
8972476
8972477
8972478
8972479
8972480
8972481
8972482
8972483
8972484
8972485
8972486
8972487
8972488
8972489
8972490
8972491
8972492
8972494
8972495
8972496
8972497
8972498
8972499
8972500
8972501
8972503
8972504
8972505
8972506
8972507
8972508
8972509
8972510
8972511
8972512
8972515
8972517
8972519
8972521
8972522
8972526
8972527
8972528
8972531
8972532
8972533
8972534
8972535
8972536
8972538
8972539
8972540
8972543
8972544
8972545
8972546
8972548
8972549
8972551
8972552
8972553
8972554
8972555
8972557
8972558
8972560
8972561
8972563
8972565
8972566
8972567
8972569
8972570
8972571
8972572
8972573
8972574
8972575
8972576
8972578
8972579
8972580
8972581
8972583
8972584
8972585
8972588
8972589
8972590
8972591
8972593
8972594
8972595
8972596
8972597
8972598
8972600
8972601
8972602
8972603
8972604
8972605
8972606
8972607
8972608
8972611
8972612
8972613
8972614
8972616
8972617
8972619
8972620
8972621
8972622
8972623
8972624
8972627
8972628
8972629
8972630
8972631
8972632
8972633
8972634
8972635
8972636
8972637
8972640
8972641
8972642
8972643
8972644
8972645
8972646
8972647
8972648
8972649
8972650
8972651
8972652
8972653
8972654
8972655
8972656
8972657
8972658
8972660
8972661
8972662
8972663
8972664
8972665
8972666
8972667
8972668
8972669
8972670
8972671
8972672
8972673
8972674
8972676
8972677
8972679
8972680
8972682
8972683
8972684
8972685
8972686
8972687
8972688
8972689
8972690
8972691
8972692
8972693
8972694
8972696
8972697
8972698
8972699
8972700
8972701
8972702
8972703
8972705