9943238
9943499
9941767
9941768
9941769
9941770
9941771
9941772
9941773
9941774
9941775
9941776
9941778
9941780
9941781
9941782
9941783
9941784
9941785
9941786
9941787
9941788
9941789
9941790
9941792
9941793
9941794
9941795
9941796
9941797
9941798
9941799
9941802
9941805
9941807
9941808
9941809
9941810
9941811
9941812
9941813
9941814
9941815
9941818
9941820
9941821
9941822
9941823
9941824
9941825
9941826
9941827
9941828
9941829
9941830
9941832
9941834
9941836
9941839
9941841
9941842
9941843
9941844
9941845
9941846
9941847
9941848
9941853
9941854
9941855
9941856
9941857
9941858
9941859
9941860
9941861
9941862
9941863
9941864
9941869
9941870
9941871
9941872
9941873
9941875
9941876
9941878
9941880
9941881
9941882
9941883
9941884
9941885
9941886
9941887
9941888
9941889
9941890
9941891
9941893
9941894
9941895
9941896
9941897
9941898
9941899
9941900
9941901
9941902
9941903
9941904
9941905
9941906
9941907
9941908
9941909
9941910
9941911
9941912
9941913
9941914
9941915
9941916
9941919
9941920
9941922
9941923
9941926
9941927
9941929
9941930
9941931
9941932
9941933
9941934
9941935
9941936
9941939
9941940
9941941
9941942
9941945
9941947
9941948
9941952
9941953
9941957
9941958
9941961
9941964
9941965
9941966
9941968
9941969
9941971
9941974
9941979
9941980
9941982
9941984
9941986
9941992
9941993
9941994
9941996
9941997
9942001
9942004
9942009
9942010
9942011
9942012
9942013
9942014
9942016
9942018
9942019
9942020
9942023
9942025
9942028
9942029
9942030
9942031
9942032
9942033
9942034
9942035
9942036
9942037
9942038
9942039
9942040
9942041
9942042
9942043
9942044
9942045
9942046
9942047
9942048
9942049
9942050
9942051
9942052
9942053
9942054
9942055
9942056
9942057
9942058
9942059
9942060
9942063
9942064
9942065
9942066
9942067
9942068
9942069
9942070
9942071
9942072
9942073
9942074
9942075
9942077
9942078
9942079
9942080
9942081
9942082
9942086
9942087
9942088
9942089
9942091
9942092
9942093
9942095
9942096
9942099
9942100
9942101
9942102
9942103
9942104
9942105
9942106
9942107
9942108
9942109
9942110
9942111
9942112
9942115
9942118
9942119
9942120
9942121
9942122
9942123
9942124
9942127
9942130
9942131
9942132
9942133
9942134
9942137
9942140
9942141
9942142
9942143
9942144
9942145
9942147
9942148
9942149
9942150
9942151
9942153
9942154
9942155
9942156
9942157
9942158
9942160
9942161
9942162
9942163
9942164
9942166
9942167
9942168
9942169
9942170
9942171
9942172
9942173
9942174
9942175
9942176
9942177
9942178
9942179
9942180
9942181
9942182
9942183
9942184
9942185
9942186
9942187
9942188
9942189
9942190
9942191
9942192
9942193
9942195
9942196
9942197
9942198
9942199
9942200
9942201
9942202
9942203
9942204
9942205
9942207
9942208
9942209
9942210
9942211
9942212
9942213
9942214
9942215
9942216
9942217
9942218
9942219
9942220
9942221
9942222
9942223
9942225
9942229
9942231
9942234
9942237
9942238
9942240
9942241
9942243
9942244
9942245
9942247
9942248
9942251
9942252
9942253
9942254
9942255
9942256
9942257
9942258
9942259
9942260
9942261
9942262
9942263
9942265
9942266
9942267
9942268
9942269
9942270
9942271
9942272
9942273
9942274
9942275
9942276
9942277
9942278
9942279
9942280
9942282
9942283
9942284
9942285
9942286
9942287
9942288
9942289
9942290
9942291
9942293
9942294
9942297
9942298
9942299
9942300
9942301
9942302
9942303
9942304
9942305
9942306
9942307
9942308
9942311
9942313
9942314
9942315
9942316
9942317
9942318
9942319
9942320
9942322
9942323
9942324
9942325
9942327
9942328
9942329
9942330
9942331
9942332
9942333
9942334
9942336
9942337
9942338
9942339
9942340
9942341
9942342
9942343
9942344
9942345
9942346
9942347
9942348
9942349
9942350
9942351
9942352
9942353
9942354
9942355
9942358
9942359
9942360
9942362
9942363
9942364
9942365
9942366
9942367
9942368
9942369
9942370
9942371
9942374
9942375
9942376
9942377
9942378
9942379
9942380
9942381
9942382
9942383
9942384
9942385
9942386
9942387
9942388
9942389
9942390
9942391
9942392
9942393
9942394
9942395
9942397
9942399
9942400
9942401
9942402
9942403
9942404
9942406
9942407
9942408
9942409
9942410
9942412
9942413
9942414
9942415
9942416
9942417
9942418
9942419
9942420
9942421
9942422
9942423
9942424
9942427
9942428
9942430
9942431
9942432
9942433
9942434
9942435
9942436
9942437
9942438
9942439
9942440
9942442
9942443
9942445
9942447
9942448
9942449
9942450
9942453
9942454
9942455
9942456
9942457
9942458
9942459
9942460
9942461
9942462
9942463
9942464
9942465
9942467
9942468
9942469
9942470
9942471
9942472
9942473
9942474
9942476
9942477
9942478
9942479
9942480
9942482
9942484
9942485
9942486
9942489
9942490
9942491
9942492
9942493
9942494
9942495
9942496
9942497
9942498
9942501
9942502
9942503
9942505
9942506
9942507
9942508
9942512
9942513
9942515
9942516
9942517
9942518
9942519
9942520
9942521
9942522
9942523
9942524
9942526
9942527
9942528
9942529
9942533
9942534
9942535
9942537
9942539
9942542
9942544
9942549
9942550
9942551
9942552
9942553
9942554
9942555
9942557
9942559
9942560
9942561
9942562
9942563
9942564
9942565
9942566
9942567
9942568
9942569
9942570
9942571
9942572
9942573
9942574
9942575
9942576
9942577
9942578
9942579
9942580
9942581
9942582
9942583
9942584
9942585
9942586
9942587
9942588
9942589
9942590
9942591
9942592
9942593
9942594
9942595
9942596
9942598
9942600
9942601
9942602
9942603
9942604
9942605
9942606
9942608
9942609
9942610
9942611
9942613
9942614
9942615
9942616
9942617
9942619
9942620
9942618
9942622
9942624
9942625
9942626
9942628
9942629
9942630
9942631
9942632
9942633
9942634
9942635
9942636
9942637
9942638
9942639
9942641
9942642
9942643
9942645
9942646
9942647
9942648
9942649
9942650
9942652
9942653
9942654
9942656
9942658
9942659
9942660
9942662
9942663
9942664
9942665
9942666
9942667
9942668
9942669
9942671
9942672
9942678
9942680
9942681
9942682
9942684
9942685
9942686
9942687
9942688
9942689
9942691
9942693
9942694
9942695
9942697
9942698
9942699
9942700
9942702
9942703
9942705
9942706
9942707
9942710
9942711
9942712
9942715
9942716
9942717
9942718
9942719
9942720
9942721
9942723
9942724
9942726
9942727
9942729
9942728
9942730
9942732
9942733
9942734
9942735
9942736
9942737
9942738
9942739
9942740
9942745
9942748
9942749
9942750
9942753
9942754
9942757
9942758
9942761
9942762
9942763
9942765
9942766
9942768
9942772
9942773
9942774
9942775
9942776
9942777
9942778
9942779
9942780
9942781
9942782
9942783
9942784
9942785
9942787
9942786
9942789
9942788
9942790
9942791
9942792
9942793
9942794
9942795
9942796
9942797
9942798
9942799
9942800
9942801
9942802
9942803
9942804
9942805
9942809
9942806
9942808
9942810
9942811
9942812
9942813
9942814
9942815
9942816
9942817
9942818
9942819
9942820
9942822
9942823
9942824
9942825
9942826
9942828
9942829
9942830
9942831
9942832
9942833
9942834
9942835
9942837
9942836
9942838
9942839
9942840
9942841
9942842
9942844
9942845
9942846
9942847
9942848
9942849
9942850
9942852
9942853
9942855
9942857
9942859
9942860
9942862
9942863
9942864
9942865
9942866
9942867
9942868
9942869
9942873
9942874
9942875
9942876
9942877
9942878
9942879
9942880
9942881
9942883
9942884
9942885
9942886
9942887
9942889
9942890
9942891
9942892
9942893
9942894
9942895
9942896
9942897
9942898
9942899
9942900
9942901
9942902
9942903
9942904
9942906
9942905
9942907
9942908
9942909
9942910
9942911
9942913
9942914
9942915
9942916
9942917
9942918
9942919
9942921
9942922
9942923
9942924
9942926
9942925
9942928
9942930
9942929
9942931
9942933
9942934
9942935
9942936
9942937
9942938
9942939
9942940
9942941
9942942
9942943
9942944
9942945
9942946
9942947
9942948
9942949
9942950
9942951
9942952
9942953
9942954
9942955
9942956
9942957
9942958
9942959
9942960
9942961
9942963
9942964
9942965
9942966
9942967
9942968
9942969
9942970
9942971
9942972
9942973
9942974
9942975
9942976
9942979
9942981
9942983
9942984
9942985
9942986
9942987
9942988
9942989
9942990
9942991
9942992
9942993
9942995
9942996
9942997
9942998
9942999
9943000
9943001
9943002
9943003
9943004
9943005
9943007
9943008
9943009
9943010
9943011
9943012
9943014
9943015
9943017
9943018
9943020
9943022
9943023
9943025
9943026
9943028
9943029
9943030
9943031
9943032
9943033
9943035
9943036
9943037
9943038
9943039
9943040
9943041
9943042
9943043
9943044
9943045
9943046
9943047
9943048
9943049
9943050
9943051
9943052
9943053
9943054
9943055
9943057
9943058
9943061
9943062
9943063
9943064
9943065
9943066
9943067
9943069
9943070
9943073
9943074
9943075
9943076
9943077
9943078
9943079
9943080
9943081
9943082
9943083
9943084
9943085
9943086
9943087
9943088
9943089
9943090
9943091
9943092
9943094
9943095
9943096
9943097
9943098
9943099
9943100
9943102
9943103
9943104
9943106
9943109
9943110
9943113
9943114
9943116
9943117
9943118
9943119
9943120
9943121
9943122
9943124
9943125
9943127
9943128
9943129
9943130
9943131
9943132
9943133
9943134
9943135
9943136
9943137
9943139
9943140
9943141
9943142
9943143
9943144
9943145
9943147
9943148
9943149
9943150
9943151
9943152
9943153
9943154
9943155
9943156
9943157
9943158
9943161
9943162
9943163
9943164
9943165
9943166
9943167
9943168
9943169
9943170
9943171
9943172
9943173
9943174
9943175
9943176
9943177
9943178
9943179
9943181
9943180
9943182
9943183
9943185
9943186
9943187
9943190
9943191
9943192
9943193
9943195
9943196
9943197
9943198
9943200
9943201
9943202
9943203
9943204
9943205
9943207
9943208
9943209
9943210
9943211
9943213
9943212
9943215
9943216
9943217
9943218
9943219
9943220
9943221
9943222
9943223
9943224
9943225
9943226
9943228
9943230
9943231
9943232
9943234
9943236
9943235
9943237
9943239
9943240
9943242
9943243
9943241
9943244
9943245
9943246
9943248
9943249
9943250
9943251
9943253
9943254
9943247
9943257
9943252
9943255
9943256
9943258
9943259
9943260
9943261
9943265
9943266
9943267
9943262
9943269
9943263
9943271
9943272
9943264
9943268
9943275
9943270
9943273
9943274
9943276
9943277
9943281
9943282
9943283
9943284
9943285
9943286
9943287
9943288
9943289
9943291
9943292
9943294
9943293
9943296
9943297
9943298
9943299
9943300
9943301
9943302
9943304
9943305
9943306
9943307
9943308
9943309
9943310
9943311
9943312
9943313
9943314
9943315
9943316
9943318
9943319
9943320
9943322
9943321
9943323
9943324
9943327
9943325
9943326
9943328
9943329
9943332
9943333
9943334
9943335
9943336
9943338
9943339
9943340
9943341
9943342
9943343
9943344
9943345
9943346
9943347
9943348
9943349
9943350
9943351
9943352
9943354
9943355
9943353
9943357
9943358
9943359
9943360
9943361
9943362
9943363
9943364
9943366
9943367
9943368
9943369
9943370
9943372
9943373
9943374
9943376
9943377
9943378
9943379
9943381
9943382
9943383
9943384
9943385
9943386
9943388
9943380
9943390
9943391
9943392
9943393
9943394
9943395
9943398
9943399
9943400
9943402
9943403
9943401
9943405
9943406
9943404
9943408
9943409
9943410
9943411
9943412
9943414
9943415
9943416
9943417
9943418
9943419
9943420
9943421
9943422
9943424
9943425
9943426
9943427
9943428
9943429
9943430
9943432
9943434
9943435
9943436
9943437
9943438
9943439
9943440
9943442
9943441
9943444
9943445
9943446
9943447
9943449
9943450
9943451
9943452
9943453
9943455
9943456
9943457
9943458
9943459
9943460
9943461
9943462
9943463
9943464
9943465
9943466
9943467
9943468
9943470
9943471
9943472
9943473
9943474
9943475
9943476
9943477
9943478
9943479
9943481
9943482
9943483
9943485
9943486
9943487
9943488
9943489
9943491
9943492
9943493
9943494
9943495
9943496
9943497
9943498
9943500
9943501
9943502
9943503
9943504
9943505
9943506
9943507
9943508
9943509
9943510
9943511
9943512
9943515
9943516
9943517
9943518
9943519
9943520
9943521
9943522
9943523
9943524
9943525
9943528
9943529
9943530
9943531
9943532
9943534
9943535
9943537
9943539
9943540
9943541
9943542
9943543
9943545
9943546
9943547
9943548
9943549
9943550
9943551
9943552
9943553
9943554
9943555
9943556
9943557
9943558
9943559
9943560
9943561
9943563
9943565
9943566
9943568
9943569
9943570
9943571
9943574
9943575
9943576
9943577
9943578
9943579
9943580
9943581
9943582
9943583
9943584
9943585
9943586
9943587
9943588
9943589
9943590
9943591
9943592
9943593
9943594
9943595
9943596
9943597
9943598
9943599
9943600
9943602
9943605
9943607
9943608
9943609
9943611
9943612
9943613
9943614
9943616
9943617
9943618
9943619
9943620
9943621
9943622
9943623
9943624
9943627
9943628
9943629
9943631
9943632
9943633
9943636
9943637
9943638
9943639
9943640
9943642
9943643
9943644
9943645
9943646
9943648
9943649
9943650
9943651
9943652
9943653
9943654
9943655
9943656
9943657
9943658
9943659
9943660
9943661
9943663
9943664
9943667
9943668
9943669
9943670
9943671
9943672
9943673
9943675
9943676
9943677
9943679
9943681
9943682
9943683
9943684
9943685
9943686
9943687
9943689
9943690
9943691
9943692
9943693
9943695
9943696
9943698
9943699
9943700
9943701
9943702
9943703
9943704
9943708
9943711
9943712
9943714
9943716
9943717
9943718
9943719
9943720
9943723
9943724
9943725
9943727
9943728
9943729
9943730
9943733
9943736
9943738
9943739
9943740
9943742
9943746
9943747
9943750
9943751
9943752
9943753
9943755
9943756
9943757
9943759
9943760
9943761
9943762
9943764
9943765
9943766
9943767
9943769
9943770
9943773
9943774
9943775
9943777
9943778
9943779
9943780
9943781
9943782
9943783
9943785
9943786
9943787
9943788
9943789
9943790
9943791
9943793
9943795
9943796
9943797
9943798
9943799
9943800
9943801
9943802
9943804
9943805
9943806
9943808
9943809
9943810
9943812
9943813
9943814
9943815
9943816
9943817
9943818
9943819
9943820
9943821
9943823
9943824
9943825
9943826
9943827
9943828
9943830
9943831
9943832
9943833
9943834
9943835
9943836
9943837
9943838
9943839
9943840
9943841
9943842
9943843
9943844
9943846
9943847
9943848
9943849
9943850
9943851
9943853
9943854
9943855
9943856
9943858
9943860
9943862
9943865
9943866
9943868
9943870
9943871
9943872
9943873
9943875
9943876
9943877
9943878
9943879
9943880
9943881
9943882
9943883
9943884
9943885
9943886
9943887
9943888
9943889
9943890
9943891
9943892
9943893
9943895
9943896
9943897
9943898
9943899
9943900
9943902
9943904
9943905
9943906
9943908
9943909
9943911
9943912
9943913
9943914
9943915
9943916
9943918
9943920
9943921
9943922
9943923
9943924
9943926
9943927
9943928
9943930
9943931
9943933
9943934
9943935
9943938
9943939
9943941
9943943
9943944
9943945
9943946
9943948
9943949
9943950
9943951
9943952
9943953
9943956
9943957
9943958
9943959
9943961
9943962
9943963
9943964
9943965
9943967
9943968
9943969
9943970
9943971
9943972
9943973
9943974
9943975
9943976
9943977
9943978
9943979
9943980
9943981
9943982
9943983
9943984
9943985
9943986
9943987
9943990
9943991
9943992
9943993
9943994
9943996
9943997
9943998
9943999
9944000
9944001
9944002
9944003
9944005
9944006
9944007
9944009
9944010
9944011
9944012
9944013
9944014
9944015
9944018
9944019
9944021
9944022
9944023
9944024
9944026
9944027
9944028
9944029
9944031
9944032
9944033
9944034
9944035
9944036
9944037
9944040
9944041
9944042
9944043
9944044
9944045
9944046
9944047
9944048
9944049
9944050
9944051
9944053
9944054
9944056
9944057
9944058
9944059
9944061
9944062
9944063
9944065
9944066
9944067
9944069
9944070
9944071
9944072
9944074
9944075
9944077
9944078
9944080
9944081
9944082
9944083
9944084
9944085
9944087
9944088
9944089
9944090
9944091
9944092
9944093
9944094
9944095
9944096
9944098
9944099
9944100
9944101
9944102
9944103
9944104
9944105
9944107
9944108
9944110
9944111
9944112
9944113
9944114
9944115
9944117
9944118
9944121
9944122
9944124
9944125
9944126
9944127
9944128
9944129
9944130
9944131
9944132
9944133
9944134
9944135
9944136
9944137
9944138
9944139
9944140
9944141
9944142
9944143
9944144
9944145
9944146
9944147
9944148
9944149
9944150
9944151
9944152
9944153
9944154
9944155
9944156
9944157
9944158
9944159
9944160
9944161
9944162
9944163
9944164
9944165
9944166
9944168
9944169
9944170
9944171
9944173
9944174
9944175
9944176
9944177
9944178
9944179
9944180
9944182
9944183
9944184
9944185
9944186
9944187
9944188
9944189
9944190
9944191
9944192
9944194
9944195
9944196
9944197
9944199
9944201
9944202
9944205
9944206
9944207
9944208
9944209
9944210
9944211
9944212
9944213
9944214
9944215
9944216
9944217
9944218
9944219
9944220
9944221
9944222
9944223
9944225
9944226
9944227
9944228
9944229
9944230
9944232
9944233
9944234
9944235
9944236
9944237
9944238
9944239
9944240
9944241
9944242
9944243
9944245
9944246
9944247
9944248
9944249
9944250
9944251
9944252
9944253
9944254
9944255
9944256
9944257
9944258
9944260
9944262
9944263
9944264
9944265
9944266
9944267
9944268
9944269
9944270
9944271
9944272
9944273
9944274
9944275
9944276
9944277
9944279
9944280
9944281
9944282
9944283
9944284
9944286
9944288
9944289
9944290
9944291
9944292
9944293
9944294
9944295
9944296
9944297
9944298
9944299
9944300
9944301
9944302
9944304
9944305
9944306
9944307
9944308
9944309
9944310
9944311
9944312
9944313
9944314
9944315
9944316
9944317
9944318
9944319
9944320
9944322
9944323
9944324
9944325
9944327
9944328
9944329
9944331
9944332
9944334
9944335
9944336
9944337
9944338
9944339
9944340
9944341
9944342
9944343
9944344
9944346
9944347
9944348
9944349
9944350
9944351
9944352
9944353
9944354
9944355
9944356
9944357
9944358
9944360
9944361
9944362
9944363
9944364
9944365
9944367
9944368
9944369
9944370
9944373
9944375
9944376
9944377
9944378
9944379
9944380
9944381
9944382
9944383
9944384
9944385
9944386
9944387
9944388
9944390
9944391
9944392
9944394
9944395
9944397
9944398
9944399
9944400
9944401
9944402
9944403
9944404
9944405
9944407
9944408
9944409
9944410
9944411
9944413
9944414
9944415
9944416
9944417
9944418
9944419
9944420
9944421
9944422
9944423
9944424
9944425
9944426
9944428
9944429
9944430
9944433
9944434
9944435
9944436
9944437
9944438
9944440
9944441
9944442
9944443
9944444
9944446
9944447
9944449
9944450
9944453
9944454
9944456
9944457
9944458
9944459
9944460
9944461
9944462
9944463
9944464
9944465
9944466
9944467
9944468
9944469
9944470
9944471
9944472
9944474
9944475
9944476
9944477
9944478
9944480
9944481
9944482
9944484
9944486
9944487
9944488
9944489
9944490
9944491
9944492
9944493
9944494
9944495
9944496
9944497
9944498
9944499
9944500
9944501
9944503
9944504
9944505
9944506
9944507
9944508
9944509
9944510
9944511
9944512
9944514
9944515
9944517
9944518
9944519
9944520
9944521
9944522
9944523
9944524
9944525
9944526
9944527
9944528
9944529
9944530
9944531
9944532
9944533
9944534
9944535
9944536
9944537
9944538
9944540
9944541
9944542
9944544
9944545
9944546
9944547
9944548
9944549
9944550
9944551
9944552
9944553
9944554
9944556
9944557
9944560
9944561
9944562
9944563
9944564
9944568
9944570
9944571
9944572
9944573
9944574
9944576
9944577
9944578
9944579
9944580
9944581
9944582
9944583
9944584
9944585
9944586
9944587
9944588
9944589
9944590
9944591
9944592
9944593
9944594
9944596
9944598
9944599
9944600
9944601
9944602
9944603
9944604
9944605
9944606
9944607
9944608
9944609
9944611
9944612
9944613
9944614
9944615
9944616
9944617
9944618
9944619
9944620
9944621
9944622
9944623
9944624
9944625
9944626
9944627
9944628
9944629
9944630
9944631
9944632
9944633
9944637
9944638
9944639
9944640
9944641
9944642
9944643
9944644
9944645
9944646
9944647
9944648
9944649
9944650
9944651
9944652
9944653
9944654
9944655
9944656
9944657
9944658
9944659
9944660
9944661
9944662
9944663
9944665
9944666
9944667
9944668
9944669
9944670
9944671
9944672
9944674
9944675
9944676
9944677
9944678
9944679
9944681
9944682
9944684
9944685
9944686
9944688
9944689
9944690
9944692
9944693
9944694
9944695
9944696
9944697
9944701
9944703
9944704
9944705
9944706
9944707
9944708
9944709
9944710
9944711
9944712
9944713
9944714
9944716
9944717
9944718
9944719
9944720
9944721
9944722
9944723
9944724
9944725
9944726
9944727
9944728
9944729
9944730
9944731
9944732
9944733
9944734
9944735
9944737
9944738
9944739
9944740
9944741
9944742
9944743
9944744
9944745
9944747
9944748
9944749
9944750
9944751
9944754
9944755
9944756
9944757
9944759
9944760
9944761
9944762
9944763
9944764
9944765
9944766
9944767
9944768
9944769
9944770
9944771
9944773
9944774
9944775
9944776
9944777
9944778
9944779
9944780
9944781
9944782
9944783
9944785
9944786
9944787
9944788
9944789
9944790
9944791
9944792
9944793
9944794
9944795
9944796
9944797
9944798
9944799
9944800
9944801
9944802
9944803
9944804
9944805
9944808
9944810
9944811
9944812
9944815
9944816
9944817
9944818
9944819
9944821
9944822
9944823
9944824
9944825
9944826
9944828
9944829
9944830
9944831
9944832
9944833
9944834
9944835
9944837
9944838
9944839
9944840
9944841
9944842
9944843
9944844
9944845
9944846
9944847
9944848
9944849
9944850
9944851
9944852
9944853
9944855
9944856
9944857
9944858
9944859
9944860
9944861
9944862
9944863
9944864
9944865
9944866
9944867
9944868
9944869
9944870
9944871
9944872
9944873
9944874
9944875
9944876
9944877
9944878
9944879
9944880
9944881
9944882
9944883
9944884
9944885
9944886
9944887
9944888
9944890
9944891
9944893
9944894
9944895
9944898
9944899
9944900
9944901
9944902
9944903
9944905
9944906
9944909
9944910
9944911
9944913
9944914
9944915
9944916
9944917
9944918
9944920
9944921
9944922
9944923
9944924
9944925
9944926
9944927
9944928
9944929
9944930
9944931
9944932
9944933
9944934
9944935
9944936
9944939
9944940
9944941
9944942
9944943
9944944
9944946
9944949
9944950
9944951
9944952
9944953
9944954
9944955
9944956
9944958
9944959
9944961
9944962
9944964
9944965
9944966
9944967
9944968
9944969
9944970
9944971
9944972
9944973
9944974
9944976
9944977
9944978
9944979
9944980
9944981
9944982
9944983
9944984
9944985
9944986
9944987
9944988
9944989
9944990
9944991
9944992
9944993
9944994
9944995
9944996
9944997
9944998
9944999
9945000
9945001
9945002
9945003
9945004
9945005
9945006
9945007
9945009
9945010
9945011
9945012
9945013
9945015
9945016
9945017
9945018
9945019
9945020
9945021
9945022
9945027
9945028
9945029
9945030
9945031
9945032
9945034
9945035
9945036
9945038
9945039
9945041
9945043
9945044
9945045
9945046
9945048
9945049
9945050
9945051
9945052
9945053
9945054
9945055
9945056
9945057
9945058
9945059
9945060
9945061
9945062
9945063
9945064
9945065
9945066
9945067
9945068
9945069
9945070
9945072
9945073
9945074
9945075
9945076
9945077
9945078
9945079
9945080
9945081
9945083
9945084
9945085
9945086
9945088
9945089
9945090
9945091
9945093
9945094
9945095
9945096
9945097
9945098
9945100
9945101
9945103
9945104
9945105
9945106
9945107
9945108
9945109
9945110
9945111
9945112
9945113
9945114
9945115
9945117
9945118
9945119
9945121
9945123
9945124
9945125
9945126
9945127
9945128
9945129
9945130
9945132
9945133
9945134
9945135
9945136
9945137
9945139
9945143
9945144
9945145
9945147
9945148
9945149
9945151
9945152
9945153
9945154
9945155
9945156
9945157
9945158
9945160
9945161
9945162
9945163
9945164
9945166
9945167
9945168
9945169
9945170
9945171
9945172
9945173
9945174
9945176
9945177
9945178
9945179
9945180
9945181
9945182
9945183
9945184
9945185
9945186
9945187
9945188
9945189
9945190
9945191
9945192
9945193
9945194
9945195
9945197
9945198
9945199
9945200
9945201
9945202
9945203
9945204
9945205
9945206
9945207
9945209
9945211
9945212
9945213
9945214
9945215
9945216
9945217
9945218
9945219
9945220
9945221
9945222
9945223
9945224
9945225
9945226
9945227
9945228
9945229
9945230
9945231
9945232
9945233
9945234
9945236
9945238
9945239
9945240
9945241
9945242
9945243
9945244
9945247
9945248
9945249
9945250
9945252
9945253
9945255
9945256
9945257
9945258
9945259
9945260
9945261
9945262
9945263
9945264
9945266
9945267
9945268
9945269
9945270
9945272
9945273
9945274
9945275
9945276
9945277
9945281
9945283
9945284
9945285
9945286
9945287
9945288
9945289
9945290
9945292
9945294
9945295
9945296
9945297
9945298
9945299
9945300
9945303
9945305
9945306
9945308
9945309
9945310
9945311
9945312
9945314
9945316
9945317
9945318
9945319
9945320
9945321
9945323
9945324
9945325
9945326
9945327
9945328
9945329
9945330
9945331
9945333
9945334
9945335
9945336
9945337
9945339
9945340
9945341
9945342
9945343
9945344
9945345
9945346
9945347
9945349
9945350
9945351
9945352
9945353
9945354
9945356
9945357
9945358
9945359
9945361
9945362
9945363
9945364
9945365
9945366
9945367
9945368
9945369
9945370
9945371
9945372
9945374
9945375
9945377
9945378
9945379
9945380
9945382
9945383
9945384
9945385
9945386
9945387
9945388
9945389
9945390
9945391
9945392
9945393
9945395
9945396
9945397
9945398
9945400
9945401
9945402
9945403
9945404
9945405
9945408
9945409
9945411
9945412
9945413
9945414
9945415
9945416
9945417
9945418
9945419
9945420
9945421
9945424
9945427
9945430
9945434
9945439
9945441
9945442
9945443
9945446
9945450
9945453
9945455
9945459
9945460
9945462
9945463
9945464
9945465
9945466
9945467
9945469
9945471
9945472
9945473
9945474
9945477
9945481
9945482
9945485
9945486
9945487
9945489
9945490
9945491
9945492
9945493
9945494
9945495