10079615
10079616
10079617
10079618
10079619
10079620
10079621
10079622
10079624
10079625
10079626
10079627
10079628
10079629
10079630
10079631
10079632
10079633
10079634
10079635
10079636
10079637
10079638
10079639
10079641
10079642
10079643
10079644
10079645
10079646
10079647
10079648
10079649
10079651
10079652
10079653
10079654
10079655
10079656
10079657
10079659
10079660
10079661
10079662
10079663
10079664
10079665
10079667
10079668
10079670
10079671
10079672
10079673
10079674
10079675
10079676
10079678
10079679
10079680
10079681
10079682
10079684
10079685
10079686
10079687
10079688
10079689
10079690
10079691
10079692
10079693
10079694
10079695
10079696
10079697
10079698
10079699
10079700
10079701
10079702
10079704
10079705
10079707
10079708
10079709
10079710
10079711
10079712
10079713
10079714
10079715
10079716
10079717
10079718
10079720
10079721
10079722
10079723
10079724
10079726
10079728
10079729
10079730
10079731
10079732
10079733
10079734
10079735
10079736
10079737
10079738
10079739
10079740
10079741
10079742
10079743
10079744
10079745
10079746
10079747
10079749
10079750
10079751
10079752
10079753
10079754
10079755
10079756
10079757
10079758
10079759
10079763
10079764
10079765
10079766
10079767
10079768
10079769
10079771
10079772
10079773
10079774
10079775
10079776
10079777
10079778
10079779
10079780
10079781
10079782
10079783
10079784
10079786
10079788
10079789
10079792
10079793
10079794
10079795
10079796
10079797
10079798
10079800
10079801
10079802
10079803
10079804
10079808
10079809
10079810
10079811
10079812
10079813
10079816
10079817
10079818
10079819
10079821
10079822
10079823
10079824
10079825
10079826
10079828
10079829
10079830
10079832
10079833
10079834
10079835
10079836
10079837
10079838
10079839
10079840
10079841
10079842
10079843
10079845
10079846
10079847
10079848
10079850
10079853
10079854
10079856
10079857
10079858
10079859
10079860
10079861
10079862
10079863
10079864
10079865
10079866
10079867
10079869
10079870
10079872
10079873
10079874
10079875
10079876
10079877
10079878
10079879
10079880
10079881
10079882
10079883
10079884
10079885
10079886
10079887
10079888
10079889
10079890
10079892
10079893
10079894
10079895
10079896
10079897
10079898
10079899
10079900
10079902
10079903
10079904
10079905
10079906
10079907
10079908
10079909
10079910
10079911
10079912
10079913
10079915
10079916
10079917
10079918
10079919
10079921
10079922
10079923
10079924
10079926
10079927
10079928
10079929
10079930
10079931
10079932
10079933
10079934
10079935
10079936
10079937
10079938
10079939
10079940
10079942
10079943
10079944
10079945
10079946
10079947
10079948
10079949
10079951
10079953
10079954
10079955
10079956
10079957
10079958
10079959
10079960
10079961
10079962
10079963
10079964
10079965
10079966
10079967
10079968
10079970
10079971
10079972
10079974
10079975
10079976
10079977
10079979
10079980
10079981
10079982
10079983
10079984
10079985
10079986
10079987
10079988
10079990
10079991
10079992
10079993
10079994
10079996
10079997
10079999
10080000
10080001
10080002
10080003
10080004
10080005
10080006
10080007
10080008
10080009
10080010
10080011
10080012
10080013
10080014
10080016
10080017
10080018
10080019
10080022
10080023
10080024
10080025
10080026
10080027
10080028
10080029
10080030
10080031
10080032
10080033
10080034
10080035
10080036
10080037
10080038
10080039
10080040
10080041
10080042
10080043
10080044
10080045
10080046
10080047
10080049
10080050
10080051
10080052
10080053
10080054
10080055
10080056
10080057
10080058
10080059
10080060
10080061
10080062
10080063
10080064
10080065
10080066
10080067
10080068
10080069
10080071
10080072
10080073
10080074
10080075
10080076
10080077
10080078
10080079
10080080
10080081
10080082
10080083
10080084
10080085
10080086
10080087
10080088
10080089
10080090
10080091
10080092
10080093
10080094
10080096
10080097
10080098
10080099
10080100
10080101
10080102
10080103
10080104
10080105
10080106
10080108
10080109
10080111
10080114
10080116
10080118
10080120
10080121
10080124
10080126
10080127
10080129
10080130
10080132
10080133
10080134
10080135
10080136
10080140
10080143
10080145
10080146
10080147
10080148
10080150
10080151
10080152
10080153
10080154
10080156
10080162
10080163
10080164
10080166
10080167
10080173
10080175
10080176
10080177
10080178
10080179
10080180
10080181
10080182
10080183
10080184
10080185
10080186
10080187
10080188
10080189
10080190
10080191
10080192
10080193
10080194
10080196
10080198
10080199
10080200
10080201
10080202
10080203
10080204
10080205
10080206
10080207
10080208
10080209
10080210
10080211
10080212
10080213
10080214
10080215
10080216
10080217
10080218
10080219
10080220
10080221
10080222
10080223
10080225
10080226
10080227
10080228
10080229
10080230
10080232
10080234
10080235
10080236
10080237
10080238
10080239
10080240
10080241
10080242
10080243
10080244
10080245
10080246
10080247
10080248
10080249
10080251
10080253
10080254
10080255
10080256
10080257
10080258
10080259
10080261
10080262
10080265
10080267
10080268
10080269
10080270
10080271
10080272
10080273
10080274
10080275
10080276
10080277
10080278
10080279
10080280
10080281
10080282
10080283
10080284
10080285
10080286
10080287
10080288
10080290
10080291
10080292
10080293
10080294
10080295
10080296
10080297
10080298
10080299
10080300
10080301
10080302
10080303
10080304
10080308
10080309
10080311
10080312
10080313
10080314
10080315
10080316
10080317
10080318
10080319
10080320
10080321
10080324
10080325
10080326
10080327
10080328
10080329
10080330
10080331
10080332
10080333
10080334
10080335
10080336
10080337
10080339
10080340
10080341
10080342
10080343
10080344
10080345
10080346
10080347
10080348
10080349
10080350
10080352
10080353
10080354
10080355
10080356
10080357
10080358
10080359
10080360
10080361
10080362
10080363
10080364
10080365
10080366
10080367
10080368
10080369
10080370
10080371
10080372
10080373
10080374
10080375
10080376
10080377
10080378
10080379
10080381
10080382
10080383
10080384
10080385
10080386
10080387
10080388
10080389
10080391
10080392
10080393
10080394
10080395
10080396
10080397
10080398
10080399
10080401
10080402
10080403
10080404
10080405
10080406
10080407
10080408
10080409
10080411
10080412
10080413
10080414
10080415
10080416
10080417
10080418
10080419
10080420
10080421
10080422
10080423
10080424
10080425
10080426
10080427
10080428
10080429
10080431
10080433
10080434
10080435
10080436
10080437
10080438
10080439
10080440
10080441
10080442
10080444
10080445
10080446
10080447
10080448
10080449
10080450
10080451
10080452
10080454
10080455
10080456
10080457
10080458
10080460
10080461
10080462
10080464
10080465
10080466
10080467
10080468
10080469
10080470
10080471
10080472
10080473
10080474
10080475
10080476
10080477
10080478
10080479
10080480
10080481
10080483
10080484
10080485
10080487
10080488
10080489
10080490
10080491
10080493
10080494
10080495
10080496
10080497
10080498
10080499
10080500
10080503
10080504
10080506
10080507
10080508
10080510
10080511
10080513
10080514
10080516
10080518
10080520
10080522
10080524
10080525
10080526
10080527
10080528
10080530
10080531
10080532
10080533
10080534
10080535
10080536
10080537
10080540
10080541
10080542
10080543
10080544
10080545
10080546
10080547
10080548
10080549
10080550
10080551
10080552
10080553
10080554
10080555
10080556
10080557
10080558
10080559
10080560
10080562
10080563
10080564
10080566
10080567
10080568
10080569
10080570
10080572
10080573
10080574
10080575
10080576
10080577
10080578
10080579
10080581
10080582
10080585
10080586
10080589
10080590
10080593
10080595
10080597
10080598
10080602
10080603
10080605
10080607
10080608
10080611
10080614
10080617
10080618
10080620
10080622
10080624
10080626
10080628
10080630
10080631
10080634
10080636
10080639
10080641
10080642
10080647
10080649
10080654
10080655
10080658
10080659
10080660
10080661
10080662
10080663
10080665
10080667
10080668
10080670
10080671
10080672
10080675
10080678
10080680
10080684
10080687
10080688
10080689
10080690
10080691
10080693
10080694
10080695
10080696
10080697
10080698
10080703
10080704
10080708
10080709
10080711
10080712
10080714
10080716
10080717
10080718
10080719
10080720
10080721
10080723
10080724
10080725
10080726
10080727
10080728
10080729
10080731
10080732
10080733
10080737
10080738
10080739
10080740
10080741
10080742
10080743
10080744
10080745
10080746
10080747
10080748
10080749
10080750
10080751
10080752
10080753
10080754
10080755
10080756
10080757
10080758
10080759
10080760
10080761
10080762
10080763
10080764
10080766
10080767
10080769
10080770
10080771
10080772
10080773
10080774
10080775
10080776
10080777
10080778
10080779
10080781
10080782
10080783
10080784
10080785
10080786
10080788
10080789
10080790
10080791
10080792
10080793
10080794
10080795
10080796
10080797
10080798
10080799
10080800
10080801
10080802
10080803
10080804
10080805
10080806
10080807
10080808
10080809
10080810
10080812
10080813
10080814
10080815
10080816
10080817
10080818
10080819
10080820
10080821
10080823
10080824
10080825
10080826
10080827
10080828
10080829
10080830
10080831
10080833
10080834
10080835
10080836
10080837
10080838
10080839
10080840
10080841
10080842
10080843
10080844
10080845
10080846
10080847
10080848
10080849
10080852
10080853
10080855
10080856
10080857
10080858
10080859
10080860
10080861
10080862
10080863
10080864
10080866
10080867
10080868
10080869
10080870
10080871
10080872
10080873
10080874
10080875
10080876
10080877
10080878
10080879
10080880
10080882
10080883
10080884
10080885
10080886
10080887
10080888
10080889
10080890
10080891
10080892
10080893
10080894
10080895
10080896
10080897
10080898
10080899
10080900
10080901
10080902
10080903
10080904
10080905
10080907
10080908
10080909
10080910
10080911
10080912
10080913
10080914
10080915
10080916
10080917
10080918
10080919
10080920
10080921
10080922
10080923
10080924
10080925
10080926
10080927
10080928
10080929
10080930
10080931
10080932
10080933
10080934
10080936
10080937
10080939
10080940
10080941
10080942
10080943
10080944
10080945
10080946
10080947
10080948
10080950
10080951
10080952
10080953
10080954
10080955
10080956
10080957
10080958
10080959
10080960
10080961
10080962
10080963
10080964
10080965
10080967
10080970
10080971
10080972
10080973
10080974
10080975
10080976
10080978
10080979
10080980
10080982
10080983
10080984
10080985
10080986
10080987
10080988
10080989
10080990
10080991
10080992
10080993
10080994
10080995
10080996
10080997
10080998
10080999
10081000
10081001
10081002
10081003
10081004
10081005
10081006
10081007
10081008
10081009
10081010
10081011
10081012
10081013
10081014
10081015
10081016
10081017
10081018
10081019
10081020
10081021
10081025
10081026
10081027
10081028
10081029
10081030
10081031
10081032
10081034
10081035
10081036
10081037
10081038
10081039
10081040
10081041
10081042
10081044
10081045
10081046
10081047
10081048
10081049
10081050
10081051
10081052
10081053
10081054
10081055
10081056
10081057
10081058
10081059
10081060
10081061
10081062
10081063
10081064
10081066
10081067
10081068
10081069
10081070
10081071
10081072
10081073
10081074
10081075
10081076
10081077
10081078
10081079
10081080
10081081
10081082
10081083
10081084
10081085
10081086
10081087
10081088
10081089
10081090
10081091
10081092
10081093
10081094
10081096
10081097
10081098
10081099
10081100
10081101
10081102
10081103
10081104
10081105
10081106
10081107
10081108
10081109
10081111
10081112
10081113
10081115
10081116
10081117
10081118
10081119
10081120
10081121
10081122
10081123
10081124
10081125
10081126
10081127
10081129
10081130
10081131
10081132
10081133
10081134
10081135
10081136
10081137
10081138
10081139
10081140
10081142
10081143
10081144
10081145
10081146
10081147
10081148
10081149
10081150
10081151
10081152
10081153
10081156
10081157
10081159
10081160
10081162
10081163
10081165
10081166
10081168
10081169
10081170
10081172
10081173
10081174
10081176
10081177
10081179
10081180
10081181
10081182
10081183
10081184
10081185
10081186
10081188
10081189
10081190
10081191
10081192
10081194
10081195
10081196
10081197
10081198
10081199
10081200
10081201
10081202
10081203
10081204
10081205
10081206
10081207
10081208
10081210
10081211
10081212
10081213
10081214
10081215
10081216
10081217
10081218
10081219
10081220
10081221
10081222
10081223
10081224
10081226
10081227
10081228
10081229
10081230
10081231
10081232
10081234
10081235
10081236
10081237
10081238
10081239
10081240
10081241
10081242
10081243
10081244
10081245
10081246
10081247
10081248
10081249
10081250
10081251
10081252
10081254
10081255
10081256
10081257
10081258
10081259
10081260
10081261
10081262
10081263
10081264
10081265
10081266
10081267
10081268
10081270
10081271
10081272
10081273
10081274
10081275
10081276
10081277
10081278
10081279
10081280
10081281
10081282
10081283
10081284
10081285
10081286
10081287
10081288
10081289
10081290
10081292
10081293
10081294
10081295
10081296
10081297
10081298
10081299
10081300
10081301
10081302
10081304
10081306
10081307
10081308
10081309
10081310
10081311
10081312
10081313
10081314
10081315
10081316
10081317
10081318
10081319
10081320
10081321
10081322
10081323
10081324
10081325
10081326
10081327
10081328
10081329
10081330
10081331
10081332
10081333
10081334
10081335
10081336
10081337
10081338
10081339
10081340
10081341
10081342
10081343
10081344
10081345
10081346
10081347
10081348
10081349
10081350
10081352
10081353
10081354
10081355
10081356
10081357
10081358
10081359
10081360
10081361
10081362
10081363
10081364
10081365
10081366
10081368
10081369
10081370
10081371
10081373
10081374
10081375
10081376
10081377
10081378
10081379
10081380
10081381
10081382
10081383
10081384
10081385
10081386
10081387
10081388
10081389
10081391
10081392
10081393
10081394
10081395
10081396
10081397
10081398
10081399
10081400
10081401
10081402
10081403
10081404
10081405
10081406
10081407
10081408
10081409
10081410
10081411
10081412
10081413
10081414
10081415
10081416
10081417
10081418
10081419
10081420
10081421
10081422
10081423
10081424
10081425
10081426
10081428
10081429
10081430
10081431
10081432
10081434
10081435
10081436
10081437
10081438
10081439
10081440
10081441
10081442
10081443
10081444
10081446
10081447
10081448
10081449
10081450
10081451
10081452
10081453
10081454
10081455
10081456
10081457
10081458
10081459
10081460
10081461
10081463
10081464
10081465
10081466
10081467
10081468
10081469
10081470
10081471
10081472
10081473
10081474
10081475
10081476
10081477
10081478
10081479
10081480
10081481
10081482
10081483
10081484
10081485
10081486
10081487
10081488
10081489
10081490
10081491
10081492
10081493
10081494
10081495
10081497
10081498
10081499
10081500
10081501
10081503
10081504
10081505
10081506
10081507
10081508
10081509
10081510
10081511
10081512
10081513
10081514
10081516
10081517
10081518
10081519
10081520
10081521
10081522
10081523
10081524
10081525
10081528
10081529
10081530
10081531
10081534
10081535
10081536
10081538
10081539
10081540
10081541
10081542
10081543
10081544
10081545
10081546
10081548
10081549
10081550
10081551
10081552
10081555
10081556
10081557
10081558
10081559
10081560
10081561
10081562
10081563
10081564
10081565
10081566
10081567
10081568
10081569
10081570
10081571
10081572
10081573
10081574
10081575
10081576
10081577
10081578
10081579
10081580
10081581
10081582
10081583
10081584
10081585
10081586
10081588
10081589
10081590
10081591
10081592
10081593
10081594
10081595
10081596
10081597
10081598
10081599
10081600
10081601
10081602
10081603
10081604
10081605
10081606
10081607
10081608
10081609
10081610
10081611
10081612
10081613
10081614
10081615
10081616
10081617
10081618
10081619
10081620
10081621
10081622
10081623
10081624
10081625
10081626
10081627
10081628
10081629
10081630
10081631
10081632
10081634
10081635
10081637
10081638
10081639
10081640
10081641
10081642
10081643
10081644
10081645
10081646
10081647
10081648
10081649
10081650
10081651
10081652
10081654
10081655
10081656
10081657
10081658
10081659
10081661
10081662
10081664
10081665
10081666
10081667
10081668
10081669
10081670
10081672
10081673
10081674
10081675
10081676
10081677
10081678
10081679
10081680
10081681
10081682
10081683
10081684
10081685
10081686
10081687
10081688
10081689
10081690
10081691
10081692
10081693
10081694
10081695
10081696
10081698
10081699
10081700
10081701
10081702
10081703
10081704
10081705
10081706
10081707
10081708
10081709
10081711
10081712
10081713
10081715
10081716
10081717
10081718
10081719
10081722
10081723
10081724
10081726
10081728
10081731
10081732
10081733
10081734
10081735
10081736
10081737
10081738
10081739
10081740
10081741
10081742
10081743
10081744
10081745
10081746
10081747
10081748
10081749
10081751
10081752
10081754
10081755
10081756
10081757
10081758
10081760
10081762
10081763
10081764
10081766
10081768
10081769
10081770
10081771
10081772
10081773
10081775
10081776
10081777
10081778
10081779
10081780
10081781
10081783
10081785
10081786
10081787
10081788
10081791
10081792
10081793
10081794
10081795
10081796
10081797
10081798
10081799
10081800
10081801
10081802
10081803
10081805
10081807
10081808
10081809
10081810
10081812
10081813
10081814
10081815
10081817
10081818
10081819
10081820
10081821
10081822
10081823
10081824
10081825
10081826
10081827
10081828
10081829
10081830
10081831
10081832
10081833
10081834
10081835
10081836
10081837
10081838
10081839
10081840
10081841
10081842
10081844
10081845
10081846
10081847
10081848
10081850
10081851
10081852
10081853
10081854
10081855
10081856
10081857
10081858
10081859
10081860
10081861
10081862
10081863
10081864
10081865
10081866
10081867
10081868
10081869
10081870
10081871
10081872
10081873
10081874
10081875
10081876
10081877
10081878
10081879
10081880
10081881
10081882
10081883
10081884
10081885
10081886
10081887
10081888
10081889
10081890
10081891
10081893
10081894
10081895
10081896
10081897
10081898
10081900
10081901
10081902
10081903
10081904
10081905
10081907
10081909
10081910
10081911
10081912
10081913
10081914
10081915
10081916
10081917
10081918
10081919
10081920
10081921
10081922
10081923
10081924
10081926
10081927
10081928
10081929
10081930
10081931
10081932
10081933
10081934
10081935
10081937
10081938
10081939
10081940
10081941
10081942
10081943
10081944
10081945
10081946
10081947
10081950
10081951
10081952
10081953
10081954
10081955
10081956
10081958
10081959
10081960
10081962
10081963
10081964
10081965
10081966
10081967
10081968
10081969
10081970
10081971
10081972
10081973
10081974
10081975
10081976
10081977
10081978
10081979
10081980
10081981
10081983
10081984
10081985
10081986
10081988
10081989
10081991
10081992
10081993
10081994
10081995
10081996
10081997
10081998
10081999
10082001
10082002
10082003
10082004
10082005
10082006
10082007
10082008
10082009
10082011
10082012
10082013
10082014
10082015
10082016
10082017
10082019
10082020
10082021
10082022
10082023
10082024
10082025
10082027
10082028
10082031
10082033
10082034
10082035
10082036
10082037
10082038
10082039
10082040
10082041
10082042
10082043
10082045
10082047
10082049
10082051
10082052
10082054
10082055
10082056
10082057
10082058
10082059
10082061
10082062
10082064
10082066
10082067
10082070
10082073
10082074
10082076
10082077
10082079
10082080
10082081
10082084
10082088
10082089
10082090
10082091
10082094
10082095
10082096
10082097
10082099
10082100
10082103
10082104
10082106
10082110
10082111
10082113
10082114
10082116
10082118
10082120
10082121
10082122
10082123
10082124
10082125
10082127
10082128
10082129
10082130
10082132
10082133
10082134
10082135
10082136
10082137
10082138
10082140
10082141
10082142
10082147
10082149
10082150
10082151
10082152
10082153
10082154
10082155
10082158
10082159
10082160
10082161
10082162
10082163
10082165
10082166
10082167
10082168
10082170
10082171
10082172
10082173
10082174
10082175
10082176
10082177
10082179
10082180
10082181
10082182
10082183
10082184
10082185
10082186
10082187
10082188
10082189
10082190
10082191
10082192
10082193
10082194
10082196
10082197
10082198
10082199
10082200
10082201
10082202
10082203
10082204
10082205
10082206
10082207
10082208
10082209
10082210
10082213
10082214
10082215
10082217
10082218
10082219
10082220
10082221
10082222
10082223
10082224
10082225
10082226
10082227
10082228
10082229
10082230
10082232
10082233
10082234
10082236
10082237
10082239
10082240
10082241
10082242
10082243
10082244
10082246
10082247
10082248
10082249
10082252
10082254
10082257
10082258
10082259
10082262
10082263
10082265
10082266
10082267
10082268
10082269
10082270
10082271
10082273
10082274
10082275
10082277
10082280
10082283
10082284
10082286
10082287
10082289
10082290
10082292
10082293
10082295
10082297
10082298
10082299
10082301
10082304
10082307
10082308
10082309
10082310
10082312
10082314
10082315
10082317
10082318
10082320
10082321
10082323
10082324
10082325
10082326
10082327
10082328
10082329
10082330
10082331
10082332
10082334
10082335
10082336
10082337
10082338
10082339
10082341
10082342
10082343
10082345
10082346
10082347
10082348
10082349
10082350
10082351
10082352
10082353
10082355
10082356
10082358
10082359
10082360
10082361
10082362
10082363
10082365
10082366
10082368
10082369
10082370
10082371
10082372
10082373
10082374
10082375
10082377
10082378
10082380
10082381
10082382
10082384
10082385
10082386
10082387
10082389
10082390
10082391
10082392
10082393
10082396
10082397
10082398
10082400
10082401
10082402
10082403
10082404
10082405
10082406
10082407
10082408
10082409
10082411
10082412
10082413
10082414
10082415
10082416
10082417
10082418
10082419
10082420
10082421
10082422
10082423
10082424
10082425
10082429
10082430
10082431
10082432
10082433
10082434
10082435
10082436
10082437
10082439
10082440
10082441
10082444
10082445
10082446
10082448
10082449
10082451
10082452
10082453
10082454
10082456
10082457
10082458
10082460
10082461
10082462
10082463
10082464
10082465
10082466
10082467
10082468
10082469
10082470
10082471
10082472
10082474
10082475
10082476
10082477
10082478
10082480
10082481
10082482
10082483
10082484
10082485
10082486
10082488
10082489
10082490
10082491
10082492
10082494
10082495
10082496
10082497
10082498
10082499
10082500
10082501
10082504
10082505
10082506
10082508
10082509
10082510
10082511
10082512
10082513
10082514
10082515
10082516
10082519
10082520
10082522
10082524
10082525
10082527
10082528
10082529
10082530
10082532
10082535
10082536
10082537
10082538
10082539
10082540
10082541
10082542
10082543
10082545
10082546
10082547
10082549
10082550
10082551
10082552
10082553
10082554
10082558
10082559
10082560
10082561
10082562
10082563
10082565
10082566
10082567
10082568
10082569
10082570
10082571
10082572
10082573
10082574
10082575
10082576
10082577
10082578
10082579
10082580
10082581
10082582
10082583
10082584
10082585
10082586
10082587
10082588
10082589
10082590
10082591
10082592
10082593
10082594
10082597
10082599
10082600
10082601
10082602
10082603
10082604
10082605
10082606
10082607
10082608
10082609
10082610
10082611
10082612
10082613
10082614
10082615
10082616
10082617
10082618
10082619
10082620
10082621
10082622
10082623
10082624
10082625
10082626
10082627
10082628
10082629
10082630
10082631
10082632
10082633
10082634
10082635
10082636
10082637
10082639
10082640
10082641
10082642
10082643
10082645
10082646
10082647
10082648
10082649
10082650
10082651
10082652
10082653
10082654
10082655
10082656
10082657
10082660
10082661
10082662
10082663
10082664
10082665
10082666
10082667
10082668
10082669
10082670
10082671
10082672
10082673
10082674
10082676
10082677
10082678
10082679
10082680
10082682
10082686
10082691
10082692
10082693
10082694
10082695
10082696
10082697
10082698
10082699
10082700
10082701
10082704
10082706
10082707
10082708
10082709
10082710
10082711
10082712
10082713
10082714
10082715
10082716
10082717
10082718
10082719
10082720
10082722
10082723
10082724
10082725
10082726
10082727
10082729
10082731
10082732
10082733
10082734
10082735
10082736
10082737
10082738
10082739
10082740
10082741
10082742
10082743
10082745
10082746
10082747
10082748
10082749
10082750
10082751
10082752
10082753
10082754
10082755
10082756
10082757
10082758
10082759
10082760
10082762
10082763
10082764
10082765
10082766
10082767
10082768
10082771
10082772
10082773
10082774
10082775
10082776
10082777
10082778
10082781
10082783
10082784
10082785
10082786
10082787
10082788
10082789
10082790
10082791
10082793
10082794
10082795
10082796
10082797
10082798
10082799
10082800
10082801
10082802
10082803
10082804
10082805
10082806
10082807
10082808
10082809
10082810
10082811
10082812
10082813
10082814
10082815
10082816
10082817
10082818
10082819
10082821
10082822
10082824
10082825
10082826
10082827
10082828
10082829
10082830
10082831
10082832
10082833
10082834
10082835
10082836
10082837
10082838
10082839
10082840
10082841
10082842
10082843
10082844
10082847
10082848
10082849
10082850
10082851
10082852
10082853
10082854
10082855
10082856
10082857
10082858
10082859
10082860
10082862
10082863
10082864
10082865
10082866
10082867
10082868
10082870
10082871
10082872
10082873
10082874
10082875
10082877
10082878
10082879
10082880
10082881
10082882
10082883
10082884
10082885
10082886
10082887
10082888
10082889
10082890
10082891
10082892
10082893
10082894
10082895
10082896
10082897
10082898
10082899
10082900
10082901
10082902
10082904
10082905
10082907
10082908
10082909
10082910
10082911
10082912
10082913
10082914
10082915
10082916
10082917
10082918
10082919
10082920
10082921
10082922
10082923
10082924
10082925
10082926
10082927
10082928
10082929
10082931
10082932
10082933
10082934
10082935
10082936
10082938
10082939
10082940
10082941
10082943
10082945
10082946
10082948
10082949
10082950
10082951
10082952
10082953
10082954
10082955
10082956
10082957
10082958
10082959
10082960
10082961
10082964
10082966
10082967
10082968
10082969
10082971
10082973
10082974
10082975
10082976
10082977
10082978
10082980
10082981
10082982
10082983
10082984
10082985
10082986
10082987
10082988
10082989
10082990
10082992
10082993
10082994
10082995
10082996
10082997
10082999
10083000
10083001
10083003
10083004
10083005
10083006
10083007
10083009
10083010
10083011
10083013
10083014
10083015
10083016
10083017
10083018
10083019
10083020
10083021
10083023
10083024
10083025
10083026
10083027
10083028
10083029
10083030
10083031
10083032
10083033
10083035
10083036
10083037
10083038
10083039
10083040
10083041
10083043
10083044
10083045
10083046
10083047
10083048
10083049
10083050
10083051
10083053
10083054
10083055
10083056
10083057
10083058
10083059
10083060
10083061
10083062
10083063
10083064
10083065
10083068
10083069
10083070
10083071
10083072
10083073
10083074
10083075
10083077
10083078
10083079
10083081
10083082
10083083
10083084
10083085
10083086
10083087
10083088
10083090
10083092
10083093
10083094
10083095
10083096
10083097
10083098
10083099
10083100
10083101
10083102
10083104
10083106
10083107
10083109
10083111
10083113
10083114
10083115
10083118
10083119
10083120
10083121
10083122
10083124
10083125
10083126
10083127
10083128
10083129
10083133
10083134
10083136
10083137
10083138
10083139
10083140
10083141
10083142
10083144
10083145
10083146
10083147
10083148
10083149
10083150
10083151
10083152
10083153
10083155
10083156
10083157
10083160
10083162
10083163
10083164
10083165
10083166
10083167
10083168
10083169
10083171
10083172
10083174
10083175
10083176
10083177
10083178
10083179
10083180
10083181
10083182
10083184
10083186
10083187
10083188
10083189
10083190
10083191
10083193
10083194
10083196
10083197
10083198
10083199
10083200
10083201
10083203
10083204
10083205
10083206
10083208
10083209
10083210
10083211
10083212
10083214
10083215
10083216
10083217
10083218
10083221
10083222
10083223
10083224
10083225
10083226
10083229
10083230
10083231
10083232
10083233
10083235
10083236
10083237
10083238
10083239
10083240
10083241
10083242
10083244
10083245
10083246
10083247
10083248
10083249
10083250
10083252
10083253
10083254
10083255
10083256
10083257
10083258
10083259
10083261
10083262
10083263
10083265
10083267
10083268
10083270
10083271
10083273
10083275
10083276
10083277
10083279
10083281
10083282
10083283
10083284
10083285
10083286
10083287
10083288
10083289
10083290
10083291
10083292
10083293
10083294
10083295
10083296
10083297
10083298
10083300
10083301
10083302
10083303
10083304
10083305
10083306
10083307
10083308
10083309
10083310
10083312
10083313
10083314
10083315
10083316
10083318
10083319
10083322
10083323
10083324
10083325
10083326
10083327
10083328
10083329
10083331
10083332
10083333
10083334
10083335
10083336
10083337
10083338
10083339
10083340
10083341
10083342
10083343
10083344
10083345
10083346
10083347
10083348
10083349
10083350
10083351
10083352
10083353
10083354
10083355
10083356
10083357
10083358
10083359
10083360
10083361
10083362
10083363
10083364
10083365
10083366
10083367
10083368
10083369
10083370
10083371
10083372
10083374
10083375
10083376
10083377
10083378
10083379
10083380
10083381
10083383
10083384
10083385
10083386
10083387
10083388
10083389
10083390
10083391
10083392
10083393
10083395
10083396
10083397
10083398
10083399
10083400
10083401
10083402
10083403
10083404
10083405
10083406
10083407
10083408
10083409
10083410
10083411
10083412
10083413
10083414
10083416
10083417
10083418
10083423
10083424
10083425
10083426
10083427
10083428
10083429
10083430
10083431
10083432
10083433
10083435
10083436
10083437
10083439
10083440
10083441
10083442
10083443
10083444
10083446
10083447
10083448
10083449
10083450
10083451
10083452
10083454
10083455
10083456
10083459
10083460
10083461
10083462
10083463
10083465
10083466
10083467
10083468
10083469
10083470
10083472
10083473
10083474
10083475
10083476
10083477
10083478
10083479
10083480
10083481
10083482
10083484
10083485
10083486
10083491
10083492
10083493
10083495
10083496
10083497
10083498
10083499
10083500
10083501
10083503
10083505
10083506
10083508
10083509
10083510
10083512
10083513
10083514
10083515
10083516
10083519
10083520
10083524
10083525
10083526
10083528
10083529
10083530
10083531
10083532
10083533
10083534
10083535
10083537
10083538
10083539
10083541
10083543
10083544
10083545
10083546
10083547
10083548
10083549
10083552
10083554
10083555
10083556
10083557
10083558
10083559
10083560
10083561
10083562
10083563
10083564
10083565
10083566
10083567
10083568
10083569
10083570
10083571
10083572
10083573
10083574
10083576
10083577
10083578
10083579
10083580
10083581
10083582
10083583
10083585
10083586
10083587
10083588
10083590
10083591
10083592
10083593
10083594
10083595
10083596
10083597
10083598
10083599
10083601
10083602
10083603
10083604
10083605
10083606
10083607
10083608
10083609
10083610
10083611
10083612
10083613
10083614
10083615
10083616
10083617