10133927
10133928
10133930
10133931
10133932
10133933
10133934
10133935
10133936
10133937
10133939
10133940
10133941
10133942
10133945
10133946
10133948
10133949
10133950
10133951
10133952
10133953
10133954
10133955
10133957
10133958
10133959
10133960
10133961
10133963
10133964
10133966
10133967
10133968
10133969
10133970
10133971
10133972
10133973
10133974
10133975
10133976
10133977
10133978
10133979
10133980
10133981
10133982
10133983
10133984
10133985
10133986
10133988
10133989
10133990
10133991
10133992
10133993
10133994
10133995
10133996
10133997
10133998
10134000
10134001
10134002
10134003
10134004
10134005
10134006
10134007
10134008
10134009
10134010
10134012
10134013
10134014
10134015
10134016
10134017
10134018
10134019
10134020
10134021
10134022
10134023
10134024
10134025
10134026
10134027
10134028
10134029
10134030
10134031
10134032
10134033
10134034
10134035
10134036
10134037
10134038
10134039
10134040
10134041
10134042
10134043
10134044
10134045
10134046
10134047
10134048
10134050
10134051
10134052
10134053
10134055
10134056
10134057
10134058
10134059
10134060
10134061
10134062
10134063
10134064
10134065
10134066
10134067
10134068
10134069
10134070
10134071
10134072
10134073
10134074
10134075
10134076
10134077
10134078
10134079
10134080
10134081
10134082
10134083
10134084
10134085
10134087
10134088
10134089
10134090
10134091
10134092
10134093
10134094
10134095
10134096
10134097
10134098
10134099
10134100
10134102
10134103
10134104
10134105
10134106
10134107
10134108
10134109
10134111
10134112
10134113
10134114
10134115
10134116
10134117
10134118
10134119
10134120
10134121
10134122
10134123
10134124
10134125
10134127
10134128
10134129
10134130
10134131
10134132
10134133
10134135
10134136
10134137
10134138
10134139
10134140
10134141
10134142
10134143
10134144
10134145
10134146
10134148
10134149
10134150
10134152
10134153
10134154
10134155
10134156
10134157
10134158
10134159
10134160
10134161
10134163
10134164
10134166
10134167
10134168
10134169
10134170
10134171
10134172
10134173
10134174
10134175
10134176
10134177
10134178
10134179
10134180
10134181
10134182
10134183
10134184
10134185
10134186
10134187
10134188
10134189
10134190
10134191
10134192
10134193
10134194
10134195
10134196
10134197
10134198
10134199
10134200
10134201
10134202
10134203
10134204
10134205
10134206
10134207
10134209
10134210
10134211
10134213
10134214
10134215
10134216
10134217
10134218
10134219
10134220
10134221
10134222
10134223
10134224
10134225
10134226
10134227
10134228
10134229
10134230
10134231
10134232
10134233
10134234
10134235
10134236
10134237
10134238
10134240
10134241
10134242
10134243
10134244
10134245
10134246
10134247
10134248
10134249
10134250
10134251
10134252
10134253
10134254
10134255
10134256
10134257
10134259
10134260
10134261
10134262
10134264
10134265
10134266
10134267
10134268
10134269
10134270
10134271
10134272
10134273
10134274
10134275
10134276
10134277
10134278
10134279
10134280
10134281
10134283
10134284
10134286
10134287
10134288
10134289
10134290
10134291
10134292
10134293
10134294
10134295
10134296
10134297
10134298
10134299
10134300
10134301
10134302
10134303
10134304
10134305
10134306
10134307
10134309
10134310
10134311
10134312
10134313
10134314
10134315
10134316
10134317
10134318
10134319
10134320
10134321
10134322
10134323
10134324
10134325
10134327
10134328
10134330
10134331
10134332
10134333
10134334
10134335
10134336
10134337
10134338
10134339
10134340
10134341
10134342
10134343
10134344
10134345
10134346
10134347
10134349
10134350
10134352
10134354
10134355
10134356
10134357
10134358
10134359
10134360
10134361
10134362
10134363
10134364
10134365
10134366
10134367
10134368
10134369
10134370
10134371
10134372
10134373
10134374
10134375
10134376
10134378
10134379
10134380
10134381
10134382
10134383
10134384
10134385
10134386
10134388
10134389
10134390
10134391
10134392
10134393
10134394
10134396
10134397
10134398
10134399
10134400
10134402
10134403
10134404
10134406
10134407
10134408
10134409
10134410
10134411
10134413
10134415
10134416
10134417
10134418
10134419
10134420
10134421
10134422
10134423
10134424
10134426
10134427
10134428
10134429
10134430
10134432
10134433
10134434
10134436
10134440
10134441
10134442
10134443
10134444
10134445
10134446
10134447
10134448
10134449
10134450
10134451
10134452
10134453
10134454
10134455
10134458
10134459
10134460
10134461
10134463
10134464
10134465
10134466
10134467
10134468
10134469
10134470
10134471
10134473
10134474
10134475
10134476
10134477
10134478
10134479
10134480
10134481
10134483
10134484
10134485
10134486
10134487
10134488
10134489
10134490
10134491
10134493
10134494
10134495
10134496
10134497
10134498
10134499
10134500
10134501
10134502
10134503
10134504
10134505
10134506
10134507
10134508
10134509
10134510
10134511
10134512
10134513
10134514
10134515
10134516
10134517
10134518
10134519
10134520
10134521
10134523
10134524
10134525
10134526
10134527
10134530
10134531
10134532
10134533
10134534
10134535
10134536
10134537
10134538
10134539
10134540
10134541
10134542
10134544
10134545
10134546
10134547
10134548
10134549
10134550
10134551
10134552
10134553
10134554
10134555
10134556
10134557
10134558
10134559
10134560
10134561
10134563
10134564
10134566
10134567
10134568
10134570
10134571
10134572
10134573
10134574
10134575
10134576
10134577
10134578
10134579
10134580
10134581
10134582
10134583
10134584
10134585
10134586
10134587
10134588
10134589
10134590
10134591
10134592
10134594
10134596
10134597
10134599
10134600
10134601
10134602
10134603
10134604
10134605
10134606
10134607
10134608
10134609
10134610
10134611
10134612
10134613
10134614
10134615
10134616
10134618
10134619
10134620
10134621
10134622
10134623
10134624
10134625
10134626
10134627
10134628
10134629
10134631
10134632
10134633
10134634
10134635
10134636
10134638
10134639
10134640
10134641
10134642
10134643
10134644
10134645
10134647
10134649
10134650
10134651
10134652
10134653
10134654
10134655
10134656
10134657
10134659
10134661
10134662
10134663
10134664
10134665
10134666
10134667
10134668
10134669
10134670
10134671
10134673
10134674
10134675
10134676
10134677
10134678
10134679
10134680
10134681
10134682
10134683
10134684
10134685
10134686
10134687
10134688
10134689
10134690
10134691
10134692
10134693
10134694
10134695
10134696
10134697
10134698
10134699
10134700
10134701
10134702
10134703
10134704
10134705
10134706
10134707
10134708
10134709
10134710
10134711
10134712
10134713
10134714
10134715
10134717
10134718
10134719
10134720
10134721
10134722
10134723
10134725
10134726
10134727
10134728
10134729
10134730
10134731
10134732
10134733
10134734
10134735
10134736
10134737
10134738
10134739
10134740
10134741
10134746
10134747
10134749
10134750
10134751
10134752
10134754
10134755
10134757
10134758
10134759
10134760
10134761
10134762
10134763
10134764
10134765
10134766
10134767
10134768
10134770
10134772
10134774
10134775
10134776
10134777
10134778
10134779
10134780
10134781
10134782
10134783
10134784
10134786
10134788
10134790
10134794
10134795
10134796
10134797
10134798
10134799
10134800
10134801
10134802
10134803
10134804
10134805
10134806
10134807
10134808
10134809
10134810
10134811
10134812
10134813
10134814
10134815
10134816
10134818
10134819
10134820
10134822
10134825
10134827
10134828
10134829
10134830
10134831
10134832
10134833
10134834
10134835
10134836
10134838
10134839
10134840
10134841
10134843
10134844
10134845
10134846
10134849
10134850
10134851
10134852
10134854
10134855
10134856
10134857
10134858
10134859
10134860
10134861
10134862
10134863
10134864
10134865
10134866
10134868
10134869
10134870
10134871
10134872
10134873
10134875
10134877
10134878
10134879
10134880
10134881
10134882
10134883
10134884
10134885
10134886
10134887
10134888
10134890
10134891
10134892
10134894
10134896
10134897
10134898
10134899
10134900
10134901
10134903
10134904
10134905
10134906
10134907
10134908
10134909
10134910
10134911
10134912
10134913
10134915
10134916
10134917
10134918
10134919
10134920
10134921
10134922
10134923
10134924
10134925
10134926
10134927
10134928
10134929
10134930
10134931
10134932
10134933
10134934
10134935
10134936
10134937
10134938
10134939
10134940
10134941
10134942
10134943
10134944
10134945
10134946
10134947
10134948
10134949
10134950
10134951
10134954
10134955
10134956
10134958
10134959
10134960
10134961
10134962
10134964
10134965
10134967
10134968
10134969
10134970
10134971
10134972
10134974
10134975
10134976
10134977
10134978
10134979
10134980
10134981
10134982
10134983
10134984
10134985
10134986
10134987
10134988
10134989
10134990
10134991
10134993
10134994
10134996
10134998
10135000
10135001
10135003
10135004
10135005
10135006
10135007
10135008
10135009
10135010
10135011
10135012
10135013
10135014
10135015
10135016
10135017
10135018
10135019
10135020
10135021
10135022
10135023
10135024
10135025
10135026
10135027
10135029
10135030
10135031
10135032
10135033
10135035
10135036
10135037
10135038
10135039
10135040
10135041
10135042
10135043
10135044
10135045
10135046
10135047
10135048
10135049
10135050
10135051
10135053
10135054
10135055
10135056
10135058
10135059
10135060
10135061
10135062
10135063
10135064
10135065
10135066
10135067
10135068
10135069
10135070
10135071
10135072
10135073
10135074
10135075
10135076
10135077
10135079
10135080
10135081
10135082
10135083
10135084
10135085
10135086
10135087
10135089
10135090
10135092
10135093
10135094
10135095
10135096
10135097
10135098
10135099
10135100
10135101
10135102
10135103
10135104
10135105
10135106
10135107
10135108
10135109
10135110
10135111
10135112
10135113
10135114
10135115
10135116
10135117
10135118
10135119
10135121
10135122
10135123
10135124
10135125
10135126
10135127
10135129
10135130
10135131
10135132
10135133
10135134
10135135
10135136
10135137
10135139
10135140
10135141
10135142
10135143
10135144
10135145
10135146
10135147
10135148
10135149
10135150
10135151
10135152
10135153
10135154
10135155
10135156
10135157
10135158
10135159
10135160
10135161
10135162
10135163
10135164
10135165
10135166
10135167
10135168
10135169
10135170
10135171
10135172
10135173
10135175
10135176
10135177
10135178
10135179
10135180
10135181
10135182
10135183
10135184
10135185
10135186
10135187
10135188
10135189
10135190
10135191
10135192
10135193
10135194
10135196
10135197
10135198
10135199
10135200
10135201
10135202
10135203
10135204
10135205
10135206
10135207
10135208
10135209
10135210
10135211
10135212
10135213
10135214
10135215
10135216
10135217
10135218
10135219
10135220
10135221
10135222
10135223
10135224
10135225
10135226
10135227
10135228
10135229
10135230
10135231
10135232
10135233
10135236
10135237
10135238
10135240
10135241
10135242
10135243
10135244
10135245
10135248
10135249
10135250
10135251
10135252
10135253
10135254
10135255
10135257
10135259
10135261
10135262
10135264
10135265
10135270
10135271
10135274
10135276
10135277
10135278
10135280
10135284
10135285
10135286
10135290
10135291
10135292
10135293
10135294
10135295
10135296
10135297
10135298
10135299
10135302
10135303
10135306
10135308
10135309
10135310
10135311
10135312
10135313
10135315
10135316
10135319
10135320
10135321
10135322
10135323
10135324
10135326
10135328
10135329
10135330
10135331
10135332
10135333
10135334
10135335
10135336
10135337
10135338
10135339
10135340
10135341
10135342
10135343
10135344
10135345
10135346
10135347
10135348
10135349
10135350
10135351
10135352
10135353
10135354
10135355
10135356
10135357
10135358
10135359
10135360
10135361
10135362
10135363
10135364
10135365
10135366
10135367
10135368
10135369
10135370
10135371
10135372
10135373
10135374
10135375
10135376
10135377
10135378
10135379
10135380
10135381
10135382
10135383
10135384
10135386
10135387
10135388
10135389
10135390
10135391
10135392
10135393
10135394
10135395
10135397
10135398
10135399
10135401
10135402
10135403
10135404
10135406
10135407
10135409
10135410
10135411
10135412
10135413
10135415
10135417
10135418
10135419
10135424
10135426
10135427
10135428
10135431
10135432
10135433
10135434
10135435
10135436
10135437
10135438
10135439
10135441
10135442
10135443
10135444
10135445
10135446
10135447
10135448
10135449
10135453
10135456
10135457
10135458
10135459
10135461
10135466
10135467
10135468
10135469
10135471
10135472
10135473
10135474
10135475
10135476
10135477
10135479
10135480
10135481
10135482
10135483
10135484
10135485
10135486
10135487
10135488
10135489
10135490
10135491
10135493
10135494
10135495
10135497
10135499
10135500
10135501
10135502
10135503
10135505
10135506
10135507
10135508
10135509
10135510
10135511
10135512
10135514
10135516
10135517
10135518
10135520
10135521
10135522
10135523
10135524
10135525
10135526
10135529
10135530
10135531
10135532
10135533
10135534
10135535
10135536
10135537
10135538
10135539
10135540
10135541
10135542
10135543
10135544
10135545
10135546
10135547
10135548
10135549
10135551
10135552
10135553
10135554
10135555
10135556
10135557
10135560
10135561
10135562
10135563
10135564
10135565
10135566
10135567
10135568
10135569
10135570
10135572
10135573
10135574
10135575
10135576
10135577
10135578
10135579
10135580
10135581
10135582
10135583
10135584
10135585
10135586
10135587
10135588
10135590
10135591
10135594
10135595
10135597
10135598
10135599
10135602
10135603
10135605
10135607
10135609
10135610
10135611
10135612
10135613
10135615
10135616
10135617
10135618
10135619
10135620
10135621
10135622
10135623
10135624
10135625
10135627
10135628
10135629
10135630
10135631
10135632
10135633
10135634
10135635
10135636
10135637
10135639
10135640
10135641
10135642
10135643
10135644
10135645
10135646
10135647
10135648
10135649
10135650
10135651
10135653
10135654
10135655
10135656
10135658
10135659
10135660
10135661
10135662
10135665
10135666
10135667
10135668
10135669
10135671
10135672
10135673
10135674
10135675
10135677
10135678
10135680
10135681
10135682
10135684
10135685
10135687
10135688
10135689
10135691
10135692
10135693
10135695
10135696
10135697
10135698
10135699
10135700
10135702
10135704
10135706
10135707
10135708
10135709
10135710
10135711
10135712
10135715
10135716
10135717
10135718
10135719
10135720
10135721
10135722
10135723
10135725
10135726
10135727
10135728
10135729
10135730
10135731
10135732
10135733
10135734
10135735
10135736
10135738
10135740
10135741
10135742
10135743
10135746
10135748
10135749
10135750
10135751
10135752
10135753
10135754
10135755
10135756
10135757
10135758
10135759
10135760
10135761
10135763
10135764
10135765
10135767
10135768
10135769
10135770
10135772
10135774
10135775
10135776
10135777
10135779
10135780
10135781
10135782
10135785
10135786
10135787
10135788
10135789
10135790
10135791
10135792
10135793
10135794
10135795
10135796
10135798
10135799
10135800
10135803
10135804
10135805
10135806
10135807
10135808
10135809
10135810
10135812
10135813
10135815
10135816
10135817
10135818
10135819
10135820
10135821
10135823
10135824
10135825
10135826
10135827
10135829
10135830
10135831
10135832
10135834
10135835
10135836
10135838
10135839
10135840
10135841
10135842
10135843
10135844
10135845
10135846
10135849
10135850
10135854
10135856
10135857
10135858
10135859
10135860
10135861
10135863
10135864
10135865
10135866
10135868
10135869
10135872
10135873
10135874
10135875
10135876
10135877
10135878
10135879
10135880
10135881
10135883
10135884
10135885
10135886
10135888
10135889
10135890
10135891
10135892
10135893
10135894
10135895
10135896
10135898
10135900
10135902
10135903
10135905
10135906
10135907
10135909
10135910
10135911
10135912
10135913
10135914
10135915
10135916
10135917
10135919
10135920
10135922
10135923
10135924
10135925
10135926
10135927
10135928
10135929
10135931
10135932
10135934
10135936
10135937
10135938
10135939
10135940
10135941
10135942
10135943
10135945
10135946
10135947
10135949
10135950
10135951
10135952
10135954
10135957
10135958
10135961
10135962
10135963
10135964
10135965
10135966
10135967
10135968
10135970
10135971
10135972
10135973
10135974
10135975
10135976
10135977
10135978
10135979
10135980
10135981
10135982
10135983
10135984
10135985
10135986
10135987
10135988
10135990
10135991
10135992
10135993
10135994
10135996
10135997
10135998
10135999
10136000
10136001
10136002
10136004
10136005
10136006
10136007
10136009
10136010
10136011
10136012
10136013
10136014
10136015
10136016
10136017
10136018
10136021
10136022
10136023
10136024
10136025
10136026
10136027
10136029
10136030
10136031
10136033
10136034
10136035
10136036
10136037
10136038
10136039
10136040
10136041
10136042
10136043
10136044
10136045
10136046
10136047
10136048
10136049
10136050
10136051
10136052
10136053
10136054
10136055
10136056
10136057
10136058
10136060
10136061
10136062
10136063
10136064
10136065
10136067
10136068
10136073
10136074
10136075
10136076
10136080
10136081
10136083
10136084
10136085
10136087
10136088
10136089
10136090
10136091
10136092
10136093
10136094
10136095
10136098
10136099
10136100
10136101
10136102
10136103
10136104
10136105
10136106
10136107
10136108
10136109
10136110
10136112
10136113
10136114
10136115
10136117
10136118
10136119
10136120
10136121
10136123
10136124
10136125
10136126
10136127
10136128
10136129
10136130
10136131
10136132
10136133
10136134
10136135
10136136
10136137
10136138
10136139
10136140
10136141
10136143
10136144
10136145
10136147
10136148
10136149
10136151
10136152
10136153
10136155
10136156
10136157
10136158
10136159
10136160
10136161
10136162
10136163
10136164
10136165
10136167
10136168
10136170
10136171
10136172
10136173
10136174
10136175
10136176
10136177
10136178
10136179
10136180
10136182
10136183
10136184
10136185
10136187
10136188
10136189
10136190
10136192
10136193
10136194
10136195
10136196
10136197
10136198
10136199
10136201
10136202
10136203
10136204
10136205
10136207
10136208
10136210
10136211
10136212
10136213
10136214
10136216
10136217
10136218
10136219
10136220
10136221
10136222
10136224
10136226
10136227
10136228
10136229
10136230
10136231
10136232
10136234
10136236
10136237
10136239
10136240
10136241
10136243
10136244
10136245
10136246
10136247
10136248
10136249
10136251
10136253
10136254
10136255
10136256
10136257
10136258
10136260
10136261
10136262
10136263
10136264
10136265
10136266
10136267
10136268
10136269
10136270
10136271
10136272
10136273
10136274
10136275
10136276
10136277
10136278
10136279
10136280
10136281
10136282
10136283
10136284
10136285
10136286
10136287
10136288
10136289
10136290
10136291
10136292
10136294
10136295
10136296
10136297
10136298
10136299
10136300
10136301
10136302
10136303
10136305
10136306
10136308
10136309
10136310
10136313
10136314
10136315
10136316
10136317
10136318
10136319
10136320
10136321
10136324
10136325
10136326
10136327
10136328
10136329
10136330
10136331
10136332
10136333
10136334
10136335
10136336
10136337
10136338
10136339
10136340
10136341
10136343
10136344
10136345
10136346
10136347
10136348
10136349
10136350
10136351
10136352
10136355
10136356
10136357
10136359
10136360
10136362
10136363
10136364
10136365
10136366
10136367
10136369
10136371
10136372
10136373
10136376
10136377
10136378
10136380
10136382
10136383
10136384
10136385
10136386
10136389
10136390
10136391
10136392
10136393
10136394
10136397
10136398
10136399
10136402
10136403
10136404
10136406
10136407
10136408
10136410
10136411
10136412
10136413
10136414
10136415
10136417
10136420
10136421
10136422
10136423
10136425
10136426
10136427
10136428
10136429
10136430
10136431
10136432
10136433
10136434
10136435
10136436
10136437
10136438
10136439
10136440
10136441
10136443
10136444
10136446
10136447
10136448
10136449
10136450
10136451
10136452
10136453
10136454
10136455
10136456
10136457
10136458
10136459
10136460
10136461
10136462
10136463
10136464
10136465
10136466
10136467
10136468
10136469
10136470
10136471
10136473
10136474
10136475
10136476
10136477
10136478
10136479
10136480
10136481
10136482
10136484
10136485
10136486
10136487
10136488
10136489
10136490
10136491
10136492
10136493
10136494
10136495
10136496
10136497
10136499
10136500
10136501
10136502
10136503
10136504
10136505
10136506
10136507
10136508
10136509
10136510
10136511
10136512
10136513
10136514
10136515
10136516
10136517
10136518
10136519
10136520
10136521
10136522
10136523
10136524
10136525
10136526
10136527
10136528
10136529
10136530
10136531
10136532
10136533
10136534
10136535
10136536
10136537
10136538
10136539
10136540
10136541
10136542
10136543
10136544
10136546
10136547
10136548
10136549
10136550
10136552
10136553
10136554
10136555
10136556
10136557
10136558
10136559
10136560
10136561
10136562
10136563
10136564
10136565
10136566
10136567
10136569
10136570
10136572
10136573
10136574
10136575
10136576
10136577
10136578
10136580
10136581
10136582
10136583
10136585
10136586
10136587
10136589
10136590
10136591
10136592
10136593
10136594
10136595
10136596
10136597
10136598
10136599
10136600
10136601
10136602
10136604
10136605
10136606
10136607
10136608
10136609
10136610
10136611
10136612
10136613
10136614
10136615
10136617
10136618
10136620
10136623
10136624
10136625
10136626
10136627
10136628
10136629
10136630
10136631
10136632