9509126
9509127
9509128
9509129
9509130
9509131
9509132
9509133
9509134
9509135
9509138
9509139
9509140
9509141
9509142
9509143
9509144
9509145
9509146
9509147
9509148
9509149
9509150
9509151
9509152
9509153
9509154
9509155
9509156
9509157
9509158
9509160
9509162
9509163
9509164
9509165
9509166
9509168
9509169
9509170
9509171
9509172
9509173
9509174
9509175
9509176
9509177
9509178
9509179
9509180
9509181
9509182
9509183
9509184
9509185
9509186
9509187
9509188
9509189
9509190
9509191
9509192
9509193
9509194
9509195
9509196
9509197
9509198
9509201
9509202
9509203
9509204
9509205
9509206
9509207
9509208
9509209
9509210
9509211
9509212
9509213
9509214
9509215
9509216
9509217
9509218
9509219
9509220
9509221
9509222
9509223
9509224
9509225
9509226
9509227
9509228
9509229
9509230
9509232
9509233
9509234
9509235
9509236
9509237
9509238
9509239
9509242
9509243
9509245
9509246
9509247
9509248
9509249
9509250
9509251
9509253
9509254
9509255
9509256
9509257
9509258
9509260
9509261
9509262
9509264
9509265
9509266
9509267
9509269
9509270
9509271
9509272
9509273
9509274
9509275
9509276
9509277
9509278
9509279
9509280
9509281
9509282
9509283
9509285
9509286
9509287
9509288
9509289
9509291
9509292
9509293
9509294
9509295
9509296
9509298
9509299
9509300
9509301
9509302
9509303
9509304
9509305
9509306
9509307
9509308
9509310
9509312
9509313
9509314
9509315
9509316
9509317
9509318
9509319
9509320
9509321
9509322
9509323
9509325
9509326
9509327
9509328
9509329
9509330
9509331
9509332
9509334
9509335
9509336
9509337
9509338
9509339
9509340
9509341
9509342
9509344
9509345
9509346
9509347
9509348
9509349
9509350
9509351
9509352
9509353
9509354
9509355
9509357
9509358
9509359
9509360
9509361
9509362
9509363
9509364
9509365
9509366
9509368
9509369
9509370
9509371
9509372
9509373
9509374
9509375
9509376
9509377
9509378
9509379
9509381
9509382
9509383
9509384
9509385
9509386
9509387
9509388
9509389
9509390
9509391
9509392
9509394
9509395
9509396
9509397
9509398
9509399
9509400
9509401
9509402
9509403
9509404
9509405
9509406
9509407
9509408
9509409
9509410
9509411
9509413
9509414
9509416
9509417
9509418
9509419
9509420
9509421
9509422
9509424
9509425
9509426
9509428
9509429
9509430
9509431
9509432
9509433
9509434
9509435
9509437
9509438
9509439
9509440
9509441
9509442
9509443
9509444
9509445
9509446
9509447
9509449
9509450
9509451
9509452
9509454
9509455
9509456
9509458
9509459
9509460
9509461
9509462
9509463
9509464
9509465
9509466
9509467
9509468
9509469
9509470
9509471
9509472
9509473
9509474
9509475
9509476
9509478
9509480
9509481
9509482
9509483
9509484
9509485
9509486
9509487
9509488
9509489
9509490
9509491
9509492
9509493
9509494
9509495
9509496
9509498
9509499
9509500
9509501
9509502
9509503
9509504
9509505
9509506
9509507
9509508
9509509
9509510
9509511
9509512
9509513
9509514
9509515
9509516
9509517
9509518
9509519
9509520
9509521
9509522
9509523
9509524
9509525
9509526
9509527
9509528
9509529
9509530
9509531
9509532
9509533
9509534
9509535
9509536
9509537
9509538
9509539
9509540
9509541
9509542
9509543
9509544
9509545
9509546
9509547
9509548
9509550
9509551
9509553
9509554
9509555
9509556
9509557
9509558
9509559
9509560
9509561
9509562
9509563
9509564
9509565
9509567
9509568
9509569
9509570
9509571
9509572
9509573
9509574
9509575
9509576
9509577
9509578
9509579
9509580
9509581
9509582
9509583
9509584
9509585
9509586
9509587
9509588
9509589
9509590
9509591
9509592
9509593
9509594
9509595
9509596
9509597
9509598
9509599
9509600
9509601
9509603
9509606
9509607
9509608
9509609
9509610
9509611
9509612
9509614
9509615
9509617
9509618
9509619
9509621
9509622
9509623
9509624
9509625
9509626
9509627
9509628
9509629
9509630
9509631
9509632
9509633
9509634
9509635
9509636
9509637
9509638
9509639
9509640
9509641
9509642
9509643
9509644
9509645
9509646
9509647
9509648
9509649
9509652
9509653
9509654
9509655
9509656
9509657
9509658
9509659
9509660
9509661
9509662
9509663
9509665
9509666
9509667
9509668
9509669
9509670
9509671
9509672
9509673
9509674
9509677
9509678
9509679
9509680
9509681
9509682
9509683
9509684
9509685
9509686
9509687
9509688
9509689
9509690
9509691
9509692
9509693
9509694
9509695
9509696
9509697
9509698
9509699
9509700
9509701
9509702
9509703
9509704
9509705
9509706
9509707
9509708
9509709
9509710
9509711
9509712
9509713
9509714
9509715
9509716
9509717
9509718
9509719
9509720
9509721
9509722
9509724
9509728
9509729
9509730
9509731
9509732
9509733
9509734
9509735
9509736
9509737
9509738
9509739
9509740
9509741
9509742
9509743
9509745
9509746
9509747
9509748
9509749
9509750
9509751
9509752
9509753
9509754
9509755
9509757
9509759
9509760
9509761
9509762
9509763
9509764
9509765
9509766
9509767
9509768
9509769
9509770
9509771
9509772
9509773
9509774
9509775
9509776
9509777
9509778
9509779
9509780
9509781
9509782
9509783
9509784
9509785
9509786
9509787
9509788
9509789
9509790
9509791
9509792
9509793
9509794
9509795
9509796
9509798
9509799
9509800
9509801
9509802
9509803
9509804
9509805
9509806
9509807
9509808
9509809
9509810
9509811
9509812
9509813
9509814
9509815
9509816
9509817
9509818
9509819
9509820
9509821
9509822
9509824
9509825
9509826
9509827
9509828
9509829
9509831
9509832
9509833
9509834
9509835
9509836
9509837
9509838
9509839
9509840
9509841
9509842
9509843
9509844
9509845
9509846
9509847
9509848
9509849
9509850
9509851
9509852
9509853
9509854
9509855
9509856
9509857
9509859
9509860
9509861
9509862
9509863
9509864
9509865
9509866
9509867
9509868
9509869
9509870
9509871
9509872
9509874
9509875
9509876
9509877
9509878
9509879
9509880
9509881
9509882
9509883
9509884
9509885
9509886
9509887
9509888
9509889
9509890
9509891
9509892
9509893
9509894
9509895
9509896
9509897
9509898
9509899
9509900
9509901
9509902
9509903
9509904
9509905
9509906
9509907
9509908
9509909
9509910
9509911
9509912
9509913
9509914
9509915
9509916
9509917
9509918
9509919
9509920
9509921
9509922
9509923
9509924
9509925
9509926
9509928
9509929
9509930
9509931
9509932
9509933
9509934
9509935
9509936
9509937
9509938
9509939
9509940
9509941
9509942
9509943
9509945
9509946
9509947
9509948
9509949
9509950
9509951
9509952
9509953
9509954
9509957
9509958
9509959
9509960
9509962
9509963
9509964
9509966
9509967
9509968
9509969
9509970
9509971
9509973
9509974
9509975
9509976
9509977
9509978
9509980
9509981
9509982
9509983
9509984
9509988
9509990
9509991
9509992
9509995
9509998
9509999
9510000
9510001
9510002
9510003
9510004
9510005
9510007
9510008
9510009
9510011
9510012
9510014
9510016
9510019
9510020
9510021
9510022
9510023
9510025
9510026
9510027
9510028
9510029
9510030
9510031
9510032
9510033
9510034
9510035
9510036
9510037
9510038
9510040
9510041
9510042
9510044
9510046
9510047
9510050
9510052
9510053
9510054
9510056
9510057
9510058
9510059
9510060
9510061
9510062
9510063
9510064
9510065
9510066
9510067
9510068
9510069
9510072
9510073
9510074
9510075
9510076
9510077
9510078
9510080
9510081
9510082
9510083
9510084
9510085
9510086
9510087
9510088
9510089
9510090
9510091
9510092
9510093
9510094
9510095
9510096
9510097
9510099
9510100
9510101
9510102
9510103
9510104
9510105
9510106
9510107
9510108
9510109
9510110
9510112
9510113
9510114
9510115
9510116
9510117
9510118
9510120
9510121
9510122
9510123
9510124
9510125
9510127
9510128
9510129
9510130
9510131
9510132
9510133
9510134
9510135
9510136
9510137
9510138
9510141
9510142
9510143
9510144
9510146
9510147
9510148
9510149
9510150
9510151
9510152
9510153
9510155
9510156
9510157
9510158
9510160
9510161
9510162
9510163
9510165
9510167
9510168
9510169
9510171
9510172
9510173
9510174
9510176
9510177
9510179
9510180
9510181
9510182
9510183
9510185
9510186
9510187
9510188
9510189
9510190
9510191
9510192
9510193
9510194
9510195
9510196
9510197
9510198
9510199
9510200
9510201
9510202
9510203
9510204
9510205
9510206
9510207
9510208
9510209
9510210
9510211
9510215
9510216
9510217
9510218
9510219
9510220
9510222
9510223
9510224
9510225
9510226
9510227
9510228
9510230
9510232
9510233
9510234
9510235
9510236
9510237
9510238
9510239
9510240
9510241
9510242
9510244
9510247
9510248
9510250
9510251
9510252
9510253
9510254
9510255
9510257
9510258
9510259
9510260
9510261
9510262
9510263
9510264
9510265
9510266
9510267
9510268
9510269
9510270
9510271
9510272
9510273
9510274
9510276
9510277
9510278
9510279
9510280
9510281
9510282
9510283
9510284
9510285
9510286
9510287
9510288
9510289
9510290
9510291
9510293
9510294
9510295
9510296
9510297
9510300
9510301
9510302
9510303
9510304
9510305
9510306
9510307
9510308
9510310
9510311
9510312
9510314
9510315
9510316
9510317
9510318
9510319
9510320
9510322
9510324
9510325
9510326
9510327
9510328
9510329
9510330
9510331
9510332
9510333
9510334
9510335
9510336
9510337
9510338
9510339
9510340
9510341
9510342
9510343
9510344
9510345
9510346
9510347
9510348
9510349
9510350
9510351
9510352
9510353
9510356
9510357
9510358
9510360
9510361
9510363
9510364
9510365
9510366
9510367
9510368
9510369
9510370
9510371
9510372
9510373
9510374
9510375
9510376
9510380
9510381
9510382
9510383
9510384
9510385
9510386
9510387
9510389
9510390
9510391
9510392
9510393
9510394
9510395
9510396
9510397
9510398
9510399
9510400
9510401
9510402
9510403
9510404
9510406
9510407
9510408
9510410
9510411
9510414
9510415
9510416
9510417
9510419
9510420
9510421
9510422
9510423
9510424
9510425
9510426
9510427
9510428
9510429
9510430
9510431
9510432
9510433
9510434
9510435
9510436
9510437
9510438
9510440
9510441
9510442
9510443
9510444
9510445
9510446
9510448
9510449
9510450
9510452
9510454
9510456
9510457
9510458
9510459
9510460
9510461
9510462
9510463
9510465
9510466
9510467
9510468
9510469
9510470
9510471
9510472
9510474
9510476
9510477
9510478
9510479
9510480
9510481
9510482
9510483
9510484
9510485
9510486
9510487
9510488
9510489
9510490
9510491
9510492
9510494
9510495
9510496
9510497
9510498
9510499
9510500
9510501
9510502
9510503
9510505
9510506
9510507
9510508
9510509
9510510
9510511
9510512
9510513
9510515
9510516
9510517
9510519
9510520
9510521
9510522
9510524
9510526
9510528
9510529
9510531
9510532
9510533
9510534
9510536
9510537
9510538
9510539
9510540
9510541
9510542
9510543
9510544
9510545
9510546
9510548
9510549
9510550
9510551
9510552
9510553
9510554
9510556
9510557
9510558
9510561
9510562
9510564
9510565
9510566
9510567
9510568
9510570
9510571
9510573
9510574
9510575
9510576
9510577
9510579
9510581
9510582
9510584
9510586
9510587
9510588
9510589
9510591
9510597
9510598
9510599
9510601
9510603
9510606
9510607
9510609
9510610
9510611
9510612
9510613
9510615
9510616
9510620
9510623
9510625
9510626
9510628
9510629
9510630
9510631
9510632
9510633
9510634
9510635
9510636
9510637
9510638
9510639
9510640
9510641
9510643
9510644
9510645
9510646
9510648
9510649
9510650
9510651
9510652
9510653
9510654
9510655
9510656
9510657
9510658
9510659
9510660
9510661
9510662
9510663
9510664
9510665
9510666
9510667
9510668
9510669
9510670
9510672
9510673
9510674
9510675
9510676
9510677
9510678
9510679
9510680
9510682
9510683
9510684
9510685
9510686
9510687
9510688
9510690
9510691
9510692
9510693
9510694
9510695
9510696
9510699
9510700
9510701
9510702
9510703
9510704
9510705
9510706
9510707
9510708
9510709
9510710
9510711
9510712
9510713
9510714
9510715
9510716
9510717
9510718
9510719
9510720
9510721
9510723
9510724
9510727
9510728
9510729
9510730
9510731
9510732
9510734
9510735
9510736
9510737
9510738
9510739
9510741
9510743
9510744
9510745
9510746
9510747
9510748
9510749
9510750
9510751
9510752
9510753
9510755
9510756
9510757
9510758
9510759
9510760
9510761
9510762
9510764
9510765
9510766
9510769
9510770
9510771
9510774
9510775
9510777
9510778
9510779
9510780
9510781
9510782
9510783
9510784
9510785
9510786
9510787
9510788
9510789
9510790
9510791
9510794
9510795
9510796
9510797
9510799
9510800
9510802
9510803
9510804
9510805
9510806
9510807
9510808
9510809
9510810
9510811
9510812
9510813
9510814
9510815
9510816
9510817
9510818
9510820
9510821
9510822
9510823
9510824
9510826
9510827
9510828
9510829
9510831
9510832
9510833
9510834
9510835
9510836
9510838
9510842
9510843
9510844
9510845
9510846
9510850
9510851
9510852
9510854
9510855
9510856
9510857
9510858
9510860
9510861
9510862
9510863
9510865
9510866
9510867
9510868
9510869
9510870
9510871
9510872
9510873
9510874
9510875
9510876
9510877
9510878
9510880
9510881
9510882
9510883
9510884
9510887
9510888
9510889
9510891
9510892
9510893
9510894
9510895
9510896
9510897
9510898
9510899
9510900
9510903
9510905
9510906
9510907
9510908
9510909
9510911
9510912
9510914
9510915
9510917
9510918
9510919
9510921
9510922
9510923
9510924
9510925
9510927
9510928
9510929
9510930
9510931
9510933
9510934
9510935
9510937
9510939
9510940
9510942
9510944
9510946
9510947
9510948
9510949
9510950
9510952
9510953
9510954
9510955
9510956
9510957
9510958
9510959
9510960
9510961
9510962
9510963
9510964
9510965
9510966
9510967
9510968
9510969
9510970
9510971
9510972
9510973
9510974
9510975
9510976
9510977
9510978
9510979
9510980
9510981
9510982
9510983
9510984
9510985
9510986
9510987
9510988
9510989
9510990
9510991
9510992
9510993
9510994
9510995
9510996
9510997
9510998
9510999
9511000
9511001
9511002
9511003
9511004
9511005
9511006
9511007
9511008
9511009
9511010
9511011
9511012
9511013
9511014
9511015
9511016
9511017
9511018
9511019
9511020
9511021
9511022
9511023
9511024
9511025
9511026
9511027
9511028
9511029
9511030
9511031
9511032
9511033
9511035
9511036
9511037
9511038
9511039
9511040
9511041
9511042
9511043
9511044
9511045
9511046
9511047
9511048
9511049
9511051
9511052
9511053
9511054
9511055
9511056
9511057
9511058
9511059
9511060
9511061
9511062
9511063
9511064
9511065
9511066
9511068
9511069
9511070
9511071
9511072
9511073
9511074
9511075
9511076
9511078
9511079
9511081
9511082
9511083
9511084
9511085
9511086
9511087
9511088
9511089
9511091
9511092
9511093
9511096
9511098
9511099
9511100
9511102
9511103
9511106
9511107
9511108
9511110
9511113
9511115
9511116
9511119
9511121
9511122
9511123
9511124
9511125
9511126
9511128
9511129
9511130
9511132
9511134
9511136
9511137
9511138
9511139
9511141
9511142
9511143
9511144
9511146
9511147
9511148
9511149
9511150
9511151
9511152
9511153
9511154
9511155
9511157
9511158
9511159
9511160
9511161
9511162
9511163
9511165
9511166
9511167
9511168
9511169
9511171
9511172
9511173
9511174
9511175
9511176
9511178
9511179
9511180
9511181
9511182
9511183
9511184
9511186
9511187
9511188
9511189
9511190
9511191
9511192
9511193
9511194
9511195
9511196
9511197
9511199
9511200
9511201
9511202
9511203
9511204
9511205
9511207
9511208
9511209
9511211
9511212
9511213
9511214
9511215
9511219
9511220
9511222
9511223
9511224
9511225
9511226
9511227
9511228
9511229
9511230
9511231
9511232
9511233
9511234
9511235
9511237
9511238
9511240
9511241
9511242
9511243
9511245
9511247
9511248
9511249
9511250
9511252
9511253
9511255
9511256
9511258
9511259
9511260
9511261
9511262
9511263
9511264
9511265
9511266
9511267
9511268
9511269
9511270
9511271
9511272
9511273
9511274
9511275
9511276
9511277
9511278
9511279
9511280
9511281
9511282
9511283
9511284
9511285
9511286
9511287
9511288
9511289
9511290
9511293
9511294
9511295
9511296
9511297
9511298
9511299
9511300
9511301
9511302
9511304
9511307
9511308
9511309
9511310
9511311
9511313
9511314
9511316
9511317
9511319
9511321
9511322
9511323
9511326
9511328
9511329
9511332
9511334
9511335
9511336
9511339
9511340
9511341
9511342
9511343
9511344
9511345
9511346
9511347
9511349
9511350
9511351
9511353
9511354
9511355
9511356
9511357
9511358
9511359
9511360
9511361
9511363
9511364
9511365
9511367
9511370
9511371
9511372
9511375
9511376
9511377
9511378
9511379
9511380
9511381
9511382
9511383
9511384
9511386
9511387
9511388
9511389
9511390
9511391
9511392
9511393
9511394
9511395
9511396
9511398
9511400
9511401
9511402
9511403
9511404
9511405
9511407
9511408
9511409
9511410
9511411
9511412
9511413
9511414
9511415
9511416
9511417
9511418
9511419
9511420
9511421
9511422
9511423
9511425
9511426
9511427
9511428
9511429
9511430
9511431
9511432
9511433
9511434
9511435
9511436
9511438
9511439
9511440
9511441
9511442
9511443
9511444
9511445
9511446
9511449
9511450
9511451
9511452
9511455
9511456
9511457
9511458
9511459
9511460
9511461
9511462
9511463
9511464
9511465
9511466
9511467
9511468
9511469
9511470
9511471
9511473
9511474
9511476
9511477
9511478
9511479
9511480
9511481
9511482
9511484
9511486
9511487
9511489
9511490
9511491
9511492
9511493
9511494
9511495
9511496
9511497
9511498
9511499
9511500
9511501
9511502
9511503
9511504
9511506
9511507
9511508
9511509
9511510
9511511
9511512
9511513
9511514
9511515
9511516
9511517
9511519
9511520
9511522
9511523
9511524
9511525
9511527
9511528
9511529
9511531
9511532
9511533
9511534
9511535
9511536
9511537
9511538
9511539
9511540
9511541
9511542
9511543
9511544
9511545
9511546
9511547
9511548
9511550
9511551
9511552
9511553
9511554
9511555
9511556
9511557
9511558
9511559
9511560
9511561
9511562
9511566
9511567
9511568
9511569
9511570
9511571
9511572
9511573
9511574
9511575
9511576
9511577
9511578
9511580
9511581
9511582
9511583
9511584
9511585
9511586
9511587
9511588
9511589
9511590
9511591
9511594
9511595
9511596
9511597
9511598
9511599
9511600
9511601
9511602
9511603
9511605
9511606
9511607
9511608
9511609
9511611
9511614
9511615
9511616
9511618
9511619
9511622
9511623
9511624
9511625
9511626
9511627
9511628
9511630
9511631
9511632
9511633
9511634
9511635
9511637
9511638
9511639
9511640
9511641
9511642
9511643
9511644
9511646
9511647
9511648
9511649
9511650
9511651
9511654
9511656
9511657
9511658
9511660
9511661
9511662
9511663
9511664
9511665
9511667
9511668
9511669
9511670
9511671
9511672
9511673
9511674
9511675
9511676
9511677
9511678
9511679
9511680
9511681
9511682
9511683
9511684
9511685
9511687
9511688
9511689
9511690
9511691
9511692
9511693
9511694
9511695
9511696
9511698
9511699
9511700
9511701
9511704
9511705
9511706
9511707
9511708
9511709
9511710
9511711
9511712
9511713
9511715
9511717
9511718
9511719
9511720
9511721
9511722
9511723
9511724
9511726
9511727
9511728
9511729
9511730
9511731
9511732
9511733
9511734
9511735
9511737
9511738
9511739
9511740
9511741
9511742
9511743
9511745
9511746
9511747
9511748
9511749
9511750
9511751
9511752
9511753
9511754
9511755
9511756
9511757
9511758
9511759
9511760
9511761
9511762
9511763
9511764
9511765
9511766
9511768
9511769
9511771
9511772
9511773
9511774
9511775
9511776
9511777
9511778
9511779
9511780
9511781
9511783
9511784
9511785
9511786
9511787
9511788
9511789
9511790
9511791
9511792
9511793
9511794
9511795
9511796
9511797
9511798
9511799
9511800
9511801
9511802
9511803
9511804
9511805
9511806
9511807
9511808
9511809
9511810
9511811
9511812
9511813
9511814
9511815
9511816
9511817
9511818
9511819
9511820
9511821
9511822
9511823
9511824
9511825
9511826
9511827
9511828
9511829
9511830
9511831
9511832
9511833
9511834
9511835
9511836
9511837
9511839
9511840
9511841
9511842
9511843
9511844
9511845
9511846
9511848
9511849
9511850
9511852
9511853
9511854
9511856
9511857
9511858
9511859
9511860
9511861
9511862
9511863
9511864
9511865
9511866
9511867
9511868
9511869
9511870
9511871
9511872
9511873
9511874
9511875
9511876
9511877
9511878
9511879
9511880
9511881
9511882
9511883
9511884
9511885
9511886
9511887
9511888
9511889
9511890
9511891
9511892
9511894
9511895
9511896
9511897
9511898
9511899
9511902
9511904
9511905
9511907
9511908
9511909
9511910
9511911
9511912
9511913
9511914
9511915
9511916
9511917
9511918
9511919
9511920
9511921
9511922
9511923
9511924
9511925
9511926
9511927
9511928
9511929
9511930
9511931
9511932
9511933
9511934
9511935
9511936
9511937
9511938
9511939
9511940
9511941
9511942
9511943
9511944
9511945
9511946
9511947
9511948
9511949
9511950
9511951
9511952
9511953
9511954
9511955
9511956
9511957
9511958
9511959
9511960
9511961
9511962
9511964
9511966
9511967
9511968
9511969
9511970
9511971
9511972
9511973
9511974
9511975
9511976
9511977
9511978
9511979
9511980
9511981
9511982
9511983
9511984
9511985
9511986
9511987
9511988
9511989
9511990
9511991
9511993
9511994
9511996
9511997
9511998
9511999
9512000
9512001
9512002
9512003
9512004
9512005
9512006
9512007
9512008
9512009
9512011
9512012
9512013
9512015
9512016
9512017
9512018
9512020
9512021
9512023
9512024
9512025
9512026
9512028
9512029
9512030
9512031
9512032
9512033
9512034
9512035
9512036
9512037
9512038
9512039
9512040
9512041
9512042
9512043
9512046
9512047
9512048
9512049
9512050
9512051
9512052
9512053
9512054
9512055
9512056
9512057
9512059
9512060
9512061
9512063
9512064
9512066
9512067
9512068
9512069
9512070
9512072
9512073
9512074
9512075
9512076
9512078
9512079
9512080
9512081
9512082
9512083
9512084
9512085
9512086
9512087
9512088
9512089
9512090
9512091
9512092
9512093
9512094
9512095
9512096
9512097
9512098
9512100
9512102
9512103
9512104
9512105
9512106
9512107
9512108
9512110
9512111
9512112
9512113
9512114
9512115
9512116
9512117
9512118
9512119
9512120
9512121
9512122
9512123
9512124
9512125
9512126
9512127
9512128
9512129
9512131
9512132
9512133
9512134
9512136
9512137
9512138
9512139
9512140
9512141
9512142
9512143
9512144
9512145
9512146
9512147
9512148
9512149
9512150
9512151
9512152
9512153
9512154
9512155
9512156
9512157
9512158
9512159
9512160
9512163
9512164
9512165
9512168
9512169
9512170
9512171
9512172
9512174
9512175
9512176
9512177
9512179
9512180
9512182
9512183
9512186
9512187
9512188
9512189
9512190
9512191
9512192
9512193
9512194
9512195
9512196
9512197
9512198
9512199
9512200
9512201
9512202
9512203
9512204
9512205
9512206
9512208
9512210
9512211
9512212
9512213
9512214
9512215
9512216
9512217
9512218
9512219
9512220
9512221
9512222
9512223
9512224
9512225
9512227
9512228
9512229
9512230
9512232
9512233
9512234
9512235
9512236
9512237
9512238
9512239
9512240
9512241
9512242
9512243
9512244
9512245
9512246
9512247
9512248
9512249
9512250
9512251
9512252
9512253
9512254
9512255
9512256
9512257
9512258
9512259
9512260
9512261
9512262
9512263
9512264
9512265
9512266
9512267
9512268
9512269
9512270
9512271
9512272
9512273
9512274
9512275
9512276
9512277
9512279
9512280
9512281
9512282
9512283
9512284
9512285
9512286
9512287
9512288
9512289
9512290
9512291
9512292
9512293
9512294
9512295
9512296
9512297
9512298
9512299
9512300
9512301
9512303
9512304
9512305
9512306
9512307
9512308
9512309
9512310
9512311
9512312
9512313
9512314
9512315
9512316
9512317
9512318
9512319
9512320
9512321
9512322
9512323
9512324
9512325
9512326
9512327
9512328
9512330
9512331
9512332
9512333
9512334
9512335
9512336
9512338
9512340
9512341
9512344
9512345
9512347
9512348
9512349
9512350
9512351
9512352
9512353
9512354
9512355
9512356
9512357
9512358
9512359
9512362
9512363
9512364
9512365
9512368
9512369
9512370
9512371
9512372
9512374
9512375
9512379
9512380
9512381
9512382
9512386
9512387
9512388
9512389
9512390
9512391
9512392
9512393
9512394
9512395
9512396
9512397
9512398
9512400
9512401
9512403
9512404
9512405
9512406
9512407
9512408
9512409
9512410
9512411
9512412
9512413
9512414
9512415
9512417
9512418
9512419
9512420
9512421
9512422
9512423
9512425
9512426
9512427
9512428
9512429
9512430
9512431
9512432
9512433
9512435
9512436
9512437
9512439
9512440
9512441
9512442
9512443
9512444
9512445
9512446
9512447
9512448
9512449
9512450
9512451
9512452
9512453
9512454
9512455
9512456
9512457
9512458
9512459
9512460
9512461
9512462
9512463
9512464
9512465
9512466
9512467
9512468
9512470
9512471
9512472
9512473
9512474
9512475
9512476
9512477
9512479
9512480
9512481
9512482
9512483
9512484
9512485
9512486
9512487
9512488
9512489
9512490
9512491
9512492
9512493
9512494
9512495
9512496
9512497
9512499
9512500
9512501
9512502
9512503
9512504
9512505
9512506
9512507
9512508
9512509
9512510
9512511
9512512
9512513
9512514
9512515
9512516
9512517
9512519
9512520
9512521
9512522
9512523
9512524
9512525
9512527
9512528
9512529
9512530
9512531
9512532
9512533
9512534
9512535
9512536
9512537
9512538
9512539
9512540
9512541
9512542
9512543
9512544
9512545
9512546
9512547
9512548
9512549
9512550
9512551
9512552
9512553
9512554
9512555
9512556
9512557
9512558
9512559
9512560
9512561
9512564
9512565
9512566
9512567
9512568
9512570
9512571
9512572
9512573
9512574
9512575
9512576
9512577
9512578
9512579
9512580
9512581
9512582
9512583
9512584
9512585
9512587
9512588
9512589
9512591
9512592
9512594
9512595
9512596
9512597
9512598
9512599
9512600
9512601
9512602
9512604
9512605
9512606
9512607
9512608
9512609
9512610
9512611
9512612
9512613
9512614
9512615
9512616
9512617
9512618
9512619
9512621
9512622
9512623
9512624
9512625
9512626
9512627
9512628
9512629
9512631
9512632
9512633
9512634
9512635
9512636
9512638
9512639
9512640
9512641
9512642
9512643
9512644
9512645
9512646
9512648
9512650
9512651
9512652
9512653
9512654
9512655
9512657
9512658
9512660
9512661
9512662
9512663
9512665
9512666
9512667
9512669
9512670
9512671
9512672
9512673
9512674
9512675
9512676
9512677
9512678
9512679
9512682
9512684
9512685
9512686
9512687
9512689
9512690
9512691
9512693
9512694
9512696
9512697
9512698
9512699
9512700
9512702
9512703
9512704
9512705
9512706
9512707
9512708
9512709
9512710
9512712
9512713
9512714
9512716
9512718
9512719
9512720
9512721
9512722
9512725
9512726
9512727
9512728
9512729
9512730
9512731
9512735
9512737
9512738
9512739
9512740
9512741
9512742
9512743
9512744
9512745
9512747
9512748
9512749
9512750
9512751
9512752
9512755
9512756
9512757
9512758
9512759
9512760
9512761
9512762
9512763
9512764
9512765
9512766
9512768
9512769
9512770
9512772
9512773
9512774
9512775
9512776
9512777
9512778
9512779
9512780
9512781
9512782
9512786
9512787
9512788
9512789
9512791
9512792
9512793
9512794
9512795
9512796
9512797
9512798
9512799
9512800
9512801
9512803
9512804
9512805
9512806
9512809
9512810
9512811
9512812
9512813
9512814
9512815
9512816
9512817
9512819
9512820
9512821
9512822
9512823
9512824
9512825
9512827
9512829
9512830
9512831
9512833
9512834
9512835
9512836
9512837
9512842
9512843
9512844
9512845
9512846
9512847
9512848
9512849
9512850
9512851
9512852
9512853
9512854
9512855
9512858
9512860
9512861
9512862
9512863
9512864
9512866
9512868
9512870
9512871
9512872
9512875
9512876
9512877
9512878
9512879
9512880
9512882
9512883
9512884
9512885
9512886
9512887
9512888
9512889
9512890
9512891
9512892
9512893
9512894
9512895
9512896
9512897
9512898
9512899
9512900
9512902
9512903
9512904
9512905
9512906
9512907
9512908
9512909
9512911
9512912
9512913
9512914
9512915
9512916
9512917
9512918
9512920
9512921
9512922
9512923
9512924
9512925
9512926
9512927
9512930
9512931
9512932
9512933
9512934
9512935
9512936
9512937
9512938
9512940
9512942
9512944
9512946
9512947
9512948
9512949
9512951
9512952
9512953
9512954
9512955
9512957
9512958
9512960
9512962
9512963
9512964
9512965
9512966
9512967
9512968
9512969
9512970
9512971
9512972
9512973
9512974
9512975
9512976
9512978
9512979
9512980
9512981
9512982
9512983
9512984
9512985
9512987
9512988
9512989
9512990
9512991
9512992
9512993
9512994
9512995
9512996
9512997
9512998
9512999
9513000
9513001
9513002
9513003
9513004
9513005
9513006
9513007
9513008
9513009
9513010
9513011
9513012
9513013
9513015
9513016
9513017
9513018
9513019
9513021
9513022
9513023
9513024
9513025
9513026
9513027
9513028
9513029
9513030
9513031
9513032
9513033
9513034
9513035
9513037
9513038
9513039
9513040
9513041
9513043
9513044
9513045
9513046
9513047
9513048
9513049
9513050
9513051
9513053
9513054
9513055
9513056
9513057
9513058
9513059
9513060
9513061
9513062
9513063
9513064
9513066
9513068
9513069
9513070
9513071
9513072
9513073
9513074
9513075
9513076
9513077
9513078
9513079
9513080
9513082
9513083
9513084
9513085
9513086
9513087
9513088
9513089
9513090
9513091
9513092
9513093
9513094
9513096
9513097
9513099
9513100
9513101
9513102
9513104
9513105
9513106
9513107
9513108
9513109
9513110
9513111
9513113
9513114
9513115
9513116
9513118
9513119
9513120
9513122
9513123
9513124
9513125
9513129
9513131
9513135
9513136
9513137
9513138
9513141
9513142
9513143
9513144
9513145
9513146
9513149
9513150
9513151
9513152
9513153
9513154
9513155
9513156
9513157
9513158
9513159
9513161
9513162
9513164
9513166
9513168
9513169
9513170
9513171