9183442
9183443
9183444
9183446
9183447
9183448
9183449
9183450
9183451
9183452
9183453
9183454
9183456
9183457
9183458
9183459
9183460
9183461
9183462
9183463
9183464
9183465
9183466
9183467
9183469
9183470
9183471
9183472
9183473
9183474
9183475
9183476
9183477
9183478
9183479
9183480
9183481
9183482
9183483
9183484
9183485
9183486
9183487
9183488
9183489
9183490
9183491
9183492
9183493
9183494
9183495
9183496
9183497
9183498
9183499
9183500
9183501
9183502
9183503
9183504
9183505
9183506
9183508
9183509
9183510
9183511
9183512
9183513
9183514
9183515
9183516
9183517
9183518
9183519
9183520
9183521
9183523
9183524
9183527
9183528
9183529
9183530
9183531
9183533
9183534
9183535
9183536
9183537
9183538
9183539
9183540
9183541
9183542
9183543
9183544
9183545
9183546
9183547
9183548
9183549
9183550
9183551
9183552
9183553
9183554
9183556
9183557
9183558
9183559
9183560
9183562
9183563
9183564
9183566
9183567
9183568
9183570
9183571
9183572
9183573
9183575
9183576
9183577
9183578
9183579
9183580
9183581
9183583
9183584
9183585
9183587
9183588
9183589
9183590
9183591
9183593
9183594
9183595
9183596
9183597
9183599
9183600
9183601
9183602
9183603
9183604
9183605
9183606
9183607
9183608
9183609
9183610
9183611
9183612
9183613
9183614
9183615
9183617
9183618
9183619
9183620
9183621
9183622
9183623
9183624
9183625
9183626
9183627
9183628
9183629
9183630
9183631
9183632
9183633
9183634
9183635
9183636
9183637
9183638
9183639
9183640
9183641
9183642
9183643
9183644
9183645
9183646
9183647
9183649
9183650
9183651
9183652
9183653
9183654
9183655
9183656
9183657
9183658
9183659
9183660
9183661
9183662
9183663
9183664
9183665
9183666
9183667
9183668
9183669
9183670
9183671
9183672
9183673
9183674
9183675
9183677
9183678
9183680
9183681
9183682
9183684
9183685
9183687
9183688
9183689
9183690
9183691
9183692
9183693
9183694
9183695
9183696
9183697
9183698
9183699
9183700
9183701
9183703
9183704
9183705
9183706
9183708
9183709
9183710
9183711
9183712
9183714
9183715
9183717
9183718
9183719
9183720
9183721
9183722
9183723
9183724
9183725
9183726
9183727
9183728
9183729
9183730
9183731
9183732
9183734
9183735
9183737
9183738
9183739
9183740
9183741
9183742
9183743
9183744
9183745
9183746
9183747
9183748
9183749
9183750
9183751
9183752
9183753
9183754
9183755
9183756
9183757
9183758
9183759
9183760
9183761
9183762
9183763
9183764
9183765
9183766
9183767
9183768
9183769
9183770
9183772
9183773
9183774
9183775
9183776
9183777
9183778
9183779
9183780
9183781
9183782
9183784
9183785
9183786
9183787
9183788
9183791
9183792
9183793
9183794
9183795
9183796
9183797
9183798
9183799
9183800
9183801
9183802
9183803
9183804
9183805
9183806
9183807
9183808
9183809
9183810
9183811
9183812
9183813
9183814
9183815
9183816
9183817
9183818
9183819
9183820
9183822
9183823
9183824
9183825
9183826
9183827
9183828
9183829
9183830
9183831
9183832
9183834
9183835
9183836
9183837
9183838
9183839
9183840
9183841
9183842
9183843
9183844
9183845
9183846
9183847
9183848
9183849
9183850
9183851
9183852
9183853
9183854
9183855
9183856
9183857
9183858
9183859
9183860
9183861
9183862
9183863
9183864
9183865
9183866
9183867
9183868
9183869
9183870
9183871
9183872
9183873
9183874
9183875
9183876
9183877
9183878
9183879
9183880
9183881
9183882
9183883
9183884
9183885
9183886
9183887
9183888
9183889
9183890
9183891
9183892
9183893
9183894
9183895
9183896
9183897
9183898
9183899
9183900
9183901
9183902
9183903
9183904
9183905
9183906
9183907
9183908
9183909
9183910
9183911
9183912
9183913
9183914
9183915
9183916
9183917
9183918
9183919
9183920
9183921
9183922
9183923
9183924
9183925
9183926
9183927
9183928
9183930
9183931
9183932
9183933
9183934
9183935
9183936
9183937
9183938
9183939
9183940
9183941
9183942
9183943
9183946
9183947
9183948
9183949
9183950
9183951
9183952
9183953
9183955
9183956
9183957
9183958
9183971
9183972
9183973
9183974
9183975
9183976
9183977
9183978
9183979
9183980
9183981
9183984
9183985
9183986
9183987
9183989
9183990
9183991
9183992
9183994
9183995
9183996
9183997
9183998
9183999
9184000
9184004
9184005
9184007
9184008
9184009
9184010
9184011
9184012
9184013
9184014
9184015
9184016
9184019
9184020
9184021
9184022
9184023
9184024
9184025
9184026
9184028
9184029
9184030
9184031
9184032
9184033
9184034
9184035
9184036
9184037
9184038
9184040
9184041
9184042
9184043
9184044
9184045
9184046
9184047
9184048
9184049
9184050
9184051
9184052
9184053
9184054
9184055
9184056
9184057
9184058
9184059
9184060
9184061
9184065
9184066
9184067
9184068
9184069
9184070
9184071
9184074
9184075
9184077
9184078
9184079
9184080
9184081
9184082
9184083
9184084
9184085
9184086
9184088
9184089
9184090
9184091
9184092
9184093
9184094
9184095
9184097
9184098
9184099
9184100
9184101
9184102
9184103
9184104
9184105
9184106
9184107
9184108
9184109
9184111
9184114
9184115
9184116
9184117
9184118
9184119
9184120
9184121
9184122
9184123
9184124
9184125
9184126
9184127
9184128
9184129
9184131
9184132
9184133
9184134
9184135
9184136
9184137
9184138
9184139
9184140
9184141
9184143
9184144
9184145
9184146
9184147
9184148
9184149
9184150
9184151
9184156
9184157
9184158
9184159
9184161
9184162
9184163
9184164
9184165
9184166
9184167
9184168
9184169
9184170
9184171
9184172
9184174
9184175
9184176
9184177
9184178
9184179
9184180
9184181
9184182
9184183
9184184
9184185
9184186
9184187
9184188
9184189
9184190
9184191
9184192
9184193
9184194
9184195
9184196
9184197
9184198
9184199
9184200
9184202
9184203
9184204
9184205
9184206
9184207
9184208
9184209
9184210
9184211
9184212
9184213
9184214
9184215
9184216
9184218
9184219
9184220
9184221
9184224
9184225
9184226
9184227
9184228
9184229
9184230
9184231
9184232
9184233
9184234
9184236
9184238
9184239
9184240
9184241
9184242
9184246
9184247
9184248
9184249
9184250
9184251
9184252
9184253
9184254
9184255
9184256
9184257
9184258
9184259
9184260
9184261
9184262
9184263
9184264
9184265
9184266
9184267
9184268
9184269
9184270
9184271
9184272
9184274
9184275
9184276
9184277
9184278
9184279
9184280
9184281
9184283
9184284
9184287
9184288
9184289
9184290
9184291
9184293
9184294
9184295
9184296
9184297
9184299
9184300
9184301
9184302
9184303
9184304
9184305
9184306
9184307
9184308
9184309
9184310
9184311
9184312
9184313
9184314
9184315
9184318
9184319
9184324
9184326
9184328
9184329
9184330
9184331
9184332
9184333
9184334
9184335
9184336
9184337
9184338
9184339
9184341
9184343
9184344
9184346
9184347
9184348
9184349
9184350
9184351
9184353
9184354
9184355
9184356
9184357
9184358
9184360
9184361
9184362
9184363
9184364
9184365
9184366
9184368
9184369
9184370
9184371
9184372
9184373
9184374
9184375
9184376
9184377
9184378
9184379
9184380
9184381
9184382
9184383
9184384
9184385
9184386
9184387
9184389
9184390
9184391
9184392
9184393
9184394
9184395
9184396
9184397
9184398
9184399
9184401
9184402
9184403
9184405
9184406
9184408
9184409
9184410
9184411
9184412
9184413
9184414
9184415
9184416
9184417
9184418
9184419
9184420
9184421
9184422
9184423
9184424
9184425
9184426
9184427
9184429
9184430
9184431
9184432
9184433
9184435
9184436
9184437
9184441
9184442
9184443
9184444
9184446
9184448
9184449
9184450
9184451
9184452
9184453
9184454
9184455
9184456
9184457
9184459
9184460
9184461
9184462
9184463
9184464
9184467
9184468
9184469
9184470
9184471
9184472
9184473
9184474
9184475
9184476
9184477
9184478
9184479
9184480
9184481
9184482
9184483
9184484
9184485
9184486
9184487
9184488
9184489
9184490
9184491
9184492
9184493
9184494
9184495
9184497
9184498
9184499
9184500
9184501
9184502
9184503
9184504
9184505
9184506
9184508
9184509
9184510
9184511
9184512
9184513
9184514
9184515
9184516
9184517
9184518
9184519
9184520
9184521
9184522
9184524
9184525
9184526
9184527
9184528
9184529
9184530
9184532
9184533
9184534
9184535
9184536
9184537
9184538
9184539
9184540
9184541
9184542
9184543
9184544
9184545
9184546
9184547
9184548
9184549
9184551
9184552
9184553
9184554
9184555
9184556
9184557
9184558
9184559
9184560
9184561
9184562
9184563
9184564
9184565
9184566
9184567
9184568
9184569
9184570
9184571
9184572
9184573
9184574
9184575
9184576
9184577
9184578
9184579
9184580
9184581
9184582
9184584
9184585
9184586
9184587
9184588
9184589
9184590
9184591
9184592
9184594
9184595
9184596
9184597
9184598
9184599
9184600
9184601
9184603
9184604
9184605
9184606
9184607
9184608
9184609
9184610
9184611
9184612
9184613
9184614
9184616
9184617
9184618
9184621
9184622
9184623
9184624
9184626
9184628
9184629
9184630
9184631
9184632
9184633
9184634
9184635
9184636
9184637
9184638
9184639
9184641
9184643
9184644
9184645
9184646
9184647
9184649
9184650
9184651
9184652
9184653
9184654
9184655
9184656
9184657
9184658
9184659
9184660
9184661
9184662
9184663
9184664
9184665
9184666
9184667
9184668
9184670
9184671
9184672
9184673
9184674
9184675
9184676
9184677
9184678
9184679
9184681
9184682
9184683
9184684
9184685
9184687
9184688
9184689
9184690
9184691
9184692
9184693
9184694
9184695
9184696
9184697
9184698
9184699
9184700
9184701
9184702
9184703
9184704
9184705
9184706
9184708
9184709
9184710
9184712
9184713
9184714
9184715
9184716
9184717
9184718
9184720
9184721
9184722
9184723
9184724
9184725
9184726
9184727
9184728
9184729
9184730
9184731
9184732
9184733
9184734
9184736
9184737
9184738
9184739
9184741
9184742
9184743
9184744
9184745
9184746
9184748
9184749
9184750
9184751
9184752
9184753
9184754
9184755
9184756
9184757
9184758
9184759
9184760
9184761
9184762
9184763
9184764
9184766
9184767
9184768
9184771
9184772
9184773
9184774
9184776
9184777
9184778
9184779
9184780
9184781
9184782
9184783
9184784
9184786
9184787
9184788
9184789
9184790
9184791
9184792
9184795
9184796
9184797
9184799
9184800
9184801
9184802
9184803
9184804
9184805
9184806
9184807
9184808
9184809
9184810
9184811
9184812
9184813
9184814
9184815
9184816
9184817
9184819
9184821
9184822
9184823
9184824
9184825
9184826
9184827
9184828
9184829
9184830
9184831
9184832
9184833
9184834
9184835
9184836
9184837
9184838
9184839
9184840
9184841
9184842
9184843
9184844
9184846
9184850
9184851
9184852
9184853
9184854
9184855
9184857
9184858
9184859
9184860
9184861
9184862
9184863
9184864
9184865
9184866
9184867
9184868
9184869
9184870
9184871
9184872
9184873
9184874
9184875
9184876
9184877
9184878
9184879
9184881
9184882
9184883
9184885
9184886
9184887
9184888
9184891
9184892
9184894
9184895
9184897
9184900
9184902
9184904
9184905
9184906
9184907
9184908
9184909
9184910
9184911
9184912
9184913
9184914
9184915
9184916
9184917
9184918
9184920
9184921
9184922
9184923
9184924
9184925
9184926
9184927
9184928
9184929
9184930
9184932
9184933
9184935
9184936
9184937
9184938
9184939
9184940
9184941
9184942
9184944
9184945
9184946
9184947
9184948
9184949
9184950
9184951
9184952
9184953
9184954
9184955
9184956
9184957
9184958
9184959
9184961
9184962
9184963
9184964
9184965
9184966
9184967
9184968
9184969
9184970
9184971
9184972
9184973
9184974
9184975
9184976
9184977
9184979
9184981
9184982
9184983
9184985
9184986
9184988
9184990
9184991
9184993
9184994
9184995
9184996
9184997
9184998
9184999
9185000
9185001
9185002
9185003
9185004
9185005
9185006
9185007
9185008
9185009
9185010
9185011
9185013
9185014
9185015
9185016
9185017
9185018
9185020
9185021
9185022
9185023
9185024
9185025
9185026
9185027
9185028
9185030
9185031
9185032
9185033
9185034
9185035
9185036
9185038
9185039
9185040
9185041
9185042
9185043
9185044
9185045
9185047
9185048
9185049
9185050
9185052
9185054
9185055
9185056
9185057
9185058
9185059
9185060
9185061
9185063
9185064
9185065
9185066
9185068
9185069
9185070
9185071
9185072
9185073
9185076
9185077
9185079
9185080
9185081
9185082
9185083
9185084
9185085
9185086
9185087
9185088
9185089
9185090
9185091
9185092
9185093
9185095
9185096
9185097
9185098
9185099
9185100
9185101
9185102
9185105
9185106
9185107
9185108
9185109
9185110
9185111
9185113
9185114
9185115
9185116
9185117
9185118
9185120
9185121
9185122
9185123
9185125
9185126
9185127
9185129
9185130
9185131
9185132
9185133
9185134
9185135
9185136
9185137
9185138
9185139
9185140
9185141
9185144
9185145
9185146
9185147
9185148
9185149
9185150
9185151
9185153
9185154
9185155
9185156
9185157
9185158
9185159
9185160
9185162
9185164
9185165
9185167
9185168
9185169
9185170
9185178
9185180
9185181
9185182
9185183
9185184
9185185
9185186
9185188
9185189
9185190
9185191
9185192
9185194
9185195
9185196
9185197
9185198
9185199
9185200
9185201
9185202
9185203
9185204
9185206
9185209
9185211
9185212
9185213
9185214
9185215
9185216
9185218
9185219
9185220
9185221
9185222
9185224
9185225
9185226
9185227
9185228
9185229
9185230
9185231
9185232
9185233
9185234
9185235
9185236
9185237
9185238
9185239
9185240
9185242
9185243
9185244
9185245
9185246
9185247
9185248
9185249
9185250
9185251
9185252
9185253
9185254
9185255
9185256
9185257
9185258
9185259
9185260
9185261
9185262
9185264
9185265
9185266
9185267
9185268
9185269
9185270
9185271
9185272
9185273
9185275
9185276
9185277
9185278
9185280
9185281
9185282
9185283
9185285
9185286
9185287
9185288
9185289
9185290
9185291
9185292
9185293
9185294
9185295
9185296
9185297
9185298
9185299
9185300
9185301
9185302
9185304
9185305
9185306
9185307
9185308
9185309
9185310
9185311
9185312
9185314
9185315
9185316
9185318
9185319
9185321
9185322
9185324
9185326
9185328
9185329
9185330
9185332
9185333
9185334
9185335
9185336
9185337
9185338
9185340
9185341
9185344
9185345
9185347
9185348
9185350
9185351
9185352
9185354
9185355
9185356
9185358
9185359
9185361
9185362
9185364
9185367
9185368
9185370
9185371
9185373
9185374
9185375
9185376
9185378
9185379
9185380
9185381
9185382
9185384
9185386
9185387
9185388
9185389
9185390
9185391
9185392
9185393
9185394
9185395
9185396
9185397
9185399
9185400
9185401
9185402
9185403
9185405
9185406
9185408
9185410
9185411
9185412
9185413
9185414
9185415
9185416
9185418
9185419
9185420
9185422
9185423
9185424
9185425
9185426
9185427
9185428
9185429
9185430
9185431
9185432
9185433
9185434
9185435
9185436
9185437
9185438
9185439
9185440
9185441
9185442
9185443
9185444
9185445
9185446
9185447
9185448
9185449
9185450
9185451
9185452
9185453
9185454
9185455
9185456
9185457
9185458
9185459
9185460
9185461
9185462
9185463
9185464
9185465
9185466
9185467
9185470
9185471
9185472
9185478
9185480
9185481
9185482
9185483
9185485
9185486
9185487
9185488
9185489
9185490
9185491
9185492
9185493
9185494
9185495
9185496
9185497
9185498
9185499
9185500
9185501
9185502
9185503
9185504
9185505
9185506
9185508
9185509
9185510
9185511
9185512
9185513
9185514
9185516
9185517
9185518
9185519
9185520
9185521
9185522
9185523
9185524
9185525
9185526
9185527
9185528
9185529
9185530
9185531
9185532
9185533
9185534
9185535
9185536
9185537
9185538
9185539
9185540
9185541
9185542
9185545
9185546
9185547
9185548
9185549
9185550
9185551
9185552
9185553
9185556
9185557
9185558
9185559
9185560
9185561
9185562
9185564
9185565
9185566
9185567
9185568
9185570
9185571
9185572
9185573
9185574
9185575
9185576
9185577
9185578
9185579
9185580
9185581
9185582
9185584
9185585
9185586
9185587
9185588
9185589
9185590
9185592
9185593
9185594
9185596
9185597
9185598
9185599
9185600
9185604
9185605
9185606
9185607
9185608
9185609
9185610
9185611
9185612
9185613
9185615
9185616
9185617
9185619
9185620
9185621
9185623
9185624
9185625
9185626
9185627
9185628
9185629
9185630
9185631
9185632
9185633
9185634
9185635
9185636
9185638
9185639
9185640
9185641
9185642
9185643
9185644
9185645
9185646
9185647
9185649
9185650
9185651
9185652
9185653
9185654
9185655
9185656
9185657
9185658
9185659
9185660
9185661
9185662
9185663
9185664
9185665
9185667
9185668
9185669
9185670
9185672
9185673
9185674
9185675
9185676
9185677
9185678
9185679
9185680
9185681
9185682
9185683
9185684
9185685
9185686
9185687
9185688
9185689
9185690
9185691
9185692
9185693
9185694
9185695
9185696
9185697
9185698
9185699
9185701
9185702
9185703
9185704
9185705
9185706
9185707
9185708
9185709
9185711
9185712
9185713
9185715
9185717
9185718
9185719
9185720
9185721
9185722
9185723
9185724
9185725
9185727
9185728
9185729
9185730
9185731
9185732
9185733
9185734
9185735
9185736
9185737
9185738
9185739
9185740
9185741
9185742
9185743
9185745
9185746
9185747
9185748
9185749
9185750
9185751
9185752
9185753
9185755
9185756
9185757
9185758
9185759
9185760
9185761
9185762
9185763
9185765
9185767
9185768
9185769
9185771
9185772
9185773
9185774
9185776
9185777
9185778
9185779
9185781
9185782
9185783
9185784
9185785
9185786
9185787
9185789
9185791
9185792
9185793
9185794
9185795
9185796
9185797
9185798
9185799
9185800
9185801
9185802
9185803
9185804
9185806
9185807
9185808
9185810
9185811
9185812
9185813
9185814
9185816
9185817
9185818
9185819
9185820
9185822
9185824
9185828
9185830
9185833
9185834
9185836
9185837
9185838
9185840
9185842
9185844
9185846
9185847
9185848
9185849
9185850
9185851
9185852
9185853
9185854
9185855
9185856
9185857
9185858
9185859
9185860
9185861
9185862
9185863
9185864
9185865
9185867
9185868
9185869
9185870
9185872
9185873
9185874
9185875
9185876
9185877
9185878
9185879
9185881
9185882
9185884
9185885
9185886
9185887
9185888
9185889
9185890
9185892
9185893
9185894
9185895
9185896
9185898
9185899
9185900
9185901
9185903
9185905
9185906
9185907
9185909
9185910
9185911
9185912
9185913
9185915
9185916
9185917
9185919
9185920
9185921
9185923
9185924
9185925
9185926
9185927
9185928
9185929
9185930
9185932
9185933
9185934
9185935
9185936
9185937
9185938
9185939
9185940
9185941
9185942
9185943
9185944
9185945
9185946
9185947
9185950
9185955
9185956
9185957
9185958
9185959
9185960
9185961
9185962
9185963
9185964
9185965
9185966
9185967
9185968
9185969
9185970
9185971
9185972
9185974
9185975
9185976
9185977
9185978
9185980
9185981
9185982
9185983
9185984
9185985
9185986
9185987
9185988
9185989
9185992
9185993
9185994
9185995
9185996
9185997
9185998
9185999
9186000
9186001
9186002
9186003
9186004
9186006
9186007
9186008
9186009
9186011
9186012
9186013
9186014
9186016
9186017
9186018
9186019
9186020
9186021
9186022
9186023
9186024
9186025
9186026
9186027
9186028
9186029
9186032
9186033
9186034
9186035
9186037
9186038
9186040
9186041
9186042
9186044
9186046
9186048
9186049
9186051
9186052
9186053
9186054
9186055
9186058
9186059
9186060
9186061
9186062
9186063
9186064
9186065
9186066
9186068
9186069
9186070
9186071
9186072
9186073
9186075
9186076
9186077
9186078
9186079
9186080
9186082
9186083
9186084
9186085
9186086
9186087
9186088
9186089
9186090
9186091
9186092
9186093
9186094
9186095
9186096
9186097
9186098
9186099
9186100
9186102
9186103
9186104
9186105
9186107
9186108
9186109
9186110
9186111
9186113
9186114
9186115
9186116
9186117
9186118
9186119
9186120
9186121
9186122
9186123
9186125
9186126
9186127
9186129
9186130
9186131
9186132
9186133
9186134
9186135
9186136
9186137
9186138
9186139
9186140
9186141
9186142
9186144
9186145
9186147
9186149
9186151
9186152
9186154
9186155
9186157
9186159
9186160
9186161
9186162
9186163
9186164
9186166
9186167
9186168
9186169
9186171
9186172
9186173
9186175
9186177
9186178
9186179
9186180
9186181
9186182
9186183
9186184
9186185
9186186
9186187
9186189
9186190
9186191
9186192
9186193
9186194
9186195
9186197
9186198
9186199
9186200
9186202
9186203
9186204
9186205
9186206
9186208
9186209
9186210
9186211
9186212
9186213
9186214
9186215
9186216
9186217
9186218
9186219
9186220
9186221
9186224
9186225
9186226
9186227
9186228
9186231
9186232
9186234
9186235
9186236
9186238
9186239
9186240
9186241
9186242
9186244
9186246
9186248
9186250
9186251
9186252
9186254
9186255
9186256
9186257
9186259
9186260
9186261
9186262
9186263
9186265
9186266
9186267
9186268
9186269
9186270
9186271
9186272
9186275
9186276
9186277
9186278
9186280
9186281
9186282
9186283
9186284
9186285
9186286
9186287
9186288
9186289
9186290
9186291
9186292
9186293
9186294
9186295
9186296
9186297
9186298
9186299
9186300
9186301
9186302
9186303
9186304
9186305
9186306
9186308
9186309
9186310
9186311
9186312
9186313
9186314
9186315
9186316
9186317
9186319
9186320
9186321
9186322
9186323
9186324
9186325
9186326
9186327
9186329
9186330
9186331
9186332
9186333
9186334
9186335
9186336
9186337
9186338
9186339
9186340
9186341
9186342
9186343
9186344
9186345
9186346
9186347
9186348
9186349
9186350
9186351
9186352
9186353
9186354
9186355
9186356
9186358
9186359
9186360
9186361
9186363
9186364
9186366
9186367
9186368
9186370
9186371
9186373
9186374
9186375
9186376
9186377
9186379
9186380
9186383
9186384
9186385
9186386
9186387
9186388
9186389
9186390
9186391
9186392
9186393
9186394
9186395
9186397
9186398
9186399
9186400
9186401
9186402
9186403
9186404
9186405
9186406
9186407
9186409
9186410
9186411
9186412
9186413
9186414
9186415
9186416
9186417
9186420
9186422
9186423
9186424
9186425
9186426
9186427
9186428
9186429
9186430
9186432
9186434
9186436
9186437
9186438
9186439
9186441
9186442
9186443
9186444
9186445
9186447
9186448
9186449
9186452
9186454
9186456
9186457
9186458
9186460
9186462
9186463
9186464
9186466
9186468
9186469
9186470
9186471
9186472
9186475
9186477
9186480
9186481
9186482
9186483
9186484
9186486
9186487
9186488
9186489
9186490
9186491
9186492
9186493
9186494
9186495
9186496
9186497
9186498
9186499
9186500
9186501
9186502
9186503
9186504
9186505
9186506
9186507
9186508
9186509
9186510
9186511
9186512
9186513
9186514
9186515
9186516
9186517
9186518
9186519
9186520
9186521
9186522
9186523
9186524
9186525
9186526
9186528
9186529
9186530
9186531
9186532
9186533
9186534
9186537
9186538
9186539
9186540
9186541
9186542
9186543
9186544
9186545
9186546
9186547
9186548
9186550
9186551
9186552
9186553
9186554
9186555
9186556
9186557
9186558
9186559
9186560
9186561
9186562
9186563
9186564
9186565
9186566
9186567
9186568
9186569
9186570
9186571
9186573
9186574
9186575
9186578
9186579
9186580
9186581
9186582
9186583
9186584
9186585
9186586
9186587
9186588
9186589
9186591
9186592
9186593
9186594
9186595
9186597
9186598
9186599
9186600
9186601
9186602
9186603
9186604
9186605
9186606
9186607
9186608
9186609
9186610
9186611
9186612
9186613
9186614
9186615
9186616
9186617
9186618
9186619
9186620
9186621
9186622
9186623
9186624
9186625
9186626
9186627
9186628
9186629