9092729
9092730
9092731
9092732
9092733
9092735
9092736
9092737
9092738
9092739
9092740
9092741
9092742
9092743
9092744
9092745
9092746
9092747
9092748
9092749
9092750
9092751
9092752
9092754
9092755
9092756
9092757
9092758
9092759
9092761
9092762
9092763
9092764
9092765
9092766
9092767
9092768
9092769
9092770
9092771
9092772
9092773
9092774
9092775
9092776
9092777
9092778
9092779
9092780
9092781
9092782
9092783
9092784
9092785
9092786
9092787
9092788
9092789
9092790
9092791
9092792
9092793
9092794
9092795
9092796
9092797
9092798
9092799
9092800
9092801
9092802
9092803
9092804
9092805
9092806
9092807
9092809
9092810
9092811
9092812
9092813
9092814
9092815
9092816
9092817
9092818
9092819
9092820
9092821
9092822
9092824
9092825
9092826
9092827
9092828
9092829
9092830
9092831
9092832
9092833
9092834
9092835
9092836
9092837
9092838
9092839
9092840
9092841
9092842
9092843
9092844
9092845
9092846
9092847
9092848
9092849
9092850
9092851
9092853
9092854
9092855
9092857
9092858
9092859
9092860
9092861
9092862
9092863
9092864
9092865
9092867
9092868
9092869
9092871
9092872
9092873
9092874
9092875
9092876
9092877
9092878
9092879
9092880
9092881
9092882
9092883
9092884
9092885
9092886
9092887
9092888
9092890
9092891
9092892
9092893
9092894
9092895
9092896
9092897
9092898
9092899
9092901
9092902
9092904
9092905
9092906
9092907
9092908
9092909
9092910
9092911
9092912
9092913
9092914
9092915
9092916
9092917
9092918
9092919
9092920
9092921
9092922
9092923
9092924
9092925
9092926
9092927
9092928
9092929
9092930
9092932
9092933
9092934
9092935
9092936
9092937
9092938
9092939
9092940
9092941
9092942
9092944
9092945
9092946
9092947
9092948
9092949
9092950
9092951
9092953
9092954
9092955
9092956
9092958
9092959
9092960
9092961
9092962
9092963
9092964
9092965
9092966
9092967
9092968
9092969
9092970
9092971
9092972
9092973
9092974
9092975
9092976
9092977
9092978
9092979
9092980
9092981
9092982
9092983
9092984
9092985
9092986
9092987
9092988
9092989
9092990
9092991
9092992
9092993
9092994
9092995
9092996
9092997
9092998
9092999
9093000
9093001
9093002
9093003
9093004
9093007
9093008
9093009
9093010
9093011
9093012
9093013
9093014
9093015
9093016
9093017
9093018
9093019
9093020
9093021
9093022
9093023
9093024
9093025
9093026
9093028
9093029
9093030
9093031
9093032
9093034
9093035
9093036
9093037
9093038
9093039
9093040
9093041
9093042
9093043
9093044
9093045
9093046
9093047
9093048
9093049
9093050
9093051
9093052
9093053
9093054
9093055
9093056
9093057
9093058
9093059
9093060
9093061
9093062
9093065
9093068
9093069
9093070
9093071
9093072
9093073
9093074
9093075
9093076
9093077
9093078
9093079
9093080
9093081
9093082
9093083
9093084
9093085
9093086
9093087
9093088
9093089
9093090
9093091
9093092
9093093
9093094
9093095
9093096
9093097
9093098
9093099
9093100
9093101
9093102
9093103
9093104
9093105
9093106
9093107
9093108
9093109
9093110
9093111
9093112
9093113
9093114
9093115
9093116
9093117
9093118
9093120
9093121
9093122
9093123
9093124
9093125
9093126
9093127
9093128
9093129
9093130
9093131
9093132
9093133
9093134
9093136
9093137
9093140
9093141
9093143
9093145
9093146
9093147
9093148
9093149
9093150
9093151
9093152
9093153
9093154
9093155
9093156
9093157
9093158
9093161
9093163
9093164
9093165
9093166
9093167
9093168
9093169
9093170
9093171
9093172
9093173
9093174
9093175
9093176
9093177
9093178
9093181
9093182
9093183
9093184
9093185
9093186
9093187
9093188
9093189
9093190
9093191
9093192
9093193
9093194
9093195
9093197
9093199
9093200
9093201
9093202
9093203
9093205
9093206
9093207
9093208
9093209
9093210
9093211
9093212
9093213
9093214
9093215
9093216
9093217
9093218
9093219
9093220
9093221
9093222
9093223
9093224
9093226
9093227
9093228
9093229
9093230
9093231
9093234
9093235
9093236
9093237
9093238
9093239
9093240
9093241
9093243
9093244
9093245
9093246
9093247
9093248
9093249
9093250
9093251
9093252
9093254
9093255
9093256
9093257
9093258
9093259
9093261
9093262
9093263
9093264
9093265
9093266
9093267
9093268
9093269
9093270
9093271
9093272
9093273
9093274
9093275
9093276
9093277
9093279
9093280
9093281
9093282
9093283
9093284
9093285
9093286
9093287
9093288
9093289
9093291
9093292
9093293
9093294
9093295
9093297
9093298
9093299
9093300
9093301
9093302
9093304
9093305
9093306
9093307
9093308
9093310
9093311
9093312
9093313
9093314
9093315
9093316
9093317
9093319
9093321
9093322
9093323
9093324
9093325
9093326
9093327
9093328
9093329
9093330
9093331
9093332
9093333
9093334
9093335
9093336
9093337
9093338
9093339
9093340
9093342
9093343
9093344
9093345
9093346
9093347
9093348
9093349
9093350
9093352
9093353
9093354
9093355
9093357
9093358
9093359
9093360
9093361
9093362
9093363
9093364
9093365
9093366
9093367
9093368
9093369
9093370
9093372
9093373
9093374
9093375
9093376
9093377
9093378
9093379
9093380
9093381
9093382
9093383
9093384
9093385
9093386
9093387
9093388
9093389
9093390
9093391
9093392
9093394
9093395
9093396
9093397
9093398
9093399
9093400
9093402
9093403
9093404
9093405
9093406
9093407
9093408
9093409
9093410
9093411
9093412
9093413
9093414
9093415
9093416
9093417
9093418
9093419
9093420
9093421
9093422
9093423
9093424
9093425
9093427
9093428
9093429
9093430
9093432
9093434
9093435
9093436
9093437
9093438
9093439
9093440
9093441
9093442
9093443
9093444
9093445
9093446
9093447
9093448
9093449
9093450
9093451
9093452
9093453
9093454
9093455
9093456
9093457
9093458
9093459
9093460
9093463
9093464
9093466
9093467
9093468
9093470
9093471
9093472
9093473
9093474
9093475
9093476
9093477
9093478
9093479
9093480
9093481
9093482
9093483
9093484
9093485
9093486
9093487
9093488
9093489
9093490
9093491
9093492
9093494
9093495
9093496
9093499
9093500
9093502
9093504
9093505
9093506
9093507
9093508
9093509
9093510
9093511
9093512
9093513
9093514
9093515
9093516
9093517
9093518
9093519
9093520
9093521
9093522
9093523
9093524
9093525
9093526
9093528
9093529
9093531
9093533
9093534
9093535
9093536
9093537
9093538
9093539
9093540
9093541
9093542
9093543
9093544
9093545
9093546
9093547
9093549
9093550
9093552
9093553
9093554
9093555
9093556
9093558
9093559
9093560
9093561
9093562
9093564
9093565
9093566
9093567
9093568
9093569
9093571
9093572
9093573
9093574
9093575
9093576
9093577
9093578
9093579
9093580
9093581
9093582
9093583
9093584
9093585
9093586
9093587
9093588
9093591
9093592
9093593
9093594
9093595
9093596
9093597
9093598
9093599
9093600
9093601
9093602
9093603
9093604
9093606
9093607
9093608
9093609
9093611
9093613
9093614
9093615
9093616
9093617
9093619
9093620
9093621
9093622
9093624
9093625
9093626
9093627
9093628
9093629
9093630
9093631
9093632
9093633
9093634
9093635
9093636
9093637
9093639
9093640
9093641
9093642
9093644
9093645
9093646
9093647
9093648
9093650
9093651
9093652
9093653
9093654
9093655
9093656
9093657
9093658
9093659
9093660
9093661
9093663
9093664
9093665
9093666
9093667
9093668
9093669
9093670
9093671
9093672
9093673
9093674
9093675
9093676
9093677
9093678
9093679
9093680
9093681
9093682
9093683
9093684
9093685
9093686
9093687
9093689
9093690
9093691
9093692
9093693
9093694
9093695
9093696
9093697
9093698
9093699
9093700
9093701
9093702
9093704
9093706
9093707
9093708
9093709
9093710
9093711
9093712
9093713
9093714
9093715
9093716
9093717
9093718
9093719
9093720
9093721
9093723
9093724
9093725
9093726
9093727
9093728
9093729
9093730
9093734
9093735
9093736
9093737
9093739
9093740
9093741
9093742
9093743
9093744
9093745
9093747
9093748
9093749
9093750
9093751
9093753
9093754
9093755
9093756
9093757
9093758
9093759
9093760
9093761
9093762
9093763
9093764
9093765
9093766
9093767
9093768
9093769
9093771
9093772
9093773
9093774
9093776
9093777
9093778
9093779
9093780
9093781
9093783
9093784
9093786
9093787
9093788
9093789
9093790
9093791
9093792
9093793
9093794
9093795
9093796
9093797
9093798
9093800
9093801
9093802
9093803
9093804
9093805
9093806
9093807
9093808
9093809
9093810
9093811
9093812
9093813
9093814
9093815
9093816
9093817
9093818
9093819
9093820
9093821
9093822
9093823
9093824
9093825
9093826
9093827
9093828
9093829
9093830
9093831
9093832
9093833
9093834
9093836
9093837
9093838
9093839
9093840
9093841
9093842
9093843
9093844
9093845
9093846
9093847
9093848
9093849
9093850
9093851
9093852
9093853
9093854
9093856
9093857
9093858
9093859
9093860
9093861
9093862
9093863
9093864
9093865
9093866
9093869
9093870
9093871
9093872
9093873
9093875
9093876
9093877
9093878
9093879
9093880
9093881
9093882
9093884
9093887
9093890
9093891
9093892
9093894
9093895
9093896
9093897
9093898
9093899
9093900
9093903
9093904
9093905
9093906
9093907
9093908
9093909
9093910
9093911
9093912
9093913
9093914
9093915
9093916
9093917
9093918
9093919
9093920
9093921
9093922
9093923
9093924
9093925
9093926
9093927
9093928
9093929
9093930
9093931
9093933
9093934
9093935
9093936
9093937
9093938
9093939
9093940
9093941
9093942
9093943
9093944
9093945
9093946
9093947
9093948
9093949
9093950
9093951
9093952
9093953
9093954
9093955
9093956
9093957
9093958
9093959
9093960
9093961
9093962
9093963
9093964
9093965
9093966
9093967
9093968
9093969
9093970
9093971
9093972
9093973
9093974
9093975
9093976
9093977
9093978
9093979
9093981
9093982
9093984
9093985
9093986
9093987
9093988
9093989
9093990
9093991
9093992
9093993
9093994
9093995
9093996
9093997
9093998
9093999
9094000
9094001
9094002
9094003
9094004
9094005
9094006
9094007
9094008
9094009
9094010
9094011
9094012
9094013
9094014
9094015
9094016
9094017
9094018
9094019
9094021
9094022
9094023
9094024
9094025
9094026
9094027
9094028
9094029
9094030
9094031
9094032
9094033
9094034
9094035
9094037
9094038
9094039
9094040
9094041
9094042
9094043
9094044
9094045
9094047
9094048
9094049
9094050
9094051
9094052
9094053
9094054
9094055
9094056
9094057
9094058
9094059
9094060
9094061
9094062
9094063
9094064
9094066
9094067
9094068
9094069
9094070
9094071
9094072
9094073
9094074
9094075
9094077
9094078
9094079
9094080
9094081
9094083
9094084
9094085
9094086
9094088
9094089
9094090
9094092
9094093
9094094
9094095
9094096
9094097
9094098
9094099
9094100
9094101
9094102
9094103
9094104
9094105
9094106
9094107
9094109
9094110
9094111
9094112
9094113
9094115
9094116
9094117
9094118
9094119
9094121
9094122
9094123
9094124
9094125
9094126
9094127
9094128
9094129
9094130
9094131
9094132
9094133
9094134
9094135
9094136
9094137
9094138
9094139
9094140
9094141
9094142
9094143
9094144
9094146
9094147
9094148
9094149
9094150
9094151
9094152
9094153
9094154
9094155
9094156
9094159
9094160
9094161
9094163
9094164
9094165
9094166
9094167
9094168
9094169
9094170
9094171
9094172
9094173
9094174
9094175
9094176
9094177
9094178
9094179
9094180
9094181
9094182
9094183
9094185
9094186
9094187
9094188
9094189
9094190
9094191
9094192
9094193
9094194
9094195
9094196
9094198
9094199
9094200
9094201
9094202
9094203
9094204
9094205
9094206
9094207
9094208
9094209
9094211
9094212
9094213
9094214
9094215
9094216
9094217
9094218
9094219
9094220
9094221
9094222
9094223
9094224
9094225
9094226
9094227
9094228
9094229
9094232
9094233
9094234
9094235
9094236
9094237
9094238
9094239
9094240
9094241
9094242
9094243
9094244
9094246
9094247
9094248
9094249
9094250
9094251
9094252
9094253
9094254
9094255
9094256
9094257
9094258
9094259
9094260
9094261
9094262
9094263
9094264
9094265
9094266
9094267
9094268
9094269
9094270
9094271
9094272
9094273
9094274
9094275
9094276
9094277
9094278
9094280
9094281
9094282
9094283
9094284
9094285
9094286
9094287
9094288
9094289
9094291
9094292
9094293
9094294
9094296
9094297
9094298
9094299
9094301
9094302
9094303
9094304
9094305
9094306
9094307
9094308
9094309
9094310
9094311
9094312
9094313
9094314
9094315
9094316
9094317
9094318
9094319
9094320
9094321
9094322
9094323
9094324
9094325
9094326
9094327
9094328
9094329
9094330
9094331
9094332
9094334
9094335
9094336
9094338
9094340
9094341
9094342
9094343
9094344
9094345
9094346
9094347
9094348
9094350
9094351
9094352
9094353
9094354
9094356
9094357
9094359
9094361
9094362
9094363
9094364
9094365
9094366
9094367
9094368
9094369
9094370
9094372
9094373
9094374
9094375
9094376
9094377
9094378
9094379
9094380
9094381
9094382
9094383
9094384
9094385
9094386
9094387
9094388
9094389
9094390
9094391
9094392
9094393
9094394
9094395
9094396
9094397
9094399
9094400
9094401
9094402
9094404
9094405
9094406
9094407
9094408
9094409
9094410
9094411
9094412
9094413
9094414
9094415
9094416
9094417
9094418
9094419
9094420
9094421
9094422
9094424
9094426
9094427
9094428
9094429
9094430
9094431
9094432
9094433
9094434
9094435
9094436
9094437
9094438
9094439
9094440
9094442
9094443
9094444
9094445
9094446
9094447
9094448
9094449
9094450
9094451
9094452
9094453
9094454
9094455
9094456
9094457
9094458
9094459
9094460
9094461
9094462
9094463
9094464
9094465
9094466
9094467
9094468
9094469
9094470
9094472
9094473
9094474
9094475
9094476
9094478
9094479
9094480
9094481
9094482
9094483
9094484
9094485
9094486
9094488
9094489
9094490
9094491
9094492
9094493
9094494
9094495
9094496
9094497
9094498
9094499
9094500
9094501
9094502
9094505
9094506
9094507
9094508
9094509
9094510
9094511
9094512
9094513
9094514
9094515
9094516
9094518
9094519
9094520
9094521
9094522
9094523
9094525
9094526
9094527
9094528
9094529
9094530
9094531
9094532
9094533
9094534
9094535
9094536
9094537
9094538
9094539
9094540
9094541
9094542
9094543
9094544
9094545
9094546
9094547
9094548
9094549
9094550
9094552
9094553
9094554
9094555
9094556
9094557
9094558
9094559
9094560
9094561
9094562
9094563
9094564
9094565
9094566
9094567
9094568
9094569
9094570
9094571
9094572
9094573
9094574
9094575
9094576
9094577
9094578
9094579
9094581
9094582
9094583
9094584
9094585
9094586
9094587
9094588
9094589
9094591
9094592
9094593
9094594
9094595
9094596
9094597
9094598
9094599
9094600
9094601
9094602
9094603
9094604
9094605
9094607
9094608
9094609
9094610
9094611
9094612
9094613
9094615
9094616
9094617
9094618
9094619
9094620
9094621
9094622
9094623
9094624
9094626
9094627
9094629
9094630
9094631
9094632
9094633
9094634
9094635
9094636
9094637
9094640
9094641
9094642
9094643
9094644
9094645
9094646
9094647
9094648
9094649
9094650
9094651
9094652
9094653
9094654
9094655
9094656
9094657
9094658
9094659
9094660
9094661
9094662
9094663
9094664
9094665
9094667
9094668
9094669
9094670
9094671
9094672
9094673
9094674
9094675
9094676
9094677
9094678
9094679
9094680
9094681
9094682
9094683
9094684
9094685
9094686
9094687
9094688
9094689
9094690
9094691
9094692
9094693
9094694
9094695
9094696
9094697
9094698
9094699
9094700
9094701
9094702
9094703
9094704
9094705
9094706
9094707
9094708
9094709
9094710
9094711
9094712
9094713
9094714
9094715
9094716
9094717
9094718
9094719
9094721
9094722
9094723
9094725
9094728
9094729
9094730
9094731
9094732
9094733
9094734
9094735
9094736
9094737
9094738
9094739
9094740
9094742
9094743
9094744
9094745
9094746
9094747
9094748
9094750
9094751
9094752
9094753
9094754
9094755
9094756
9094757
9094758
9094759
9094760
9094761
9094762
9094763
9094764
9094765
9094766
9094767
9094768
9094769
9094770
9094771
9094772
9094774
9094775
9094776
9094777
9094779
9094780
9094782
9094783
9094784
9094786
9094787
9094788
9094789
9094790
9094791
9094792
9094793
9094794
9094795
9094796
9094797
9094798
9094799
9094800
9094801
9094802
9094803
9094804
9094806
9094807
9094808
9094809
9094810
9094811
9094812
9094813
9094814
9094815
9094816
9094817
9094818
9094819
9094820
9094821
9094822
9094823
9094824
9094825
9094826
9094827
9094828
9094829
9094830
9094831
9094832
9094833
9094834
9094835
9094836
9094837
9094838
9094839
9094840
9094841
9094842
9094843
9094844
9094845
9094846
9094847
9094848
9094849
9094850
9094851
9094852
9094853
9094854
9094855
9094856
9094857
9094858
9094859
9094860
9094861
9094862
9094863
9094864
9094865
9094866
9094867
9094868
9094869
9094870
9094871
9094872
9094873
9094874
9094875
9094876
9094877
9094878
9094879
9094880
9094881
9094882
9094883
9094884
9094885
9094886
9094887
9094888
9094889
9094890
9094891
9094892
9094893
9094894
9094895
9094896
9094897
9094898
9094899
9094900
9094901
9094902
9094903
9094904
9094905
9094906
9094908
9094909
9094910
9094911
9094912
9094913
9094915
9094916
9094917
9094918
9094919
9094920
9094922
9094923
9094925
9094927
9094928
9094929
9094930
9094931
9094932
9094933
9094934
9094935
9094936
9094937
9094938
9094939
9094940
9094941
9094942
9094943
9094944
9094945
9094946
9094947
9094948
9094949
9094950
9094951
9094952
9094954
9094955
9094956
9094957
9094958
9094959
9094960
9094961
9094962
9094963
9094965
9094966
9094967
9094968
9094969
9094970
9094971
9094972
9094973
9094974
9094975
9094976
9094977
9094978
9094979
9094980
9094981
9094982
9094983
9094984
9094985
9094986
9094987
9094988
9094989
9094990
9094991
9094992
9094993
9094994
9094995
9094996
9094997
9094998
9094999
9095000
9095001
9095002
9095003
9095004
9095005
9095006
9095007
9095008
9095009
9095010
9095011
9095012
9095013
9095014
9095015
9095016
9095017
9095018
9095019
9095020
9095021
9095022
9095023
9095024
9095025
9095026
9095027
9095028
9095029
9095030
9095031
9095032
9095034
9095035
9095036
9095037
9095038
9095039
9095040
9095041
9095042
9095043
9095044
9095045
9095046
9095047
9095049
9095050
9095051
9095052
9095053
9095056
9095057
9095058
9095059
9095060
9095062
9095063
9095065
9095066
9095067
9095068
9095069
9095070
9095071
9095072
9095073
9095074
9095076
9095077
9095079
9095080
9095081
9095082
9095083
9095084
9095085
9095087
9095088
9095089
9095090
9095091
9095092
9095093
9095094
9095095
9095096
9095097
9095098
9095099
9095100
9095102
9095103
9095104
9095105
9095106
9095107
9095108
9095110
9095111
9095112
9095113
9095114
9095115
9095116
9095117
9095118
9095119
9095120
9095121
9095122
9095123
9095124
9095125
9095126
9095127
9095128
9095129
9095130
9095131
9095132
9095133
9095134
9095135
9095136
9095137
9095138
9095140
9095141
9095142
9095143
9095144
9095145
9095146
9095147
9095148
9095149
9095150
9095151
9095152
9095153
9095154
9095155
9095156
9095157
9095158
9095159
9095160
9095161
9095162
9095163
9095164
9095165
9095166
9095167
9095168
9095170
9095171
9095172
9095173
9095174
9095175
9095176
9095177
9095178
9095179
9095180
9095181
9095182
9095183
9095184
9095186
9095187
9095188
9095189
9095190
9095191
9095192
9095194
9095195
9095196
9095197
9095198
9095199
9095200
9095202
9095203
9095204
9095205
9095207
9095208
9095209
9095210
9095211
9095212
9095213
9095214
9095215
9095216
9095217
9095218
9095219
9095220
9095221
9095222
9095223
9095225
9095226
9095227
9095228
9095229
9095230
9095231
9095232
9095235
9095236
9095238
9095239
9095240
9095241
9095242
9095243
9095244
9095245
9095246
9095247
9095249
9095250
9095251
9095252
9095253
9095254
9095255
9095256
9095257
9095258
9095259
9095260
9095262
9095263
9095264
9095265
9095266
9095267
9095268
9095269
9095270
9095271
9095272
9095273
9095274
9095275
9095278
9095279
9095280
9095282
9095283
9095284
9095285
9095286
9095287
9095288
9095290
9095292
9095293
9095298
9095300
9095301
9095303
9095304
9095305
9095306
9095308
9095309
9095310
9095311
9095312
9095313
9095314
9095315
9095316
9095317
9095318
9095319
9095320
9095321
9095322
9095323
9095324
9095325
9095326
9095327
9095328
9095329
9095330
9095331
9095332
9095333
9095334
9095336
9095337
9095338
9095339
9095340
9095341
9095342
9095343
9095344
9095345
9095346
9095347
9095348
9095349
9095351
9095352
9095353
9095354
9095355
9095356
9095357
9095358
9095359
9095361
9095362
9095363
9095364
9095365
9095366
9095367
9095368
9095369
9095370
9095371
9095372
9095373
9095374
9095375
9095376
9095377
9095378
9095379
9095380
9095381
9095382
9095383
9095384
9095385
9095386
9095387
9095388
9095389
9095390
9095391
9095392
9095393
9095394
9095395
9095396
9095397
9095399
9095400
9095401
9095402
9095403
9095404
9095405
9095406
9095407
9095408
9095409
9095410
9095411
9095412
9095413
9095414
9095415
9095416
9095417
9095418
9095419
9095420
9095421
9095422
9095423
9095424
9095425
9095426
9095427
9095428
9095429
9095430
9095431
9095432
9095433
9095434
9095435
9095436
9095437
9095438
9095439
9095440
9095441
9095442
9095443
9095444
9095445
9095446
9095447
9095448
9095449
9095450
9095451
9095452
9095453
9095454
9095455
9095456
9095457
9095458
9095459
9095460
9095461
9095462
9095463
9095464
9095465
9095466
9095467
9095468
9095469
9095470
9095471
9095472
9095473
9095474
9095475
9095476
9095477
9095478
9095479
9095480
9095481
9095482
9095483
9095484
9095485
9095486
9095487
9095488
9095489
9095490
9095491
9095492
9095493
9095494
9095495
9095496
9095497
9095498
9095499
9095500
9095501
9095502
9095503
9095504
9095505
9095506
9095507
9095508
9095509
9095510
9095511
9095512
9095513
9095514
9095515
9095516
9095517
9095518
9095519
9095520
9095521
9095522
9095523
9095524
9095525
9095526
9095527
9095528
9095529