9891933
9891935
9891936
9891937
9891938
9891939
9891940
9891941
9891942
9891943
9891944
9891945
9891946
9891947
9891948
9891949
9891950
9891951
9891952
9891953
9891954
9891956
9891957
9891958
9891959
9891960
9891961
9891962
9891963
9891964
9891965
9891966
9891967
9891968
9891969
9891970
9891971
9891972
9891973
9891974
9891975
9891976
9891977
9891978
9891979
9891980
9891981
9891982
9891983
9891984
9891985
9891986
9891988
9891989
9891990
9891991
9891992
9891993
9891994
9891995
9891996
9891997
9891998
9891999
9892000
9892002
9892003
9892004
9892005
9892006
9892007
9892008
9892009
9892010
9892011
9892012
9892013
9892014
9892015
9892017
9892018
9892020
9892021
9892022
9892023
9892024
9892025
9892027
9892028
9892029
9892032
9892033
9892035
9892036
9892037
9892038
9892039
9892040
9892041
9892042
9892043
9892044
9892045
9892046
9892048
9892049
9892050
9892051
9892053
9892054
9892055
9892056
9892057
9892058
9892059
9892060
9892062
9892065
9892066
9892067
9892068
9892069
9892070
9892071
9892072
9892073
9892074
9892076
9892077
9892078
9892079
9892080
9892081
9892082
9892083
9892084
9892085
9892086
9892087
9892088
9892089
9892090
9892091
9892092
9892093
9892094
9892095
9892096
9892097
9892098
9892099
9892100
9892102
9892103
9892104
9892105
9892106
9892107
9892108
9892109
9892110
9892111
9892112
9892113
9892114
9892115
9892116
9892117
9892118
9892119
9892120
9892121
9892122
9892123
9892124
9892125
9892126
9892129
9892130
9892131
9892132
9892133
9892135
9892136
9892137
9892138
9892139
9892140
9892142
9892143
9892144
9892145
9892146
9892147
9892148
9892149
9892150
9892151
9892152
9892153
9892154
9892156
9892157
9892159
9892160
9892161
9892162
9892163
9892166
9892167
9892169
9892170
9892171
9892172
9892173
9892174
9892175
9892176
9892177
9892178
9892179
9892180
9892181
9892182
9892183
9892184
9892185
9892186
9892187
9892188
9892189
9892190
9892191
9892192
9892193
9892194
9892195
9892196
9892197
9892198
9892199
9892201
9892204
9892205
9892206
9892207
9892208
9892209
9892210
9892211
9892212
9892213
9892214
9892215
9892216
9892217
9892218
9892219
9892220
9892221
9892222
9892223
9892224
9892225
9892226
9892227
9892228
9892229
9892230
9892231
9892232
9892233
9892234
9892235
9892236
9892237
9892238
9892239
9892240
9892241
9892243
9892245
9892246
9892247
9892248
9892249
9892250
9892251
9892252
9892253
9892254
9892255
9892256
9892257
9892258
9892259
9892260
9892261
9892262
9892263
9892264
9892265
9892266
9892267
9892268
9892269
9892270
9892271
9892272
9892273
9892274
9892275
9892276
9892277
9892278
9892280
9892281
9892282
9892283
9892284
9892285
9892286
9892289
9892290
9892291
9892292
9892293
9892294
9892295
9892296
9892297
9892298
9892299
9892300
9892301
9892302
9892303
9892304
9892305
9892306
9892307
9892308
9892309
9892310
9892311
9892312
9892313
9892314
9892318
9892319
9892320
9892321
9892322
9892323
9892324
9892325
9892326
9892327
9892328
9892329
9892330
9892331
9892332
9892333
9892334
9892335
9892336
9892337
9892338
9892339
9892340
9892341
9892342
9892343
9892344
9892346
9892347
9892348
9892349
9892350
9892352
9892353
9892354
9892355
9892356
9892357
9892359
9892360
9892361
9892362
9892363
9892364
9892365
9892366
9892367
9892368
9892369
9892370
9892371
9892372
9892373
9892374
9892375
9892376
9892377
9892379
9892380
9892381
9892382
9892383
9892384
9892386
9892387
9892388
9892389
9892390
9892391
9892392
9892393
9892395
9892396
9892397
9892398
9892399
9892400
9892401
9892402
9892404
9892405
9892406
9892407
9892409
9892410
9892411
9892412
9892413
9892414
9892415
9892418
9892419
9892420
9892421
9892422
9892423
9892424
9892425
9892426
9892427
9892428
9892429
9892430
9892432
9892433
9892434
9892435
9892437
9892438
9892439
9892440
9892441
9892442
9892443
9892444
9892445
9892446
9892447
9892448
9892449
9892451
9892452
9892453
9892454
9892455
9892456
9892457
9892458
9892459
9892460
9892462
9892464
9892466
9892467
9892468
9892469
9892470
9892471
9892472
9892473
9892474
9892476
9892477
9892478
9892479
9892480
9892481
9892482
9892483
9892484
9892485
9892486
9892487
9892488
9892489
9892490
9892491
9892492
9892493
9892494
9892495
9892496
9892497
9892498
9892499
9892501
9892502
9892503
9892504
9892506
9892507
9892508
9892509
9892510
9892511
9892512
9892513
9892514
9892515
9892517
9892518
9892519
9892520
9892521
9892522
9892523
9892524
9892525
9892527
9892529
9892530
9892531
9892532
9892533
9892535
9892537
9892539
9892540
9892541
9892543
9892544
9892545
9892546
9892547
9892548
9892549
9892554
9892556
9892557
9892558
9892559
9892560
9892561
9892562
9892563
9892564
9892569
9892570
9892571
9892572
9892573
9892574
9892575
9892576
9892577
9892579
9892580
9892581
9892582
9892583
9892584
9892585
9892586
9892587
9892590
9892591
9892592
9892593
9892594
9892595
9892596
9892597
9892599
9892600
9892601
9892602
9892603
9892604
9892605
9892606
9892607
9892609
9892610
9892611
9892613
9892614
9892615
9892616
9892617
9892618
9892619
9892620
9892622
9892623
9892624
9892625
9892626
9892627
9892629
9892630
9892632
9892633
9892635
9892636
9892638
9892639
9892640
9892641
9892642
9892643
9892644
9892645
9892646
9892648
9892649
9892650
9892651
9892652
9892653
9892654
9892655
9892656
9892657
9892658
9892659
9892660
9892661
9892662
9892663
9892664
9892666
9892667
9892669
9892670
9892671
9892673
9892674
9892675
9892676
9892677
9892678
9892679
9892680
9892682
9892683
9892685
9892686
9892687
9892688
9892689
9892690
9892691
9892693
9892694
9892695
9892696
9892697
9892700
9892701
9892702
9892705
9892707
9892708
9892709
9892710
9892711
9892712
9892713
9892714
9892716
9892717
9892718
9892719
9892720
9892722
9892723
9892724
9892726
9892727
9892728
9892730
9892731
9892732
9892733
9892734
9892735
9892736
9892737
9892739
9892740
9892741
9892742
9892743
9892745
9892746
9892747
9892748
9892749
9892750
9892751
9892752
9892754
9892755
9892756
9892757
9892758
9892759
9892760
9892761
9892762
9892763
9892764
9892766
9892767
9892768
9892769
9892770
9892772
9892773
9892774
9892775
9892776
9892777
9892778
9892779
9892780
9892781
9892782
9892786
9892788
9892790
9892791
9892792
9892794
9892795
9892796
9892797
9892798
9892800
9892801
9892803
9892806
9892807
9892808
9892809
9892810
9892811
9892812
9892813
9892814
9892815
9892816
9892817
9892818
9892819
9892820
9892821
9892822
9892824
9892825
9892826
9892827
9892828
9892829
9892830
9892831
9892832
9892833
9892834
9892835
9892838
9892840
9892841
9892843
9892844
9892845
9892846
9892847
9892848
9892849
9892850
9892851
9892852
9892853
9892854
9892855
9892856
9892857
9892859
9892860
9892861
9892862
9892863
9892865
9892866
9892867
9892868
9892869
9892870
9892872
9892874
9892876
9892877
9892878
9892880
9892881
9892883
9892884
9892885
9892886
9892889
9892890
9892891
9892892
9892894
9892896
9892898
9892899
9892900
9892901
9892902
9892903
9892904
9892906
9892907
9892909
9892910
9892911
9892913
9892914
9892915
9892917
9892918
9892921
9892922
9892924
9892925
9892926
9892928
9892932
9892933
9892935
9892937
9892938
9892939
9892940
9892941
9892942
9892943
9892944
9892946
9892947
9892949
9892950
9892952
9892953
9892956
9892957
9892958
9892960
9892961
9892963
9892966
9892967
9892968
9892969
9892970
9892971
9892973
9892974
9892975
9892976
9892977
9892978
9892980
9892982
9892983
9892984
9892985
9892986
9892987
9892988
9892990
9892991
9892992
9892994
9892995
9892996
9892998
9892999
9893000
9893001
9893003
9893004
9893005
9893007
9893009
9893010
9893012
9893014
9893015
9893017
9893018
9893019
9893020
9893021
9893022
9893023
9893024
9893025
9893026
9893027
9893028
9893029
9893031
9893032
9893033
9893034
9893035
9893036
9893037
9893038
9893039
9893040
9893042
9893043
9893044
9893045
9893046
9893047
9893048
9893049
9893051
9893052
9893053
9893054
9893055
9893057
9893059
9893061
9893063
9893064
9893065
9893066
9893067
9893068
9893070
9893071
9893072
9893073
9893074
9893075
9893076
9893079
9893080
9893081
9893084
9893085
9893086
9893087
9893088
9893090
9893092
9893093
9893094
9893096
9893097
9893099
9893101
9893103
9893105
9893107
9893109
9893110
9893111
9893112
9893114
9893115
9893116
9893118
9893119
9893120
9893121
9893123
9893124
9893125
9893126
9893127
9893128
9893129
9893130
9893131
9893132
9893133
9893135
9893136
9893137
9893138
9893139
9893140
9893141
9893142
9893143
9893144
9893145
9893146
9893147
9893148
9893150
9893151
9893152
9893153
9893154
9893155
9893156
9893159
9893160
9893161
9893162
9893163
9893166
9893167
9893168
9893169
9893171
9893173
9893174
9893175
9893176
9893177
9893181
9893182
9893183
9893186
9893187
9893188
9893189
9893190
9893191
9893192
9893193
9893194
9893195
9893196
9893197
9893198
9893199
9893200
9893201
9893202
9893203
9893205
9893206
9893207
9893208
9893209
9893211
9893213
9893214
9893215
9893216
9893217
9893218
9893219
9893220
9893221
9893222
9893223
9893224
9893225
9893226
9893227
9893229
9893230
9893232
9893236
9893237
9893240
9893242
9893243
9893245
9893246
9893247
9893248
9893249
9893250
9893251
9893253
9893254
9893255
9893256
9893257
9893259
9893260
9893261
9893263
9893265
9893266
9893267
9893268
9893270
9893271
9893272
9893273
9893274
9893275
9893276
9893277
9893278
9893279
9893280
9893281
9893282
9893283
9893284
9893285
9893286
9893287
9893289
9893290
9893291
9893292
9893293
9893295
9893296
9893297
9893298
9893299
9893300
9893301
9893302
9893303
9893305
9893306
9893307
9893308
9893310
9893311
9893312
9893313
9893314
9893316
9893317
9893318
9893319
9893320
9893321
9893322
9893323
9893324
9893325
9893326
9893327
9893328
9893329
9893330
9893331
9893332
9893333
9893334
9893335
9893336
9893337
9893340
9893341
9893343
9893345
9893346
9893347
9893348
9893349
9893350
9893351
9893352
9893354
9893355
9893356
9893357
9893358
9893359
9893361
9893362
9893363
9893364
9893365
9893366
9893367
9893371
9893373
9893374
9893375
9893376
9893377
9893378
9893379
9893381
9893382
9893384
9893387
9893388
9893389
9893390
9893391
9893394
9893395
9893396
9893400
9893401
9893402
9893403
9893404
9893405
9893406
9893407
9893408
9893409
9893410
9893413
9893414
9893415
9893416
9893417
9893418
9893419
9893421
9893423
9893424
9893426
9893427
9893429
9893430
9893431
9893432
9893434
9893435
9893436
9893438
9893439
9893440
9893442
9893444
9893445
9893446
9893447
9893448
9893449
9893450
9893451
9893452
9893453
9893454
9893455
9893456
9893457
9893458
9893459
9893461
9893462
9893463
9893464
9893465
9893466
9893467
9893468
9893469
9893470
9893471
9893472
9893473
9893474
9893475
9893476
9893477
9893478
9893479
9893480
9893481
9893484
9893485
9893486
9893488
9893489
9893490
9893492
9893493
9893497
9893498
9893499
9893500
9893501
9893502
9893503
9893504
9893507
9893508
9893511
9893512
9893513
9893514
9893515
9893516
9893518
9893520
9893522
9893523
9893524
9893525
9893526
9893527
9893528
9893529
9893530
9893531
9893532
9893533
9893534
9893536
9893537
9893538
9893539
9893540
9893541
9893542
9893543
9893544
9893545
9893546
9893549
9893551
9893552
9893553
9893555
9893556
9893558
9893559
9893560
9893561
9893562
9893565
9893566
9893567
9893568
9893569
9893571
9893572
9893573
9893574
9893575
9893577
9893578
9893579
9893580
9893581
9893582
9893583
9893584
9893587
9893589
9893590
9893592
9893593
9893594
9893595
9893597
9893599
9893600
9893602
9893603
9893604
9893605
9893606
9893607
9893608
9893609
9893610
9893612
9893613
9893614
9893618
9893619
9893620
9893621
9893623
9893624
9893626
9893631
9893632
9893633
9893634
9893635
9893636
9893637
9893638
9893640
9893641
9893642
9893644
9893646
9893649
9893650
9893651
9893652
9893653
9893654
9893656
9893657
9893658
9893659
9893660
9893661
9893662
9893664
9893666
9893667
9893668
9893669
9893670
9893671
9893672
9893673
9893674
9893675
9893677
9893678
9893679
9893681
9893683
9893684
9893685
9893686
9893687
9893688
9893689
9893691
9893692
9893693
9893695
9893696
9893697
9893698
9893699
9893701
9893704
9893705
9893706
9893709
9893710
9893711
9893713
9893714
9893716
9893717
9893719
9893720
9893721
9893723
9893725
9893726
9893727
9893728
9893730
9893732
9893733
9893734
9893737
9893738
9893739
9893742
9893743
9893744
9893745
9893746
9893747
9893748
9893749
9893750
9893751
9893752
9893753
9893754
9893755
9893757
9893758
9893759
9893761
9893762
9893763
9893764
9893766
9893767
9893768
9893769
9893770
9893771
9893772
9893773
9893774
9893775
9893776
9893777
9893779
9893780
9893781
9893782
9893783
9893784
9893785
9893787
9893788
9893789
9893790
9893791
9893792
9893793
9893794
9893796
9893797
9893798
9893800
9893801
9893802
9893803
9893805
9893806
9893807
9893808
9893809
9893810
9893811
9893812
9893813
9893814
9893815
9893816
9893817
9893818
9893820
9893822
9893823
9893824
9893825
9893826
9893827
9893829
9893830
9893831
9893832
9893834
9893835
9893836
9893837
9893838
9893839
9893840
9893841
9893842
9893843
9893844
9893845
9893846
9893848
9893850
9893852
9893853
9893854
9893855
9893856
9893857
9893858
9893861
9893862
9893863
9893864
9893866
9893867
9893868
9893869
9893870
9893871
9893872
9893873
9893875
9893876
9893877
9893878
9893879
9893880
9893881
9893882
9893884
9893885
9893886
9893887
9893888
9893889
9893890
9893891
9893892
9893893
9893894
9893895
9893896
9893897
9893898
9893899
9893900
9893903
9893905
9893906
9893907
9893908
9893909
9893910
9893912
9893914
9893915
9893917
9893918
9893920
9893921
9893922
9893923
9893924
9893925
9893926
9893927
9893930
9893932
9893933
9893934
9893935
9893937
9893938
9893939
9893940
9893942
9893943
9893944
9893945
9893947
9893948
9893949
9893950
9893951
9893952
9893953
9893954
9893955
9893956
9893957
9893958
9893959
9893960
9893961
9893962
9893963
9893964
9893965
9893966
9893967
9893968
9893969
9893970
9893971
9893972
9893973
9893974
9893975
9893976
9893977
9893978
9893980
9893981
9893982
9893983
9893984
9893985
9893986
9893987
9893989
9893990
9893991
9893992
9893993
9893994
9893995
9893996
9893997
9893998
9893999
9894001
9894002
9894003
9894004
9894005
9894006
9894007
9894009
9894011
9894012
9894013
9894014
9894015
9894017
9894019
9894020
9894021
9894022
9894023
9894026
9894027
9894028
9894029
9894030
9894031
9894032
9894033
9894034
9894035
9894036
9894037
9894039
9894040
9894041
9894042
9894043
9894044
9894045
9894046
9894047
9894048
9894049
9894050
9894051
9894052
9894053
9894054
9894055
9894056
9894057
9894058
9894059
9894060
9894061
9894063
9894064
9894066
9894067
9894068
9894069
9894070
9894072
9894073
9894074
9894075
9894076
9894077
9894078
9894080
9894081
9894082
9894084
9894085
9894087
9894088
9894089
9894090
9894091
9894092
9894093
9894095
9894096
9894097
9894099
9894100
9894101
9894102
9894105
9894107
9894108
9894109
9894110
9894112
9894113
9894115
9894116
9894117
9894118
9894120
9894121
9894123
9894125
9894126
9894127
9894128
9894129
9894130
9894131
9894133
9894134
9894136
9894137
9894138
9894139
9894140
9894143
9894144
9894146
9894147
9894148
9894149
9894150
9894151
9894156
9894157
9894158
9894159
9894160
9894161
9894162
9894163
9894165
9894166
9894167
9894168
9894170
9894171
9894172
9894173
9894174
9894175
9894176
9894177
9894178
9894179
9894180
9894181
9894182
9894183
9894184
9894185
9894186
9894187
9894188
9894189
9894190
9894191
9894193
9894194
9894196
9894197
9894198
9894199
9894200
9894204
9894205
9894206
9894207
9894208
9894210
9894212
9894213
9894214
9894215
9894216
9894211
9894218
9894219
9894220
9894222
9894223
9894224
9894225
9894226
9894227
9894228
9894229
9894230
9894231
9894232
9894233
9894234
9894236
9894237
9894238
9894239
9894241
9894242
9894243
9894244
9894245
9894247
9894249
9894250
9894252
9894253
9894254
9894256
9894257
9894258
9894259
9894261
9894262
9894264
9894265
9894266
9894267
9894268
9894269
9894271
9894272
9894273
9894274
9894275
9894276
9894277
9894278
9894279
9894280
9894281
9894282
9894283
9894284
9894285
9894286
9894287
9894288
9894289
9894290
9894291
9894292
9894293
9894294
9894295
9894296
9894297
9894298
9894299
9894300
9894301
9894302
9894303
9894304
9894305
9894306
9894307
9894308
9894309
9894310
9894312
9894313
9894314
9894316
9894317
9894318
9894319
9894320
9894321
9894322
9894323
9894324
9894325
9894327
9894328
9894329
9894331
9894332
9894333
9894334
9894336
9894337
9894338
9894339
9894340
9894342
9894343
9894344
9894345
9894346
9894347
9894348
9894350
9894351
9894352
9894353
9894354
9894355
9894356
9894358
9894359
9894360
9894361
9894362
9894363
9894364
9894365
9894366
9894367
9894368
9894369
9894370
9894371
9894372
9894373
9894374
9894375
9894376
9894377
9894378
9894379
9894380
9894381
9894383
9894384
9894386
9894387
9894388
9894389
9894390
9894392
9894394
9894395
9894397
9894398
9894399
9894400
9894401
9894402
9894403
9894404
9894405
9894406
9894407
9894408
9894409
9894410
9894411
9894412
9894414
9894415
9894416
9894417
9894418
9894419
9894420
9894421
9894422
9894423
9894424
9894425
9894426
9894427
9894428
9894429
9894430
9894431
9894432
9894433
9894434
9894435
9894436
9894437
9894438
9894439
9894440
9894441
9894442
9894443
9894444
9894445
9894446
9894447
9894448
9894449
9894450
9894451
9894452
9894453
9894454
9894455
9894456
9894457
9894458
9894459
9894460
9894461
9894462
9894463
9894464
9894466
9894467
9894468
9894469
9894470
9894471
9894472
9894473
9894474
9894475
9894476
9894477
9894478
9894479
9894480
9894481
9894482
9894483
9894484
9894485
9894487
9894488
9894489
9894490
9894491
9894492
9894493
9894494
9894495
9894496
9894497
9894498
9894500
9894501
9894502
9894503
9894504
9894505
9894506
9894507
9894508
9894509
9894510
9894511
9894512
9894513
9894514
9894515
9894516
9894517
9894518
9894519
9894520
9894521
9894522
9894523
9894524
9894526
9894527
9894528
9894529
9894530
9894531
9894532
9894534
9894535
9894536
9894537
9894538
9894539
9894540
9894541
9894542
9894543
9894544
9894545
9894546
9894547
9894548
9894549
9894550
9894551
9894552
9894553
9894554
9894555
9894556
9894557
9894558
9894559
9894560
9894561
9894562
9894563
9894564
9894565
9894566
9894568
9894569
9894570
9894572
9894573
9894574
9894575
9894576
9894578
9894579
9894580
9894581
9894582
9894583
9894584
9894585
9894586
9894587
9894588
9894589
9894590
9894591
9894592
9894593
9894594
9894595
9894596
9894597
9894598
9894599
9894602
9894603
9894604
9894605
9894606
9894608
9894609
9894611
9894612
9894613
9894614
9894615
9894616
9894617
9894618
9894619
9894620
9894622
9894623
9894624
9894625
9894626
9894627
9894628
9894629
9894631
9894632
9894633
9894634
9894635
9894636
9894637
9894638
9894639
9894640
9894641
9894642
9894643
9894644
9894645
9894646
9894647
9894648
9894649
9894650
9894651
9894652
9894653
9894654
9894655
9894656
9894657
9894658
9894661
9894663
9894664
9894665
9894666
9894667
9894668
9894669
9894670
9894671
9894672
9894673
9894674
9894675
9894676
9894678
9894680
9894681
9894682
9894683
9894684
9894685
9894686
9894687
9894688
9894689
9894690
9894691
9894692
9894693
9894694
9894695
9894696
9894697
9894698
9894699
9894700
9894701
9894702
9894703
9894704
9894705
9894706
9894707
9894708
9894709
9894710
9894711
9894712
9894713
9894714
9894715
9894716
9894717
9894718
9894719
9894721
9894722
9894723
9894724
9894725
9894726
9894727
9894728
9894730
9894731
9894732
9894733
9894734
9894735
9894737
9894738
9894739
9894740
9894742
9894743
9894744
9894745
9894746
9894747
9894748
9894749
9894750
9894751
9894752
9894753
9894756
9894757
9894758
9894759
9894761
9894762
9894763
9894764
9894765
9894766
9894767
9894768
9894769
9894770
9894771
9894773
9894774
9894775
9894776
9894777
9894778
9894779
9894780
9894781
9894782
9894783
9894784
9894785
9894786
9894788
9894789
9894790
9894791
9894792
9894793
9894794
9894795
9894797
9894798
9894799
9894800
9894802
9894803
9894805
9894806
9894807
9894808
9894809
9894810
9894811
9894812
9894813
9894815
9894818
9894820
9894821
9894822
9894824
9894825
9894826
9894827
9894829
9894830
9894831
9894832
9894834
9894835
9894837
9894838
9894839
9894840
9894842
9894843
9894844
9894845
9894846
9894847
9894848
9894849
9894851
9894852
9894854
9894856
9894857
9894858
9894859
9894860
9894862
9894863
9894864
9894865
9894866
9894867
9894868
9894869
9894870
9894871
9894872
9894873
9894874
9894875
9894876
9894877
9894878
9894879
9894880
9894881
9894882
9894883
9894884
9894885
9894886
9894887
9894888
9894889
9894890
9894891
9894894
9894896
9894897
9894898
9894902
9894903
9894904
9894905
9894907
9894910
9894911
9894912
9894913
9894916
9894917
9894918
9894919
9894920
9894923
9894924
9894925
9894926
9894927
9894928
9894929
9894930
9894931
9894933
9894934
9894935
9894936
9894937
9894938
9894939
9894940
9894946
9894947
9894948
9894949
9894950
9894951
9894952
9894953
9894954
9894955
9894956
9894957
9894958
9894959
9894960
9894961
9894962
9894963
9894964
9894965
9894966
9894967
9894968
9894969
9894970
9894971
9894972
9894973
9894974
9894975
9894976
9894977
9894978
9894980
9894981
9894982
9894983
9894984
9894985
9894986
9894988
9894989
9894990
9894991
9894992
9894994
9894996
9894997
9894998
9894999
9895000
9895001
9895002
9895003
9895005
9895006
9895007
9895008
9895010
9895011
9895012
9895013
9895015
9895016
9895017
9895018
9895020
9895021
9895023
9895024
9895025
9895026
9895028
9895031
9895032
9895033
9895034
9895037
9895041
9895042
9895044
9895045
9895046
9895047
9895048
9895050
9895051
9895052
9895054
9895055
9895056
9895057
9895059
9895060
9895061
9895062
9895063
9895064
9895065
9895066
9895067
9895068
9895069
9895070
9895071
9895072
9895073
9895074
9895075
9895076
9895077
9895078
9895079
9895080
9895081
9895082
9895083
9895084
9895085
9895086
9895087
9895088
9895089
9895090
9895091
9895092
9895093
9895094
9895095
9895096
9895097
9895098
9895099
9895100
9895101
9895102
9895103
9895104
9895105
9895106
9895107
9895108
9895109
9895111
9895112
9895113
9895114
9895115
9895116
9895117
9895118
9895120
9895121
9895122
9895123
9895124
9895125
9895126
9895127
9895128
9895129
9895131
9895132
9895133
9895134
9895135
9895140
9895141
9895144
9895145
9895146
9895147
9895148
9895149
9895150
9895151
9895152
9895153
9895154
9895155
9895156
9895158
9895159
9895160
9895161
9895162
9895163
9895164
9895166
9895168
9895169
9895170
9895171
9895172
9894152
9894153
9894154
9894155
9894192