9864733
9864734
9864735
9864736
9864737
9864738
9864739
9864740
9864741
9864742
9864743
9864744
9864745
9864746
9864747
9864748
9864749
9864750
9864751
9864752
9864753
9864754
9864755
9864756
9864757
9864758
9864759
9864760
9864761
9864762
9864763
9864764
9864765
9864766
9864767
9864768
9864769
9864770
9864771
9864772
9864773
9864774
9864775
9864776
9864777
9864778
9864779
9864780
9864781
9864782
9864783
9864784
9864785
9864787
9864788
9864789
9864790
9864791
9864792
9864793
9864794
9864795
9864796
9864797
9864798
9864799
9864800
9864801
9864802
9864803
9864804
9864805
9864806
9864807
9864808
9864809
9864810
9864811
9864812
9864813
9864814
9864815
9864816
9864817
9864818
9864819
9864820
9864823
9864824
9864825
9864826
9864829
9864831
9864832
9864833
9864834
9864835
9864837
9864838
9864839
9864840
9864841
9864842
9864843
9864844
9864845
9864846
9864847
9864848
9864849
9864850
9864851
9864852
9864853
9864854
9864855
9864856
9864857
9864858
9864859
9864860
9864861
9864862
9864863
9864864
9864865
9864866
9864867
9864868
9864869
9864870
9864871
9864872
9864873
9864874
9864875
9864876
9864877
9864878
9864879
9864880
9864881
9864882
9864883
9864884
9864885
9864886
9864887
9864888
9864889
9864890
9864891
9864892
9864893
9864894
9864895
9864896
9864897
9864898
9864900
9864901
9864902
9864903
9864904
9864905
9864906
9864907
9864908
9864909
9864910
9864911
9864912
9864913
9864914
9864915
9864917
9864918
9864919
9864920
9864921
9864922
9864923
9864924
9864925
9864926
9864927
9864928
9864929
9864931
9864932
9864933
9864934
9864935
9864936
9864938
9864939
9864940
9864941
9864942
9864943
9864944
9864945
9864947
9864948
9864949
9864950
9864951
9864953
9864954
9864955
9864956
9864957
9864958
9864959
9864960
9864961
9864962
9864963
9864964
9864965
9864968
9864969
9864970
9864971
9864972
9864973
9864974
9864975
9864976
9864977
9864978
9864979
9864980
9864981
9864982
9864985
9864987
9864990
9864991
9864993
9864994
9864995
9864996
9864997
9864998
9864999
9865000
9865001
9865002
9865003
9865004
9865005
9865006
9865007
9865008
9865009
9865010
9865011
9865012
9865013
9865014
9865016
9865017
9865019
9865020
9865021
9865022
9865023
9865024
9865025
9865026
9865027
9865028
9865029
9865030
9865031
9865033
9865034
9865036
9865037
9865038
9865039
9865041
9865042
9865044
9865045
9865046
9865049
9865050
9865051
9865052
9865053
9865054
9865055
9865056
9865057
9865058
9865059
9865060
9865061
9865062
9865063
9865064
9865065
9865066
9865067
9865068
9865069
9865070
9865071
9865072
9865073
9865074
9865075
9865076
9865077
9865078
9865079
9865080
9865081
9865082
9865083
9865084
9865085
9865086
9865087
9865088
9865089
9865090
9865092
9865093
9865094
9865095
9865096
9865097
9865098
9865099
9865100
9865101
9865102
9865103
9865104
9865105
9865106
9865107
9865108
9865109
9865111
9865112
9865113
9865114
9865115
9865116
9865117
9865118
9865119
9865120
9865121
9865122
9865123
9865124
9865125
9865127
9865128
9865129
9865130
9865131
9865132
9865133
9865134
9865135
9865136
9865137
9865138
9865139
9865140
9865141
9865142
9865143
9865144
9865145
9865146
9865147
9865148
9865149
9865150
9865151
9865152
9865153
9865154
9865155
9865156
9865157
9865158
9865159
9865160
9865161
9865162
9865163
9865164
9865165
9865166
9865168
9865169
9865170
9865171
9865172
9865173
9865174
9865175
9865176
9865177
9865178
9865179
9865180
9865181
9865182
9865183
9865184
9865185
9865186
9865187
9865188
9865189
9865191
9865192
9865193
9865194
9865195
9865196
9865197
9865198
9865199
9865200
9865201
9865202
9865203
9865204
9865205
9865206
9865207
9865208
9865209
9865210
9865211
9865212
9865213
9865215
9865217
9865218
9865219
9865220
9865221
9865222
9865223
9865224
9865226
9865227
9865228
9865229
9865230
9865231
9865232
9865233
9865234
9865235
9865236
9865237
9865238
9865239
9865240
9865241
9865242
9865243
9865245
9865246
9865247
9865248
9865251
9865252
9865254
9865255
9865256
9865257
9865261
9865262
9865263
9865264
9865266
9865268
9865270
9865271
9865272
9865273
9865274
9865275
9865276
9865277
9865278
9865279
9865280
9865281
9865283
9865284
9865285
9865287
9865288
9865289
9865290
9865291
9865292
9865293
9865294
9865295
9865296
9865297
9865298
9865299
9865300
9865302
9865303
9865304
9865305
9865306
9865307
9865308
9865309
9865310
9865312
9865313
9865314
9865315
9865316
9865317
9865318
9865319
9865320
9865321
9865322
9865323
9865324
9865325
9865326
9865327
9865328
9865330
9865331
9865332
9865333
9865334
9865336
9865337
9865338
9865339
9865342
9865343
9865344
9865345
9865346
9865347
9865348
9865349
9865351
9865352
9865353
9865354
9865355
9865356
9865357
9865358
9865359
9865360
9865362
9865363
9865364
9865365
9865366
9865368
9865369
9865372
9865373
9865375
9865376
9865377
9865378
9865379
9865380
9865381
9865382
9865383
9865384
9865385
9865386
9865387
9865388
9865389
9865390
9865391
9865392
9865393
9865394
9865395
9865396
9865397
9865398
9865399
9865400
9865401
9865402
9865403
9865404
9865405
9865406
9865407
9865408
9865409
9865411
9865412
9865413
9865414
9865416
9865417
9865418
9865419
9865420
9865421
9865422
9865423
9865424
9865425
9865426
9865427
9865429
9865430
9865431
9865432
9865433
9865434
9865435
9865436
9865437
9865438
9865439
9865440
9865441
9865443
9865444
9865446
9865447
9865448
9865449
9865450
9865451
9865452
9865453
9865454
9865455
9865456
9865457
9865458
9865459
9865460
9865461
9865462
9865464
9865465
9865466
9865467
9865468
9865469
9865470
9865471
9865472
9865473
9865475
9865476
9865478
9865479
9865480
9865481
9865482
9865483
9865484
9865486
9865487
9865488
9865489
9865490
9865491
9865492
9865493
9865494
9865495
9865496
9865497
9865498
9865500
9865501
9865502
9865503
9865504
9865505
9865506
9865507
9865508
9865509
9865510
9865511
9865512
9865513
9865514
9865515
9865516
9865517
9865518
9865519
9865520
9865521
9865522
9865523
9865524
9865525
9865526
9865527
9865528
9865529
9865530
9865531
9865532
9865533
9865534
9865535
9865536
9865537
9865539
9865540
9865541
9865543
9865544
9865545
9865546
9865548
9865550
9865551
9865553
9865554
9865555
9865556
9865557
9865558
9865559
9865560
9865561
9865562
9865563
9865564
9865565
9865566
9865567
9865568
9865569
9865570
9865571
9865572
9865573
9865574
9865575
9865576
9865577
9865578
9865579
9865580
9865581
9865582
9865583
9865584
9865585
9865586
9865587
9865588
9865589
9865590
9865591
9865592
9865593
9865594
9865595
9865596
9865597
9865598
9865601
9865602
9865603
9865605
9865606
9865607
9865608
9865609
9865610
9865611
9865612
9865613
9865614
9865615
9865616
9865617
9865618
9865619
9865620
9865621
9865622
9865623
9865624
9865625
9865626
9865628
9865630
9865631
9865632
9865633
9865634
9865635
9865636
9865637
9865638
9865639
9865640
9865642
9865643
9865644
9865645
9865646
9865647
9865648
9865649
9865650
9865651
9865652
9865653
9865654
9865655
9865656
9865657
9865658
9865659
9865660
9865661
9865662
9865663
9865664
9865665
9865666
9865667
9865668
9865669
9865670
9865671
9865672
9865673
9865674
9865675
9865676
9865677
9865678
9865679
9865680
9865681
9865682
9865683
9865684
9865685
9865686
9865687
9865688
9865689
9865690
9865691
9865692
9865693
9865695
9865696
9865697
9865698
9865699
9865700
9865702
9865703
9865704
9865705
9865706
9865707
9865709
9865710
9865711
9865712
9865713
9865714
9865715
9865717
9865718
9865719
9865720
9865721
9865722
9865723
9865724
9865725
9865726
9865727
9865728
9865729
9865730
9865732
9865734
9865735
9865736
9865737
9865738
9865739
9865741
9865742
9865743
9865744
9865745
9865746
9865747
9865748
9865749
9865750
9865751
9865752
9865753
9865754
9865755
9865756
9865757
9865758
9865759
9865760
9865761
9865762
9865763
9865764
9865765
9865766
9865767
9865768
9865769
9865770
9865771
9865772
9865773
9865774
9865775
9865776
9865777
9865778
9865779
9865781
9865783
9865784
9865785
9865786
9865787
9865788
9865789
9865790
9865791
9865792
9865793
9865794
9865795
9865797
9865798
9865799
9865800
9865801
9865802
9865803
9865804
9865805
9865806
9865807
9865808
9865809
9865810
9865811
9865813
9865814
9865815
9865817
9865818
9865819
9865821
9865822
9865823
9865824
9865826
9865827
9865828
9865829
9865830
9865831
9865832
9865833
9865834
9865835
9865836
9865837
9865840
9865841
9865842
9865843
9865844
9865847
9865849
9865850
9865851
9865852
9865853
9865854
9865855
9865856
9865857
9865858
9865859
9865860
9865861
9865862
9865863
9865864
9865866
9865868
9865869
9865870
9865871
9865872
9865873
9865874
9865875
9865877
9865878
9865879
9865884
9865885
9865886
9865887
9865888
9865889
9865890
9865891
9865892
9865895
9865896
9865898
9865899
9865900
9865901
9865903
9865904
9865905
9865906
9865907
9865908
9865909
9865910
9865911
9865912
9865915
9865916
9865918
9865920
9865921
9865922
9865923
9865924
9865925
9865927
9865930
9865931
9865932
9865935
9865936
9865937
9865938
9865939
9865940
9865941
9865943
9865944
9865945
9865946
9865947
9865948
9865949
9865950
9865951
9865954
9865955
9865956
9865957
9865959
9865960
9865961
9865963
9865966
9865967
9865969
9865970
9865971
9865972
9865974
9865975
9865976
9865978
9865979
9865980
9865981
9865982
9865983
9865984
9865985
9865987
9865988
9865989
9865990
9865991
9865992
9865993
9865994
9865995
9865999
9866000
9866001
9866002
9866003
9866004
9866005
9866006
9866007
9866008
9866009
9866010
9866011
9866012
9866014
9866015
9866016
9866017
9866018
9866019
9866020
9866021
9866022
9866023
9866024
9866025
9866026
9866027
9866029
9866031
9866032
9866033
9866034
9866035
9866036
9866037
9866038
9866039
9866040
9866041
9866043
9866044
9866045
9866046
9866047
9866048
9866049
9866050
9866051
9866052
9866053
9866054
9866055
9866056
9866057
9866058
9866059
9866060
9866061
9866063
9866064
9866065
9866066
9866067
9866068
9866069
9866070
9866071
9866072
9866073
9866074
9866075
9866076
9866077
9866078
9866079
9866080
9866081
9866082
9866083
9866084
9866085
9866086
9866087
9866088
9866090
9866091
9866092
9866093
9866094
9866095
9866096
9866097
9866098
9866099
9866100
9866101
9866102
9866103
9866104
9866105
9866106
9866107
9866108
9866109
9866110
9866111
9866113
9866115
9866116
9866117
9866118
9866119
9866120
9866121
9866122
9866123
9866124
9866125
9866126
9866127
9866128
9866129
9866130
9866132
9866133
9866134
9866135
9866136
9866137
9866138
9866139
9866140
9866141
9866142
9866143
9866144
9866145
9866146
9866147
9866148
9866149
9866150
9866151
9866152
9866153
9866154
9866155
9866156
9866157
9866158
9866159
9866160
9866161
9866162
9866163
9866164
9866165
9866166
9866167
9866168
9866170
9866172
9866173
9866175
9866176
9866177
9866178
9866179
9866180
9866181
9866183
9866184
9866185
9866186
9866187
9866188
9866190
9866191
9866192
9866193
9866194
9866195
9866196
9866197
9866198
9866199
9866200
9866201
9866202
9866203
9866204
9866205
9866206
9866207
9866208
9866209
9866210
9866211
9866212
9866213
9866214
9866215
9866216
9866219
9866221
9866224
9866225
9866228
9866229
9866230
9866231
9866232
9866233
9866234
9866235
9866236
9866237
9866238
9866240
9866241
9866242
9866243
9866244
9866245
9866246
9866247
9866248
9866249
9866250
9866251
9866252
9866253
9866254
9866255
9866256
9866257
9866258
9866259
9866260
9866261
9866262
9866263
9866264
9866265
9866266
9866267
9866269
9866270
9866271
9866272
9866273
9866274
9866275
9866276
9866277
9866278
9866279
9866280
9866281
9866282
9866283
9866284
9866286
9866287
9866288
9866289
9866290
9866291
9866292
9866293
9866294
9866295
9866296
9866297
9866298
9866299
9866300
9866301
9866302
9866303
9866304
9866305
9866306
9866307
9866308
9866309
9866310
9866311
9866312
9866315
9866316
9866317
9866318
9866319
9866320
9866321
9866323
9866324
9866325
9866326
9866327
9866328
9866329
9866330
9866331
9866332
9866334
9866335
9866337
9866338
9866340
9866343
9866344
9866345
9866347
9866349
9866350
9866351
9866352
9866353
9866354
9866355
9866356
9866357
9866358
9866359
9866360
9866361
9866362
9866363
9866364
9866366
9866369
9866370
9866371
9866372
9866373
9866374
9866375
9866376
9866378
9866379
9866380
9866381
9866382
9866383
9866385
9866386
9866387
9866388
9866391
9866393
9866394
9866395
9866396
9866397
9866398
9866399
9866400
9866401
9866402
9866404
9866405
9866406
9866407
9866409
9866411
9866413
9866414
9866415
9866416
9866417
9866418
9866419
9866420
9866421
9866422
9866423
9866424
9866425
9866426
9866427
9866428
9866430
9866431
9866432
9866433
9866434
9866436
9866437
9866438
9866440
9866442
9866444
9866445
9866446
9866449
9866450
9866451
9866452
9866453
9866454
9866455
9866456
9866457
9866458
9866459
9866460
9866462
9866463
9866464
9866465
9866466
9866467
9866468
9866469
9866470
9866472
9866473
9866475
9866476
9866478
9866479
9866480
9866481
9866483
9866484
9866485
9866487
9866488
9866489
9866491
9866492
9866493
9866494
9866495
9866498
9866499
9866500
9866501
9866502
9866503
9866504
9866505
9866506
9866507
9866508
9866509
9866511
9866512
9866513
9866514
9866515
9866516
9866518
9866519
9866520
9866521
9866523
9866524
9866525
9866526
9866527
9866528
9866529
9866530
9866531
9866532
9866533
9866534
9866535
9866537
9866538
9866539
9866540
9866543
9866545
9866546
9866547
9866549
9866550
9866551
9866552
9866553
9866556
9866557
9866558
9866560
9866561
9866562
9866563
9866564
9866566
9866568
9866569
9866571
9866572
9866573
9866574
9866575
9866576
9866577
9866578
9866579
9866580
9866582
9866583
9866584
9866585
9866586
9866587
9866588
9866589
9866590
9866591
9866592
9866594
9866595
9866596
9866597
9866598
9866599
9866600
9866603
9866604
9866605
9866606
9866607
9866608
9866609
9866610
9866611
9866612
9866613
9866614
9866615
9866616
9866617
9866618
9866619
9866620
9866622
9866623
9866624
9866625
9866626
9866627
9866628
9866629
9866631
9866632
9866633
9866634
9866636
9866637
9866638
9866639
9866640
9866641
9866642
9866644
9866645
9866646
9866647
9866648
9866649
9866650
9866651
9866652
9866653
9866654
9866655
9866656
9866657
9866659
9866660
9866661
9866662
9866663
9866664
9866665
9866666
9866667
9866668
9866669
9866671
9866673
9866674
9866675
9866676
9866677
9866678
9866679
9866680
9866681
9866682
9866683
9866684
9866685
9866686
9866687
9866688
9866689
9866690
9866691
9866692
9866693
9866694
9866695
9866696
9866697
9866698
9866699
9866700
9866701
9866702
9866703
9866704
9866705
9866706
9866707
9866709
9866710
9866711
9866712
9866713
9866714
9866715
9866716
9866717
9866718
9866719
9866721
9866722
9866723
9866724
9866725
9866726
9866727
9866728
9866729
9866730
9866731
9866732
9866735
9866736
9866737
9866738
9866739
9866740
9866741
9866742
9866743
9866744
9866745
9866746
9866747
9866748
9866750
9866751
9866752
9866753
9866754
9866755
9866756
9866757
9866758
9866759
9866760
9866761
9866762
9866763
9866764
9866765
9866766
9866767
9866768
9866769
9866770
9866771
9866772
9866773
9866774
9866775
9866776
9866777
9866778
9866779
9866780
9866782
9866783
9866784
9866785
9866786
9866787
9866788
9866789
9866790
9866791
9866792
9866793
9866794
9866795
9866796
9866797
9866798
9866799
9866800
9866801
9866802
9866803
9866804
9866806
9866807
9866809
9866810
9866811
9866812
9866813
9866814
9866815
9866816
9866817
9866819
9866820
9866821
9866822
9866823
9866824
9866825
9866826
9866827
9866829
9866830
9866831
9866832
9866833
9866835
9866836
9866837
9866838
9866839
9866840
9866841
9866842
9866843
9866844
9866845
9866846
9866847
9866848
9866849
9866851
9866852
9866854
9866855
9866856
9866857
9866859
9866860
9866861
9866862
9866863
9866864
9866865
9866867
9866868
9866869
9866871
9866872
9866873
9866874
9866875
9866876
9866877
9866878
9866879
9866880
9866881
9866882
9866883
9866884
9866885
9866886
9866887
9866888
9866889
9866890
9866891
9866894
9866895
9866896
9866897
9866898
9866899
9866901
9866902
9866903
9866904
9866906
9866907
9866908
9866909
9866910
9866911
9866912
9866913
9866914
9866915
9866916
9866918
9866919
9866920
9866921
9866922
9866923
9866924
9866925
9866926
9866928
9866929
9866930
9866931
9866932
9866933
9866934
9866935
9866936
9866937
9866938
9866939
9866940
9866941
9866942
9866943
9866944
9866945
9866946
9866947
9866948
9866949
9866950
9866952
9866953
9866954
9866955
9866956
9866957
9866958
9866959
9866960
9866961
9866962
9866963
9866964
9866965
9866966
9866967
9866969
9866970
9866971
9866972
9866973
9866974
9866975
9866976
9866977
9866978
9866979
9866980
9866981
9866982
9866983
9866984
9866985
9866986
9866987
9866988
9866989
9866990
9866991
9866992
9866993
9866994
9866996
9866999
9867000
9867002
9867003
9867004
9867005
9867006
9867007
9867008
9867009
9867010
9867011
9867012
9867013
9867014
9867015
9867016
9867017
9867018
9867019
9867020
9867021
9867022
9867023
9867024
9867025
9867026
9867027
9867028
9867029
9867030
9867032
9867033
9867034
9867035
9867037
9867038
9867039
9867040
9867041
9867042
9867043
9867044
9867046
9867047
9867048
9867049
9867050
9867051
9867052
9867053
9867054
9867055
9867056
9867057
9867058
9867059
9867060
9867061
9867062
9867065
9867066
9867067
9867068
9867069
9867070
9867071
9867072
9867073
9867074
9867075
9867076
9867077
9867078
9867079
9867080
9867081
9867082
9867084
9867085
9867086
9867087
9867088
9867089
9867090
9867093
9867094
9867095
9867096
9867097
9867100
9867101
9867102
9867103
9867104
9867105
9867106
9867108
9867109
9867110
9867111
9867112