9699328
9699329
9699330
9699331
9699332
9699333
9699334
9699335
9699336
9699337
9699338
9699339
9699340
9699341
9699342
9699343
9699344
9699345
9699346
9699347
9699348
9699349
9699350
9699351
9699352
9699353
9699354
9699355
9699356
9699357
9699358
9699360
9699361
9699362
9699363
9699364
9699365
9699366
9699367
9699368
9699369
9699370
9699371
9699372
9699373
9699375
9699376
9699377
9699378
9699379
9699380
9699381
9699382
9699383
9699384
9699385
9699386
9699388
9699389
9699390
9699391
9699392
9699393
9699394
9699395
9699396
9699397
9699398
9699399
9699400
9699401
9699402
9699403
9699404
9699405
9699406
9699407
9699409
9699410
9699411
9699412
9699413
9699414
9699415
9699416
9699417
9699418
9699419
9699420
9699421
9699422
9699423
9699424
9699425
9699426
9699427
9699428
9699429
9699430
9699431
9699432
9699433
9699434
9699435
9699436
9699437
9699438
9699439
9699440
9699441
9699442
9699443
9699444
9699445
9699446
9699447
9699448
9699449
9699450
9699451
9699452
9699453
9699454
9699455
9699456
9699457
9699459
9699460
9699461
9699462
9699465
9699466
9699467
9699468
9699469
9699470
9699471
9699472
9699473
9699474
9699475
9699476
9699477
9699478
9699479
9699480
9699481
9699482
9699483
9699484
9699485
9699486
9699487
9699488
9699489
9699490
9699491
9699492
9699493
9699494
9699495
9699498
9699499
9699500
9699501
9699503
9699504
9699505
9699506
9699507
9699508
9699509
9699510
9699511
9699512
9699513
9699514
9699515
9699516
9699518
9699519
9699520
9699521
9699522
9699524
9699525
9699526
9699527
9699528
9699529
9699530
9699531
9699532
9699533
9699534
9699535
9699536
9699537
9699538
9699540
9699543
9699544
9699546
9699548
9699549
9699551
9699552
9699553
9699554
9699555
9699556
9699558
9699560
9699561
9699562
9699563
9699564
9699565
9699566
9699567
9699568
9699570
9699571
9699572
9699573
9699574
9699575
9699576
9699577
9699578
9699579
9699583
9699584
9699585
9699586
9699587
9699588
9699589
9699590
9699592
9699593
9699594
9699595
9699597
9699598
9699599
9699600
9699601
9699602
9699603
9699604
9699605
9699606
9699607
9699609
9699610
9699613
9699615
9699616
9699619
9699620
9699622
9699623
9699626
9699627
9699629
9699630
9699631
9699632
9699633
9699635
9699636
9699637
9699638
9699640
9699641
9699642
9699643
9699644
9699645
9699647
9699648
9699650
9699651
9699652
9699653
9699654
9699655
9699656
9699657
9699658
9699659
9699660
9699661
9699664
9699665
9699666
9699667
9699669
9699670
9699671
9699672
9699673
9699674
9699675
9699676
9699677
9699678
9699679
9699680
9699681
9699682
9699684
9699685
9699686
9699687
9699688
9699689
9699690
9699691
9699692
9699693
9699695
9699696
9699698
9699699
9699701
9699702
9699703
9699704
9699705
9699706
9699707
9699708
9699709
9699710
9699711
9699712
9699713
9699715
9699716
9699717
9699718
9699719
9699720
9699721
9699722
9699724
9699726
9699728
9699731
9699733
9699734
9699736
9699737
9699739
9699740
9699742
9699744
9699745
9699746
9699747
9699748
9699749
9699750
9699751
9699752
9699755
9699756
9699757
9699758
9699759
9699761
9699766
9699767
9699768
9699769
9699771
9699772
9699773
9699774
9699775
9699776
9699777
9699778
9699779
9699780
9699781
9699782
9699783
9699784
9699785
9699786
9699787
9699788
9699789
9699790
9699791
9699792
9699793
9699795
9699796
9699797
9699798
9699799
9699800
9699802
9699803
9699804
9699805
9699806
9699807
9699808
9699809
9699810
9699811
9699813
9699814
9699815
9699816
9699817
9699818
9699819
9699820
9699821
9699822
9699823
9699824
9699825
9699826
9699827
9699828
9699829
9699830
9699831
9699832
9699834
9699835
9699836
9699837
9699839
9699840
9699841
9699842
9699844
9699845
9699846
9699847
9699848
9699849
9699850
9699851
9699852
9699853
9699854
9699855
9699856
9699857
9699858
9699860
9699861
9699862
9699863
9699864
9699865
9699866
9699867
9699868
9699869
9699870
9699871
9699872
9699873
9699875
9699876
9699878
9699879
9699880
9699881
9699882
9699883
9699884
9699885
9699886
9699887
9699888
9699890
9699891
9699892
9699893
9699894
9699895
9699896
9699897
9699898
9699900
9699902
9699903
9699907
9699908
9699909
9699910
9699911
9699913
9699914
9699915
9699916
9699917
9699918
9699919
9699920
9699921
9699922
9699924
9699925
9699926
9699927
9699928
9699929
9699930
9699931
9699932
9699933
9699935
9699936
9699937
9699938
9699939
9699940
9699941
9699942
9699943
9699944
9699945
9699946
9699947
9699948
9699949
9699950
9699951
9699952
9699953
9699955
9699956
9699957
9699958
9699959
9699960
9699961
9699963
9699964
9699965
9699966
9699967
9699969
9699970
9699971
9699973
9699974
9699975
9699976
9699978
9699979
9699980
9699981
9699982
9699983
9699984
9699986
9699987
9699989
9699991
9699992
9699993
9699994
9699995
9699996
9699997
9699998
9699999
9700000
9700001
9700002
9700003
9700004
9700005
9700006
9700007
9700008
9700009
9700010
9700011
9700012
9700013
9700014
9700015
9700016
9700017
9700018
9700019
9700020
9700021
9700022
9700023
9700024
9700025
9700026
9700027
9700028
9700029
9700030
9700032
9700033
9700034
9700035
9700036
9700037
9700038
9700039
9700040
9700041
9700042
9700043
9700044
9700045
9700047
9700048
9700049
9700050
9700052
9700053
9700054
9700055
9700057
9700058
9700059
9700060
9700061
9700062
9700063
9700064
9700065
9700066
9700067
9700068
9700069
9700070
9700071
9700073
9700074
9700076
9700077
9700078
9700079
9700080
9700081
9700083
9700084
9700085
9700086
9700087
9700088
9700089
9700090
9700091
9700092
9700093
9700094
9700096
9700097
9700099
9700101
9700102
9700103
9700104
9700105
9700106
9700107
9700108
9700109
9700111
9700113
9700114
9700115
9700116
9700117
9700118
9700119
9700120
9700121
9700122
9700124
9700125
9700126
9700127
9700128
9700129
9700130
9700131
9700132
9700134
9700135
9700136
9700137
9700138
9700139
9700140
9700141
9700142
9700143
9700144
9700145
9700146
9700147
9700149
9700150
9700151
9700152
9700153
9700154
9700156
9700158
9700159
9700160
9700161
9700162
9700163
9700164
9700165
9700166
9700167
9700168
9700169
9700170
9700171
9700172
9700173
9700174
9700175
9700176
9700177
9700178
9700179
9700180
9700181
9700183
9700184
9700185
9700186
9700187
9700188
9700190
9700191
9700192
9700193
9700194
9700195
9700196
9700197
9700198
9700199
9700200
9700201
9700202
9700203
9700204
9700205
9700206
9700207
9700208
9700209
9700210
9700211
9700212
9700213
9700214
9700215
9700216
9700217
9700219
9700220
9700221
9700222
9700223
9700224
9700225
9700226
9700227
9700228
9700229
9700230
9700231
9700233
9700234
9700235
9700236
9700237
9700238
9700239
9700240
9700241
9700242
9700243
9700244
9700245
9700246
9700247
9700248
9700249
9700250
9700251
9700252
9700254
9700255
9695603
9695604
9695605
9695606
9695607
9695609
9695610
9695611
9695612
9695613
9695614
9695615
9695616
9695617
9695618
9695619
9695620
9695621
9695622
9695623
9695624
9695625
9695626
9695627
9695628
9695630
9695631
9695632
9695633
9695634
9695635
9695636
9695637
9695638
9695640
9695642
9695644
9695645
9695646
9695647
9695648
9695649
9695650
9695651
9695652
9695653
9695654
9695655
9695656
9695657
9695658
9695659
9695660
9695661
9695662
9695663
9695664
9695665
9695666
9695667
9695668
9695669
9695670
9695671
9695672
9695673
9695674
9695675
9695676
9695677
9695678
9695679
9695680
9695681
9695682
9695683
9695684
9695685
9695686
9695687
9695688
9695689
9695690
9695691
9695692
9695693
9695694
9695695
9695696
9695697
9695698
9695699
9695700
9695701
9695702
9695703
9695704
9695705
9695706
9695707
9695709
9695710
9695711
9695713
9695714
9695715
9695716
9695717
9695718
9695719
9695720
9695721
9695722
9695723
9695724
9695725
9695726
9695727
9695728
9695729
9695730
9695731
9695732
9695733
9695734
9695736
9695737
9695738
9695739
9695741
9695742
9695743
9695744
9695745
9695746
9695747
9695749
9695750
9695751
9695752
9695753
9695755
9695756
9695757
9695758
9695759
9695760
9695761
9695762
9695763
9695764
9695765
9695767
9695768
9695769
9695770
9695772
9695773
9695775
9695776
9695777
9695778
9695779
9695780
9695782
9695783
9695784
9695785
9695786
9695787
9695788
9695789
9695790
9695791
9695792
9695793
9695794
9695795
9695796
9695797
9695798
9695800
9695801
9695803
9695805
9695806
9695807
9695808
9695809
9695810
9695811
9695814
9695815
9695816
9695817
9695818
9695819
9695820
9695821
9695823
9695824
9695825
9695826
9695827
9695828
9695829
9695830
9695831
9695832
9695833
9695835
9695838
9695841
9695842
9695845
9695854
9695855
9695857
9695858
9695859
9695861
9695865
9695868
9695869
9695870
9695872
9695876
9695877
9695878
9695879
9695880
9695883
9695884
9695885
9695886
9695887
9695888
9695889
9695890
9695891
9695892
9695893
9695894
9695895
9695896
9695897
9695898
9695899
9695901
9695902
9695903
9695904
9695905
9695906
9695907
9695908
9695909
9695910
9695911
9695912
9695913
9695914
9695915
9695916
9695918
9695919
9695920
9695921
9695923
9695924
9695927
9695935
9695937
9695939
9695940
9695941
9695943
9695945
9695947
9695949
9695950
9695951
9695953
9695954
9695956
9695957
9695959
9695962
9695964
9695968
9695969
9695970
9695972
9695973
9695974
9695975
9695976
9695979
9695980
9695983
9695984
9695985
9695986
9695987
9695988
9695989
9695990
9695991
9695992
9695993
9695994
9695995
9695996
9695997
9695998
9695999
9696000
9696001
9696002
9696003
9696004
9696005
9696006
9696007
9696008
9696010
9696011
9696013
9696014
9696015
9696017
9696018
9696019
9696020
9696022
9696024
9696025
9696026
9696027
9696029
9696030
9696031
9696033
9696036
9696039
9696040
9696041
9696042
9696044
9696045
9696046
9696047
9696048
9696051
9696054
9696056
9696058
9696059
9696060
9696062
9696063
9696064
9696065
9696066
9696067
9696068
9696070
9696071
9696072
9696074
9696076
9696078
9696079
9696080
9696081
9696082
9696083
9696084
9696085
9696086
9696087
9696088
9696089
9696090
9696091
9696092
9696093
9696094
9696097
9696098
9696099
9696101
9696102
9696103
9696104
9696105
9696106
9696107
9696108
9696109
9696110
9696111
9696113
9696114
9696115
9696116
9696117
9696119
9696120
9696123
9696125
9696126
9696127
9696130
9696131
9696132
9696136
9696138
9696139
9696140
9696141
9696142
9696143
9696144
9696145
9696146
9696147
9696148
9696149
9696150
9696151
9696152
9696153
9696154
9696155
9696156
9696157
9696159
9696160
9696161
9696162
9696163
9696164
9696165
9696166
9696167
9696168
9696169
9696170
9696171
9696172
9696173
9696174
9696175
9696176
9696178
9696179
9696180
9696181
9696182
9696183
9696185
9696186
9696187
9696189
9696190
9696192
9696193
9696194
9696195
9696196
9696200
9696201
9696202
9696203
9696204
9696205
9696206
9696208
9696210
9696211
9696214
9696217
9696218
9696219
9696220
9696222
9696224
9696225
9696226
9696227
9696228
9696229
9696230
9696231
9696232
9696233
9696234
9696235
9696237
9696238
9696239
9696242
9696245
9696246
9696247
9696249
9696250
9696252
9696253
9696254
9696255
9696256
9696257
9696258
9696260
9696261
9696262
9696264
9696267
9696268
9696269
9696270
9696271
9696272
9696273
9696274
9696275
9696276
9696277
9696278
9696279
9696281
9696283
9696284
9696286
9696288
9696289
9696290
9696291
9696293
9696295
9696296
9696297
9696298
9696299
9696300
9696301
9696302
9696303
9696304
9696305
9696306
9696307
9696308
9696309
9696310
9696311
9696312
9696313
9696314
9696315
9696316
9696317
9696318
9696319
9696320
9696321
9696322
9696323
9696324
9696325
9696326
9696327
9696328
9696329
9696330
9696331
9696332
9696333
9696335
9696336
9696337
9696338
9696339
9696340
9696341
9696342
9696343
9696344
9696345
9696346
9696347
9696348
9696349
9696350
9696351
9696352
9696353
9696354
9696355
9696356
9696357
9696358
9696359
9696360
9696361
9696362
9696363
9696364
9696365
9696366
9696367
9696368
9696369
9696370
9696371
9696372
9696373
9696374
9696375
9696377
9696378
9696380
9696381
9696382
9696383
9696384
9696385
9696387
9696388
9696389
9696390
9696391
9696392
9696394
9696395
9696396
9696397
9696398
9696399
9696401
9696403
9696404
9696405
9696406
9696407
9696408
9696409
9696410
9696411
9696412
9696414
9696415
9696416
9696417
9696418
9696419
9696420
9696421
9696422
9696423
9696425
9696426
9696427
9696429
9696430
9696431
9696432
9696433
9696434
9696435
9696436
9696438
9696439
9696441
9696443
9696444
9696445
9696446
9696447
9696448
9696449
9696450
9696451
9696452
9696453
9696454
9696456
9696458
9696459
9696460
9696461
9696462
9696463
9696464
9696465
9696466
9696467
9696468
9696469
9696470
9696471
9696472
9696474
9696475
9696476
9696477
9696478
9696479
9696480
9696482
9696483
9696484
9696485
9696486
9696487
9696490
9696491
9696492
9696493
9696494
9696495
9696496
9696497
9696498
9696499
9696500
9696501
9696502
9696503
9696505
9696507
9696508
9696509
9696510
9696511
9696512
9696513
9696516
9696517
9696518
9696519
9696520
9696521
9696522
9696523
9696525
9696526
9696527
9696528
9696529
9696530
9696531
9696533
9696534
9696535
9696536
9696537
9696538
9696540
9696541
9696542
9696543
9696544
9696545
9696546
9696549
9696550
9696552
9696553
9696554
9696555
9696556
9696557
9696558
9696561
9696562
9696565
9696566
9696567
9696568
9696569
9696570
9696571
9696572
9696575
9696576
9696577
9696578
9696579
9696581
9696582
9696584
9696585
9696586
9696587
9696588
9696589
9696590
9696592
9696593
9696594
9696595
9696596
9696597
9696598
9696599
9696601
9696602
9696603
9696604
9696605
9696606
9696607
9696609
9696610
9696611
9696612
9696615
9696616
9696617
9696618
9696620
9696622
9696623
9696624
9696625
9696626
9696627
9696628
9696629
9696630
9696633
9696634
9696637
9696638
9696639
9696640
9696642
9696643
9696645
9696646
9696647
9696648
9696649
9696651
9696652
9696653
9696654
9696657
9696658
9696659
9696660
9696662
9696664
9696665
9696666
9696667
9696668
9696671
9696672
9696673
9696674
9696675
9696677
9696678
9696679
9696681
9696682
9696683
9696684
9696685
9696686
9696687
9696689
9696692
9696693
9696694
9696696
9696697
9696698
9696699
9696700
9696701
9696703
9696704
9696705
9696706
9696707
9696708
9696709
9696710
9696711
9696712
9696713
9696715
9696717
9696718
9696719
9696721
9696722
9696723
9696724
9696725
9696726
9696727
9696728
9696729
9696730
9696731
9696732
9696734
9696736
9696737
9696739
9696740
9696741
9696743
9696744
9696745
9696748
9696749
9696750
9696751
9696752
9696753
9696754
9696755
9696756
9696757
9696758
9696760
9696761
9696762
9696764
9696765
9696766
9696768
9696771
9696772
9696773
9696774
9696775
9696776
9696778
9696779
9696780
9696781
9696782
9696785
9696786
9696787
9696788
9696789
9696790
9696792
9696793
9696794
9696795
9696798
9696799
9696802
9696803
9696804
9696805
9696806
9696807
9696808
9696809
9696810
9696812
9696813
9696814
9696815
9696816
9696817
9696818
9696820
9696821
9696822
9696823
9696827
9696828
9696829
9696830
9696832
9696835
9696837
9696839
9696840
9696841
9696844
9696846
9696847
9696849
9696850
9696851
9696852
9696853
9696854
9696857
9696859
9696860
9696862
9696863
9696864
9696865
9696868
9696869
9696870
9696872
9696874
9696876
9696877
9696878
9696880
9696881
9696884
9696885
9696889
9696892
9696893
9696894
9696896
9696899
9696901
9696904
9696905
9696906
9696907
9696909
9696910
9696913
9696914
9696915
9696916
9696922
9696923
9696924
9696925
9696927
9696929
9696932
9696933
9696935
9696938
9696939
9696940
9696943
9696944
9696945
9696946
9696947
9696948
9696951
9696952
9696953
9696954
9696955
9696956
9696959
9696961
9696963
9696964
9696965
9696967
9696970
9696971
9696973
9696974
9696975
9696977
9696979
9696981
9696983
9696984
9696985
9696988
9696989
9696990
9696993
9696996
9696997
9696998
9696999
9697000
9697001
9697003
9697004
9697005
9697006
9697008
9697009
9697010
9697012
9697015
9697016
9697017
9697018
9697019
9697021
9697022
9697023
9697024
9697025
9697026
9697027
9697028
9697029
9697030
9697031
9697032
9697035
9697037
9697039
9697041
9697042
9697043
9697044
9697045
9697046
9697047
9697048
9697049
9697050
9697052
9697053
9697054
9697055
9697057
9697058
9697059
9697060
9697061
9697062
9697064
9697065
9697067
9697069
9697072
9697073
9697076
9697077
9697078
9697081
9697082
9697085
9697086
9697087
9697088
9697089
9697090
9697091
9697092
9697093
9697094
9697095
9697096
9697097
9697099
9697100
9697101
9697102
9697103
9697104
9697106
9697107
9697108
9697109
9697110
9697111
9697112
9697113
9697114
9697115
9697116
9697117
9697118
9697119
9697121
9697122
9697123
9697124
9697125
9697126
9697127
9697128
9697129
9697130
9697131
9697132
9697134
9697135
9697136
9697137
9697138
9697139
9697140
9697142
9697144
9697145
9697146
9697147
9697148
9697149
9697150
9697152
9697153
9697154
9697155
9697156
9697158
9697159
9697160
9697161
9697162
9697163
9697164
9697165
9697166
9697167
9697168
9697169
9697170
9697171
9697172
9697173
9697174
9697175
9697176
9697177
9697178
9697179
9697180
9697181
9697182
9697183
9697184
9697186
9697187
9697188
9697189
9697190
9697191
9697192
9697193
9697194
9697195
9697196
9697197
9697198
9697199
9697200
9697201
9697202
9697203
9697204
9697205
9697206
9697207
9697208
9697209
9697210
9697211
9697212
9697214
9697213
9697216
9697217
9697218
9697219
9697220
9697221
9697222
9697223
9697225
9697226
9697227
9697228
9697230
9697231
9697232
9697233
9697234
9697235
9697236
9697237
9697238
9697239
9697240
9697241
9697242
9697243
9697244
9697245
9697246
9697247
9697248
9697249
9697252
9697253
9697254
9697255
9697256
9697257
9697258
9697260
9697263
9697264
9697265
9697267
9697268
9697269
9697270
9697271
9697272
9697273
9697274
9697275
9697276
9697278
9697279
9697280
9697281
9697282
9697284
9697285
9697286
9697287
9697288
9697289
9697290
9697291
9697292
9697293
9697294
9697295
9697296
9697298
9697300
9697302
9697303
9697304
9697305
9697306
9697307
9697308
9697309
9697312
9697313
9697314
9697315
9697316
9697318
9697319
9697321
9697322
9697323
9697324
9697325
9697326
9697327
9697328
9697329
9697330
9697331
9697332
9697333
9697334
9697335
9697336
9697338
9697339
9697340
9697341
9697342
9697343
9697347
9697348
9697350
9697352
9697353
9697354
9697355
9697360
9697361
9697362
9697363
9697364
9697365
9697366
9697368
9697369
9697370
9697371
9697372
9697373
9697375
9697376
9697377
9697378
9697380
9697381
9697382
9697383
9697384
9697385
9697386
9697387
9697388
9697389
9697390
9697391
9697392
9697393
9697394
9697395
9697397
9697398
9697399
9697400
9697401
9697405
9697406
9697407
9697408
9697409
9697410
9697411
9697412
9697413
9697414
9697415
9697416
9697417
9697418
9697419
9697420
9697421
9697422
9697423
9697424
9697425
9697426
9697427
9697428
9697429
9697430
9697431
9697432
9697433
9697434
9697435
9697436
9697437
9697438
9697439
9697440
9697442
9697443
9697444
9697445
9697446
9697447
9697448
9697450
9697451
9697452
9697453
9697454
9697456
9697457
9697458
9697459
9697460
9697461
9697462
9697463
9697464
9697465
9697466
9697467
9697468
9697469
9697470
9697471
9697474
9697475
9697477
9697478
9697479
9697480
9697481
9697482
9697483
9697484
9697485
9697486
9697487
9697488
9697490
9697491
9697492
9697493
9697494
9697495
9697496
9697497
9697498
9697499
9697500
9697501
9697503
9697504
9697505
9697507
9697508
9697509
9697510
9697511
9697512
9697514
9697515
9697516
9697518
9697519
9697520
9697521
9697523
9697525
9697526
9697527
9697529
9697530
9697531
9697532
9697533
9697534
9697537
9697538
9697539
9697540
9697542
9697544
9697545
9697547
9697548
9697549
9697550
9697552
9697553
9697554
9697555
9697557
9697558
9697559
9697560
9697563
9697565
9697566
9697567
9697568
9697569
9697570
9697571
9697572
9697573
9697574
9697575
9697576
9697577
9697578
9697579
9697580
9697581
9697582
9697584
9697585
9697586
9697587
9697588
9697589
9697590
9697591
9697592
9697593
9697594
9697595
9697596
9697597
9697598
9697599
9697600
9697601
9697602
9697603
9697604
9697605
9697606
9697607
9697608
9697609
9697611
9697612
9697613
9697614
9697615
9697616
9697617
9697618
9697619
9697620
9697622
9697623
9697624
9697626
9697627
9697628
9697629
9697630
9697631
9697632
9697633
9697634
9697635
9697637
9697638
9697639
9697640
9697641
9697642
9697644
9697645
9697646
9697647
9697648
9697649
9697650
9697651
9697652
9697653
9697654
9697656
9697657
9697658
9697659
9697664
9697665
9697667
9697668
9697670
9697671
9697672
9697673
9697674
9697675
9697676
9697677
9697678
9697679
9697680
9697681
9697682
9697683
9697684
9697685
9697687
9697688
9697689
9697690
9697692
9697693
9697695
9697696
9697697
9697698
9697700
9697702
9697705
9697706
9697707
9697708
9697711
9697712
9697715
9697716
9697717
9697719
9697720
9697721
9697722
9697724
9697727
9697728
9697731
9697732
9697733
9697734
9697735
9697736
9697738
9697739
9697740
9697741
9697742
9697743
9697744
9697745
9697746
9697747
9697750
9697751
9697752
9697753
9697754
9697755
9697757
9697759
9697762
9697763
9697764
9697765
9697766
9697767
9697768
9697769
9697770
9697772
9697774
9697777
9697778
9697780
9697781
9697782
9697783
9697784
9697785
9697787
9697791
9697793
9697795
9697796
9697797
9697798
9697804
9697805
9697807
9697809
9697811
9697813
9697814
9697816
9697819
9697820
9697822
9697824
9697826
9697827
9697828
9697830
9697831
9697836
9697838
9697839
9697842
9697843
9697844
9697848
9697852
9697855
9697856
9697859
9697860
9697861
9697863
9697864
9697867
9697873
9697875
9697876
9697877
9697878
9697879
9697880
9697881
9697884
9697886
9697887
9697888
9697891
9697892
9697894
9697895
9697897
9697898
9697900
9697902
9697903
9697906
9697908
9697909
9697912
9697918
9697920
9697922
9697923
9697925
9697927
9697928
9697931
9697933
9697934
9697935
9697938
9697939
9697940
9697941
9697944
9697945
9697947
9697948
9697949
9697953
9697954
9697956
9697957
9697962
9697965
9697966
9697968
9697969
9697973
9697976
9697979
9697980
9697981
9697984
9697985
9697987
9697989
9697992
9697994
9697998
9698000
9698001
9698002
9698003
9698004
9698005
9698010
9698011
9698012
9698013
9698014
9698016
9698017
9698019
9698021
9698022
9698027
9698030
9698031
9698032
9698033
9698034
9698036
9698037
9698041
9698042
9698043
9698045
9698046
9698047
9698048
9698049
9698053
9698055
9698057
9698058
9698059
9698060
9698062
9698066
9698070
9698071
9698072
9698073
9698074
9698078
9698079
9698082
9698087
9698088
9698091
9698092
9698097
9698098
9698099
9698100
9698101
9698103
9698104
9698108
9698109
9698112
9698113
9698114
9698115
9698117
9698120
9698123
9698124
9698126
9698127
9698128
9698129
9698130
9698133
9698135
9698145
9698147
9698151
9698155
9698158
9698160
9698164
9698165
9698167
9698169
9698171
9698173
9698174
9698176
9698177
9698179
9698180
9698185
9698188
9698189
9698190
9698193
9698196
9698199
9698201
9698207
9698210
9698213
9698219
9698221
9698224
9698227
9698229
9698231
9698232
9698234
9698235
9698236
9698237
9698238
9698240
9698241
9698242
9698244
9698245
9698246
9698247
9698248
9698249
9698250
9698251
9698253
9698254
9698257
9698260
9698261
9698263
9698264
9698265
9698266
9698267
9698268
9698269
9698271
9698272
9698274
9698275
9698276
9698277
9698278
9698279
9698281
9698282
9698283
9698284
9698285
9698286
9698287
9698289
9698290
9698291
9698292
9698294
9698295
9698296
9698297
9698298
9698299
9698300
9698301
9698302
9698303
9698304
9698305
9698306
9698307
9698308
9698310
9698311
9698312
9698313
9698314
9698315
9698316
9698317
9698318
9698319
9698321
9698322
9698323
9698324
9698325
9698326
9698328
9698329
9698333
9698334
9698336
9698338
9698340
9698341
9698342
9698343
9698344
9698345
9698346
9698347
9698348
9698349
9698350
9698351
9698354
9698355
9698357
9698358
9698359
9698360
9698361
9698362
9698363
9698364
9698366
9698367
9698368
9698369
9698371
9698372
9698373
9698374
9698375
9698376
9698377
9698378
9698379
9698380
9698383
9698385
9698387
9698388
9698389
9698390
9698391
9698393
9698394
9698395
9698397
9698399
9698400
9698401
9698403
9698404
9698405
9698406
9698407
9698408
9698409
9698412
9698414
9698417
9698418
9698419
9698420
9698421
9698422
9698423
9698424
9698425
9698426
9698427
9698429
9698433
9698434
9698435
9698436
9698438
9698440
9698442
9698443
9698444
9698445
9698446
9698447
9698448
9698449
9698450
9698451
9698452
9698453
9698454
9698455
9698456
9698457
9698458
9698460
9698461
9698462
9698463
9698464
9698465
9698466
9698467
9698468
9698469
9698470
9698471
9698473
9698475
9698476
9698477
9698478
9698479
9698481
9698483
9698484
9698485
9698487
9698488
9698490
9698491
9698492
9698493
9698494
9698495
9698497
9698498
9698499
9698501
9698502
9698503
9698504
9698506
9698508
9698510
9698513
9698514
9698515
9698517
9698518
9698519
9698521
9698522
9698523
9698524
9698525
9698526
9698531
9698533
9698534
9698535
9698536
9698537
9698538
9698540
9698541
9698542
9698544
9698546
9698547
9698548
9698549
9698551
9698552
9698553
9698554
9698555
9698556
9698557
9698558
9698560
9698561
9698562
9698567
9698568
9698571
9698576
9698580
9698582
9698583
9698585
9698586
9698587
9698588
9698589
9698592
9698595
9698596
9698597
9698599
9698600
9698602
9698603
9698607
9698608
9698609
9698610
9698612
9698613
9698614
9698615
9698616
9698617
9698618
9698621
9698622
9698623
9698627
9698628
9698629
9698630
9698631
9698632
9698637
9698638
9698639
9698640
9698641
9698642
9698644
9698645
9698647
9698648
9698649
9698650
9698651
9698652
9698653
9698654
9698656
9698657
9698658
9698659
9698661
9698662
9698663
9698664
9698666
9698667
9698668
9698669
9698670
9698671
9698672
9698674
9698676
9698677
9698678
9698679
9698681
9698682
9698685
9698686
9698688
9698691
9698692
9698695
9698696
9698697
9698699
9698700
9698701
9698702
9698704
9698705
9698706
9698707
9698708
9698709
9698711
9698712
9698713
9698714
9698715
9698716
9698717
9698718
9698721
9698722
9698723
9698724
9698725
9698726
9698727
9698728
9698729
9698731
9698732
9698733
9698734
9698735
9698736
9698737
9698738
9698739
9698740
9698741
9698742
9698743
9698744
9698747
9698748
9698749
9698750
9698751
9698752
9698754
9698755
9698756
9698757
9698759
9698760
9698761
9698764
9698765
9698766
9698767
9698768
9698769
9698770
9698771
9698772
9698773
9698775
9698776
9698777
9698779
9698780
9698781
9698782
9698783
9698784
9698785
9698786
9698787
9698788
9698789
9698790
9698791
9698793
9698794
9698795
9698796
9698797
9698800
9698803
9698807
9698808
9698812
9698813
9698814
9698815
9698816
9698817
9698818
9698819
9698820
9698821
9698823
9698824
9698825
9698826
9698827
9698828
9698829
9698830
9698831
9698832
9698834
9698835
9698836
9698837
9698838
9698839
9698840
9698841
9698842
9698843
9698844
9698845
9698847
9698848
9698849
9698850
9698853
9698854
9698855
9698856
9698857
9698858
9698859
9698860
9698862
9698863
9698865
9698866
9698867
9698869
9698870
9698871
9698872
9698873
9698874
9698875
9698876
9698877
9698878
9698880
9698881
9698883
9698884
9698885
9698886
9698887
9698888
9698891
9698892
9698893
9698894
9698895
9698896
9698897
9698898
9698899
9698900
9698902
9698903
9698904
9698905
9698906
9698907
9698908
9698909
9698910
9698911
9698912
9698913
9698914
9698916
9698917
9698918
9698919
9698920
9698921
9698922
9698923
9698924
9698925
9698926
9698927
9698929
9698932
9698933
9698934
9698935
9698936
9698937
9698938
9698940
9698941
9698943
9698944
9698945
9698946
9698947
9698948
9698949
9698950
9698951
9698952
9698953
9698954
9698955
9698956
9698957
9698958
9698959
9698960
9698961
9698962
9698963
9698964
9698965
9698966
9698967
9698968
9698969
9698970
9698971
9698972
9698973
9698974
9698975
9698976
9698977
9698978
9698979
9698980
9698981
9698982
9698983
9698984
9698985
9698986
9698987
9698988
9698989
9698990
9698991
9698992
9698993
9698994
9698995
9698996
9698997
9698998
9699002
9699003
9699004
9699005
9699006
9699007
9699008
9699009
9699010
9699011
9699012
9699013
9699014
9699015
9699016
9699017
9699018
9699019
9699020
9699021
9699022
9699023
9699024
9699025
9699026
9699027
9699028
9699030
9699031
9699033
9699034
9699036
9699037
9699038
9699040
9699041
9699043
9699045
9699047
9699048
9699049
9699050
9699051
9699052
9699053
9699054
9699055
9699056
9699057
9699058
9699059
9699060
9699061
9699062
9699063
9699064
9699065
9699066
9699067
9699068
9699069
9699070
9699071
9699072
9699073
9699074
9699075
9699076
9699077
9699078
9699079
9699081
9699082
9699083
9699084
9699085
9699086
9699087
9699089
9699091
9699092
9699094
9699095
9699097
9699098
9699099
9699100
9699102
9699104
9699105
9699106
9699107
9699108
9699110
9699111
9699112
9699113
9699114
9699115
9699116
9699117
9699118
9699119
9699121
9699122
9699123
9699124
9699125
9699126
9699127
9699128
9699129
9699130
9699132
9699133
9699134
9699135
9699136
9699137
9699138
9699139
9699140
9699141
9699142
9699143
9699144
9699145
9699146
9699147
9699148
9699149
9699150
9699152
9699153
9699154
9699156
9699157
9699159
9699160
9699162
9699163
9699164
9699166
9699167
9699169
9699170
9699171
9699172
9699173
9699174
9699175
9699176
9699177
9699178
9699179
9699180
9699181
9699182
9699183
9699184
9699185
9699186
9699187
9699188
9699189
9699191
9699192
9699193
9699194
9699195
9699196
9699198
9699199
9699200
9699202
9699203
9699204
9699205
9699206
9699207
9699208
9699209
9699210
9699211
9699212
9699213
9699214
9699215
9699216
9699217
9699218
9699219
9699220
9699221
9699222
9699223
9699224
9699225
9699226
9699227
9699228
9699229
9699232
9699233
9699234
9699235
9699236
9699237
9699238
9699239
9699240
9699241
9699242
9699244
9699245
9699246
9699247
9699248
9699249
9699250
9699251
9699252
9699253
9699254
9699255
9699256
9699257
9699258
9699259
9699260
9699262
9699263
9699264
9699265
9699266
9699268
9699269
9699270
9699271
9699272
9699273
9699274
9699275
9699276
9699277
9699279
9699281
9699282
9699283
9699284
9699285
9699286
9699287
9699288
9699289
9699290
9699291
9699292
9699293
9699294
9699295
9699296
9699297
9699298
9699299
9699300
9699301
9699302
9699303
9699304
9699305
9699306
9699307
9699308
9699309
9699310
9699311
9699312
9699313
9699314
9699315
9699316
9699317
9699318
9699319
9699320
9699321
9699322
9699323
9699324
9699325
9699326
9699327