9221875
9221877
9221879
9221880
9221882
9221883
9221884
9221885
9221886
9221887
9221888
9221889
9221890
9221891
9221892
9221893
9221894
9221895
9221896
9221897
9221898
9221899
9221901
9221903
9221904
9221905
9221906
9221907
9221908
9221909
9221910
9221911
9221912
9221913
9221914
9221915
9221916
9221917
9221918
9221919
9221920
9221921
9221922
9221924
9221925
9221926
9221927
9221928
9221929
9221930
9221931
9221932
9221933
9221934
9221935
9221936
9221937
9221938
9221939
9221940
9221941
9221942
9221943
9221944
9221945
9221946
9221947
9221948
9221949
9221950
9221951
9221952
9221953
9221954
9221955
9221956
9221957
9221958
9221959
9221961
9221962
9221964
9221965
9221963
9221966
9221967
9221968
9221969
9221971
9221970
9221973
9221974
9221975
9221976
9221977
9221978
9221979
9221980
9221981
9221982
9221983
9221984
9221985
9221986
9221987
9221988
9221989
9221990
9221991
9221992
9221993
9221994
9221995
9221996
9221997
9221998
9221999
9222000
9222002
9222003
9222004
9222005
9222006
9222007
9222008
9222009
9222010
9222011
9222012
9222013
9222014
9222015
9222016
9222017
9222018
9222019
9222020
9222021
9222022
9222023
9222024
9222025
9222026
9222027
9222028
9222029
9222030
9222031
9222032
9222033
9222034
9222035
9222036
9222037
9222038
9222040
9222041
9222039
9222042
9222044
9222045
9222043
9222046
9222047
9222048
9222050
9222049
9222051
9222052
9222054
9222055
9222056
9222057
9222058
9222059
9222061
9222062
9222063
9222064
9222065
9222066
9222067
9222068
9222069
9222070
9222071
9222072
9222073
9222074
9222075
9222076
9222077
9222078
9222079
9222080
9222081
9222083
9222086
9222087
9222088
9222089
9222090
9222091
9222092
9222093
9222094
9222096
9222097
9222098
9222105
9222106
9222107
9222108
9222111
9222112
9222113
9222114
9222115
9222116
9222117
9222119
9222120
9222121
9222122
9222123
9222124
9222125
9222126
9222127
9222128
9222129
9222130
9222131
9222132
9222133
9222134
9222135
9222137
9222138
9222140
9222141
9222142
9222143
9222145
9222146
9222147
9222148
9222149
9222150
9222151
9222152
9222153
9222154
9222155
9222157
9222159
9222160
9222161
9222162
9222163
9222164
9222165
9222166
9222167
9222168
9222169
9222170
9222172
9222173
9222174
9222175
9222176
9222177
9222178
9222179
9222180
9222181
9222182
9222183
9222184
9222185
9222186
9222187
9222189
9222190
9222191
9222192
9222193
9222194
9222195
9222196
9222197
9222198
9222199
9222200
9222202
9222203
9222204
9222205
9222206
9222207
9222208
9222209
9222212
9222213
9222214
9222216
9222217
9222218
9222219
9222220
9222221
9222222
9222223
9222224
9222225
9222226
9222227
9222228
9222229
9222230
9222231
9222232
9222233
9222234
9222235
9222236
9222237
9222238
9222240
9222241
9222242
9222243
9222244
9222245
9222246
9222248
9222249
9222250
9222251
9222252
9222253
9222254
9222255
9222256
9222257
9222258
9222259
9222260
9222261
9222262
9222263
9222265
9222266
9222267
9222268
9222269
9222270
9222271
9222272
9222273
9222274
9222275
9222276
9222277
9222278
9222279
9222280
9222281
9222282
9222283
9222284
9222285
9222286
9222287
9222288
9222289
9222290
9222291
9222293
9222294
9222295
9222296
9222297
9222298
9222299
9222300
9222301
9222302
9222303
9222304
9222305
9222306
9222307
9222308
9222309
9222310
9222311
9222312
9222313
9222314
9222315
9222316
9222317
9222318
9222321
9222322
9222323
9222324
9222325
9222326
9222328
9222329
9222330
9222331
9222333
9222334
9222335
9222336
9222337
9222338
9222339
9222340
9222341
9222342
9222343
9222344
9222345
9222346
9222347
9222349
9222350
9222351
9222352
9222353
9222354
9222355
9222356
9222357
9222358
9222359
9222360
9222361
9222362
9222363
9222364
9222365
9222366
9222367
9222368
9222369
9222370
9222371
9222372
9222373
9222374
9222375
9222377
9222378
9222379
9222380
9222381
9222382
9222383
9222384
9222385
9222386
9222387
9222388
9222389
9222391
9222392
9222393
9222394
9222395
9222396
9222397
9222398
9222399
9222401
9222402
9222403
9222404
9222405
9222406
9222408
9222409
9222410
9222412
9222413
9222414
9222415
9222417
9222418
9222419
9222420
9222421
9222422
9222423
9222424
9222425
9222426
9222427
9222429
9222431
9222432
9222433
9222434
9222436
9222437
9222438
9222439
9222440
9222441
9222442
9222443
9222444
9222445
9222446
9222449
9222450
9222451
9222452
9222453
9222454
9222455
9222456
9222457
9222458
9222459
9222460
9222462
9222463
9222464
9222465
9222466
9222467
9222468
9222469
9222470
9222471
9222472
9222474
9222475
9222477
9222478
9222479
9222480
9222482
9222484
9222485
9222488
9222489
9222490
9222491
9222492
9222493
9222494
9222495
9222496
9222497
9222499
9222500
9222501
9222502
9222503
9222504
9222505
9222506
9222507
9222508
9222509
9222510
9222511
9222513
9222514
9222515
9222516
9222517
9222518
9222519
9222520
9222521
9222522
9222523
9222524
9222525
9222526
9222527
9222528
9222529
9222530
9222531
9222532
9222533
9222534
9222535
9222536
9222537
9222538
9222539
9222540
9222541
9222542
9222544
9222546
9222547
9222548
9222549
9222550
9222551
9222552
9222554
9222555
9222556
9222557
9222558
9222559
9222560
9222562
9222563
9222565
9222566
9222569
9222570
9222571
9222572
9222573
9222574
9222575
9222576
9222577
9222578
9222579
9222580
9222581
9222582
9222583
9222584
9222585
9222586
9222587
9222588
9222589
9222590
9222591
9222592
9222593
9222595
9222596
9222600
9222601
9222602
9222603
9222604
9222605
9222607
9222608
9222609
9222610
9222611
9222612
9222614
9222615
9222617
9222618
9222619
9222620
9222621
9222623
9222625
9222627
9222628
9222629
9222631
9222632
9222633
9222634
9222636
9222638
9222640
9222642
9222643
9222645
9222646
9222647
9222648
9222649
9222650
9222652
9222655
9222656
9222657
9222658
9222659
9222660
9222661
9222662
9222664
9222665
9222666
9222667
9222669
9222670
9222673
9222674
9222676
9222678
9222679
9222681
9222682
9222683
9222684
9222685
9222686
9222687
9222688
9222689
9222690
9222692
9222693
9222694
9222695
9222696
9222697
9222698
9222699
9222701
9222702
9222703
9222704
9222705
9222706
9222707
9222708
9222709
9222710
9222712
9222713
9222714
9222715
9222717
9222718
9222719
9222720
9222721
9222722
9222723
9222724
9222725
9222727
9222728
9222729
9222730
9222731
9222732
9222734
9222736
9222737
9222738
9222739
9222740
9222741
9222742
9222743
9222744
9222745
9222746
9222747
9222748
9222749
9222750
9222751
9222752
9222753
9222754
9222755
9222756
9222758
9222759
9222760
9222761
9222762
9222763
9222764
9222765
9222766
9222767
9222768
9222769
9222771
9222772
9222773
9222775
9222777
9222778
9222779
9222780
9222781
9222782
9222783
9222784
9222787
9222788
9222789
9222790
9222791
9222792
9222793
9222794
9222795
9222796
9222797
9222799
9222800
9222802
9222803
9222804
9222805
9222806
9222807
9222808
9222809
9222810
9222811
9222812
9222813
9222814
9222815
9222816
9222817
9222818
9222819
9222820
9222822
9222823
9222824
9222825
9222826
9222827
9222828
9222829
9222830
9222831
9222832
9222833
9222834
9222835
9222836
9222837
9222838
9222840
9222842
9222843
9222844
9222845
9222846
9222847
9222848
9222849
9222850
9222851
9222852
9222853
9222854
9222855
9222856
9222858
9222859
9222860
9222861
9222862
9222863
9222864
9222865
9222866
9222867
9222868
9222870
9222871
9222872
9222874
9222875
9222876
9222877
9222878
9222879
9222880
9222881
9222882
9222883
9222884
9222885
9222887
9222888
9222889
9222890
9222891
9222892
9222895
9222898
9222899
9222901
9222902
9222903
9222904
9222905
9222907
9222909
9222910
9222911
9222912
9222913
9222914
9222915
9222916
9222917
9222918
9222919
9222920
9222921
9222922
9222923
9222924
9222925
9222927
9222928
9222929
9222930
9222931
9222932
9222933
9222934
9222935
9222936
9222937
9222938
9222939
9222940
9222941
9222942
9222943
9222944
9222945
9222946
9222947
9222948
9222950
9222952
9222953
9222954
9222955
9222956
9222957
9222958
9222959
9222960
9222961
9222962
9222963
9222964
9222965
9222966
9222968
9222969
9222970
9222971
9222972
9222973
9222974
9222975
9222976
9222977
9222978
9222979
9222980
9222981
9222982
9222983
9222984
9222985
9222986
9222987
9222988
9222989
9222990
9222991
9222993
9222994
9222996
9222997
9223000
9223001
9223002
9223003
9223004
9223005
9223006
9223007
9223008
9223009
9223010
9223011
9223012
9223013
9223014
9223015
9223016
9223017
9223018
9223019
9223020
9223021
9223022
9223023
9223024
9223025
9223026
9223028
9223029
9223030
9223031
9223032
9223033
9223035
9223036
9223038
9223039
9223040
9223041
9223042
9223043
9223044
9223045
9223046
9223047
9223048
9223049
9223050
9223051
9223052
9223053
9223055
9223056
9223057
9223058
9223059
9223060
9223061
9223063
9223065
9223066
9223067
9223068
9223069
9223071
9223072
9223073
9223074
9223075
9223077
9223078
9223079
9223080
9223081
9223082
9223083
9223084
9223085
9223086
9223087
9223088
9223089
9223090
9223091
9223092
9223093
9223094
9223095
9223096
9223097
9223098
9223099
9223100
9223101
9223102
9223103
9223104
9223105
9223106
9223107
9223108
9223109
9223110
9223111
9223112
9223114
9223115
9223116
9223117
9223118
9223119
9223120
9223122
9223123
9223124
9223125
9223126
9223127
9223128
9223129
9223130
9223131
9223132
9223133
9223134
9223135
9223136
9223137
9223138
9223139
9223140
9223141
9223142
9223143
9223144
9223146
9223147
9223148
9223149
9223150
9223151
9223153
9223154
9223155
9223156
9223157
9223158
9223159
9223160
9223161
9223162
9223163
9223164
9223165
9223166
9223168
9223169
9223170
9223171
9223172
9223174
9223177
9223178
9223179
9223180
9223181
9223182
9223183
9223184
9223185
9223186
9223187
9223188
9223189
9223190
9223191
9223192
9223193
9223194
9223195
9223196
9223197
9223198
9223200
9223201
9223202
9223203
9223204
9223205
9223206
9223207
9223208
9223209
9223211
9223212
9223213
9223214
9223215
9223216
9223219
9223221
9223222
9223223
9223224
9223225
9223226
9223227
9223228
9223229
9223230
9223231
9223232
9223233
9223234
9223235
9223237
9223238
9223239
9223240
9223241
9223242
9223243
9223244
9223245
9223247
9223248
9223249
9223250
9223251
9223252
9223253
9223254
9223255
9223257
9223258
9223259
9223260
9223261
9223262
9223263
9223264
9223265
9223267
9223268
9223271
9223272
9223273
9223274
9223276
9223277
9223278
9223279
9223280
9223282
9223283
9223284
9223285
9223286
9223287
9223288
9223289
9223290
9223291
9223292
9223293
9223294
9223295
9223296
9223297
9223298
9223299
9223300
9223301
9223302
9223303
9223305
9223306
9223307
9223308
9223309
9223310
9223311
9223312
9223313
9223314
9223315
9223316
9223317
9223318
9223319
9223320
9223321
9223322
9223323
9223325
9223326
9223327
9223328
9223329
9223330
9223331
9223332
9223333
9223334
9223335
9223336
9223337
9223338
9223339
9223340
9223341
9223342
9223343
9223344
9223345
9223346
9223347
9223348
9223349
9223350
9223351
9223352
9223353
9223354
9223355
9223357
9223358
9223360
9223361
9223362
9223363
9223365
9223366
9223367
9223368
9223369
9223370
9223371
9223372
9223374
9223375
9223376
9223377
9223378
9223379
9223380
9223381
9223382
9223384
9223385
9223386
9223387
9223388
9223389
9223390
9223391
9223392
9223393
9223394
9223395
9223396
9223397
9223398
9223399
9223400
9223402
9223403
9223404
9223405
9223406
9223407
9223408
9223409
9223410
9223411
9223412
9223413
9223414
9223415
9223416
9223417
9223418
9223419
9223420
9223421
9223422
9223423
9223424
9223425
9223426
9223427
9223428
9223429
9223430
9223432
9223433
9223434
9223439
9223440
9223442
9223443
9223444
9223446
9223447
9223448
9223450
9223451
9223452
9223454
9223455
9223456
9223457
9223458
9223460
9223461
9223462
9223463
9223464
9223466
9223467
9223468
9223469
9223470
9223471
9223472
9223473
9223474
9223475
9223477
9223478
9223479
9223480
9223481
9223482
9223483
9223484
9223485
9223486
9223487
9223488
9223489
9223491
9223492
9223494
9223497
9223498
9223503
9223504
9223505
9223506
9223508
9223510
9223511
9223513
9223514
9223515
9223517
9223518
9223519
9223521
9223522
9223524
9223525
9223526
9223527
9223530
9223531
9223533
9223534
9223535
9223537
9223538
9223539
9223540
9223541
9223542
9223543
9223544
9223545
9223546
9223547
9223548
9223550
9223551
9223552
9223554
9223555
9223556
9223558
9223559
9223560
9223561
9223562
9223564
9223566
9223567
9223568
9223569
9223570
9223571
9223572
9223573
9223574
9223575
9223576
9223577
9223579
9223580
9223581
9223582
9223583
9223584
9223587
9223588
9223589
9223590
9223591
9223592
9223593
9223595
9223597
9223600
9223601
9223602
9223603
9223604
9223605
9223607
9223608
9223609
9223611
9223612
9223613
9223614
9223615
9223616
9223617
9223618
9223619
9223620
9223621
9223622
9223623
9223625
9223626
9223627
9223628
9223630
9223631
9223632
9223633
9223634
9223635
9223636
9223638
9223639
9223640
9223641
9223642
9223643
9223644
9223645
9223647
9223651
9223652
9223654
9223657
9223658
9223659
9223660
9223662
9223663
9223664
9223665
9223666
9223667
9223668
9223670
9223671
9223672
9223673
9223675
9223676
9223677
9223678
9223679
9223680
9223681
9223683
9223684
9223685
9223686
9223687
9223688
9223689
9223690
9223692
9223693
9223694
9223695
9223697
9223698
9223699
9223700
9223701
9223702
9223703
9223704
9223705
9223707
9223708
9223709
9223710
9223711
9223712
9223713
9223714
9223715
9223716
9223717
9223718
9223719
9223720
9223721
9223722
9223723
9223724
9223725
9223726
9223728
9223729
9223730
9223731
9223732
9223733
9223734
9223735
9223736
9223737
9223738
9223739
9223740
9223742
9223743
9223744
9223746
9223747
9223748
9223749
9223750
9223751
9223752
9223753
9223754
9223755
9223756
9223757
9223758
9223759
9223760
9223761
9223762
9223763
9223764
9223765
9223766
9223767
9223769
9223770
9223771
9223772
9223773
9223775
9223776
9223778
9223779
9223780
9223781
9223782
9223783
9223784
9223785
9223786
9223787
9223788
9223789
9223790
9223792
9223793
9223794
9223796
9223797
9223798
9223799
9223800
9223801
9223802
9223803
9223804
9223805
9223806
9223807
9223808
9223809
9223810
9223811
9223812
9223813
9223814
9223815
9223816
9223817
9223819
9223820
9223821
9223822
9223823
9223824
9223825
9223826
9223827
9223828
9223829
9223830
9223831
9223832
9223833
9223834
9223835
9223836
9223837
9223839
9223840
9223841
9223842
9223843
9223844
9223845
9223846
9223847
9223848
9223849
9223850
9223851
9223852
9223853
9223854
9223855
9223857
9223858
9223860
9223861
9223862
9223863
9223864
9223865
9223866
9223867
9223868
9223869
9223870
9223871
9223872
9223873
9223874
9223875
9223876
9223877
9223878
9223880
9223881
9223882
9223883
9223884
9223885
9223886
9223888
9223889
9223890
9223891
9223892
9223893
9223894
9223895
9223896
9223897
9223898
9223899
9223900
9223902
9223903
9223904
9223905
9223906
9223907
9223908
9223909
9223910
9223911
9223912
9223913
9223915
9223916
9223917
9223918
9223919
9223920
9223922
9223923
9223924
9223926
9223927
9223928
9223929
9223930
9223931
9223932
9223933
9223934
9223935
9223936
9223937
9223938
9223939
9223940
9223941
9223942
9223944
9223945
9223946
9223947
9223948
9223949
9223950
9223951
9223952
9223953
9223954
9223955
9223956
9223957
9223958
9223961
9223962
9223963
9223964
9223965
9223966
9223967
9223969
9223970
9223972
9223973
9223974
9223976
9223977
9223978
9223979
9223980
9223981
9223984
9223985
9223986
9223987
9223988
9223989
9223990
9223992
9223993
9223994
9223996
9223997
9223998
9224000
9224001
9224002
9224003
9224004
9224005
9224006
9224008
9224009
9224010
9224011
9224012
9224014
9224015
9224016
9224017
9224018
9224019
9224020
9224021
9224022
9224023
9224024
9224025
9224026
9224027
9224028
9224029
9224031
9224032
9224033
9224034
9224036
9224037
9224038
9224039
9224040
9224041
9224042
9224043
9224045
9224046
9224047
9224049
9224050
9224051
9224052
9224054
9224055
9224056
9224057
9224060
9224061
9224062
9224063
9224067
9224068
9224069
9224070
9224071
9224074
9224075
9224076
9224077
9224078
9224079
9224080
9224081
9224083
9224084
9224086
9224087
9224088
9224089
9224090
9224091
9224092
9224093
9224094
9224095
9224096
9224098
9224099
9224101
9224103
9224104
9224105
9224108
9224109
9224110
9224111
9224112
9224114
9224116
9224117
9224118
9224119
9224120
9224121
9224123
9224124
9224125
9224126
9224127
9224128
9224129
9224130
9224131
9224132
9224133
9224135
9224136
9224137
9224138
9224139
9224141
9224142
9224143
9224145
9224147
9224148
9224151
9224152
9224153
9224154
9224156
9224157
9224159
9224160
9224161
9224162
9224164
9224165
9224166
9224168
9224169
9224170
9224171
9224172
9224173
9224174
9224175
9224176
9224178
9224179
9224181
9224182
9224183
9224184
9224186
9224187
9224188
9224189
9224190
9224191
9224192
9224193
9224194
9224196
9224197
9224198
9224200
9224201
9224202
9224203
9224204
9224205
9224206
9224207
9224209
9224210
9224211
9224212
9224213
9224214
9224215
9224216
9224217
9224218
9224219
9224220
9224221
9224222
9224224
9224225
9224228
9224229
9224230
9224231
9224232
9224233
9224235
9224236
9224237
9224238
9224239
9224240
9224241
9224243
9224244
9224245
9224246
9224247
9224248
9224249
9224250
9224251
9224252
9224253
9224254
9224255
9224256
9224257
9224258
9224259
9224260
9224261
9224262
9224263
9224264
9224265
9224266
9224267
9224269
9224270
9224271
9224272
9224273
9224274
9224275
9224276
9224277