10092551
10092564
10092568
10092571
10092572
10092574
10092576
10092578
10092580
10092583
10092585
10092590
10092592
10092598
10092600
10092606
10092607
10092616
10092622
10092627
10092634
10092637
10092639
10092650
10092652
10092655
10092661
10092664
10092670
10092673
10092681
10092689
10092690
10092694
10092697
10092699
10092707
10092710
10092713
10092714
10092722
10092725
10092727
10092739
10092741
10092743
10092746
10092750
10092757
10092758
10092760
10092762
10092766
10092767
10092768
10092776
10092784
10092785
10092806
10092810
10092811
10092813
10092814
10092815
10092816
10092818
10092819
10092822
10092824
10092825
10092829
10092833
10092843
10092850
10092870
10092873
10092875
10092877
10092892
10092894
10092897
10092906
10092908
10092915
10092916
10092926
10092933
10092952
10092957
10092959
10092961
10092967
10092969
10092972
10092978
10092983
10092986
10092993
10092995
10092997
10092998
10093005
10093008
10093011
10093012
10093013
10093014
10093015
10093022
10093025
10093028
10093029
10093036
10093044
10093047
10093064
10093065
10093069
10093070
10093072
10093076
10093078
10093081
10093087
10093090
10093094
10093095
10093101
10093104
10093107
10093109
10093110
10093112
10093115
10093117
10093123
10093118
10093124
10093134
10093135
10093136
10093137
10093141
10093147
10093148
10093150
10093152
10093153
10093167
10093168
10093169
10093170
10093171
10093173
10093174
10093175
10093176
10093177
10093178
10093180
10093181
10093183
10093184
10093187
10093189
10093190
10093192
10093191
10093194
10093193
10093197
10093196
10093198
10093199
10093200
10093201
10093204
10093205
10093206
10093207
10093208
10093209
10093210
10093211
10093212
10093213
10093215
10093216
10093218
10093220
10093221
10093223
10093228
10093229
10093230
10093231
10093232
10093234
10093235
10093236
10093238
10093239
10093241
10093242
10093243
10093244
10093248
10093249
10093251
10093252
10093253
10093255
10093256
10093257
10093258
10093259
10093261
10093262
10093264
10093265
10093268
10093269
10093270
10093271
10093272
10093274
10093275
10093277
10093279
10093282
10093283
10093284
10093285
10093286
10093288
10093289
10093291
10093292
10093293
10093294
10093295
10093296
10093297
10093298
10093299
10093300
10093302
10093303
10093306
10093307
10093308
10093309
10093310
10093313
10093315
10093316
10093317
10093318
10093319
10093320
10093321
10093323
10093324
10093325
10093328
10093329
10093330
10093332
10093333
10093334
10093335
10093336
10093338
10093340
10093341
10093342
10093343
10093344
10093345
10093346
10093347
10093349
10093350
10093351
10093352
10093353
10093354
10093355
10093356
10093357
10093358
10093359
10093360
10093361
10093362
10093363
10093364
10093365
10093366
10093367
10093368
10093369
10093371
10093372
10093373
10093374
10093375
10093376
10093378
10093379
10093380
10093381
10093382
10093383
10093384
10093385
10093386
10093387
10093388
10093391
10093393
10093394
10093398
10093399
10093400
10093401
10093402
10093403
10093404
10093407
10093408
10093410
10093412
10093413
10093414
10093416
10093417
10093420
10093422
10093423
10093424
10093425
10093426
10093427
10093428
10093429
10093430
10093431
10093432
10093434
10093437
10093439
10093440
10093441
10093443
10093445
10093447
10093450
10093451
10093452
10093454
10093455
10093456
10093457
10093458
10093459
10093461
10093462
10093463
10093467
10093468
10093469
10093472
10093473
10093474
10093475
10093476
10093477
10093478
10093479
10093480
10093481
10093482
10093483
10093485
10093486
10093487
10093488
10093489
10093490
10093491
10093492
10093493
10093494
10093496
10093497
10093498
10093499
10093500
10093501
10093502
10093504
10093505
10090460
10090602
10090870
10090888
10090895
10090897
10090901
10090923
10090924
10090926
10091012
10091013
10091020
10091030
10091033
10091035
10091039
10091041
10091042
10091048
10091049
10091057
10091059
10091064
10091065
10091080
10091082
10091084
10091086
10091096
10091099
10091103
10091104
10091165
10091278
10091279
10091280
10091285
10091286
10091289
10091290
10091291
10091298
10091300
10091303
10091306
10091307
10091311
10091314
10091315
10091316
10091318
10091321
10091323
10091324
10091325
10091337
10091340
10091342
10091344
10091345
10091347
10091348
10091352
10091353
10091355
10091361
10091370
10091372
10091390
10091400
10091407
10091409
10091412
10091414
10091425
10091428
10091431
10091434
10091435
10091437
10091448
10091451
10091455
10091463
10091467
10091468
10091485
10091487
10091489
10091490
10091491
10091494
10091497
10091503
10091513
10091514
10091527
10091534
10091535
10091540
10091542
10091546
10091560
10091566
10091568
10091571
10091572
10091574
10091576
10091578
10091583
10091587
10091596
10091597
10091598
10091600
10091602
10091604
10091605
10091606
10091607
10091609
10091611
10091613
10091616
10091618
10091622
10091624
10091625
10091627
10091629
10091634
10091635
10091637
10091639
10091640
10091647
10091650
10091651
10091652
10091653
10091657
10091661
10091664
10091665
10091669
10091671
10091672
10091674
10091675
10091678
10091679
10091681
10091682
10091690
10091699
10091700
10091709
10091715
10091716
10091717
10091719
10091725
10091731
10091732
10091734
10091736
10091738
10091739
10091745
10091748
10091749
10091751
10091753
10091768
10091770
10091772
10091776
10091796
10091799
10091801
10091802
10091804
10091817
10091818
10091821
10091823
10091824
10091825
10091828
10091830
10091832
10091842
10091844
10091848
10091852
10091860
10091862
10091864
10091865
10091869
10091873
10091880
10091896
10091897
10091900
10091903
10091911
10091913
10091915
10091917
10091918
10091920
10091926
10091933
10091934
10091937
10091938
10091940
10091946
10091947
10091949
10091950
10091951
10091955
10091957
10091958
10091959
10091962
10091965
10091966
10091967
10091968
10091969
10091974
10091978
10091979
10091983
10091984
10091985
10091986
10091996
10092001
10092007
10092008
10092015
10092017
10092019
10092026
10092027
10092046
10092050
10092051
10092054
10092057
10092058
10092059
10092061
10092062
10092075
10092076
10092078
10092083
10092084
10092087
10092094
10092095
10092097
10092137
10092139
10092146
10092147
10092150
10092186
10092188
10092221
10092222
10092226
10092227
10092229
10092230
10092231
10092236
10092247
10092261
10092289
10092291
10092317
10092318
10092321
10092323
10092324
10092325
10092326
10092328
10092329
10092330
10092332
10092337
10092340
10092350
10092352
10092354
10092357
10092359
10092361
10092362
10092367
10092369
10092370
10092371
10092372
10092373
10092374
10092385
10092386
10092392
10092399
10092400
10092405
10092407
10092408
10092410
10092411
10092414
10092415
10092420
10092422
10092425
10092429
10092436
10092441
10092444
10092448
10092450
10092453
10092458
10092460
10092464
10092468
10092472
10092476
10092479
10092483
10092485
10092486
10092488
10092489
10092490
10092491
10092498
10092511
10092517
10092526
10092527
10092529
10092544
10092545
10092546
10092547
10092548
10092549
10092552
10092553
10092555
10092556
10092557
10092558
10092559
10092560
10092561
10092562
10092565
10092569
10092573
10092575
10092577
10092579
10092582
10092587
10092588
10092589
10092591
10092602
10092603
10092604
10092605
10092608
10092609
10092610
10092611
10092612
10092613
10092614
10092615
10092617
10092618
10092619
10092620
10092621
10092623
10092624
10092625
10092626
10092628
10092629
10092630
10092632
10092635
10092636
10092641
10092642
10092643
10092644
10092645
10092646
10092647
10092648
10092651
10092653
10092654
10092656
10092657
10092658
10092659
10092660
10092662
10092663
10092665
10092666
10092667
10092668
10092669
10092671
10092675
10092676
10092678
10092679
10092680
10092682
10092683
10092684
10092685
10092686
10092687
10092691
10092692
10092693
10092695
10092696
10092698
10092700
10092702
10092703
10092704
10092705
10092706
10092708
10092709
10092711
10092712
10092715
10092716
10092717
10092718
10092719
10092720
10092721
10092723
10092724
10092726
10092728
10092729
10092730
10092731
10092732
10092733
10092734
10092735
10092736
10092738
10092744
10092745
10092747
10092748
10092749
10092751
10092752
10092753
10092755
10092763
10092764
10092765
10092770
10092771
10092773
10092777
10092778
10092779
10092780
10092781
10092782
10092783
10092786
10092787
10092789
10092790
10092792
10092793
10092794
10092795
10092796
10092797
10092798
10092799
10092800
10092801
10092802
10092803
10092804
10092805
10092807
10092809
10092812
10092820
10092821
10092823
10092826
10092827
10092828
10092830
10092832
10092834
10092835
10092836
10092837
10092838
10092839
10092840
10092841
10092844
10092845
10092846
10092847
10092849
10092851
10092852
10092853
10092854
10092855
10092856
10092857
10092859
10092860
10092861
10092862
10092863
10092864
10092865
10092866
10092867
10092868
10092869
10092871
10092872
10092874
10092878
10092879
10092880
10092881
10092882
10092883
10092884
10092885
10092886
10092887
10092888
10092889
10092890
10092891
10092895
10092896
10092898
10092899
10092900
10092901
10092902
10092903
10092904
10092905
10092907
10092909
10092910
10092911
10092912
10092913
10092914
10092917
10092918
10092919
10092920
10092922
10092923
10092924
10092925
10092927
10092928
10092929
10092930
10092931
10092932
10092934
10092935
10092937
10092939
10092940
10092941
10092942
10092943
10092944
10092945
10092946
10092948
10092953
10092956
10092958
10092962
10092963
10092964
10092966
10092968
10092970
10092973
10092974
10092975
10092976
10092977
10092979
10092980
10092981
10092982
10092984
10092985
10092987
10092988
10092989
10092990
10092991
10092992
10093000
10093002
10093003
10093016
10093017
10093018
10093019
10093020
10093023
10093031
10093032
10093034
10093035
10093037
10093039
10093042
10093046
10093049
10093053
10093057
10093061
10093063
10093071
10093075
10093079
10093080
10093084
10093088
10093091
10093092
10093093
10093097
10093113
10093119
10093120
10093121
10093125
10093126
10093128
10093129
10093130
10093138
10093143
10093144
10093154
10093159
10093160
10093163
10093164
10093165
10089037
10089038
10089039
10089040
10089041
10089043
10089044
10089046
10089048
10089049
10089050
10089051
10089052
10089054
10089055
10089056
10089057
10089058
10089059
10089060
10089061
10089062
10089063
10089064
10089065
10089066
10089067
10089068
10089069
10089070
10089071
10089072
10089074
10089075
10089076
10089077
10089078
10089079
10089080
10089081
10089082
10089083
10089084
10089085
10089086
10089087
10089089
10089090
10089091
10089092
10089093
10089094
10089095
10089096
10089097
10089098
10089099
10089100
10089101
10089102
10089103
10089104
10089105
10089106
10089107
10089108
10089109
10089110
10089111
10089112
10089113
10089114
10089116
10089117
10089118
10089119
10089120
10089121
10089122
10089124
10089125
10089126
10089127
10089128
10089129
10089130
10089131
10089132
10089133
10089134
10089135
10089136
10089137
10089138
10089139
10089140
10089141
10089142
10089143
10089144
10089145
10089146
10089147
10089148
10089149
10089150
10089151
10089152
10089153
10089154
10089156
10089157
10089158
10089159
10089160
10089161
10089162
10089163
10089164
10089166
10089167
10089168
10089169
10089170
10089171
10089172
10089173
10089175
10089176
10089177
10089178
10089179
10089181
10089182
10089183
10089185
10089186
10089187
10089188
10089189
10089190
10089191
10089192
10089193
10089194
10089195
10089196
10089197
10089198
10089199
10089200
10089204
10089206
10089208
10089209
10089210
10089212
10089213
10089214
10089215
10089216
10089217
10089218
10089219
10089220
10089221
10089222
10089223
10089224
10089226
10089227
10089228
10089229
10089230
10089232
10089233
10089236
10089237
10089238
10089239
10089240
10089241
10089242
10089243
10089244
10089245
10089246
10089247
10089248
10089249
10089250
10089251
10089252
10089253
10089255
10089256
10089257
10089258
10089259
10089260
10089265
10089266
10089267
10089268
10089269
10089270
10089271
10089272
10089273
10089274
10089275
10089276
10089277
10089278
10089279
10089280
10089281
10089282
10089283
10089284
10089285
10089286
10089287
10089288
10089289
10089292
10089293
10089294
10089295
10089296
10089297
10089298
10089299
10089301
10089302
10089303
10089304
10089305
10089306
10089307
10089308
10089310
10089311
10089312
10089313
10089314
10089315
10089316
10089318
10089319
10089320
10089321
10089322
10089323
10089324
10089325
10089326
10089327
10089328
10089329
10089330
10089331
10089332
10089333
10089334
10089335
10089336
10089337
10089338
10089339
10089340
10089341
10089342
10089343
10089344
10089345
10089346
10089347
10089348
10089349
10089350
10089351
10089352
10089353
10089354
10089355
10089356
10089357
10089358
10089359
10089360
10089361
10089362
10089363
10089364
10089365
10089366
10089367
10089368
10089369
10089370
10089373
10089374
10089375
10089376
10089377
10089378
10089379
10089380
10089381
10089382
10089384
10089385
10089386
10089387
10089388
10089389
10089392
10089393
10089394
10089395
10089396
10089397
10089398
10089399
10089400
10089401
10089403
10089404
10089405
10089406
10089407
10089408
10089409
10089410
10089411
10089412
10089413
10089414
10089415
10089416
10089419
10089420
10089421
10089422
10089423
10089424
10089425
10089426
10089428
10089429
10089430
10089431
10089432
10089433
10089434
10089435
10089436
10089437
10089438
10089439
10089440
10089441
10089442
10089443
10089446
10089447
10089448
10089449
10089450
10089453
10089455
10089462
10089463
10089465
10089466
10089468
10089470
10089474
10089476
10089478
10089479
10089482
10089486
10089487
10089488
10089490
10089491
10089492
10089494
10089496
10089497
10089498
10089499
10089501
10089502
10089503
10089504
10089505
10089506
10089507
10089508
10089510
10089513
10089514
10089515
10089516
10089517
10089518
10089519
10089520
10089521
10089522
10089523
10089524
10089525
10089526
10089527
10089528
10089529
10089530
10089531
10089533
10089534
10089535
10089536
10089537
10089538
10089544
10089550
10089556
10089557
10089558
10089559
10089560
10089561
10089562
10089563
10089564
10089566
10089573
10089579
10089580
10089581
10089582
10089583
10089584
10089585
10089586
10089592
10089593
10089601
10089602
10089605
10089606
10089607
10089608
10089609
10089610
10089611
10089612
10089614
10089615
10089616
10089619
10089620
10089621
10089622
10089626
10089628
10089631
10089632
10089635
10089636
10089638
10089640
10089641
10089642
10089643
10089644
10089645
10089646
10089647
10089648
10089649
10089650
10089652
10089653
10089654
10089655
10089656
10089657
10089658
10089659
10089660
10089661
10089662
10089663
10089664
10089665
10089666
10089667
10089668
10089669
10089670
10089671
10089672
10089673
10089674
10089675
10089676
10089677
10089678
10089679
10089680
10089681
10089682
10089683
10089684
10089685
10089686
10089687
10089688
10089689
10089690
10089691
10089692
10089693
10089694
10089695
10089697
10089698
10089699
10089700
10089701
10089702
10089703
10089704
10089705
10089706
10089707
10089708
10089710
10089711
10089712
10089713
10089714
10089716
10089717
10089718
10089719
10089720
10089721
10089722
10089723
10089724
10089725
10089726
10089728
10089729
10089730
10089731
10089732
10089733
10089734
10089735
10089736
10089737
10089738
10089739
10089740
10089741
10089742
10089743
10089744
10089745
10089746
10089747
10089748
10089749
10089750
10089751
10089752
10089753
10089754
10089755
10089756
10089757
10089758
10089759
10089760
10089761
10089762
10089763
10089764
10089765
10089767
10089768
10089769
10089770
10089771
10089772
10089773
10089774
10089775
10089777
10089778
10089779
10089780
10089781
10089782
10089783
10089785
10089786
10089787
10089788
10089789
10089790
10089791
10089793
10089794
10089796
10089797
10089798
10089799
10089800
10089801
10089803
10089805
10089806
10089807
10089808
10089809
10089810
10089811
10089812
10089813
10089814
10089815
10089816
10089817
10089818
10089819
10089820
10089821
10089822
10089823
10089824
10089825
10089826
10089827
10089828
10089829
10089830
10089831
10089832
10089833
10089834
10089835
10089836
10089837
10089838
10089839
10089840
10089841
10089842
10089843
10089844
10089845
10089846
10089847
10089848
10089849
10089850
10089851
10089852
10089854
10089855
10089856
10089857
10089858
10089859
10089860
10089861
10089862
10089863
10089864
10089865
10089866
10089868
10089869
10089871
10089872
10089873
10089874
10089875
10089876
10089877
10089878
10089879
10089881
10089882
10089883
10089884
10089885
10089886
10089889
10089890
10089891
10089892
10089893
10089894
10089895
10089896
10089897
10089898
10089899
10089900
10089901
10089902
10089904
10089905
10089906
10089907
10089908
10089909
10089910
10089911
10089912
10089913
10089914
10089915
10089916
10089918
10089919
10089920
10089921
10089922
10089923
10089924
10089925
10089926
10089927
10089928
10089929
10089930
10089931
10089932
10089933
10089934
10089935
10089936
10089937
10089938
10089939
10089940
10089941
10089942
10089943
10089944
10089945
10089946
10089947
10089949
10089950
10089951
10089952
10089953
10089955
10089956
10089957
10089958
10089960
10089961
10089963
10089965
10089966
10089967
10089968
10089969
10089970
10089971
10089972
10089973
10089974
10089975
10089976
10089977
10089978
10089979
10089980
10089981
10089982
10089983
10089984
10089985
10089986
10089987
10089988
10089989
10089990
10089991
10089992
10089993
10089994
10089996
10089998
10089999
10090000
10090001
10090002
10090003
10090004
10090005
10090006
10090007
10090008
10090009
10090010
10090011
10090012
10090013
10090014
10090015
10090016
10090017
10090018
10090019
10090020
10090021
10090022
10090023
10090024
10090025
10090027
10090028
10090029
10090030
10090031
10090032
10090034
10090035
10090037
10090038
10090039
10090041
10090042
10090043
10090044
10090045
10090047
10090048
10090049
10090052
10090053
10090055
10090056
10090057
10090058
10090059
10090062
10090063
10090064
10090065
10090066
10090068
10090070
10090071
10090073
10090074
10090076
10090077
10090078
10090079
10090080
10090082
10090083
10090084
10090085
10090086
10090087
10090089
10090091
10090092
10090093
10090094
10090095
10090096
10090097
10090098
10090099
10090100
10090101
10090102
10090103
10090104
10090105
10090106
10090107
10090108
10090109
10090110
10090111
10090112
10090113
10090114
10090115
10090116
10090117
10090118
10090119
10090120
10090121
10090122
10090123
10090125
10090126
10090127
10090128
10090129
10090130
10090131
10090132
10090134
10090135
10090136
10090137
10090138
10090139
10090141
10090142
10090143
10090144
10090145
10090146
10090147
10090148
10090150
10090151
10090152
10090153
10090154
10090155
10090156
10090157
10090158
10090159
10090160
10090161
10090162
10090163
10090164
10090165
10090166
10090167
10090168
10090169
10090171
10090172
10090173
10090174
10090175
10090176
10090177
10090178
10090179
10090180
10090181
10090182
10090183
10090184
10090185
10090186
10090188
10090189
10090191
10090192
10090193
10090194
10090195
10090196
10090197
10090198
10090200
10090201
10090202
10090203
10090204
10090205
10090206
10090207
10090208
10090209
10090210
10090211
10090212
10090213
10090214
10090215
10090216
10090217
10090218
10090219
10090221
10090222
10090223
10090224
10090225
10090226
10090227
10090228
10090229
10090230
10090231
10090232
10090235
10090236
10090237
10090238
10090239
10090240
10090241
10090242
10090243
10090244
10090246
10090247
10090248
10090249
10090250
10090251
10090252
10090254
10090255
10090256
10090257
10090258
10090259
10090260
10090261
10090262
10090263
10090264
10090265
10090266
10090267
10090268
10090269
10090270
10090271
10090272
10090273
10090275
10090277
10090278
10090281
10090282
10090283
10090284
10090285
10090286
10090287
10090288
10090289
10090291
10090292
10090293
10090294
10090295
10090296
10090297
10090298
10090299
10090300
10090301
10090302
10090303
10090304
10090305
10090306
10090307
10090308
10090309
10090310
10090311
10090312
10090313
10090314
10090315
10090316
10090318
10090319
10090321
10090323
10090324
10090327
10090328
10090330
10090331
10090332
10090335
10090337
10090338
10090339
10090340
10090341
10090342
10090343
10090344
10090345
10090346
10090347
10090348
10090349
10090350
10090351
10090352
10090355
10090356
10090357
10090358
10090359
10090360
10090361
10090362
10090363
10090364
10090366
10090367
10090368
10090369
10090370
10090371
10090373
10090374
10090375
10090376
10090377
10090378
10090379
10090380
10090381
10090382
10090383
10090384
10090385
10090386
10090387
10090388
10090389
10090390
10090391
10090392
10090394
10090395
10090397
10090398
10090399
10090400
10090402
10090404
10090405
10090406
10090407
10090408
10090409
10090410
10090411
10090412
10090413
10090414
10090416
10090417
10090418
10090419
10090420
10090421
10090422
10090423
10090424
10090425
10090426
10090427
10090428
10090429
10090430
10090431
10090432
10090433
10090434
10090435
10090436
10090437
10090438
10090439
10090440
10090441
10090443
10090444
10090445
10090446
10090447
10090448
10090449
10090450
10090451
10090452
10090453
10090454
10090455
10090456
10090457
10090458
10090459
10090461
10090462
10090463
10090464
10090465
10090466
10090467
10090468
10090469
10090470
10090471
10090472
10090474
10090475
10090476
10090477
10090478
10090479
10090480
10090481
10090482
10090483
10090484
10090486
10090487
10090488
10090489
10090490
10090491
10090492
10090493
10090494
10090495
10090496
10090497
10090498
10090499
10090500
10090501
10090502
10090503
10090504
10090505
10090506
10090507
10090508
10090509
10090510
10090511
10090512
10090513
10090514
10090515
10090516
10090518
10090519
10090520
10090521
10090522
10090523
10090524
10090525
10090526
10090527
10090528
10090529
10090530
10090531
10090532
10090533
10090534
10090535
10090536
10090537
10090538
10090540
10090541
10090542
10090543
10090544
10090545
10090547
10090548
10090549
10090550
10090554
10090555
10090556
10090559
10090560
10090561
10090562
10090563
10090564
10090565
10090566
10090567
10090568
10090569
10090570
10090571
10090572
10090573
10090574
10090575
10090576
10090577
10090578
10090580
10090582
10090583
10090584
10090585
10090586
10090587
10090588
10090589
10090590
10090591
10090592
10090593
10090594
10090595
10090596
10090597
10090598
10090600
10090601
10090603
10090604
10090605
10090606
10090607
10090608
10090609
10090611
10090612
10090613
10090615
10090617
10090618
10090619
10090621
10090622
10090623
10090624
10090625
10090626
10090627
10090628
10090629
10090630
10090631
10090632
10090633
10090634
10090635
10090636
10090638
10090639
10090640
10090641
10090642
10090643
10090644
10090645
10090646
10090647
10090648
10090649
10090650
10090651
10090652
10090653
10090654
10090655
10090656
10090657
10090658
10090659
10090660
10090661
10090662
10090663
10090665
10090666
10090667
10090669
10090670
10090671
10090674
10090675
10090676
10090677
10090678
10090680
10090681
10090683
10090685
10090686
10090687
10090689
10090690
10090691
10090692
10090693
10090695
10090696
10090697
10090699
10090700
10090701
10090702
10090703
10090705
10090706
10090707
10090708
10090709
10090710
10090711
10090712
10090714
10090715
10090716
10090717
10090718
10090719
10090720
10090721
10090722
10090723
10090726
10090727
10090729
10090730
10090731
10090732
10090734
10090735
10090736
10090737
10090738
10090739
10090741
10090742
10090743
10090744
10090746
10090747
10090748
10090749
10090750
10090751
10090752
10090753
10090754
10090755
10090756
10090757
10090758
10090759
10090760
10090761
10090763
10090764
10090765
10090766
10090767
10090768
10090769
10090770
10090771
10090772
10090773
10090774
10090775
10090776
10090777
10090778
10090779
10090780
10090782
10090783
10090784
10090785
10090786
10090787
10090788
10090789
10090790
10090791
10090792
10090793
10090794
10090795
10090796
10090797
10090798
10090799
10090800
10090801
10090802
10090803
10090805
10090806
10090807
10090808
10090809
10090810
10090811
10090812
10090813
10090814
10090815
10090816
10090817
10090818
10090819
10090821
10090822
10090823
10090825
10090826
10090827
10090828
10090829
10090830
10090831
10090832
10090834
10090835
10090836
10090837
10090838
10090840
10090843
10090844
10090845
10090846
10090847
10090848
10090849
10090850
10090851
10090852
10090853
10090854
10090855
10090856
10090857
10090858
10090860
10090861
10090862
10090863
10090864
10090865
10090867
10090868
10090871
10090872
10090873
10090874
10090876
10090877
10090878
10090879
10090880
10090883
10090884
10090885
10090887
10090889
10090890
10090891
10090892
10090893
10090894
10090896
10090898
10090899
10090905
10090909
10090902
10090903
10090904
10090914
10090915
10090907
10090908
10090911
10090919
10090912
10090913
10090916
10090917
10090918
10090920
10090921
10090928
10090929
10090930
10090931
10090932
10090933
10090925
10090935
10090927
10090937
10090934
10090943
10090936
10090938
10090940
10090941
10090942
10090950
10090944
10090952
10090946
10090948
10090949
10090951
10090953
10090955
10090956
10090958
10090959
10090963
10090960
10090961
10090966
10090962
10090964
10090965
10090970
10090971
10090973
10090974
10090975
10090967
10090969
10090979
10090980
10090976
10090978
10090986
10090987
10090981
10090983
10090985
10090988
10090996
10090990
10090992
10090999
10091000
10090994
10091003
10090995
10090997
10090998
10091001
10091004
10091005
10091006
10091008
10091014
10091015
10091017
10091009
10091011
10091021
10091022
10091016
10091018
10091025
10091026
10091027
10091028
10091029
10091036
10091037
10091038
10091040
10091043
10091044
10091045
10091046
10091047
10091050
10091052
10091053
10091060
10091054
10091062
10091063
10091055
10091056
10091066
10091058
10091061
10091071
10091072
10091073
10091074
10091067
10091068
10091069
10091078
10091070
10091081
10091075
10091077
10091079
10091087
10091088
10091089
10091090
10091091
10091092
10091093
10091094
10091097
10091098
10091100
10091101
10091106
10091112
10091105
10091107
10091108
10091109
10091118
10091111
10091120
10091113
10091114
10091116
10091117
10091119
10091121
10091122
10091123
10091125
10091124
10091126
10091127
10091129
10091130
10091132
10091135
10091136
10091137
10091139
10091138
10091140
10091141
10091142
10091143
10091145
10091144
10091146
10091147
10091149
10091151
10091152
10091154
10091153
10091157
10091156
10091159
10091155
10091161
10091160
10091162
10091164
10091163
10091166
10091168
10091170
10091172
10091173
10091167
10091169
10091171
10091175
10091176
10091179
10091180
10091177
10091181
10091182
10091184
10091185
10091186
10091187
10091188
10091189
10091190
10091192
10091194
10091195
10091196
10091197
10091198
10091199
10091203
10091200
10091201
10091202
10091207
10091205
10091204
10091208
10091209
10091210
10091212
10091213
10091215
10091214
10091216
10091217
10091218
10091219
10091222
10091223
10091224
10091225
10091227
10091229
10091230
10091231
10091232
10091234
10091233
10091235
10091237
10091238
10091239
10091240
10091242
10091244
10091245
10091246
10091247
10091249
10091250
10091251
10091252
10091253
10091254
10091255
10091261
10091256
10091263
10091264
10091257
10091258
10091260
10091262
10091266
10091267
10091268
10091270
10091271
10091273
10091274
10091275
10091281
10091282
10091284
10091276
10091277
10091287
10091288
10091292
10091293
10091294
10091295
10091296
10091297
10091299
10091301
10091302
10091304
10091305
10091308
10091310
10091312
10091313
10091317
10091322
10091327
10091320
10091331
10091332
10091334
10091328
10091329
10091333
10091339
10091341
10091336
10091346
10091349
10091350
10091351
10091354
10091356
10091357
10091358
10091359
10091360
10091362
10091363
10091364
10091365
10091366
10091367
10091368
10091369
10091371
10091373
10091374
10091375
10091376
10091377
10091378
10091379
10091380
10091382
10091383
10091384
10091385
10091386
10091387
10091388
10091393
10091394
10091395
10091396
10091397
10091398
10091399
10091401
10091402
10091404
10091405
10091406
10091410
10091411
10091416
10091418
10091419
10091420
10091421
10091422
10091423
10091424
10091426
10091432
10091436
10091438
10091439
10091440
10091441
10091442
10091443
10091444
10091445
10091446
10091447
10091449
10091450
10091452
10091453
10091454
10091456
10091457
10091458
10091459
10091460
10091461
10091462
10091464
10091465
10091466
10091469
10091470
10091472
10091473
10091474
10091475
10091477
10091478
10091479
10091480
10091481
10091482
10091483
10091484
10091486
10091488
10091492
10091493
10091495
10091496
10091499
10091500
10091501
10091502
10091505
10091506
10091507
10091508
10091509
10091510
10091511
10091516
10091517
10091518
10091519
10091520
10091521
10091522
10091523
10091524
10091525
10091526
10091528
10091529
10091531
10091532
10091536
10091537
10091538
10091539
10091543
10091544
10091545
10091549
10091550
10091551
10091552
10091553
10091554
10091555
10091557
10091558
10091559
10091561
10091562
10091563
10091564
10091567
10091569
10091570
10091573
10091575
10091577
10091579
10091580
10091581
10091582
10091584
10091585
10091586
10091588
10091589
10091590
10091591
10091592
10091593
10091594
10091595
10091608
10091610
10091612
10091614
10091615
10091617
10091619
10091620
10091621
10091623
10091626
10091628
10091630
10091631
10091636
10091641
10091642
10091643
10091644
10091645
10091648
10091654
10091655
10091656
10091658
10091659
10091662
10091663
10091666
10091667
10091668
10091676
10091677
10091680
10091683
10091684
10091685
10091686
10091687
10091688
10091689
10091691
10091692
10091693
10091694
10091695
10091696
10091697
10091701
10091702
10091703
10091704
10091705
10091706
10091707
10091710
10091711
10091712
10091713
10091714
10091718
10091720
10091721
10091722
10091723
10091724
10091726
10091727
10091728
10091729
10091730
10091735
10091737
10091740
10091741
10091742
10091743
10091744
10091746
10091747
10091750
10091752
10091754
10091756
10091755
10091757
10091758
10091760
10091769
10091762
10091764
10091766
10091767
10091781
10091774
10091775
10091778
10091780
10091784
10091786
10091795
10091787
10091789
10091791
10091792
10091793
10091794
10091803
10091806
10091807
10091808
10091809
10091810
10091811
10091812
10091813
10091814
10091815
10091816
10091819
10091822
10091827
10091829
10091831
10091837
10091833
10091835
10091839
10091840
10091850
10091843
10091853
10091845
10091846
10091849
10091857
10091858
10091859
10091861
10091863
10091871
10091872
10091867
10091868
10091870
10091881
10091874
10091875
10091885
10091878
10091879
10091882
10091883
10091884
10091888
10091889
10091891
10091904
10091905
10091906
10091898
10091899
10091909
10091912
10091914
10091916
10091919
10091921
10091924
10091927
10091928
10091929
10091930
10091932
10091935
10091939
10091941
10091942
10091943
10091944
10091945
10091952
10091953
10091954
10091960
10091963
10091971
10091972
10091973
10091975
10091977
10091970
10091980
10091982
10091981
10091992
10091994
10091988
10091990
10091989
10091991
10092000
10091993
10092002
10092003
10091999
10092009
10092010
10092011
10092012
10092013
10092014
10092018
10092020
10092022
10092023
10092024
10092025
10092028
10092029
10092030
10092031
10092032
10092034
10092036
10092037
10092038
10092039
10092040
10092041
10092042
10092043
10092045
10092047
10092049
10092052
10092055
10092060
10092063
10092064
10092065
10092066
10092067
10092070
10092071
10092072
10092077
10092079
10092080
10092082
10092085
10092086
10092088
10092089
10092090
10092091
10092092
10092096
10092098
10092099
10092100
10092101
10092102
10092103
10092104
10092105
10092106
10092107
10092109
10092110
10092112
10092113
10092114
10092115
10092116
10092117
10092118
10092119
10092120
10092121
10092122
10092123
10092124
10092125
10092126
10092127
10092128
10092130
10092131
10092133
10092134
10092135
10092136
10092138
10092140
10092141
10092142
10092143
10092145
10092148
10092149
10092151
10092152
10092153
10092154
10092155
10092156
10092157
10092158
10092159
10092160
10092161
10092162
10092163
10092164
10092165
10092166
10092167
10092168
10092170
10092172
10092173
10092174
10092175
10092176
10092177
10092178
10092179
10092181
10092183
10092185
10092187
10092189
10092190
10092191
10092192
10092193
10092194
10092195
10092196
10092197
10092198
10092199
10092200
10092201
10092202
10092203
10092205
10092206
10092207
10092209
10092210
10092211
10092212
10092213
10092215
10092216
10092217
10092219
10092223
10092224
10092225
10092228
10092234
10092235
10092237
10092238
10092239
10092241
10092242
10092243
10092244
10092246
10092248
10092249
10092251
10092252
10092253
10092254
10092255
10092256
10092257
10092258
10092259
10092260
10092262
10092263
10092264
10092266
10092267
10092268
10092269
10092270
10092271
10092273
10092274
10092275
10092276
10092277
10092278
10092279
10092280
10092281
10092282
10092283
10092284
10092285
10092286
10092290
10092292
10092293
10092294
10092295
10092296
10092297
10092299
10092300
10092302
10092304
10092305
10092306
10092307
10092308
10092309
10092310
10092311
10092312
10092313
10092315
10092331
10092333
10092334
10092335
10092339
10092342
10092343
10092344
10092345
10092346
10092349
10092351
10092355
10092356
10092358
10092360
10092363
10092364
10092376
10092377
10092378
10092379
10092380
10092381
10092383
10092375
10092387
10092388
10092389
10092390
10092391
10092393
10092394
10092396
10092397
10092398
10092401
10092402
10092404
10092406
10092409
10092412
10092416
10092417
10092421
10092423
10092424
10092426
10092427
10092428
10092430
10092431
10092432
10092434
10092437
10092438
10092439
10092442
10092443
10092445
10092446
10092447
10092449
10092451
10092452
10092454
10092455
10092457
10092459
10092461
10092462
10092463
10092465
10092466
10092467
10092469
10092470
10092471
10092473
10092474
10092475
10092477
10092478
10092480
10092481
10092482
10092484
10092492
10092493
10092494
10092495
10092496
10092499
10092500
10092501
10092502
10092503
10092504
10092505
10092506
10092507
10092508
10092509
10092510
10092513
10092514
10092515
10092518
10092519
10092520
10092521
10092522
10092523
10092524
10092530
10092531
10092532
10092533
10092534
10092535
10092536
10092537
10092538
10092539
10092540
10092541
10092542
10092543