9569339
9569340
9569341
9569342
9569343
9569344
9569345
9569347
9569348
9569349
9569350
9569351
9569352
9569353
9569354
9569356
9569357
9569358
9569359
9569360
9569362
9569363
9569364
9569366
9569368
9569369
9569370
9569371
9569372
9569374
9569375
9569376
9569377
9569378
9569379
9569380
9569382
9569383
9569384
9569385
9569386
9569387
9569388
9569389
9569390
9569391
9569392
9569393
9569394
9569395
9569396
9569397
9569398
9569399
9569400
9569401
9569402
9569403
9569404
9569405
9569406
9569407
9569409
9569410
9569411
9569412
9569413
9569414
9569416
9569417
9569418
9569419
9569420
9569422
9569423
9569424
9569425
9569426
9569427
9569428
9569429
9569430
9569431
9569432
9569433
9569435
9569436
9569438
9569439
9569440
9569441
9569442
9569447
9569448
9569449
9569450
9569451
9569452
9569453
9569454
9569455
9569456
9569457
9569458
9569459
9569460
9569461
9569462
9569463
9569464
9569465
9569466
9569467
9569468
9569469
9569470
9569471
9569472
9569473
9569474
9569475
9569476
9569477
9569478
9569479
9569480
9569482
9569483
9569484
9569485
9569486
9569488
9569489
9569490
9569491
9569492
9569494
9569495
9569496
9569497
9569498
9569499
9569500
9569501
9569502
9569503
9569504
9569505
9569506
9569507
9569508
9569509
9569510
9569511
9569513
9569514
9569515
9569516
9569517
9569518
9569519
9569520
9569521
9569522
9569523
9569524
9569525
9569526
9569527
9569528
9569529
9569530
9569531
9569532
9569533
9569534
9569535
9569536
9569537
9569538
9569539
9569541
9569542
9569543
9569545
9569546
9569547
9569548
9569549
9569550
9569551
9569552
9569553
9569555
9569556
9569557
9569558
9569559
9569560
9569561
9569562
9569563
9569564
9569565
9569566
9569567
9569568
9569569
9569570
9569572
9569573
9569574
9569575
9569576
9569577
9569578
9569579
9569580
9569581
9569583
9569584
9569585
9569586
9569588
9569589
9569590
9569591
9569592
9569593
9569594
9569595
9569596
9569597
9569598
9569599
9569600
9569602
9569603
9569604
9569605
9569606
9569607
9569609
9569610
9569611
9569612
9569613
9569614
9569615
9569616
9569617
9569618
9569619
9569621
9569623
9569624
9569625
9569627
9569628
9569629
9569630
9569631
9569632
9569633
9569634
9569636
9569637
9569638
9569639
9569640
9569641
9569642
9569643
9569644
9569645
9569646
9569647
9569648
9569650
9569651
9569652
9569653
9569654
9569655
9569656
9569657
9569659
9569660
9569661
9569662
9569663
9569664
9569665
9569666
9569667
9569668
9569669
9569670
9569671
9569672
9569673
9569674
9569675
9569676
9569678
9569680
9569681
9569682
9569683
9569684
9569685
9569687
9569688
9569691
9569692
9569693
9569694
9569695
9569697
9569699
9569700
9569701
9569702
9569703
9569704
9569705
9569706
9569707
9569708
9569709
9569710
9569711
9569712
9569713
9569714
9569715
9569716
9569717
9569718
9569719
9569720
9569721
9569722
9569723
9569724
9569725
9569726
9569727
9569729
9569730
9569732
9569733
9569735
9569736
9569737
9569738
9569739
9569740
9569741
9569743
9569744
9569745
9569747
9569748
9569750
9569752
9569753
9569755
9569756
9569757
9569759
9569760
9569761
9569763
9569764
9569765
9569766
9569768
9569770
9569775
9569776
9569777
9569779
9569780
9569781
9569782
9569783
9569784
9569785
9569786
9569788
9569789
9569790
9569791
9569792
9569793
9569794
9569795
9569796
9569797
9569798
9569799
9569800
9569801
9569802
9569803
9569804
9569805
9569806
9569807
9569808
9569809
9569811
9569812
9569813
9569814
9569815
9569817
9569818
9569819
9569820
9569821
9569822
9569823
9569824
9569825
9569826
9569827
9569828
9569829
9569830
9569831
9569832
9569833
9569834
9569835
9569836
9569837
9569838
9569839
9569840
9569841
9569842
9569843
9569844
9569846
9569847
9569848
9569849
9569850
9569851
9569852
9569853
9569854
9569855
9569856
9569857
9569858
9569860
9569861
9569862
9569863
9569864
9569865
9569866
9569867
9569868
9569869
9569870
9569871
9569872
9569873
9569874
9569875
9569877
9569878
9569879
9569880
9569881
9569882
9569883
9569884
9569886
9569887
9569889
9569890
9569891
9569892
9569893
9569894
9569895
9569896
9569897
9569898
9569899
9569900
9569901
9569902
9569903
9569904
9569905
9569906
9569907
9569908
9569909
9569910
9569911
9569912
9569913
9569914
9569915
9569916
9569917
9569918
9569919
9569920
9569921
9569922
9569923
9569924
9569925
9569926
9569927
9569928
9569929
9569931
9569932
9569933
9569934
9569935
9569936
9569937
9569938
9569939
9569940
9569941
9569942
9569943
9569944
9569945
9569946
9569947
9569948
9569949
9569950
9569951
9569952
9569953
9569954
9569955
9569956
9569957
9569958
9569960
9569961
9569963
9569964
9569965
9569966
9569967
9569968
9569969
9569970
9569971
9569972
9569973
9569974
9569975
9569976
9569977
9569978
9569979
9569980
9569981
9569983
9569984
9569985
9569986
9569987
9569988
9569989
9569990
9569991
9569992
9569995
9569996
9569997
9569998
9569999
9570000
9570001
9570002
9570004
9570006
9570008
9570009
9570011
9570012
9570013
9570014
9570015
9570017
9570018
9570019
9570020
9570021
9570022
9570023
9570024
9570025
9570026
9570027
9570028
9570029
9570030
9570031
9570032
9570033
9570034
9570035
9570036
9570037
9570038
9570039
9570040
9570041
9570042
9570043
9570044
9570046
9570047
9570048
9570049
9570050
9570051
9570052
9570054
9570055
9570056
9570057
9570058
9570059
9570060
9570062
9570063
9570064
9570065
9570066
9570067
9570068
9570069
9570070
9570071
9570072
9570073
9570074
9570076
9570077
9570078
9570079
9570080
9570083
9570084
9570085
9570086
9570087
9570088
9570089
9570090
9570091
9570092
9570093
9570094
9570095
9570096
9570097
9570099
9570100
9570101
9570102
9570103
9570104
9570106
9570107
9570108
9570109
9570110
9570111
9570112
9570113
9570114
9570115
9570116
9570117
9570118
9570119
9570120
9570123
9570124
9570125
9570126
9570127
9570128
9570129
9570131
9570132
9570133
9570134
9570135
9570136
9570138
9570139
9570140
9570141
9570142
9570143
9570144
9570145
9570146
9570147
9570148
9570149
9570150
9570151
9570152
9570153
9570154
9570155
9570156
9570157
9570158
9570159
9570160
9570161
9570162
9570163
9570164
9570165
9570166
9570167
9570168
9570169
9570170
9570171
9570173
9570174
9570175
9570176
9570177
9570178
9570181
9570183
9570184
9570185
9570186
9570187
9570188
9570189
9570190
9570191
9570192
9570193
9570194
9570195
9570196
9570197
9570198
9570199
9570200
9570201
9570202
9570203
9570204
9570205
9570206
9570207
9570208
9570209
9570210
9570211
9570212
9570213
9570214
9570215
9570216
9570218
9570219
9570220
9570221
9570222
9570223
9570224
9570225
9570227
9570228
9570229
9570230
9570231
9570232
9570233
9570234
9570235
9570236
9570237
9570238
9570239
9570241
9570242
9570245
9570247
9570248
9570249
9570250
9570251
9570252
9570253
9570254
9570255
9570256
9570257
9570260
9570261
9570262
9570263
9570264
9570265
9570266
9570267
9570268
9570269
9570270
9570271
9570272
9570273
9570274
9570275
9570276
9570277
9570279
9570281
9570282
9570283
9570284
9570285
9570286
9570287
9570288
9570289
9570290
9570291
9570292
9570293
9570294
9570295
9570296
9570297
9570298
9570299
9570300
9570301
9570302
9570303
9570304
9570305
9570306
9570307
9570308
9570309
9570310
9570311
9570312
9570313
9570314
9570315
9570316
9570319
9570320
9570321
9570322
9570323
9570324
9570325
9570326
9570327
9570329
9570330
9570332
9570334
9570337
9570339
9570340
9570341
9570342
9570343
9570344
9570345
9570347
9570348
9570349
9570350
9570351
9570352
9570353
9570354
9570355
9570357
9570358
9570359
9570360
9570361
9570362
9570363
9570364
9570366
9570367
9570368
9570369
9570370
9570371
9570372
9570373
9570374
9570375
9570376
9570377
9570378
9570379
9570380
9570381
9570382
9570383
9570384
9570385
9570386
9570387
9570388
9570389
9570390
9570391
9570392
9570393
9570394
9570395
9570396
9570397
9570398
9570399
9570400
9570401
9570402
9570403
9570404
9570405
9570406
9570407
9570410
9570411
9570412
9570413
9570414
9570415
9570417
9570418
9570419
9570421
9570422
9570423
9570424
9570425
9570426
9570427
9570428
9570429
9570430
9570431
9570432
9570433
9570434
9570435
9570437
9570438
9570441
9570442
9570443
9570444
9570445
9570446
9570447
9570449
9570450
9570451
9570452
9570453
9570454
9570455
9570456
9570457
9570458
9570459
9570460
9570461
9570462
9570463
9570464
9570465
9570466
9570467
9570468
9570469
9570470
9570472
9570473
9570474
9570475
9570476
9570478
9570479
9570480
9570481
9570482
9570483
9570484
9570485
9570486
9570487
9570488
9570489
9570490
9570491
9570493
9570495
9570496
9570497
9570498
9570499
9570501
9570502
9570503
9570504
9570505
9570506
9570507
9570509
9570510
9570511
9570512
9570513
9570514
9570515
9570516
9570517
9570518
9570519
9570520
9570521
9570522
9570523
9570524
9570526
9570528
9570529
9570530
9570531
9570532
9570533
9570534
9570535
9570536
9570537
9570540
9570541
9570544
9570545
9570546
9570547
9570548
9570549
9570550
9570551
9570552
9570553
9570554
9570555
9570556
9570557
9570558
9570559
9570560
9570561
9570562
9570563
9570564
9570565
9570566
9570567
9570568
9570569
9570570
9570571
9570572
9570573
9570574
9570575
9570576
9570577
9570578
9570579
9570580
9570581
9570582
9570583
9570584
9570585
9570586
9570587
9570588
9570589
9570590
9570591
9570592
9570593
9570594
9570595
9570596
9570597
9570598
9570599
9570600
9570601
9570602
9570603
9570604
9570605
9570606
9570607
9570608
9570609
9570610
9570611
9570612
9570613
9570614
9570615
9570616
9570617
9570618
9570619
9570620
9570621
9570622
9570623
9570625
9570626
9570627
9570628
9570629
9570630
9570631
9570632
9570633
9570634
9570635
9570636
9570637
9570638
9570639
9570640
9570641
9570642
9570643
9570644
9570645
9570646
9570647
9570648
9570649
9570650
9570651
9570652
9570653
9570654
9570655
9570656
9570657
9570659
9570660
9570661
9570662
9570663
9570664
9570665
9570666
9570667
9570668
9570669
9570670
9570671
9570672
9570673
9570674
9570675
9570676
9570677
9570678
9570679
9570680
9570681
9570682
9570683
9570684
9570685
9570686
9570687
9570688
9570689
9570690
9570691
9570692
9570693
9570694
9570695
9570696
9570697
9570698
9570699
9570700
9570702
9570703
9570704
9570705
9570706
9570707
9570708
9570709
9570710
9570711
9570712
9570713
9570714
9570715
9570717
9570718
9570719
9570720
9570721
9570722
9570723
9570724
9570725
9570726
9570727
9570728
9570729
9570730
9570731
9570732
9570733
9570734
9570735
9570736
9570737
9570738
9570739
9570740
9570741
9570742
9570743
9570744
9570745
9570746
9570747
9570748
9570749
9570750
9570751
9570752
9570753
9570754
9570755
9570756
9570757
9570758
9570759
9570760
9570761
9570762
9570763
9570764
9570766
9570767
9570768
9570770
9570771
9570772
9570773
9570774
9570775
9570776
9570777
9570778
9570779
9570780
9570782
9570783
9570784
9570785
9570786
9570787
9570788
9570790
9570791
9570792
9570793
9570795
9570796
9570797
9570798
9570799
9570800
9570801
9570802
9570803
9570805
9570806
9570807
9570808
9570809
9570810
9570811
9570812
9570813
9570815
9570816
9570817
9570818
9570819
9570821
9570822
9570823
9570824
9570825
9570826
9570827
9570828
9570829
9570830
9570831
9570832
9570833
9570834
9570835
9570837
9570838
9570839
9570840
9570841
9570842
9570843
9570845
9570846
9570847
9570848
9570849
9570850
9570851
9570852
9570853
9570855
9570856
9570857
9570858
9570859
9570860
9570861
9570862
9570863
9570864
9570865
9570866
9570867
9570868
9570869
9570870
9570871
9570872
9570873
9570874
9570875
9570877
9570878
9570882
9570883
9570885
9570897
9570900
9570901
9570903
9570904
9570906
9570907
9570908
9570918
9570923
9570938
9570944
9570955
9570956
9570957
9570958
9570959
9570960
9570966
9570968
9570988
9570997
9571000
9571010
9571055
9571056
9571058
9571064
9571076
9571086
9571087
9571088
9571099
9571103
9571107
9571108
9571110
9571111
9571112
9571117
9571118
9571126
9571127
9571130
9571131
9571133
9571136
9571138
9571142
9571144
9571148
9571153
9571160
9571163
9571165
9571167
9571177
9571180
9571187
9571181
9571182
9571191
9571184
9571195
9571196
9571197
9571199
9571210
9571203
9571204
9571214
9571208
9571209
9571215
9571217
9571220
9571223
9571241
9571243
9571244
9571245
9571253
9571263
9571269
9571275
9571281
9571283
9571285
9571290
9571303
9571311
9571314
9571315
9571317
9571321
9571327
9571328
9571330
9571331
9571334
9571335
9571336
9571339
9571344
9571348
9571350
9571351
9571353
9571356
9571358
9571359
9571362
9571363
9571365
9571367
9571373
9571376
9571381
9571384
9571388
9571398
9571409
9571412
9571422
9571426
9571433
9571442
9571443
9571445
9571449
9571452
9571455
9571466
9571462
9571463
9571467
9571468
9571469
9571476
9571477
9571489
9571495
9571499
9571502
9571504
9571505
9571507
9571509
9571515
9571519
9571522
9571524
9571534
9571532
9571533
9571535
9571561
9571568
9571569
9571570
9571572
9571575
9571576
9571581
9571591
9571585
9571586
9571596
9571592
9571593
9571601
9571615
9571624
9571628
9571630
9571632
9571637
9571638
9571649
9571646
9571648
9571658
9571660
9571662
9571664
9571667
9571668
9571670
9571675
9571676
9571697
9571705
9571706
9571710
9571714
9571715
9571718
9571722
9571723
9571724
9571725
9571726
9571727
9571730
9571735
9571736
9571739
9571740
9571742
9571744
9571746
9571747
9571751
9571752
9571753
9571755
9571756
9571758
9571761
9571764
9571766
9571767
9571770
9571771
9571774
9571776
9571779
9571781
9571788
9571792
9571793
9571794
9571795
9571808
9571801
9571803
9571812
9571816
9571819
9571824
9571827
9571828
9571834
9571835
9571837
9571838
9571844
9571850
9571852
9571858
9571860
9571862
9571865
9571867
9571871
9571876
9571880
9571882
9571889
9571891
9571901
9571907
9571915
9571918
9571919
9571949
9571952
9571954
9571956
9571963
9571964
9571965
9571969
9571971
9571983
9572032
9572034
9572058
9572068
9572072
9572079
9572206
9572219
9572220
9572224
9572227
9572229
9572230
9572235
9572259
9572260
9572264
9572268
9572271
9572274
9572277
9572278
9572279
9572300
9572304
9572309
9572318
9572323
9572324
9572328
9572344
9572345
9572347
9572348
9572350
9572352
9572353
9572354
9572358
9572371
9572393
9572394
9572432
9572433
9572434
9572439
9572443
9572445
9572454
9572455
9572456
9572457
9572458
9572459
9572460
9572465
9572466
9572468
9572537
9572539
9572540
9572543
9572544
9572545
9572547
9572557
9572561
9572564
9572592
9572597
9572609
9572623
9572627
9572637
9572649
9572663
9572660
9572664
9572667
9572676
9572677
9572696
9572700
9572702
9572712
9572710
9572713
9572715
9572716
9572720
9570876
9570879
9570880
9570881
9570884
9570886
9570887
9570888
9570889
9570890
9570891
9570892
9570893
9570894
9570895
9570896
9570898
9570899
9570909
9570910
9570911
9570912
9570913
9570914
9570915
9570916
9570917
9570919
9570920
9570921
9570922
9570924
9570925
9570926
9570927
9570928
9570929
9570930
9570931
9570932
9570933
9570934
9570935
9570936
9570937
9570939
9570941
9570942
9570943
9570945
9570946
9570947
9570948
9570949
9570950
9570951
9570952
9570953
9570954
9570961
9570962
9570963
9570964
9570965
9570967
9570969
9570970
9570971
9570972
9570973
9570975
9570976
9570977
9570979
9570980
9570981
9570983
9570984
9570985
9570986
9570987
9570989
9570990
9570991
9570992
9570993
9570994
9570995
9570996
9570998
9570999
9571001
9571002
9571003
9571004
9571005
9571006
9571007
9571008
9571009
9571011
9571012
9571013
9571014
9571015
9571016
9571017
9571018
9571019
9571020
9571021
9571023
9571024
9571025
9571026
9571027
9571028
9571029
9571030
9571031
9571032
9571033
9571034
9571035
9571036
9571037
9571038
9571039
9571041
9571042
9571043
9571044
9571045
9571046
9571047
9571048
9571049
9571050
9571052
9571053
9571054
9571057
9571059
9571060
9571061
9571062
9571063
9571065
9571066
9571067
9571068
9571069
9571070
9571071
9571072
9571073
9571074
9571075
9571077
9571078
9571079
9571080
9571081
9571082
9571084
9571085
9571089
9571091
9571092
9571094
9571095
9571096
9571097
9571098
9571100
9571101
9571102
9571104
9571105
9571106
9571109
9571113
9571114
9571119
9571120
9571122
9571123
9571124
9571128
9571132
9571134
9571135
9571137
9571139
9571140
9571141
9571143
9571145
9571147
9571149
9571150
9571151
9571152
9571154
9571155
9571156
9571157
9571158
9571159
9571161
9571162
9571164
9571166
9571168
9571169
9571170
9571171
9571172
9571173
9571174
9571175
9571176
9571178
9571179
9571183
9571185
9571186
9571188
9571189
9571190
9571192
9571194
9571200
9571201
9571205
9571206
9571207
9571211
9571212
9571213
9571216
9571218
9571219
9571221
9571222
9571224
9571225
9571226
9571228
9571229
9571230
9571231
9571232
9571233
9571234
9571235
9571236
9571237
9571238
9571239
9571242
9571246
9571247
9571248
9571249
9571250
9571251
9571252
9571254
9571255
9571257
9571259
9571260
9571261
9571262
9571264
9571265
9571266
9571267
9571268
9571270
9571271
9571272
9571273
9571274
9571276
9571277
9571278
9571279
9571280
9571282
9571286
9571287
9571288
9571289
9571291
9571293
9571294
9571295
9571296
9571297
9571298
9571299
9571300
9571301
9571302
9571304
9571305
9571306
9571307
9571308
9571310
9571312
9571313
9571316
9571318
9571319
9571322
9571324
9571325
9571332
9571333
9571337
9571340
9571341
9571342
9571343
9571345
9571346
9571347
9571349
9571352
9571354
9571355
9571360
9571361
9571364
9571366
9571368
9571369
9571370
9571371
9571372
9571374
9571375
9571377
9571378
9571379
9571382
9571383
9571385
9571386
9571387
9571389
9571390
9571391
9571392
9571393
9571394
9571395
9571396
9571397
9571399
9571400
9571401
9571402
9571403
9571404
9571405
9571406
9571407
9571408
9571410
9571411
9571413
9571414
9571415
9571416
9571417
9571418
9571419
9571420
9571421
9571423
9571427
9571428
9571429
9571430
9571431
9571432
9571434
9571435
9571436
9571437
9571438
9571439
9571440
9571441
9571446
9571447
9571448
9571450
9571451
9571453
9571454
9571456
9571457
9571458
9571459
9571460
9571461
9571464
9571465
9571470
9571471
9571472
9571473
9571474
9571475
9571478
9571479
9571480
9571481
9571482
9571483
9571484
9571485
9571486
9571488
9571490
9571491
9571492
9571493
9571494
9571496
9571497
9571498
9571500
9571501
9571503
9571506
9571508
9571510
9571511
9571512
9571514
9571516
9571517
9571518
9571520
9571521
9571523
9571525
9571526
9571527
9571528
9571529
9571531
9571536
9571537
9571538
9571539
9571540
9571541
9571542
9571543
9571544
9571546
9571547
9571548
9571549
9571550
9571551
9571552
9571553
9571555
9571556
9571557
9571558
9571559
9571560
9571563
9571564
9571565
9571571
9571573
9571574
9571578
9571582
9571583
9571584
9571588
9571589
9571590
9571597
9571599
9571602
9571603
9571604
9571606
9571607
9571608
9571609
9571610
9571611
9571613
9571616
9571617
9571619
9571620
9571621
9571622
9571625
9571627
9571629
9571633
9571634
9571635
9571636
9571639
9571640
9571641
9571642
9571643
9571644
9571645
9571647
9571650
9571651
9571653
9571654
9571655
9571657
9571659
9571663
9571665
9571671
9571672
9571678
9571679
9571680
9571681
9571682
9571683
9571684
9571685
9571686
9571687
9571688
9571689
9571691
9571692
9571693
9571694
9571695
9571696
9571698
9571699
9571700
9571701
9571702
9571703
9571704
9571707
9571711
9571712
9571713
9571716
9571717
9571728
9571729
9571731
9571732
9571734
9571737
9571738
9571741
9571743
9571745
9571748
9571754
9571760
9571768
9571773
9571775
9571778
9571783
9571784
9571785
9571787
9571789
9571790
9571796
9571798
9571799
9571800
9571802
9571804
9571805
9571806
9571807
9571810
9571811
9571813
9571814
9571818
9571820
9571821
9571825
9571829
9571830
9571831
9571832
9571833
9571836
9571839
9571840
9571841
9571842
9571843
9571845
9571846
9571847
9571848
9571849
9571851
9571853
9571854
9571855
9571856
9571857
9571859
9571861
9571863
9571864
9571866
9571868
9571869
9571870
9571872
9571873
9571874
9571875
9571877
9571878
9571879
9571884
9571885
9571886
9571887
9571888
9571890
9571893
9571894
9571895
9571897
9571898
9571899
9571900
9571902
9571903
9571904
9571905
9571908
9571909
9571910
9571911
9571913
9571914
9571916
9571917
9571921
9571922
9571924
9571925
9571926
9571927
9571928
9571929
9571930
9571931
9571932
9571933
9571934
9571935
9571936
9571937
9571938
9571939
9571940
9571941
9571942
9571943
9571944
9571945
9571946
9571948
9571950
9571951
9571955
9571957
9571958
9571959
9571960
9571961
9571966
9571967
9571968
9571970
9571972
9571973
9571974
9571975
9571976
9571977
9571979
9571980
9571981
9571982
9571984
9571986
9571987
9571988
9571989
9571990
9571991
9571992
9571993
9571994
9571995
9571996
9571997
9571999
9572000
9572001
9572002
9572003
9572004
9572005
9572008
9572009
9572010
9572012
9572013
9572014
9572015
9572016
9572017
9572018
9572019
9572021
9572022
9572023
9572024
9572025
9572026
9572027
9572028
9572029
9572030
9572033
9572036
9572037
9572038
9572039
9572041
9572042
9572043
9572044
9572045
9572046
9572047
9572050
9572051
9572052
9572053
9572054
9572055
9572056
9572059
9572060
9572061
9572062
9572064
9572065
9572066
9572067
9572069
9572073
9572075
9572076
9572077
9572078
9572080
9572081
9572082
9572084
9572085
9572086
9572087
9572088
9572089
9572090
9572091
9572092
9572093
9572094
9572095
9572096
9572097
9572098
9572099
9572100
9572101
9572102
9572103
9572104
9572105
9572106
9572107
9572108
9572109
9572110
9572111
9572112
9572113
9572114
9572115
9572116
9572117
9572118
9572120
9572121
9572122
9572123
9572124
9572125
9572126
9572127
9572128
9572130
9572131
9572132
9572133
9572134
9572135
9572136
9572137
9572138
9572140
9572141
9572142
9572143
9572144
9572145
9572146
9572147
9572148
9572149
9572150
9572151
9572152
9572153
9572154
9572155
9572156
9572158
9572159
9572160
9572161
9572163
9572164
9572165
9572166
9572167
9572168
9572169
9572171
9572172
9572173
9572174
9572175
9572176
9572177
9572178
9572179
9572180
9572181
9572182
9572184
9572185
9572186
9572187
9572188
9572189
9572190
9572191
9572192
9572193
9572194
9572195
9572196
9572197
9572198
9572199
9572200
9572201
9572202
9572203
9572204
9572205
9572207
9572208
9572209
9572210
9572211
9572212
9572213
9572214
9572215
9572216
9572217
9572218
9572221
9572222
9572223
9572225
9572226
9572228
9572231
9572232
9572233
9572234
9572236
9572238
9572239
9572240
9572241
9572242
9572243
9572245
9572246
9572247
9572248
9572249
9572250
9572251
9572252
9572253
9572254
9572255
9572256
9572257
9572258
9572261
9572262
9572263
9572265
9572266
9572267
9572269
9572270
9572272
9572273
9572275
9572280
9572281
9572282
9572283
9572284
9572285
9572286
9572287
9572289
9572290
9572292
9572293
9572294
9572296
9572297
9572298
9572299
9572301
9572302
9572303
9572305
9572306
9572307
9572308
9572310
9572311
9572312
9572313
9572314
9572315
9572316
9572317
9572319
9572320
9572321
9572322
9572325
9572326
9572329
9572330
9572332
9572333
9572334
9572335
9572336
9572337
9572338
9572339
9572340
9572341
9572342
9572343
9572346
9572355
9572356
9572359
9572361
9572362
9572363
9572365
9572366
9572367
9572369
9572370
9572373
9572374
9572375
9572376
9572378
9572379
9572380
9572381
9572382
9572383
9572384
9572385
9572387
9572389
9572390
9572391
9572392
9572395
9572396
9572398
9572399
9572400
9572401
9572402
9572403
9572404
9572405
9572406
9572407
9572408
9572409
9572410
9572411
9572412
9572413
9572414
9572415
9572416
9572417
9572418
9572420
9572421
9572422
9572423
9572424
9572425
9572426
9572428
9572430
9572431
9572435
9572436
9572437
9572438
9572440
9572441
9572444
9572446
9572447
9572448
9572449
9572450
9572451
9572452
9572453
9572461
9572462
9572463
9572464
9572467
9572469
9572470
9572471
9572472
9572473
9572474
9572476
9572477
9572478
9572479
9572480
9572481
9572482
9572484
9572485
9572486
9572487
9572488
9572489
9572490
9572491
9572492
9572493
9572494
9572495
9572496
9572497
9572498
9572499
9572500
9572501
9572502
9572503
9572504
9572505
9572506
9572508
9572509
9572510
9572511
9572512
9572513
9572514
9572516
9572517
9572519
9572520
9572521
9572522
9572523
9572524
9572525
9572526
9572529
9572530
9572531
9572532
9572533
9572534
9572535
9572538
9572546
9572548
9572549
9572550
9572551
9572552
9572553
9572554
9572555
9572556
9572558
9572559
9572560
9572562
9572563
9572565
9572566
9572567
9572568
9572569
9572570
9572571
9572572
9572573
9572574
9572576
9572577
9572578
9572580
9572581
9572582
9572583
9572585
9572586
9572587
9572588
9572589
9572590
9572591
9572593
9572594
9572596
9572598
9572599
9572602
9572603
9572604
9572605
9572606
9572607
9572608
9572610
9572611
9572613
9572614
9572615
9572616
9572617
9572618
9572619
9572620
9572621
9572622
9572624
9572625
9572626
9572628
9572630
9572631
9572632
9572633
9572634
9572635
9572636
9572638
9572639
9572641
9572642
9572643
9572644
9572645
9572646
9572647
9572648
9572650
9572651
9572652
9572653
9572654
9572655
9572656
9572657
9572658
9572659
9572661
9572662
9572665
9572666
9572668
9572669
9572670
9572671
9572672
9572673
9572674
9572675
9572678
9572679
9572680
9572682
9572683
9572684
9572685
9572686
9572687
9572688
9572689
9572690
9572691
9572692
9572693
9572694
9572695
9572697
9572698
9572699
9572701
9572703
9572704
9572706
9572707
9572708
9572709
9572711
9572714
9572717
9572718
9572719
9572721
9572722
9572723
9572724
9572725