10706784
10707208
10707210
10707213
10707243
10707245
10707263
10707264
10706802
10707314
10707348
10707349
10707350
10707352
10707353
10707354
10707355
10707356
10707358
10707360
10707361
10707362
10707363
10707364
10707366
10707368
10707369
10707370
10707371
10707373
10707374
10707375
10707377
10707379
10707380
10707382
10707383
10707384
10707385
10707386
10707387
10707388
10707390
10707391
10707392
10707393
10707394
10707395
10707396
10707397
10707400
10707402
10707403
10707404
10707405
10707406
10707407
10707408
10707409
10707410
10707411
10707412
10707413
10707414
10707416
10707417
10707418
10707419
10707420
10707421
10707422
10707423
10707424
10707425
10707426
10707427
10707428
10707429
10707430
10707431
10707432
10707433
10707435
10707437
10707438
10707442
10707443
10707445
10707446
10707447
10707448
10707449
10707450
10707454
10707456
10707457
10707460
10707463
10707468
10706837
10707475
10707477
10707479
10706839
10707480
10707481
10707482
10707483
10707484
10707485
10707486
10707489
10707490
10707491
10707493
10707494
10707495
10707496
10707497
10707498
10707499
10707501
10707502
10707503
10707504
10707506
10707507
10707508
10707512
10707513
10707515
10707516
10707517
10707518
10707519
10707521
10707524
10707526
10707531
10707533
10707535
10707548
10707549
10707552
10707553
10707554
10707556
10707557
10707560
10707564
10707566
10707567
10707568
10707569
10707571
10707572
10707573
10707576
10707577
10707578
10707579
10707581
10707583
10707584
10707585
10707587
10707588
10707589
10707590
10707593
10707594
10707595
10707598
10707599
10707602
10707603
10707604
10707605
10707606
10707607
10707608
10707609
10707610
10707612
10707613
10707614
10707615
10707617
10707618
10707619
10707620
10707621
10707623
10707624
10707625
10707626
10707628
10707629
10707630
10707631
10707632
10707633
10707634
10707636
10707637
10707638
10707639
10707640
10707641
10707642
10707643
10707644
10707645
10707646
10707647
10707649
10707650
10707651
10707652
10707655
10707656
10707657
10707658
10707659
10707660
10707661
10707663
10707664
10707666
10707667
10707668
10707670
10707671
10707672
10707673
10707675
10707676
10707677
10707678
10707680
10707681
10707682
10707683
10707684
10707685
10707686
10707688
10707689
10707690
10707691
10707692
10707694
10707697
10707698
10707699
10707700
10707701
10707702
10707703
10707704
10707705
10707706
10707707
10707708
10707709
10707711
10707712
10707713
10707715
10707716
10707717
10707718
10707719
10707720
10707721
10707722
10707724
10707725
10707726
10707727
10707728
10707729
10707730
10707731
10707732
10707733
10707735
10707736
10707738
10707739
10707740
10707741
10707742
10707743
10707746
10707748
10707749
10707750
10707751
10707753
10707754
10707755
10707756
10707757
10707760
10707761
10707762
10707763
10707766
10707767
10707768
10707769
10707770
10707771
10707773
10707774
10707775
10707776
10707777
10707778
10707779
10707780
10707781
10707782
10707783
10707784
10707785
10707786
10707787
10707788
10707789
10707790
10707791
10707792
10707793
10707794
10707795
10707797
10707799
10707800
10707801
10707802
10707803
10707804
10707805
10707806
10707807
10707808
10707809
10707810
10707811
10707812
10707813
10707814
10707817
10707818
10707819
10707820
10707821
10707822
10707823
10707824
10707825
10707826
10707827
10707828
10707830
10707831
10707832
10707833
10707834
10707835
10707837
10707838
10707840
10707841
10707842
10707843
10707844
10707849
10707850
10707851
10707852
10707853
10707854
10707855
10707856
10707859
10707860
10707863
10707864
10707865
10707866
10707867
10707868
10707869
10707870
10707871
10707872
10707873
10707874
10707875
10707876
10707878
10707879
10707880
10707881
10707882
10707883
10707884
10707885
10707886
10707887
10707888
10707889
10707890
10707891
10707892
10707897
10707898
10707899
10707900
10707901
10707902
10707903
10707904
10707905
10707906
10707907
10707908
10707909
10707912
10707913
10707915
10707916
10707917
10707918
10707919
10707920
10707921
10707924
10707926
10707927
10707928
10707929
10707931
10707932
10707933
10707934
10707935
10707936
10707938
10707940
10707941
10707942
10707943
10707946
10707949
10707950
10707951
10707953
10707954
10707957
10707960
10707961
10707975
10707977
10707980
10707983
10707984
10707985
10707987
10707988
10707989
10707990
10707991
10707992
10707995
10707996
10707997
10707998
10707999
10708000
10708002
10708003
10708004
10708005
10708006
10708007
10708008
10708009
10708010
10708011
10708012
10708013
10708014
10708015
10708016
10708017
10708018
10708019
10708022
10708023
10708024
10708025
10708026
10708030
10708031
10708032
10708033
10708034
10708035
10708036
10708037
10708038
10708039
10708040
10708041
10708044
10708045
10708046
10708048
10708049
10708050
10708051
10708052
10708054
10708055
10708056
10708057
10708058
10708059
10708060
10708061
10708062
10708063
10708064
10708065
10708067
10708068
10708069
10708071
10708072
10708073
10708074
10708075
10708079
10708080
10708083
10708084
10708087
10708091
10708093
10708095
10708096
10708097
10708098
10708099
10708103
10708105
10708107
10708110
10708111
10708112
10708113
10708114
10708115
10708116
10708118
10708119
10708120
10708121
10708123
10708124
10708125
10708126
10708128
10708129
10708130
10708131
10708133
10708134
10706970
10708135
10708137
10708138
10708140
10708141
10708142
10708148
10708151
10708159
10708162
10708164
10708165
10708166
10708169
10708170
10708171
10708173
10708174
10708175
10708176
10708177
10708178
10708181
10708182
10708183
10708184
10708185
10708187
10708189
10708190
10708192
10708193
10708194
10708195
10708196
10708197
10708198
10708199
10708200
10708201
10708202
10708203
10708204
10708205
10708206
10708207
10708209
10708210
10708211
10708213
10708217
10708218
10708220
10708221
10708222
10708223
10708224
10708225
10708227
10708228
10708229
10708230
10708231
10708232
10708233
10708234
10708235
10708237
10708238
10708239
10708240
10708241
10708243
10708244
10708245
10708246
10708247
10708253
10708254
10708255
10708256
10708257
10708258
10708259
10708260
10708261
10708262
10708263
10708264
10708265
10708266
10708267
10708268
10708270
10708272
10708273
10708275
10708277
10708278
10708279
10708280
10708282
10708283
10708284
10708285
10708286
10708288
10708289
10708290
10708291
10708292
10708293
10708294
10708295
10708296
10708297
10708298
10708299
10708302
10708304
10708305
10708306
10708308
10708309
10708310
10708312
10708314
10708315
10708316
10708317
10708318
10708319
10708320
10708321
10708322
10708324
10708326
10708327
10708328
10708329
10708330
10708331
10708332
10708333
10708336
10708338
10708340
10708341
10708342
10708343
10708344
10708345
10708346
10708347
10708348
10708349
10708350
10708351
10708352
10708353
10708354
10708355
10708356
10708357
10708359
10708360
10708361
10708362
10708363
10708364
10708365
10708367
10708368
10708369
10708370
10708371
10708372
10708374
10708375
10708376
10708378
10708380
10708381
10708382
10708383
10708386
10708388
10708390
10708391
10708392
10708395
10708396
10708398
10708399
10708400
10708401
10708402
10708404
10708405
10708406
10708407
10708408
10708410
10708411
10708412
10708413
10708414
10708417
10708419
10708420
10708421
10708422
10708423
10708424
10708425
10708428
10708429
10708430
10708431
10708432
10708433
10708434
10708435
10708436
10708437
10708438
10708439
10708440
10708441
10708442
10708443
10708444
10708445
10708446
10708447
10708448
10708449
10708451
10708452
10708453
10708454
10708455
10708456
10708457
10708458
10708461
10708462
10708463
10708465
10708466
10708468
10708469
10708470
10708471
10708472
10708473
10708475
10708477
10708478
10708479
10708480
10708482
10708483
10708484
10708487
10708488
10708489
10708491
10708493
10708494
10708495
10708496
10708497
10708498
10708499
10708500
10708501
10708502
10708503
10708504
10708505
10708506
10708507
10708508
10708509
10708510
10708511
10708512
10708513
10708514
10708515
10708516
10708517
10708518
10708520
10708521
10708522
10708523
10708524
10708525
10708526
10708527
10708528
10708530
10708531
10708532
10708533
10708534
10708535
10708536
10708537
10708538
10708539
10708540
10708541
10708542
10708543
10708544
10708545
10708546
10708547
10708550
10708551
10708552
10708554
10708555
10708556
10708558
10708560
10708561
10708562
10708563
10708566
10708567
10708568
10708569
10708570
10708571
10708572
10708573
10708574
10708575
10708576
10708577
10708578
10708579
10708580
10708582
10708583
10708584
10708585
10708586
10708587
10708588
10708589
10708590
10708591
10708592
10708593
10708594
10708595
10708596
10708597
10708598
10708599
10708600
10708601
10708602
10708603
10708604
10708605
10708606
10708607
10708608
10708609
10708610
10708611
10708612
10708613
10708614
10708616
10708618
10708620
10708621
10708623
10708624
10708625
10708626
10708628
10708629
10708631
10708634
10708636
10708637
10708638
10708639
10708640
10708642
10708644
10708645
10708647
10708648
10708649
10708650
10708651
10708652
10708653
10708654
10708657
10708659
10708661
10708662
10708664
10708666
10708667
10708669
10708670
10708671
10708673
10708674
10708675
10708678
10708681
10708682
10708684
10708685
10708686
10708687
10708688
10708690
10708691
10708692
10708693
10708694
10708695
10708696
10708698
10708699
10708700
10708701
10708702
10708704
10708705
10708706
10708707
10708708
10708709
10708710
10708711
10708713
10708714
10708715
10708716
10708717
10708718
10708719
10708721
10708725
10708726
10708728
10708731
10708732
10708734
10708735
10708736
10708737
10708738
10708740
10708742
10708745
10708748
10708749
10708750
10708751
10708755
10708756
10708757
10708758
10708760
10708761
10708762
10708764
10708765
10708766
10708767
10708768
10708769
10708770
10708772
10708773
10708774
10708775
10708776
10708777
10708778
10708779
10708780
10708781
10708784
10708785
10708786
10708787
10708788
10708789
10708790
10708791
10708792
10708793
10708794
10708795
10708798
10708799
10708801
10708802
10708803
10708805
10708807
10708809
10708810
10708811
10708812
10708813
10708815
10708816
10708817
10708818
10708819
10708820
10708822
10708823
10708826
10708827
10708828
10708829
10708830
10708831
10708832
10708833
10708834
10708836
10708837
10708838
10708840
10708842
10708843
10708844
10708845
10708846
10708847
10708848
10708849
10708850
10708851
10708852
10708854
10708855
10708856
10708857
10708859
10708860
10708861
10708862
10708863
10708864
10708865
10708866
10708867
10708868
10708869
10708870
10708871
10708872
10708873
10708874
10708875
10708876
10708877
10708878
10708879
10708880
10708881
10708882
10708883
10708884
10708885
10708887
10708888
10708889
10708890
10708891
10708892
10708893
10708894
10708895
10708896
10708897
10708898
10708899
10708900
10708901
10708902
10708903
10708904
10708905
10708906
10708907
10708909
10708910
10708911
10708912
10708913
10708914
10708915
10708916
10708917
10708920
10708921
10708922
10708923
10708924
10708925
10708926
10708928
10708929
10708930
10708931
10708935
10708936
10708939
10708940
10708941
10708942
10708944
10708945
10708946
10708948
10708949
10708951
10708952
10708954
10708956
10708957
10708958
10708959
10708961
10708963
10708964
10708965
10708966
10708967
10708968
10708970
10708971
10708972
10708973
10708974
10708975
10708978
10708979
10708980
10708982
10708983
10708984
10708985
10708986
10708987
10708988
10708989
10708990
10708991
10708992
10708993
10708994
10708995
10708996
10708997
10708998
10708999
10709000
10709001
10709002
10709003
10709004
10709005
10709006
10709007
10709008
10709009
10709010
10709011
10709012
10709014
10709015
10709016
10709017
10709018
10709019
10709020
10709023
10709024
10709027
10709028
10709029
10709030
10709031
10709032
10709033
10709034
10709035
10709036
10709037
10709038
10709039
10709040
10709041
10709042
10709043
10709044
10709045
10709046
10709047
10709048
10709049
10709050
10709051
10709053
10709054
10709055
10709056
10709057
10709058
10709059
10709060
10709062
10709063
10709064
10709065
10709066
10709067
10709068
10709069
10709070
10709071
10709072
10709073
10709074
10709075
10709077
10709078
10709079
10709080
10709082
10709083
10709086
10709087
10709088
10709089
10709090
10709091
10709092
10709093
10709094
10709095
10709096
10709099
10709100
10709101
10709102
10709103
10709104
10709105
10709106
10709107
10709108
10709111
10709112
10709113
10709115
10709116
10709117
10709118
10709119
10709121
10709122
10709124
10709125
10709126
10709127
10709128
10709130
10709131
10709132
10709133
10709136
10709137
10709138
10709139
10709140
10709141
10709142
10709143
10709144
10709145
10709146
10709149
10709151
10709152
10709153
10709155
10709156
10709157
10709159
10709160
10709163
10709164
10709165
10709166
10709167
10709168
10709169
10709172
10709173
10709174
10709175
10709176
10709177
10709178
10709179
10709180
10709181
10709183
10709184
10709185
10709186
10709187
10709188
10709189
10709190
10709193
10709195
10709196
10709197
10709198
10709199
10709200
10709201
10709202
10709204
10709205
10709206
10709207
10709208
10709211
10709212
10709215
10709216
10709217
10709218
10709219
10709220
10709223
10709224
10709225
10709226
10709227
10709228
10709229
10709230
10709231
10709232
10709233
10709234
10709235
10709236
10709237
10709239
10709240
10709241
10709242
10709243
10709244
10709245
10709246
10709247
10709248
10709249
10709250
10709251
10709252
10709253
10709257
10709259
10709261
10709263
10709264
10709265
10709266
10709267
10709268
10709269
10709271
10709272
10709273
10709274
10709275
10709278
10709279
10709281
10709282
10709283
10709284
10709285
10709286
10709287
10709288
10709290
10709291
10709292
10709293
10709294
10709295
10709296
10709297
10709298
10709299
10709300
10709301
10709302
10709303
10709304
10709306
10709307
10709308
10709309
10709310
10709311
10709312
10709313
10709314
10709316
10709318
10709319
10709320
10709321
10709323
10709324
10709325
10709326
10709327
10709328
10709329
10709330
10709331
10709332
10709334
10709335
10709336
10709339
10709341
10709342
10709343
10709344
10709345
10709346
10709347
10709348
10709349
10709350
10709351
10709352
10709353
10709354
10709355
10709357
10709358
10709359
10709360
10709361
10709362
10709363
10709364
10709365
10709366
10709368
10709369
10709372
10709373
10709375
10709376
10709377
10709378
10709379
10709380
10709383
10709384
10709385
10709386
10709387
10709388
10709389
10709390
10709391
10709392
10709393
10709394
10709395
10709396
10709398
10709400
10709401
10709402
10709403
10709404
10709406
10709408
10709409
10709410
10709411
10709412
10709415
10709416
10709417
10709419
10709421
10709422
10709423
10709424
10709425
10709426
10709427
10709428
10709429
10709430
10709431
10709432
10709433
10709435
10709436
10709438
10709440
10709442
10709443
10709444
10709445
10709447
10709449
10709451
10709453
10709452
10709454
10709455
10709456
10709457
10709459
10709461
10709462
10709463
10709467
10709468
10709470
10709471
10709472
10709473
10709474
10709475
10709476
10709477
10709478
10709480
10709481
10709482
10709483
10709484
10709485
10709486
10709487
10709489
10709488
10709490
10709491
10709492
10709493
10709494
10709495
10709496
10709497
10709498
10709499
10709500
10709501
10709502
10709503
10709505
10709506
10709507
10709508
10709509
10709510
10709511
10709513
10709514
10709515
10709516
10709517
10709518
10709520
10709521
10709522
10709524
10709525
10709527
10709528
10709529
10709530
10709534
10709535
10709536
10709538
10709539
10709540
10709543
10709544
10709545
10709546
10709548
10709549
10709550
10709551
10709553
10709554
10709555
10709556
10709557
10709558
10709560
10709561
10709562
10709563
10709564
10709565
10709566
10709567
10709568
10709572
10709573
10709574
10709575
10709576
10709577
10709578
10709580
10709581
10709582
10709583
10709584
10709585
10709587
10709588
10709591
10709592
10709593
10709594
10709596
10709597
10709598
10709599
10709600
10709601
10709602
10709603
10709604
10709605
10709607
10709611
10709612
10709613
10709614
10709615
10709616
10709618
10709619
10709620
10709621
10709622
10709623
10709624
10709625
10709626
10709628
10709629
10709630
10709631
10709632
10709633
10709634
10709635
10709636
10709637
10709638
10709639
10709640
10709641
10709643
10709645
10709646
10709647
10709648
10709649
10709650
10709651
10709652
10709654
10709655
10709656
10709657
10709658
10709659
10709660
10709661
10709662
10709663
10709664
10709665
10709666
10709667
10709668
10709669
10709671
10709672
10709673
10709675
10709676
10709677
10709680
10709681
10709682
10709684
10709685
10709686
10709687
10709688
10709689
10709690
10709692
10709693
10709695
10709696
10709697
10709698
10709699
10709700
10709701
10709702
10709703
10709704
10709705
10709706
10709707
10709708
10709710
10709711
10709713
10709714
10709715
10709716
10709717
10709718
10709719
10709720
10709721
10709723
10709724
10709725
10709726
10709727
10709729
10709730
10709731
10709733
10709734
10709736
10709737
10709738
10709739
10709740
10709741
10709742
10709743
10709744
10709749
10709750
10709751
10709752
10709753
10709754
10709755
10709756
10709757
10709758
10709759
10709760
10709761
10709762
10709763
10709764
10709765
10709766
10709767
10709768
10709769
10709771
10709774
10709775
10709777
10709778
10709779
10709784
10709786
10709788
10709794
10709796
10709799
10709802
10709803
10709805
10709808
10709809
10709810
10709811
10709812
10709813
10709815
10709814
10709816
10709817
10709818
10709819
10709820
10709822
10709827
10709828
10709830
10709831
10709833
10709835
10709838
10709839
10709840
10709841
10709842
10709843
10709846
10709847
10709848
10709850
10709851
10709852
10709853
10709855
10709857
10709858
10709860
10709862
10709863
10709864
10709865
10709866
10709867
10709868
10709869
10709871
10709874
10709875
10709876
10709877
10709878
10709879
10709880
10709881
10709882
10709883
10709884
10709885
10709886
10709887
10709888
10709889
10709890
10709891
10709892
10709894
10709896
10709897
10709898
10709899
10709900
10709901
10709902
10709903
10709904
10709905
10709906
10709907
10709909
10709910
10709911
10709912
10709913
10709914
10709915
10709916
10709917
10709918
10709919
10709920
10709921
10709922
10709923
10709924
10709925
10709926
10709927
10709928
10709929
10709932
10709934
10709935
10709936
10709937
10709938
10709939
10709940
10709941
10709944
10709945
10709947
10709954
10709958
10709992
10710005
10710006
10710038
10710125
10710156
10710173
10710239
10710311
10710318
10710364
10710365
10710387
10710391
10710398
10710405
10710445
10710577
10710581
10710582
10710610
10710628
10710632
10710669
10710734
10710739
10710744
10710746
10710758
10710759
10710760
10710771
10710791
10710798
10710810
10710812
10710814
10710824
10710831
10710905
10710906
10710911
10710918
10710924
10710931
10710933
10710958
10710976
10711032
10711059
10711061
10711115
10711117
10711131
10711146
10711153
10711154
10711165
10711182
10711207
10711209
10711225
10711231
10711235
10711291
10711302
10711383
10711481
10711498
10711587
10711641
10711650
10711685
10711691
10711699
10711705
10711710
10711716
10711726
10711770
10711780
10711783
10711786
10711801
10711816
10711888
10711939
10711941
10711963
10711967
10711969
10711988
10712004
10712040
10712043
10712059
10712116
10712117
10712137
10712212
10712213
10712248
10712259
10712908
10704928
10704931
10713078
10704935
10704939
10704942
10704943
10702810
10702811
10702812
10704944
10702813
10702815
10702816
10702817
10704945
10702818
10702819
10702820
10702821
10702822
10704946
10702826
10702827
10704947
10702828
10702829
10702830
10702831
10702832
10704948
10702833
10702834
10702835
10702837
10704949
10702838
10702839
10702840
10702842
10704950
10702843
10702844
10702847
10702848
10702849
10702850
10702851
10702852
10702853
10702854
10702856
10702857
10702858
10702859
10702860
10702861
10702862
10704954
10702863
10702864
10702865
10702866
10702867
10702868
10702869
10702870
10702871
10702872
10702873
10702874
10702875
10702877
10702879
10702880
10702881
10702883
10702884
10702885
10702887
10702888
10702889
10702890
10702891
10702892
10702876
10702893
10702894
10702895
10702896
10702897
10702898
10702899
10702900
10702902
10702903
10702904
10702906
10702907
10702908
10702909
10702910
10702911
10702912
10702913
10702914
10702915
10702916
10702918
10702919
10702920
10702921
10702922
10702923
10702924
10702925
10702926
10702927
10702928
10702929
10702930
10702931
10702932
10702933
10702934
10702935
10702936
10702937
10702938
10702939
10702940
10702942
10702944
10702945
10702946
10702947
10702949
10702950
10702951
10702952
10702953
10702954
10702955
10702956
10702957
10702958
10702959
10702960
10702961
10702962
10702964
10702965
10702966
10702967
10702968
10702969
10702970
10702971
10702972
10702973
10702974
10702975
10702976
10702977
10702978
10702979
10702980
10702981
10702982
10702983
10702985
10702986
10702987
10702988
10702989
10702990
10702991
10702992
10702993
10702994
10702995
10702996
10702997
10702998
10702999
10703000
10703001
10703002
10703003
10703004
10703005
10703006
10703007
10703008
10703009
10703010
10703011
10703012
10703014
10703015
10703016
10703017
10703019
10703020
10703021
10703022
10704986
10703023
10703024
10703025
10703026
10703027
10704987
10703028
10703029
10703030
10703031
10703032
10703034
10703035
10703036
10703037
10704989
10703038
10703039
10703040
10703041
10703042
10704990
10703043
10703045
10703046
10703047
10704991
10703048
10703050
10703051
10703052
10703055
10703056
10703057
10703058
10703059
10703060
10703061
10703064
10703065
10703066
10703067
10703068
10704995
10703069
10703070
10703071
10703072
10703073
10703074
10703075
10703076
10703077
10703078
10703079
10703080
10703081
10703082
10703083
10703085
10703086
10703087
10704999
10703088
10703090
10703091
10703092
10705000
10703093
10703094
10703095
10703096
10703097
10705001
10703098
10703099
10703100
10703101
10703102
10705002
10703104
10703105
10703106
10703107
10703108
10703109
10703110
10703111
10703112
10703113
10703114
10703115
10703116
10703117
10703118
10703120
10703121
10703122
10703123
10703124
10703125
10703126
10703127
10703129
10703131
10703132
10703133
10703134
10703135
10703136
10703137
10703139
10703140
10703143
10703144
10703145
10703147
10703149
10703150
10703151
10703152
10703153
10703158
10703159
10703160
10703162
10703163
10703164
10703170
10703178
10703182
10703186
10703187
10703189
10703190
10703194
10703196
10703197
10703199
10703200
10703201
10703205
10703207
10705023
10703216
10703222
10703224
10703226
10703227
10703228
10705027
10703229
10703230
10703232
10703233
10703236
10703237
10703242
10703243
10703245
10703246
10703247
10703249
10703250
10710242
10703254
10703255
10703258
10703261
10703262
10703266
10703267
10703270
10705036
10703273
10703277
10705037
10703284
10703285
10703286
10703290
10703291
10703294
10703296
10703298
10703303
10703314
10703341
10710260
10703346
10703350
10703355
10705053
10703360
10703364
10703366
10705055
10703370
10703371
10703375
10703377
10703385
10703386
10703388
10703390
10703394
10703402
10705062
10703404
10703406
10705063
10703410
10703413
10703418
10703419
10703421
10705066
10705067
10703429
10705068
10705069
10703493
10703513
10703537
10703544
10703548
10705091
10710302
10703558
10703591
10703593
10703608
10705105
10703637
10705110
10703660
10705115
10703669
10703670
10710330
10705120
10703717
10703719
10703720
10703721
10703722
10705126
10703723
10703726
10703727
10703728
10703729
10703730
10703731
10703732
10703733
10703734
10703736
10703737
10703738
10703739
10703740
10703741
10703743
10703744
10703745
10703746
10703747
10703749
10703750
10703751
10703752
10703753
10703754
10703755
10703756
10703757
10703758
10703759
10703760
10703761
10703762
10703763
10703766
10703767
10703768
10703769
10703770
10703771
10703772
10705136
10703773
10703774
10703775
10703777
10703778
10703781
10703782
10703783
10703784
10703785
10703786
10703787
10703788
10703789
10703790
10703792
10703793
10703794
10703796
10703798
10703799
10703800
10703802
10703803
10703804
10703805
10703808
10703809
10703811
10703812
10703813
10703814
10703815
10703816
10703817
10703819
10703821
10703822
10703823
10703824
10703825
10703827
10703829
10703830
10703831
10703832
10703833
10703834
10703835
10703836
10703839
10703840
10703841
10703842
10705150
10703843
10703844
10703845
10703846
10703847
10703849
10703850
10703851
10703852
10703853
10703854
10703855
10703856
10703857
10703858
10703859
10703860
10703861
10703862
10703863
10703864
10703865
10703866
10703867
10703868
10703869
10703870
10703871
10703872
10703874
10703875
10703876
10703877
10703878
10703879
10703880
10703881
10703882
10703883
10703884
10703885
10703886
10703887
10703888
10703889
10703890
10703891
10703892
10703893
10703894
10703895
10703897
10703898
10703899
10703900
10703901
10703902
10703903
10703904
10703906
10703907
10703908
10703910
10703911
10703912
10703913
10703914
10703915
10703916
10703917
10703918
10703919
10703920
10703922
10703923
10703924
10703925
10703926
10703928
10703929
10703930
10703931
10703932
10703933
10703934
10703935
10703936
10703937
10703938
10703939
10703940
10703941
10703942
10703943
10703944
10703945
10703946
10703947
10705171
10703948
10703949
10703950
10703951
10703952
10703953
10703954
10703955
10703956
10703958
10703960
10703961
10703962
10703964
10703965
10703966
10703968
10703969
10703970
10703971
10703972
10703973
10703974
10703975
10703976
10703977
10703978
10703979
10703980
10703981
10703982
10703983
10703984
10703985
10703986
10703987
10703988
10703989
10703990
10703992
10703993
10703994
10703995
10703996
10703997
10703998
10703999
10704000
10704001
10704002
10704003
10704004
10704005
10704006
10704008
10704010
10704011
10704012
10704013
10704014
10704017
10704018
10704020
10704021
10704023
10704025
10704026
10704027
10704028
10704029
10704030
10704033
10704035
10704036
10704037
10705189
10704038
10704039
10704042
10704044
10704046
10704047
10710401
10705191
10704048
10704050
10704051
10704052
10704054
10704056
10704057
10705193
10704058
10704059
10704060
10704062
10704063
10704064
10704065
10704066
10704067
10704069
10704070
10704071
10704072
10704073
10704076
10704078
10704079
10704080
10704081
10704082
10704083
10704084
10704085
10704087
10705199
10704088
10704089
10704090
10704091
10704092
10704093
10704094
10704095
10704096
10704097
10704098
10704099
10704100
10704101
10704102
10705202
10704103
10704104
10704105
10704106
10704107
10704108
10704109
10704110
10704111
10704112
10704113
10704114
10704115
10704116
10704117
10704118
10704119
10704120
10704121
10704122
10704125
10704126
10704127
10705207
10704128
10704129
10704130
10704131
10704132
10705208
10704133
10704134
10704135
10704136
10704137
10704138
10704139
10704140
10704141
10704142
10704143
10704144
10704145
10709356
10704146
10705211
10704148
10704149
10704151
10704152
10704154
10704155
10704156
10704157
10704158
10704159
10704160
10709371
10704161
10704162
10704163
10704164
10704165
10704166
10704167
10704168
10704169
10704170
10709381
10704171
10709382
10704172
10704173
10704174
10704175
10704176
10704177
10704178
10704180
10704182
10704183
10705218
10704185
10704186
10709397
10704187
10704188
10704189
10704191
10705220
10704193
10704194
10709405
10704196
10710431
10709413
10704203
10709414
10704205
10704206
10705223
10709418
10704208
10704209
10709420
10704212
10704216
10704220
10704223
10709434
10704226
10709437
10704227
10704228
10709439
10709441
10704233
10704238
10704239
10704241
10704242
10704244
10704245
10704246
10704247
10704249
10704251
10704252
10704253
10704254
10704256
10704257
10704258
10704259
10704260
10704261
10704262
10704265
10704266
10704267
10704268
10709479
10704270
10704271
10704272
10710446
10704273
10704275
10704276
10704277
10704278
10704279
10704280
10704281
10704282
10704283
10704284
10704285
10704286
10704288
10704289
10704290
10704291
10704292
10704293
10709504
10704294
10704295
10704296
10710451
10704297
10704298
10704299
10704300
10704301
10704302
10704303
10704304
10704306
10710453
10704307
10704308
10704311
10704312
10704313
10704314
10704315
10704316
10704319
10704320
10709531
10704321
10704323
10704324
10704326
10704327
10705247
10704328
10704329
10704330
10704331
10704333
10704335
10704336
10704338
10704339
10704340
10704341
10704342
10704343
10705250
10704344
10704345
10704346
10704349
10704350
10704351
10704353
10703168
10704354
10704355
10704356
10704357
10704358
10703169
10704359
10704360
10704361
10704362
10704363
10704364
10704365
10704366
10704367
10705255
10703171
10704371
10704372
10705256
10704373
10703172
10704374
10704375
10709586
10704376
10704377
10704378
10709589
10704379
10709590
10704380
10704381
10704382
10703174
10704384
10704385
10704386
10704388
10704389
10704390
10704391
10703176
10704393
10704394
10704395
10704396
10704397
10704398
10704399
10704400
10704401
10704402
10704403
10704404
10704405
10704407
10704408
10704409
10704411
10704412
10704414
10704415
10704416
10704417
10705265
10704418
10704419
10704420
10704421
10704422
10704423
10704424
10704426
10704427
10704428
10704430
10704432
10704433
10704434
10704435
10704436
10704437
10704438
10704439
10704440
10704441
10704442
10704443
10704444
10704445
10704446
10704447
10704448
10704449
10704450
10704451
10704452
10704453
10704454
10704455
10704456
10704457
10704458
10704459
10704460
10704461
10704462
10704463
10704464
10704465
10704467
10704468
10704469
10704470
10704471
10704472
10704473
10704474
10704475
10704476
10704478
10704480
10704481
10704482
10704483
10709694
10704484
10704485
10704486
10704487
10704489
10704490
10704491
10704492
10704493
10704494
10704495
10704496
10704498
10704499
10704500
10704501
10704502
10704503
10704504
10704505
10704506
10704507
10704508
10704509
10704510
10709722
10704512
10704514
10704515
10704516
10704517
10709728
10704519
10704520
10704521
10704522
10710496
10704523
10704524
10704526
10704529
10704530
10704531
10704532
10704534
10704535
10704536
10704537
10704538
10704540
10704541
10704542
10704543
10704544
10704545
10704546
10704547
10704548
10704549
10704551
10704552
10704553
10704554
10704555
10704556
10704557
10704558
10704559
10709770
10704560
10704561
10704562
10704563
10704565
10704566
10704567
10704568
10704569
10704570
10704571
10704573
10704575
10704577
10704578
10704579
10704580
10704581
10704582
10704585
10704586
10704589
10704590
10704591
10704593
10704594
10704597
10704598
10704599
10704600
10704601
10704621
10709834
10709836
10704632
10704634
10704638
10704640
10709859
10709861
10704683
10704696
10704697
10710531
10704705
10704706
10704713
10704722
10709933
10704724
10704725
10704746
10704757
10704759
10704762
10704781
10704783
10704784
10704804
10704817
10704821
10704831
10704832
10704834
10704835
10704838
10704839
10704840
10704841
10704844
10704845
10704847
10704849
10704850
10704852
10704855
10704856
10704863
10704865
10704866
10704867
10704868
10704870
10704875
10704876
10710567
10704878
10704879
10704880
10704881
10704882
10704885
10704886
10704889
10704892
10704896
10704898
10704901
10704903
10704904
10704911
10704912
10705364
10704916
10704918
10704921
10704926
10704927
10704929
10704930
10704932
10704933
10704934
10710145
10704936
10704951
10704952
10704953
10704956
10704962
10704966
10704968
10710186
10704976
10702809
10702943
10703053
10703063
10703138
10703141
10703142
10703148
10703154
10703155
10703156
10703161
10703166
10703173
10703175
10703177
10703179
10703180
10703181
10703184
10703185
10703188
10703191
10703192
10703193
10703195
10703198
10703204
10703206
10703208
10703210
10703212
10703213
10703214
10703215
10703217
10703219
10703220
10703221
10703223
10703225
10703234
10703235
10703239
10703241
10703244
10703248
10703251
10703252
10703253
10703256
10703257
10703259
10703260
10703263
10703265
10703264
10703268
10703271
10703272
10703269
10703274
10703275
10703276
10703278
10703279
10703280
10703281
10703283
10703282
10703287
10703288
10703289
10703292
10703293
10703295
10703297
10703300
10703301
10703302
10703306
10703307
10703304
10703305
10703311
10703312
10703308
10703313
10703310
10703316
10703317
10703318
10703319
10703320
10703324
10703325
10703322
10703327
10703321
10703329
10703323
10703331
10703332
10703328
10703334
10703335
10703336
10703338
10703339
10703340
10703342
10703343
10703344
10703345
10703347
10703348
10703349
10703351
10703352
10703353
10703354
10703356
10703357
10703358
10703359
10703362
10703361
10703365
10703367
10703368
10703369
10703372
10703373
10703374
10703376
10703378
10703379
10703382
10703383
10703384
10703387
10703389
10703392
10703393
10703391
10703395
10703397
10703398
10703399
10703400
10703401
10703403
10703405
10703407
10703408
10703409
10703411
10703414
10703415
10703416
10703417
10703420
10703422
10703423
10703424
10703427
10703425
10703428
10703430
10703432
10703433
10703434
10703435
10703437
10703436
10703439
10703440
10703441
10703442
10703444
10703445
10703446
10703448
10703449
10703450
10703451
10703452
10703453
10703454
10703455
10703456
10703457
10703458
10703460
10703462
10703464
10703465
10703466
10703468
10703469
10703470
10703474
10703477
10703478
10703479
10703480
10703481
10703483
10703484
10703486
10703487
10703489
10703490
10703491
10703485
10703488
10703494
10703495
10703496
10703497
10703498
10703499
10703500
10703501
10703502
10703505
10703507
10703508
10703509
10703511
10703512
10703514
10703515
10703516
10703517
10703518
10703519
10703520
10703521
10703522
10703523
10703525
10703526
10703528
10703527
10703530
10703531
10703532
10703533
10703535
10703536
10703538
10703539
10703540
10703541
10703542
10703543
10703545
10703546
10703547
10703549
10703550
10703551
10703553
10703554
10703555
10703556
10703557
10703559
10703560
10703561
10703562
10703563
10703564
10703566
10703567
10703568
10703570
10703571
10703572
10703573
10703576
10703577
10703578
10703580
10703579
10703583
10703584
10703582
10703585
10703587
10703586
10703590
10703588
10703592
10703594
10703589
10703596
10703597
10703598
10703599
10703600
10703601
10703603
10703605
10703606
10703607
10703609
10703610
10703612
10703614
10703615
10703616
10703619
10703620
10703621
10703622
10703624
10703625
10703627
10703628
10703629
10703630
10703631
10703632
10703633
10703635
10703634
10703636
10703638
10703640
10703641
10703642
10703644
10703645
10703643
10703648
10703650
10703651
10703649
10703653
10703654
10703656
10703657
10703652
10703655
10703661
10703662
10703663
10703665
10703666
10703667
10703668
10703664
10703671
10703672
10703674
10703675
10703676
10703679
10703680
10703678
10703682
10703684
10703685
10703683
10703686
10703688
10703689
10703690
10703691
10703694
10703693
10703696
10703699
10703700
10703702
10703705
10703706
10703707
10703708
10703710
10703712
10703715
10703748
10703765
10703807
10703810
10703818
10703828
10703838
10703896
10703905
10703909
10703927
10704009
10704015
10704022
10704024
10704032
10704045
10704053
10704055
10704074
10704077
10704179
10704181
10704184
10704200
10704202
10704219
10704232
10704236
10704250
10704255
10704263
10704305
10704309
10704310
10704317
10704322
10704368
10704370
10704603
10704604
10704606
10704607
10704608
10704609
10704610
10704611
10704612
10704613
10704614
10704615
10704616
10704617
10704618
10704619
10704620
10704622
10704623
10704625
10704626
10704628
10704627
10704629
10704633
10704630
10704636
10704637
10704639
10704641
10704642
10704644
10704645
10704647
10704648
10704650
10704649
10704651
10704652
10704653
10704654
10704655
10704656
10704658
10704659
10704661
10704660
10704663
10704664
10704665
10704666
10704668
10704670
10704671
10704669
10704673
10704667
10704675
10704672
10704677
10704676
10704680
10704679
10704682
10704681
10704684
10704686
10704685
10704687
10704689
10704691
10704692
10704693
10704694
10704688
10704690
10704695
10704699
10704701
10704700
10704703
10704704
10704702
10704708
10704709
10704710
10704712
10704711
10704714
10704715
10704716
10704717
10704718
10704719
10704720
10704721
10704723
10704726
10704727
10704728
10704729
10704731
10704732
10704733
10704730
10704735
10704736
10704738
10704737
10704739
10704741
10704742
10704743
10704744
10704745
10704747
10704748
10704749
10704751
10704750
10704753
10704752
10704755
10704756
10704754
10704760
10704761
10704758
10704763
10704764
10704765
10704767
10704768
10704769
10704770
10704766
10704771
10704773
10704774
10704776
10704777
10704772
10704778
10704782
10704779
10704780
10704785
10704786
10704787
10704788
10704789
10704790
10704791
10704792
10704793
10704794
10704797
10704795
10704796
10704800
10704801
10704802
10704803
10704805
10704806
10704807
10704808
10704809
10704812
10704813
10704814
10704816
10704815
10704818
10704819
10704820
10704822
10704823
10704824
10704826
10704827
10704828
10704830
10704825
10704833
10704836
10704837
10704846
10704848
10704851
10704853
10704857
10704858
10704861
10704859
10704862
10704864
10704869
10704871
10704872
10704873
10704874
10704877
10704883
10704887
10704888
10704891
10704893
10704894
10704895
10704897
10704899
10704900
10704902
10704905
10704907
10704906
10704908
10704909
10704913
10704914
10704915
10704917
10704919
10704920
10704922
10704923
10704924
10704925
10704937
10704938
10704940
10704941
10704957
10704958
10704959
10704961
10704963
10704964
10704965
10704967
10704970
10704971
10704972
10704973
10704974
10704977
10704978
10704982
10704983
10704981
10704985
10704984
10704993
10704994
10704997
10704996
10704998
10705007
10705009
10705010
10705012
10705014
10705016
10705018
10705019
10705022
10705021
10705024
10705025
10705026
10705028
10705029
10705030
10705031
10705035
10705032
10705034
10705040
10705038
10705043
10705044
10705045
10705048
10705046
10705050
10705051
10705054
10705058
10705060
10705061
10705064
10705071
10705073
10705076
10705078
10705079
10705080
10705083
10705085
10705086
10705088
10705090
10705092
10705094
10705095
10705096
10705098
10705099
10705101
10705102
10705104
10705107
10705112
10705113
10705114
10705117
10705119
10705121
10705122
10705123
10705125
10705127
10705129
10705133
10705134
10705138
10705139
10705141
10705142
10705144
10705145
10705146
10705147
10705149
10705151
10705153
10705154
10705155
10705156
10705158
10705159
10705160
10705163
10705164
10705168
10705166
10705167
10705172
10705174
10705176
10705177
10705181
10705182
10705185
10705186
10705187
10705195
10705196
10705197
10705200
10705201
10705212
10705224
10705226
10705228
10705230
10705231
10705233
10705240
10705241
10705242
10705246
10705249
10705252
10705257
10705258
10705259
10705261
10705262
10705264
10705266
10705269
10705270
10705272
10705273
10705275
10705276
10705277
10705282
10705285
10705286
10705295
10705296
10705297
10705301
10705302
10705303
10705304
10705314
10705327
10705328
10705333
10705341
10705346
10705348
10705353
10705354
10705355
10705357
10705358
10705360
10705362
10705363
10705365
10705368
10705371
10705373
10705374
10705376
10705377
10705378
10705380
10705379
10705381
10705385
10705384
10705388
10705389
10705390
10705392
10705394
10705395
10705397
10705399
10705401
10705402
10705403
10705406
10705408
10705410
10705411
10705412
10705413
10705415
10705417
10705418
10705421
10705422
10705423
10705427
10705428
10705429
10705433
10705434
10705436
10705441
10705445
10705446
10705447
10705450
10705453
10705454
10705455
10705456
10705458
10705460
10705461
10705463
10705464
10705467
10705468
10705470
10705472
10705473
10705476
10705479
10705482
10705489
10705097
10705499
10705501
10705505
10705508
10705512
10705514
10705534
10705537
10705539
10705540
10705542
10705547
10705549
10705551
10705553
10705556
10705557
10705560
10705100
10705578
10705581
10705582
10705586
10705588
10705595
10705601
10705602
10705603
10705604
10705609
10705610
10705613
10705615
10705618
10705619
10705621
10705622
10705624
10705625
10705103
10705644
10705645
10705650
10705652
10705654
10705657
10705659
10705662
10705664
10705665
10705701
10705703
10705705
10705718
10705720
10705721
10705724
10705725
10705732
10705736
10705737
10705740
10705750
10705751
10705753
10705757
10705758
10705763
10705108
10705770
10705772
10705774
10705775
10705777
10705778
10705782
10705787
10705789
10705790
10705109
10705802
10705803
10705805
10705807
10705810
10705817
10705819
10705822
10705825
10705826
10705827
10705828
10705830
10705844
10705850
10705851
10705854
10705866
10705870
10705888
10705893
10705895
10705896
10705905
10705912
10705925
10705927
10705931
10705941
10705942
10705944
10705947
10705956
10705958
10705960
10705968
10705970
10705971
10705987
10705995
10705996
10706001
10706004
10706005
10705118
10706019
10706021
10706022
10706023
10706027
10706029
10706032
10706034
10706038
10706039
10706042
10706041
10706044
10706047
10706049
10706051
10706052
10706053
10706055
10706056
10706057
10706064
10706065
10706066
10706067
10706069
10706072
10706077
10706080
10706081
10706084
10706085
10706087
10706088
10706086
10706092
10706093
10706095
10706094
10706096
10706098
10706100
10706101
10706099
10706103
10706102
10706104
10706107
10706108
10706110
10706109
10706112
10706113
10706114
10706115
10706116
10706117
10706118
10706119
10706121
10706120
10706123
10706124
10706125
10706126
10706127
10706128
10706129
10706130
10706131
10706132
10706134
10706135
10706137
10706138
10706139
10706141
10706142
10706143
10706144
10706145
10706146
10706147
10706148
10706149
10706150
10706152
10706154
10706155
10706156
10706159
10706160
10706158
10706162
10706163
10706164
10706165
10706166
10706167
10706168
10706169
10706170
10706171
10706172
10706173
10706174
10706175
10706176
10705124
10706178
10706179
10706180
10706182
10706184
10706186
10706187
10706188
10706189
10706190
10706191
10706192
10706194
10706195
10706196
10706197
10706198
10706199
10706201
10706202
10706203
10706204
10706205
10706206
10706207
10706208
10706210
10706211
10706212
10706213
10706214
10706215
10706216
10706217
10706218
10706219
10706220
10706222
10706223
10706224
10706226
10706227
10706228
10706230
10706225
10706232
10706231
10706234
10706235
10706236
10706237
10706238
10706240
10706241
10706242
10706243
10706244
10706245
10706247
10706249
10706251
10706250
10706252
10706254
10706255
10706256
10706258
10706259
10706261
10706262
10706263
10706264
10706265
10706266
10706268
10706269
10706270
10706271
10706272
10706273
10706275
10706276
10706277
10706278
10705128
10706279
10706280
10706281
10706282
10706284
10706285
10706283
10706287
10706288
10706290
10706289
10706292
10706293
10706291
10706296
10706294
10706297
10706301
10706302
10706303
10706304
10706305
10706306
10706307
10706308
10706309
10706310
10706311
10706312
10706313
10706314
10706316
10706317
10706318
10706319
10706320
10706321
10706315
10706323
10706324
10706325
10706327
10706328
10705130
10706330
10706331
10706329
10706333
10706334
10706336
10706332
10706335
10706339
10706338
10706341
10706342
10706343
10706345
10706346
10706344
10706348
10706347
10706351
10706352
10706350
10705131
10706354
10706355
10706356
10706357
10706358
10706360
10706361
10706362
10706363
10706364
10706365
10706366
10706367
10706369
10706371
10706370
10706372
10706374
10706375
10706376
10706377
10706378
10706379
10706373
10706380
10706382
10706383
10706384
10706386
10706381
10706388
10706387
10706391
10706392
10706393
10706395
10706396
10706397
10706398
10706399
10706400
10706401
10706402
10706403
10706404
10706406
10706407
10706408
10706405
10706411
10706412
10706410
10706413
10706416
10706417
10706418
10706419
10706421
10706420
10706422
10706424
10706426
10706427
10706428
10706429
10706430
10706431
10706432
10706433
10706434
10706435
10706436
10706437
10706438
10706439
10706440
10706441
10706443
10706444
10706446
10706445
10706448
10706449
10706450
10706447
10706452
10706453
10705135
10706454
10706455
10706457
10706458
10706456
10706460
10706462
10706463
10706465
10706464
10706467
10706468
10706466
10706469
10706471
10706472
10706470
10706474
10706476
10706477
10706478
10706479
10706480
10706481
10706483
10706484
10706485
10706487
10706486
10706489
10706490
10706488
10706492
10706493
10706494
10706495
10706496
10706497
10706498
10706499
10706501
10706500
10706503
10706502
10706505
10706504
10706506
10706508
10706510
10706511
10706512
10706513
10706514
10706515
10706516
10706517
10706518
10706519
10706520
10706521
10706522
10706523
10706524
10706525
10706526
10706527
10706528
10706529
10706530
10706531
10706532
10706533
10706534
10706535
10706536
10706538
10706539
10706541
10706537
10706540
10706544
10706545
10706546
10706547
10706548
10706549
10706550
10706551
10706553
10706554
10706555
10706556
10706557
10706558
10706560
10706561
10706562
10706563
10706559
10706565
10706566
10706567
10706568
10706569
10706570
10706571
10706573
10706574
10706572
10706576
10706575
10706579
10706580
10706581
10705140
10706584
10706582
10706586
10706587
10706583
10706589
10706590
10706591
10706592
10706593
10706594
10706595
10706597
10706599
10706600
10706601
10706602
10706603
10706604
10706605
10706606
10706607
10706608
10706609
10706610
10706611
10706613
10706614
10706615
10706616
10706618
10706617
10706620
10706621
10706622
10706624
10706625
10706626
10706623
10706627
10706628
10706629
10706630
10706632
10706633
10706634
10706635
10706637
10706638
10706639
10706640
10706641
10706642
10706636
10706644
10706645
10706646
10706647
10706648
10706649
10706650
10706651
10706652
10705143
10706654
10706653
10706656
10706655
10706659
10706657
10706661
10706662
10706663
10706665
10706666
10706667
10706668
10706670
10706671
10706672
10706675
10706676
10706677
10706678
10706680
10706681
10706683
10706682
10706685
10706684
10706688
10706689
10706690
10706686
10706692
10706693
10706694
10706695
10706697
10706698
10706696
10706700
10706701
10706702
10706699
10706704
10706705
10706706
10706707
10706708
10706709
10706710
10706712
10706711
10706714
10706715
10706716
10706719
10706720
10706721
10706722
10706724
10706725
10706726
10706728
10706729
10706727
10706730
10706732
10706731
10706734
10706735
10706736
10706737
10706738
10706739
10706741
10706742
10706743
10706740
10706744
10706746
10706747
10706745
10706749
10706750
10706751
10706752
10706753
10706754
10706755
10706756
10706758
10706759
10706760
10706761
10706762
10706763
10706764
10706766
10706768
10706769
10706767
10706771
10706773
10706774
10706770
10706772
10706777
10706779
10706780
10706781
10706782
10706775
10706776
10706786
10706787
10706788
10706789
10706783
10706791
10706793
10706794
10706795
10706790
10706792
10706796
10706799
10706800
10706801
10706797
10706803
10706804
10706805
10706806
10706807
10706809
10706808
10706810
10706812
10706813
10706815
10706814
10706818
10706819
10706820
10706821
10706822
10706824
10706817
10706823
10706827
10706828
10706830
10706831
10706829
10706833
10706834
10706835
10706836
10706838
10706832
10706840
10706841
10706842
10706844
10706845
10706846
10706847
10706848
10706849
10706850
10706851
10706852
10706853
10706855
10706856
10706857
10706858
10706860
10706861
10706859
10706863
10706862
10706866
10706867
10706868
10706869
10706864
10706871
10706870
10706873
10706875
10706876
10706877
10706878
10706879
10706880
10706881
10706882
10706884
10706883
10706886
10706887
10706888
10706889
10706890
10706891
10705152
10706893
10706894
10706896
10706897
10706898
10706899
10706892
10706901
10706902
10706903
10706895
10706905
10706906
10706907
10706908
10706909
10706910
10706911
10706912
10706913
10706914
10706915
10706916
10706917
10706918
10706919
10706920
10706921
10706922
10706923
10706924
10706925
10706926
10706927
10706928
10706929
10706930
10706931
10706932
10706933
10706934
10706935
10706936
10706937
10706939
10706940
10706938
10706941
10706944
10706945
10706943
10706947
10706948
10706949
10706951
10706952
10706950
10706955
10706956
10706953
10706954
10706958
10706959
10706960
10706962
10706963
10706964
10706961
10706967
10706969
10706965
10706966
10706972
10706974
10706975
10706976
10706977
10706973
10706979
10706980
10706981
10706982
10706983
10706984
10706985
10706986
10706987
10706988
10706989
10706990
10706992
10706991
10706994
10706995
10706993
10706997
10706998
10706999
10707000
10706996
10707002
10707003
10707004
10707005
10707006
10707008
10707009
10707007
10707010
10707011
10707013
10707014
10707015
10707016
10707017
10707018
10707019
10707021
10707022
10707020
10707023
10707025
10707024
10707027
10707029
10707026
10707031
10707032
10707033
10707034
10707035
10707036
10707038
10707037
10707040
10707042
10707043
10707044
10707046
10707047
10707048
10707049
10707045
10707051
10707052
10707053
10707054
10707055
10707057
10707058
10707056
10707059
10707061
10707063
10707064
10707065
10707066
10707067
10707068
10707071
10707072
10707073
10707074
10707070
10707076
10707077
10707078
10707080
10707081
10707079
10707082
10707084
10707085
10707086
10707087
10707088
10707090
10707089
10707092
10707093
10707094
10707095
10707096
10707091
10707097
10707099
10707100
10707098
10707102
10707103
10707104
10707105
10707106
10707108
10705161
10707107
10707109
10707110
10707113
10707114
10707115
10707116
10707117
10707112
10707118
10707121
10707122
10707123
10707125
10707124
10707127
10707128
10707130
10707129
10707131
10707132
10705162
10707134
10707135
10707133
10707138
10707140
10707141
10707142
10707143
10707144
10707146
10707147
10707148
10707149
10707150
10707151
10707153
10707154
10707156
10707158
10707159
10707161
10707162
10707160
10707165
10707166
10707167
10707168
10707169
10707170
10707172
10707171
10707174
10707176
10707173
10707178
10707175
10707180
10707181
10707179
10707182
10707183
10707185
10707187
10707188
10707189
10707190
10707192
10707193
10707191
10707196
10707197
10707198
10707199
10707195
10707202
10707200
10707201
10707206
10707205
10707207
10707209
10707211
10707203
10707204
10707214
10707215
10707216
10707217
10707218
10707219
10707212
10707221
10707222
10707223
10707224
10707225
10707226
10707227
10707228
10707229
10707230
10707231
10707232
10707233
10707234
10707235
10707236
10707238
10707237
10707241
10707242
10707239
10707244
10707246
10707247
10707248
10707249
10707250
10707251
10707253
10707252
10707255
10707257
10707254
10707256
10707260
10707258
10707259
10707261
10707262
10707266
10707267
10707268
10707269
10707270
10707272
10707273
10707274
10707276
10707277
10707278
10707271
10707281
10707282
10707275
10707284
10707279
10707280
10707287
10707288
10707283
10707285
10707292
10707286
10707289
10707295
10707296
10707290
10707291
10707299
10707300
10707301
10707297
10707303
10707302
10707305
10707306
10705169
10707307
10707309
10707311
10707312
10707313
10707310
10707317
10707316
10707319
10707320
10707321
10707323
10707324
10707325
10707326
10707318
10707328
10707329
10707330
10707331
10707332
10707334
10707335
10707337
10707338
10707339
10707340
10707342
10707343
10707344
10707345
10707346
10707365
10707376
10705173
10707434
10707436
10707439
10707440
10707441
10707444
10707451
10707452
10707453
10707455
10707458
10707459
10707462
10707464
10707465
10707466
10707467
10707470
10707471
10707473
10707474
10707478
10707488
10707500
10707509
10707510
10707511
10707514
10707523
10707522
10707525
10705178
10707527
10707530
10707532
10707534
10707537
10707539
10707540
10707541
10707543
10707544
10707545
10707546
10707547
10707551
10707555
10707558
10707559
10707562
10707570
10707575
10705180
10707582
10707586
10707592
10707600
10707597
10707616
10707622
10705183
10707662
10705184
10707695
10707696
10707710
10707714
10707723
10707737
10707745
10707752
10707758
10707759
10707764
10707772
10705188
10707798
10705190
10707836
10707846
10707848
10707858
10707861
10707862
10707894
10707896
10707895
10707910
10707911
10707914
10707925
10707937
10707939
10707944
10707947
10707948
10707952
10707955
10707958
10707959
10707964
10707965
10707966
10707967
10707970
10707972
10707973
10707974
10707976
10707978
10707981
10707982
10707986
10707993
10707994
10708001
10708021
10708027
10708028
10708029
10708042
10708043
10708066
10708070
10708077
10708078
10708086
10708088
10708089
10708090
10708092
10708094
10708101
10708102
10708104
10708106
10708109
10708122
10708144
10708146
10708147
10708150
10708153
10708154
10708155
10708156
10708157
10705203
10708160
10708161
10708172
10708179
10708180
10708186
10708188
10705205
10708212
10708214
10708216
10708219
10705206
10708242
10708248
10708250
10708252
10708269
10708300
10708303
10708307
10708311
10708313
10708334
10708339
10708366
10708387
10708394
10705213
10708409
10708416
10708464
10708467
10708474
10708476
10708481
10708485
10708486
10708519
10708549
10708557
10708559
10705221
10708622
10708632
10708633
10705222
10708641
10708643
10708655
10708656
10708660
10708672
10708677
10708680
10708683
10708689
10708697
10708703
10708720
10708722
10708723
10708724
10708727
10708729
10708733
10708739
10708741
10708743
10708744
10708746
10708747
10708753
10708754
10708759
10708763
10708771
10708796
10708797
10708800
10708804
10708808
10705229
10708814
10708821
10708824
10708825
10708839
10708841
10708858
10705234
10708943
10708947
10708950
10708953
10708955
10708969
10708976
10705236
10705237
10709021
10709025
10709026
10709052
10709061
10709076
10709085
10709109
10709147
10709150
10709154
10709158
10709161
10705243
10709171
10705244
10709191
10709192
10709213
10709221
10709222
10709255
10709256
10709280
10705248
10709305
10709315
10709322
10709333
10709340
10709399
10705253
10705254
10709446
10709448
10709450
10709465
10709523
10709526
10709533
10709537
10709569
10709571
10705260
10709610
10709670
10709679
10709691
10709712
10709732
10709735
10709772
10709773
10709776
10709780
10709782
10709783
10709785
10709787
10709789
10709790
10709792
10709793
10709797
10709798
10709800
10709801
10709804
10709807
10709806
10709823
10709825
10709832
10709845
10709854
10709856
10709873
10709895
10709931
10705274
10709946
10709948
10709950
10709951
10709953
10709952
10709955
10709956
10709957
10709959
10709960
10709963
10709961
10709965
10709964
10709968
10709967
10709966
10709969
10709973
10709974
10709975
10709972
10709977
10709978
10709981
10709982
10709983
10709984
10709987
10709986
10709990
10709988
10709989
10709994
10709995
10709996
10709998
10709991
10710000
10710001
10709997
10709999
10710004
10710002
10710003
10710007
10710009
10710010
10710008
10710012
10710011
10710014
10710015
10710013
10710018
10710017
10710019
10710020
10710023
10710024
10710022
10710026
10710027
10710028
10710025
10710030
10710029
10710032
10710034
10710031
10710036
10710037
10710039
10710040
10710035
10710042
10710043
10710044
10710045
10710046
10710047
10710048
10705278
10710050
10710049
10710052
10710053
10710054
10710055
10710056
10710058
10710059
10710057
10710060
10710062
10710064
10710065
10710061
10710068
10710063
10710069
10710070
10710071
10705279
10710074
10710075
10710076
10710077
10710073
10710080
10710081
10710082
10710084
10710086
10710087
10710089
10710088
10710092
10710093
10710095
10710096
10710094
10710097
10710099
10710100
10710101
10710103
10710105
10710106
10710107
10710108
10710109
10710111
10710112
10710113
10710114
10710115
10710116
10710117
10710118
10710119
10710120
10710121
10710122
10710124
10710123
10710126
10710127
10705281
10710129
10710128
10710131
10710132
10710133
10710134
10710135
10710136
10710137
10710138
10710139
10710142
10710143
10710144
10710141
10710146
10710147
10710148
10710150
10710149
10710152
10710153
10710155
10710151
10710154
10710159
10710158
10710161
10710162
10710160
10710164
10710163
10710157
10710167
10710168
10710165
10710166
10710172
10710169
10710175
10710176
10710170
10710178
10710179
10710180
10710181
10710182
10710183
10710185
10710184
10710187
10710188
10710189
10710190
10710191
10710192
10710193
10710194
10710195
10710196
10710494
10710198
10710199
10710200
10710201
10710203
10710204
10710205
10710207
10710208
10710206
10710210
10710209
10710212
10710211
10710214
10710215
10710216
10710217
10710218
10710219
10710221
10710222
10710223
10710220
10710227
10710228
10710229
10710230
10710232
10710231
10710234
10710235
10710236
10710237
10710233
10710240
10710241
10710238
10710243
10710245
10710246
10710247
10710248
10710250
10710251
10710252
10710253
10710254
10710255
10710256
10710257
10710258
10710259
10710261
10710262
10710263
10710265
10710266
10710267
10710268
10710270
10710269
10710271
10710272
10710274
10710275
10710273
10710277
10710278
10710279
10710276
10710280
10710281
10710282
10710285
10710286
10710287
10710288
10710289
10710290
10710291
10710292
10710293
10710295
10710296
10710297
10710298
10710299
10710300
10710294
10710301
10705288
10710304
10710305
10710306
10710307
10710308
10710309
10710310
10710312
10710313
10710314
10710315
10710316
10710319
10710321
10710322
10710323
10710326
10710320
10710324
10710327
10710328
10710331
10710332
10710325
10710334
10710335
10710336
10710337
10710338
10710340
10710341
10710342
10710343
10710344
10710346
10710347
10710348
10710350
10710351
10710352
10710349
10705290
10710354
10710356
10710357
10710358
10710355
10710360
10710361
10710362
10710363
10710359
10710366
10710367
10710368
10710369
10710370
10710371
10710372
10710373
10710375
10710376
10710377
10710378
10705291
10710379
10710381
10710382
10710380
10710384
10710385
10710386
10710388
10710389
10710390
10710383
10710392
10710393
10710394
10710396
10710395
10710397
10710399
10710400
10710402
10710403
10705292
10710406
10710407
10710408
10710409
10710410
10710411
10710404
10710413
10710414
10710415
10710417
10710416
10710418
10710420
10710421
10710422
10710423
10710424
10710425
10710426
10710427
10710428
10705293
10710429
10710430
10710432
10710433
10710434
10710435
10710437
10710438
10710439
10710440
10710442
10710436
10710441
10710443
10710447
10710448
10710449
10710450
10710444
10710452
10705294
10710454
10710456
10710457
10710458
10710455
10710460
10710459
10710463
10710464
10710465
10710467
10710462
10710469
10710466
10710472
10710473
10710471
10710475
10710476
10710478
10710479
10710480
10710481
10710483
10710484
10710485
10710487
10710488
10710489
10710490
10710492
10710491
10710493
10710495
10710497
10710498
10710499
10710500
10710501
10710502
10710503
10710504
10710506
10710507
10710508
10710509
10710505
10710511
10710512
10710510
10710514
10710515
10710513
10710517
10710516
10710519
10710520
10710521
10710523
10710524
10710522
10710527
10710528
10710526
10710530
10710532
10710525
10710534
10710535
10710536
10710537
10710538
10710539
10710540
10710541
10710542
10710544
10710545
10710546
10710548
10710549
10710551
10710552
10710553
10705298
10710554
10710555
10710557
10710558
10710559
10710556
10710561
10710563
10710560
10710565
10710566
10710568
10710569
10710570
10710572
10710573
10710571
10710574
10710576
10710578
10705299
10710579
10710575
10710580
10710583
10710584
10710585
10710587
10710588
10710589
10710590
10710586
10710591
10710594
10710593
10710595
10710597
10710598
10710599
10710600
10710601
10710602
10710604
10710605
10710606
10710608
10710603
10710607
10710611
10710612
10710609
10710614
10710615
10710616
10710618
10710619
10710620
10710617
10710622
10710623
10710624
10710625
10710626
10710627
10710621
10710629
10710630
10710631
10710633
10710634
10710635
10710637
10710638
10710639
10710636
10710641
10710642
10710644
10710643
10710647
10710645
10710649
10710648
10710650
10710651
10710652
10710653
10710654
10710656
10710655
10710657
10710660
10710661
10710663
10710664
10710659
10710666
10710667
10710662
10710668
10710670
10710671
10710672
10710673
10710674
10710675
10710676
10710677
10710678
10710679
10710680
10710681
10710682
10710683
10710684
10710685
10710687
10710686
10710688
10710689
10710691
10710692
10710694
10710693
10710696
10710697
10710695
10710699
10710698
10710700
10710701
10710703
10710704
10710705
10710707
10710708
10710709
10710710
10710711
10710713
10710714
10710715
10710712
10710718
10710719
10710716
10710721
10710720
10710723
10710722
10710725
10710726
10710727
10705305
10710729
10710728
10710731
10710730
10710732
10710733
10710735
10710737
10710738
10710736
10710740
10710742
10710743
10710741
10710745
10710748
10710747
10710749
10710751
10710750
10705306
10710754
10710756
10710757
10710752
10710753
10710755
10710761
10710762
10710764
10710763
10710766
10710767
10710769
10710770
10710768
10710772
10710774
10710773
10710776
10710777
10705307
10710778
10710780
10710775
10710779
10710783
10710784
10710785
10710786
10710788
10710787
10710790
10710789
10710793
10710794
10710795
10710796
10710797
10710799
10710800
10705308
10710801
10710803
10710805
10710806
10710802
10710804
10710807
10710811
10710808
10710813
10710809
10710815
10710816
10710817
10710819
10710820
10710822
10710823
10710818
10710825
10710826
10705309
10710827
10710828
10710829
10710830
10710833
10710834
10710835
10710836
10710838
10710832
10710841
10710837
10710843
10710842
10710845
10710846
10710849
10710850
10710847
10705310
10710848
10710853
10710854
10710852
10710856
10710855
10710858
10710857
10710860
10710861
10710859
10710863
10710864
10710866
10710869
10710870
10710871
10710873
10710874
10710875
10710877
10710878
10710879
10710880
10710881
10710882
10710883
10710884
10710885
10710886
10710887
10710888
10710890
10710889
10710891
10710892
10710894
10710893
10710895
10710897
10710898
10710900
10710896
10710902
10710903
10710899
10705312
10710901
10710904
10710907
10710908
10710909
10710910
10710912
10710913
10710915
10710916
10710917
10710919
10710920
10710921
10710922
10710923
10710925
10710926
10710927
10710928
10705313
10710929
10710930
10710932
10710934
10710935
10710936
10710937
10710939
10710941
10710942
10710943
10710945
10710938
10710944
10710949
10710948
10710946
10710947
10710953
10710954
10710955
10710956
10710959
10710960
10710957
10710962
10710963
10710964
10710965
10710966
10710968
10710970
10710969
10710972
10710974
10710973
10710975
10710977
10710978
10710979
10710980
10710981
10710982
10710983
10705315
10710984
10710985
10710986
10710988
10710987
10710991
10710989
10710990
10710992
10710995
10710993
10710996
10710997
10710998
10710999
10711001
10711002
10711003
10711004
10711005
10711000
10711007
10705316
10711008
10711009
10711010
10711012
10711013
10711014
10711011
10711015
10711017
10711016
10711018
10711019
10711021
10711022
10711023
10711025
10711024
10711026
10711027
10711029
10711030
10711031
10705317
10711033
10711034
10711028
10711036
10711038
10711037
10711040
10711039
10711041
10711044
10711042
10711045
10711047
10711048
10711049
10711052
10711050
10711054
10711053
10711056
10711055
10711058
10711060
10711057
10711062
10711063
10711064
10711065
10711066
10711068
10711070
10711067
10711072
10711073
10711074
10711069
10711075
10711076
10711078
10711079
10711077
10711081
10711082
10711080
10705319
10711084
10711083
10711085
10711086
10711089
10711087
10711091
10711088
10711093
10711094
10711095
10711096
10711097
10711100
10711099
10711102
10711103
10711104
10711101
10711106
10705320
10711107
10711109
10711111
10711108
10711113
10711114
10711110
10711112
10711118
10711119
10711121
10711122
10711123
10711124
10711120
10711128
10711129
10711125
10711132
10711127
10705321
10711134
10711135
10711130
10711137
10711138
10711139
10711140
10711141
10711142
10711144
10711147
10711148
10711149
10711145
10711150
10711152
10711151
10711155
10711156
10711157
10711158
10705322
10711159
10711160
10711161
10711162
10711164
10711163
10711166
10711168
10711169
10711170
10711171
10711172
10711173
10711174
10711167
10711176
10711177
10711175
10711180
10711181
10711179
10711183
10705323
10711184
10711185
10711186
10711188
10711189
10711191
10711190
10711193
10711187
10711195
10711196
10711197
10711192
10711199
10711198
10711202
10711201
10711204
10711205
10711203
10711206
10705324
10711210
10711212
10711213
10711214
10711216
10711217
10711218
10711215
10711220
10711219
10711221
10711223
10711224
10711222
10711226
10711227
10711228
10711229
10711230
10711232
10711233
10705325
10711234
10711236
10711237
10711239
10711241
10711240
10711243
10711244
10711242
10711246
10711249
10711251
10711252
10711253
10711254
10711256
10711258
10705326
10711259
10711261
10711262
10711260
10711263
10711264
10711265
10711269
10711270
10711271
10711272
10711273
10711274
10711275
10711277
10711278
10711279
10711280
10711281
10711283
10711284
10711285
10711286
10711282
10711287
10711290
10711292
10711293
10711294
10711296
10711295
10711297
10711298
10711299
10711300
10711303
10711304
10711306
10711301
10711308
10711309
10711311
10711307
10711310
10711312
10711315
10711317
10711318
10711319
10711320
10711314
10711322
10711316
10711326
10711327
10711328
10711329
10711330
10711325
10711331
10711333
10705329
10711332
10711336
10711338
10711339
10711340
10711334
10711342
10711341
10711344
10711345
10711346
10711347
10711348
10711343
10711350
10711351
10711352
10711353
10711354
10711355
10711356
10711357
10705330
10711359
10711358
10711362
10711363
10711364
10711365
10711366
10711367
10711368
10711370
10711371
10711372
10711369
10711374
10711373
10711377
10711376
10711379
10711380
10711375
10711378
10711381
10705331
10711384
10711385
10711382
10711388
10711389
10711390
10711391
10711392
10711386
10711394
10711393
10711396
10711398
10711397
10711399
10711401
10711402
10711403
10711404
10711400
10711407
10711408
10711406
10711410
10711411
10711405
10711409
10711414
10711415
10711417
10711413
10711416
10711418
10711419
10711421
10711422
10711423
10711424
10711426
10711425
10711427
10711429
10711428
10711430
10711431
10711433
10711434
10711435
10711436
10711438
10711437
10711439
10711441
10711442
10711440
10711443
10711444
10711445
10711446
10711448
10711447
10711450
10711451
10711449
10711453
10711454
10711455
10711456
10711457
10711458
10705334
10711459
10711460
10711461
10711464
10711465
10711462
10711466
10711468
10711470
10711471
10711472
10711473
10711474
10711469
10711475
10711477
10711478
10711479
10711480
10711482
10711483
10711476
10711484
10711485
10711487
10711486
10711488
10711490
10711491
10711492
10711493
10711489
10711494
10711496
10711497
10711495
10711499
10711500
10711503
10711504
10711502
10711506
10711507
10711508
10711509
10711510
10711511
10711512
10711513
10711514
10711516
10711517
10711519
10711520
10711522
10711521
10711524
10711523
10711527
10711528
10711529
10711530
10711531
10711532
10711533
10711534
10711535
10711536
10711537
10711538
10711539
10711540
10711541
10711542
10711543
10711544
10711545
10711546
10711547
10711548
10711549
10711550
10711551
10711552
10711554
10711555
10711556
10711557
10705338
10711559
10711558
10711560
10711562
10711563
10711565
10711564
10711567
10711569
10711566
10711570
10711572
10711571
10711574
10711575
10711568
10711578
10711579
10711580
10711581
10711582
10711583
10711584
10711585
10711586
10711588
10711589
10711590
10711591
10711592
10711593
10711594
10711595
10711596
10711597
10711598
10711599
10711601
10711600
10711602
10711604
10711605
10711606
10711607
10711609
10711608
10711610
10711612
10711614
10711615
10711613
10711617
10711618
10711616
10711620
10711621
10711623
10711624
10711625
10711626
10711627
10711629
10711630
10711631
10711632
10711634
10711635
10711633
10711637
10711639
10711638
10711636
10711642
10711640
10711643
10711645
10711646
10711647
10711648
10711649
10711651
10711652
10711653
10711654
10711656
10711657
10711658
10711660
10711662
10711663
10711664
10711665
10711666
10711667
10711668
10711669
10711670
10711671
10711673
10711674
10711672
10711675
10711677
10711679
10711680
10711681
10711682
10705343
10711684
10711686
10711687
10711689
10711690
10711688
10711692
10711694
10711693
10711695
10711697
10711696
10711700
10711701
10711702
10711698
10711703
10711706
10711707
10711709
10711708
10711704
10711712
10705344
10711714
10711713
10711715
10711717
10711719
10711718
10711720
10711721
10711723
10711724
10711722
10711727
10711729
10711730
10711731
10711732
10711733
10711734
10711728
10711736
10711739
10711740
10711741
10711738
10711743
10711745
10711746
10711747
10711748
10711749
10711750
10711751
10711754
10711755
10711756
10711757
10711759
10711760
10711761
10711762
10711763
10711764
10711766
10711767
10711765
10711769
10711768
10711771
10711772
10711774
10711775
10711776
10711773
10711779
10711777
10711781
10711778
10711784
10711785
10711782
10711787
10705347
10711788
10711789
10711792
10711794
10711795
10711796
10711790
10711791
10711793
10711800
10711797
10711802
10711803
10711805
10711798
10711799
10711809
10711810
10711806
10711807
10711808
10711815
10711811
10711812
10711818
10711819
10711813
10711822
10711814
10711820
10711825
10711821
10711823
10711828
10711824
10711830
10711831
10711832
10711833
10711834
10711835
10711836
10711837
10705349
10711838
10711839
10711840
10711842
10711843
10711846
10711844
10711845
10711847
10711850
10711848
10711852
10711853
10711849
10711854
10711855
10711857
10711858
10711859
10711860
10711861
10711862
10711863
10711865
10711866
10711867
10711868
10711869
10711870
10711871
10711872
10711873
10711874
10711876
10711875
10711879
10711880
10711881
10711882
10711883
10711885
10711886
10711884
10711887
10711890
10711889
10711892
10711893
10711894
10711895
10711896
10711897
10711898
10711891
10711900
10711901
10711902
10711903
10711904
10711905
10711899
10711907
10711908
10711909
10711911
10711912
10711913
10711914
10711915
10711916
10711917
10711918
10711910
10711920
10711921
10711922
10711923
10711924
10711925
10711926
10711927
10711929
10711930
10711931
10711932
10711933
10711935
10711934
10711937
10711938
10711940
10711936
10711942
10711943
10711945
10711944
10711947
10711948
10711950
10711951
10711946
10711953
10711954
10711955
10711957
10711958
10711959
10711961
10711960
10711962
10711964
10711966
10711965
10711968
10711970
10711971
10711972
10711973
10711974
10711975
10711976
10711977
10711978
10711979
10711981
10711980
10711983
10711982
10711985
10711987
10711986
10711989
10711990
10711992
10711993
10711991
10711995
10711996
10711997
10711998
10711999
10712000
10712001
10711994
10712003
10712002
10712005
10712006
10712007
10712008
10712009
10712010
10712011
10712012
10712013
10712015
10712016
10712017
10712018
10712014
10712020
10712021
10712022
10712024
10712025
10712026
10712027
10712028
10712029
10712031
10712032
10712033
10712030
10712035
10712037
10712034
10712039
10712036
10712042
10712038
10712041
10712044
10712046
10712045
10712048
10712047
10712050
10712049
10712053
10712054
10712055
10712057
10712058
10712056
10712061
10712060
10712062
10712063
10712066
10712067
10712068
10712065
10712071
10712072
10712070
10712075
10712076
10712078
10712079
10712081
10712082
10712084
10712085
10712086
10712087
10712089
10712091
10712092
10712093
10712094
10712095
10712096
10712090
10712099
10712097
10712098
10712102
10712103
10712104
10712105
10712107
10712108
10712109
10712106
10712112
10712113
10712114
10712115
10712110
10712111
10712118
10712119
10712120
10712122
10712123
10712124
10712125
10712121
10712128
10712129
10712131
10712132
10712126
10712130
10712133
10712134
10712136
10712138
10705361
10712139
10712140
10712142
10712141
10712144
10712145
10712147
10712143
10712149
10712150
10712148
10712152
10712153
10712154
10712155
10712156
10712157
10712158
10712159
10712161
10712162
10712163
10712164
10712165
10712166
10712167
10712168
10712169
10712170
10712171
10712172
10712173
10712174
10712175
10712177
10712178
10712179
10712180
10712181
10712183
10712184
10712185
10712186
10712187
10712188
10712189
10712190
10712192
10712193
10712194
10712191
10712196
10712197
10712198
10712199
10712200
10712201
10712202
10712203
10712204
10712205
10712206
10712208
10712209
10712210
10712211
10712207
10712214
10712215
10712217
10712216
10712219
10712220
10712221
10712222
10712223
10712224
10712225
10712227
10712229
10712230
10712232
10712233
10712234
10712235
10712236
10712238
10712237
10712240
10712242
10712241
10712244
10712245
10712239
10712247
10712243
10712249
10712250
10712251
10712252
10712253
10712254
10712246
10712256
10712257
10712258
10712255
10712260
10712261
10712262
10712263
10705366
10712264
10712265
10712266
10712267
10712268
10712270
10712269
10712271
10712273
10712274
10712275
10712276
10712277
10712278
10712279
10712280
10712281
10712282
10712283
10712285
10712286
10712287
10712288
10712289
10712291
10712292
10712293
10712294
10712295
10712296
10712297
10712298
10712299
10712300
10712301
10712302
10712303
10712304
10712305
10712307
10712309
10712310
10712311
10712312
10712314
10712315
10712316
10712317
10712318
10712319
10712320
10712321
10712322
10712323
10712324
10712325
10712326
10712328
10712329
10712330
10712332
10712333
10712334
10712335
10712336
10712337
10712338
10705369
10712339
10712340
10712341
10712343
10712342
10712345
10712346
10712344
10712348
10712347
10712350
10712351
10712349
10712353
10712354
10712355
10712356
10712357
10712358
10712359
10712361
10712362
10712363
10712364
10712365
10712366
10712367
10712368
10712369
10712370
10712371
10712372
10712373
10712374
10712376
10712377
10712378
10712380
10712381
10712382
10712383
10712384
10712385
10712386
10712387
10712388
10712389
10712390
10712391
10712392
10712393
10712395
10712396
10712397
10712398
10712399
10712401
10712402
10712403
10712406
10712407
10712408
10712409
10712410
10712412
10712414
10712415
10712416
10712417
10712418
10712419
10712420
10712421
10712422
10712423
10712424
10712425
10712426
10712427
10712428
10712430
10712431
10712432
10712433
10712434
10712435
10712436
10712437
10712439
10712441
10712442
10712443
10712444
10712445
10712446
10712447
10712448
10712449
10712450
10712451
10712452
10712453
10712456
10712457
10712458
10712459
10712460
10712461
10712462
10712463
10712465
10712466
10712467
10712468
10712469
10712470
10712471
10712472
10712473
10712474
10712475
10712476
10712477
10712479
10712480
10712481
10712482
10712483
10712484
10712485
10712486
10712487
10712488
10712489
10712490
10712491
10712492
10705375
10712494
10712495
10712496
10712497
10712499
10712500
10712501
10712502
10712503
10712504
10712505
10712506
10712507
10712508
10712509
10712510
10712511
10712513
10712514
10712515
10712516
10712517
10712518
10712520
10712521
10712523
10712524
10712525
10712526
10712527
10712528
10712529
10712530
10712531
10712532
10712533
10712534
10712535
10712536
10712537
10712538
10712539
10712540
10712541
10712542
10712543
10712544
10712545
10712546
10712547
10712548
10712549
10712550
10712551
10712552
10712553
10712554
10712555
10712556
10712557
10712558
10712559
10712561
10712562
10712563
10712564
10712565
10712566
10712567
10712568
10712569
10712570
10712571
10712572
10712573
10712574
10712575
10712576
10712577
10712578
10712579
10712580
10712581
10712582
10712583
10712584
10712585
10712586
10712587
10712588
10712589
10712590
10712591
10712592
10712593
10712594
10712595
10712596
10712597
10712598
10712599
10712600
10712601
10712602
10712603
10712604
10712605
10712606
10712607
10712608
10712609
10712610
10712612
10712613
10712614
10712615
10712616
10712617
10712618
10712619
10712620
10712621
10712622
10712623
10712624
10712625
10712626
10712627
10712628
10712629
10712630
10712631
10712632
10712633
10712634
10712635
10712636
10712637
10712638
10712639
10712640
10712641
10712642
10712644
10712645
10712646
10712647
10712648
10712649
10712650
10712651
10712652
10712653
10712654
10712655
10712656
10712657
10712658
10712659
10712660
10712661
10712662
10712663
10712664
10712665
10712666
10712667
10712669
10712670
10712671
10712672
10712673
10712674
10712675
10712676
10712677
10712678
10712679
10712680
10712681
10712682
10712683
10712684
10712685
10712686
10712687
10712688
10712689
10712690
10712691
10712692
10712694
10712695
10712696
10712697
10712698
10712699
10712700
10712701
10712702
10712703
10712704
10712705
10712706
10712707
10712708
10712710
10712711
10712712
10712715
10712716
10712717
10712718
10712719
10712720
10712721
10712723
10712724
10712725
10712726
10712727
10712728
10712729
10712730
10712731
10712732
10712733
10712734
10712736
10712737
10712739
10712740
10712741
10712742
10712743
10712744
10712745
10712746
10712747
10712748
10712749
10712750
10712751
10712752
10712753
10712754
10712755
10712756
10712757
10712758
10712759
10712760
10712761
10712762
10712764
10712766
10712767
10712768
10712769
10712771
10712772
10712773
10712775
10712776
10712777
10712778
10712779
10712780
10712781
10712782
10712783
10712784
10712785
10712786
10712787
10712788
10712789
10712791
10712793
10712794
10712795
10712796
10712797
10712798
10712799
10712800
10712802
10712803
10712801
10712805
10712806
10712807
10712808
10712809
10712810
10712811
10712812
10712813
10712814
10712815
10712816
10712817
10712818
10712819
10712821
10712823
10712824
10712825
10712827
10712829
10712830
10712831
10712832
10712833
10712834
10712835
10712836
10712837
10712838
10712839
10712840
10712841
10712842
10712843
10712844
10712845
10712846
10712848
10712847
10712850
10712851
10712852
10712853
10712854
10712855
10712856
10712857
10712858
10712859
10712860
10712861
10712862
10712863
10712864
10712865
10712866
10712867
10712868
10712869
10712870
10712871
10712872
10712873
10712874
10712875
10712876
10712877
10712878
10712879
10712880
10712881
10712882
10712883
10712884
10712885
10712886
10712887
10712888
10712889
10712890
10712891
10712892
10712893
10712894
10712895
10712896
10712897
10712898
10712899
10712900
10712901
10712902
10712903
10712904
10712905
10712906
10712909
10712910
10712911
10712912
10712913
10712907
10712915
10712916
10712917
10712918
10712919
10712920
10712921
10712922
10712924
10712925
10712926
10712927
10712928
10712929
10712930
10712931
10712932
10712933
10712934
10712935
10712936
10712937
10712938
10712939
10712940
10712941
10712942
10712943
10712944
10712945
10712946
10712947
10712948
10712949
10712950
10712951
10712952
10712953
10712954
10712955
10712956
10712957
10712958
10712959
10712960
10712961
10712962
10712963
10712964
10712965
10712966
10712967
10712968
10712969
10712970
10712971
10712972
10712973
10712974
10712975
10712976
10712977
10712978
10712979
10712980
10712981
10712982
10712984
10712986
10712987
10712988
10712989
10712990
10712991
10712992
10712993
10712994
10712995
10712996
10712997
10712998
10712999
10713000
10713001
10713002
10713003
10713004
10713005
10713006
10713007
10713008
10713009
10713010
10713011
10713013
10713014
10713016
10713017
10713018
10713019
10713021
10713022
10713024
10713026
10713027
10713028
10713029
10713030
10713031
10713032
10713033
10713034
10713035
10713036
10713037
10713040
10713041
10713042
10713043
10713044
10713045
10713047
10713049
10713051
10713052
10713054
10713055
10713056
10713057
10713058
10713059
10713060
10713061
10713062
10713063
10713064
10713065
10713066
10713067
10713068
10713069
10713070
10713071
10713072
10713073
10713074
10713075
10713076
10713077
10713079
10713080
10713081
10713082
10713083
10713084
10713085
10713086
10713087
10713088
10713090
10713091
10713092
10713093
10713094
10713095
10713096
10713097
10713098
10713099
10713100
10713101
10713102
10713103
10713104
10713105
10713106
10713107
10713108
10713109
10713110
10713112
10713113
10713114
10713115
10713116
10713117
10713118
10713119
10713121
10713122
10713123
10713124
10713125
10713126
10713127
10713128
10713129
10713130
10713132
10713133
10713134
10713135
10713131
10713137
10713138
10713139
10713140
10713141
10713142
10713143
10713144
10713145
10713146
10713147
10713148
10713149
10713150
10713151
10713153
10713154
10713155
10713156
10713157
10713158
10713159
10713160
10713161
10713163
10713164
10713165
10713166
10713167
10713168
10713169
10713170
10713171
10713172
10713173
10713174
10713175
10713176
10713177
10713178
10713179
10713180
10713181
10713182
10713183
10713184
10713186
10713187
10713188
10713190
10713191
10713192
10713193
10713194
10713196
10713199
10713200
10713202
10713203
10713204
10713205
10713206
10713207
10713208
10713209
10713210
10713211
10713212
10713213
10713214
10713215
10713216
10713217
10713218
10713219
10713220
10713221
10713222
10713223
10713224
10713225
10713226
10713227
10713228
10713229
10713230
10713231
10713232
10713233
10713234
10713235
10713236
10713238
10713239
10713240
10713241
10713242
10713243
10713244
10713245
10713246
10713247
10713248
10713250
10713251
10713252
10713253
10713254
10713255
10713256
10713257
10713258
10713259
10713261
10713263
10713264
10713266
10713267
10713268
10713269
10713270
10713271
10713272
10713273
10713274
10713275
10713276
10713277
10713278
10713279
10713281
10713282
10713283
10713284
10713285
10713287
10713288
10713289
10713290
10713291
10713292
10713293
10713294
10713296
10713297
10713298
10713299
10713300
10713301
10713302
10713303
10713304
10713305
10713306
10713308
10713309
10713310
10713311
10713313
10713314
10713315
10713316
10713317
10713318
10713319
10713321
10713323
10713326
10713327
10713328
10713329
10713330
10713332
10713333
10713334
10713335
10713336
10713337
10713338
10713339
10713340
10713341
10713342
10713345
10713346
10713347
10713348
10713349
10713350
10713351
10713352
10713354
10713355
10713356
10713357
10713359
10713361
10713362
10713363
10713364
10713365
10713367
10713368
10713369
10713370
10713371
10713372
10713373
10713374
10713375
10713376
10713377
10713378
10713379
10713380
10713381
10713382
10713383
10713384
10713385
10713386
10713387
10713388
10713389
10713390
10713391
10713393
10713394
10713395
10713396
10713397
10713398
10713399
10713400
10713401
10713402
10713403
10713406
10713407
10713408
10713409
10713410
10713411
10713413
10713414
10713415
10713416
10713417
10713418
10713419
10713420
10713421
10713422
10713423
10713424
10713425
10713426
10713427
10713429
10713430
10713431
10713432
10713433
10713434
10713435
10713436
10713437
10713438
10713439
10713440
10713441
10713442
10713443
10713444
10713445
10713446
10713447
10713448
10713451
10713452
10713453
10713454
10713455
10713456
10713457
10713458
10713459
10713460
10713461
10713462
10713463
10713464
10713465
10713466
10713467
10713468
10713469
10713470
10713471
10713472
10713473
10713474
10713475
10713476
10713477
10713478
10713479
10713480
10713482
10713483
10713484
10713485
10713486
10713487
10713488
10713490
10713491
10713492
10713494
10713495
10713497
10713499
10713500
10713501
10713503
10713504
10713505
10713506
10713507
10713508
10713509
10713510
10713511
10713512
10713513
10713514
10713515
10713516
10713517
10713518
10713519
10713520
10713521
10713522
10713523
10713524
10713525
10713527
10713528
10713529
10713530
10713531
10713532
10713533
10713535
10713536
10713537
10713538
10713539
10713540
10713541
10713542
10713543
10713544
10713545
10713546
10713548
10713549
10713550
10713551
10713552
10713553
10713554
10713555
10713556
10713557
10713558
10713559
10713560
10713561
10713562
10713563
10713564
10713566
10713567
10713568
10713569
10713570
10713571
10713572
10713573
10713574
10713575
10713576
10713577
10713578
10713580
10713581
10713582
10713583
10713584
10713585
10713586
10713588
10713589
10713590
10713591
10713592
10713593
10713594
10713595
10713596
10713598
10713599
10713600
10713601
10713602
10713603
10713604
10713605
10713606
10713607
10713608
10713609
10713610
10713611
10713612
10713613
10713614
10713616
10713617
10713618
10713619
10713620
10713622
10713623
10713624
10713625
10713626
10713627
10713628
10713629
10713630
10713631
10713632
10713633
10713634
10713635
10713636
10713637
10713638
10713639
10713640
10713641
10713642
10713643
10713644
10713645
10713646
10713647
10713648
10713649
10713650
10713651
10713654
10713655
10713656
10713658
10713659
10713660
10713661
10713662
10713663
10713664
10713665
10713666
10713667
10713668
10713669
10713670
10713671
10713672
10713673
10713675
10713676
10713677
10713678
10713679
10713680
10713681
10713683
10713684
10713686
10713687
10713688
10713689
10713690
10713691
10713692
10713694
10713695
10713696
10713697
10713698
10713699
10713701
10713702
10713703
10713704
10713705
10713706
10713707
10713708
10713709
10713710
10713711
10713712
10713713
10713714
10713715
10713716
10713717
10713718
10713720
10713721
10713722
10713723
10713724
10713725
10713726
10713727
10713728
10713729
10713730
10713732
10713733
10713734
10713735
10713736
10713737
10713738
10713739
10713740
10713741
10713742
10713744
10713745
10713746
10713747
10713748
10713749
10713751
10713752
10713753
10713754
10713755
10713757
10713758
10713759
10713761
10713763
10713764
10713765
10713766
10713767
10713768
10713769
10713770
10713771
10713773
10713774
10713775
10713776
10713777
10713778
10713779
10713780
10713781
10713782
10713783
10713784
10713785
10713786
10713787
10713788
10713789
10713790
10713792
10713794
10713797
10713798
10713799
10713800
10713801
10713802
10713803
10713804
10713805
10713806
10713809
10713810
10713812
10713814
10713815
10713816
10713817
10713818
10713819
10713820
10713824
10713826
10713828
10713829
10713830
10713831
10713832
10713833
10713834
10713835
10713836
10713837
10713838
10713839
10713840
10713841
10713842
10713843
10713844
10713846
10713847
10713848
10713849
10713850
10713851
10713852
10713853
10713854
10713855
10713856
10713857
10713859
10713861
10713862
10713863
10713864
10713865
10713866
10713867
10713868
10713869
10713870
10713871
10713873
10713874
10713875
10713876
10713877
10713878
10713879
10713880
10713881
10713882
10713883
10713884
10713885
10713886
10713888
10713889
10713890
10713891
10713892
10713893
10713894
10713895
10713896
10713897
10713898
10713899
10713900
10713901
10713902
10713903
10713904
10713905
10713906
10713907
10713908
10713909
10713910
10713911
10713912
10713913
10713914
10713915
10713916
10713917
10713918
10713919
10713920
10713921
10713922
10713923
10713924
10713925
10713926
10713927
10713929
10713930
10713931
10713933
10713936
10713937
10713938
10713939
10713940
10713941
10713942
10713943
10713946
10713947
10713948
10713949
10713950
10713951
10713952
10713954
10713955
10713956
10713957
10713958
10713959
10713960
10713961
10713962
10713963
10713964
10713965
10713966
10713967
10713969
10713970
10713971
10713972
10713973
10713974
10713975
10713976
10713977
10713978
10713979
10713980
10713981
10713982
10713983
10713985
10713986
10713987
10713988
10713989
10713990
10713992
10713993
10713994
10713995
10713996
10713997
10713998
10713999
10714000
10714001
10714002
10714003
10714004
10714005
10714006
10714007
10714008
10714009
10714010
10714011
10714012
10714013
10714014
10714015
10714016
10714017
10714018
10714019
10714020
10714021
10714022
10714024
10714025
10714026
10714027
10714028
10714029
10714031
10714032
10714033
10714034
10714035
10714036
10714037
10714038
10714039
10714040
10714041
10714042
10714043
10714044
10714045
10714046
10714047
10714048
10714049
10714050
10714051
10714052
10714053
10714054
10714055
10714056
10714058
10714059
10714060
10714061
10714062
10714063
10714064
10714065
10714066
10714067
10714068
10714069
10714070
10714071
10714072
10714073
10714074
10714075
10714076
10714077
10714078
10714079
10714080
10714081
10714082
10714083
10705003
10705008
10705011
10705017
10705020
10705033
10705041
10705049
10705052
10705056
10705057
10705070
10705072
10705074
10705075
10705077
10705081
10705082
10705084
10705087
10705116
10705157
10705165
10705175
10705192
10705194
10705198
10705209
10705210
10705215
10705216
10705227
10705232
10705235
10705251
10705268
10705280
10705283
10705287
10705289
10705335
10705336
10705337
10705339
10705340
10705342
10705345
10705350
10705351
10705359
10705367
10705370
10705382
10705383
10705386
10705387
10705391
10705393
10705398
10705400
10705404
10705405
10705407
10705409
10706425
10705414
10705416
10705419
10705420
10705425
10705426
10705430
10705431
10705432
10705435
10705437
10705438
10705439
10705440
10705442
10705443
10705444
10705448
10705451
10705452
10705457
10705459
10705465
10705466
10705469
10705471
10705474
10705475
10705478
10705480
10705481
10705484
10705485
10705486
10705487
10705488
10705490
10705491
10705492
10705493
10705496
10705497
10705498
10705502
10705503
10705504
10705506
10705507
10705509
10705510
10705511
10705513
10705515
10705516
10705517
10705518
10705519
10705522
10705523
10705524
10705525
10705526
10705527
10705528
10705529
10705530
10705531
10705532
10705535
10705536
10705543
10705544
10705545
10705548
10705550
10705555
10705559
10705561
10705562
10705563
10705564
10705565
10705566
10705567
10705568
10705569
10705570
10705572
10705573
10705574
10705575
10705576
10705577
10705583
10705584
10705587
10705590
10705591
10705592
10705593
10705594
10705596
10705597
10705598
10705599
10705600
10705605
10705606
10705607
10705608
10705611
10705612
10705614
10705617
10705620
10705626
10705627
10705628
10705629
10705630
10705631
10705632
10705633
10705634
10705635
10705636
10705637
10705638
10705639
10705640
10705641
10705642
10705643
10705646
10705647
10705648
10705649
10705651
10705653
10705655
10705656
10705660
10705661
10705663
10705666
10705669
10705670
10705671
10705672
10705673
10705674
10705675
10705676
10705677
10705678
10705679
10705681
10705682
10705683
10705684
10705685
10705686
10705687
10705688
10705689
10705690
10705691
10705692
10705693
10705694
10705695
10705696
10705697
10705698
10705699
10705702
10705704
10705706
10705707
10705708
10705709
10705710
10705711
10705712
10705713
10705714
10705715
10705716
10705717
10705722
10705723
10705727
10705728
10705729
10705730
10705731
10705733
10705734
10705738
10705739
10705741
10705742
10705743
10705744
10705745
10705746
10705748
10705749
10705752
10705754
10705755
10705756
10705759
10705760
10705761
10705764
10705765
10705766
10705767
10705768
10705769
10705776
10705779
10705781
10705783
10705784
10705785
10705786
10705788
10705791
10705792
10705793
10705794
10705795
10705796
10705797
10705798
10705799
10705800
10705801
10705804
10705806
10705808
10705809
10705811
10705813
10705814
10705815
10705816
10705818
10705821
10705829
10705831
10705832
10705833
10705834
10705835
10705836
10705837
10705838
10705839
10705840
10705841
10705842
10705843
10705845
10705848
10705849
10705852
10705853
10705855
10705856
10705857
10705858
10705860
10705861
10705862
10705863
10705864
10705867
10705868
10705869
10705871
10705872
10705873
10705874
10705875
10705876
10705877
10705878
10705879
10705881
10705882
10705883
10705884
10705885
10705887
10705889
10705890
10705891
10705894
10705897
10705898
10705899
10705900
10705901
10705902
10705903
10705904
10705906
10705907
10705908
10705909
10705910
10705911
10705913
10705914
10705916
10705917
10705918
10705919
10705921
10705922
10705923
10705924
10705926
10705928
10705929
10705930
10705932
10705933
10705934
10705935
10705937
10705938
10705939
10705940
10705943
10705946
10705948
10705949
10705950
10705951
10705952
10705953
10705954
10705955
10705961
10705962
10705963
10705964
10705965
10705966
10705967
10705969
10705972
10705973
10705974
10705975
10705976
10705977
10705978
10705979
10705980
10705981
10705982
10705983
10705984
10705985
10705986
10705988
10705989
10705990
10705991
10705992
10705993
10705997
10705998
10705999
10706543
10706002
10706003
10706006
10706008
10706009
10706010
10706012
10706014
10706015
10706016
10706017
10706018
10706020
10706024
10706025
10706028
10706030
10706031
10706033
10706035
10706036
10706037
10706040
10706043
10706045
10706046
10706048
10706058
10706059
10706060
10706061
10706062
10706063
10706068
10706071
10706074
10706075
10706076
10706078
10706079
10706082
10706083
10706090
10706097
10706105
10706274
10706286
10706326
10706337
10706340
10706349
10706368
10706423
10706542
10706564
10706588
10706596
10706598
10706612
10706723
10706785
10706703
10706843
10706854
10706872
10706874
10706885
10707001
10707012
10707030
10707039
10707041
10707050
10707083
10707119
10707137
10707139
10707145