10382553
10382554
10382555
10382556
10382557
10382558
10382559
10382560
10382561
10382562
10382563
10382564
10382565
10382566
10382567
10382568
10382569
10382570
10382571
10382573
10382574
10382575
10382576
10382577
10382578
10382579
10382580
10382581
10382582
10382583
10382584
10382585
10382586
10382587
10382588
10382589
10382590
10382591
10382592
10382593
10382594
10382595
10382596
10382597
10382599
10382600
10382601
10382602
10382605
10382606
10382607
10382608
10382609
10382610
10382611
10382612
10382613
10382614
10382615
10382616
10382617
10382618
10382619
10382620
10382621
10382622
10382623
10382624
10382625
10382626
10382627
10382628
10382629
10382630
10382631
10382632
10382633
10382634
10382635
10382636
10382637
10382638
10382639
10382640
10382641
10382642
10382643
10382644
10382645
10382646
10382647
10382648
10382649
10382650
10382651
10382652
10382653
10382654
10382655
10382656
10382657
10382658
10382659
10382660
10382661
10382662
10382663
10382664
10382665
10382667
10382668
10382669
10382670
10382671
10382672
10382673
10382674
10382675
10382676
10382678
10382679
10382680
10382681
10382682
10382683
10382684
10382685
10382686
10382687
10382688
10382689
10382690
10382691
10382692
10382693
10382694
10382695
10382696
10382697
10382700
10382703
10382704
10382706
10382707
10382708
10382709
10382710
10382711
10382712
10382713
10382714
10382715
10382716
10382717
10382718
10382719
10382720
10382721
10382722
10382724
10382725
10382726
10382727
10382728
10382729
10382730
10382731
10382732
10382733
10382735
10382736
10382737
10382738
10382739
10382740
10382741
10382742
10382744
10382745
10382746
10382747
10382749
10382750
10382752
10382753
10382755
10382756
10382757
10382758
10382760
10382761
10382762
10382764
10382765
10382767
10382768
10382769
10382770
10382771
10382772
10382773
10382774
10382775
10382776
10382777
10382778
10382779
10382780
10382781
10382782
10382784
10382785
10382786
10382787
10382788
10382789
10382791
10382792
10382793
10382795
10382796
10382797
10382798
10382799
10382800
10382801
10382802
10382803
10382804
10382805
10382806
10382807
10382808
10382809
10382810
10382812
10382813
10382814
10382816
10382817
10382818
10382819
10382820
10382821
10382822
10382823
10382824
10382825
10382826
10382827
10382828
10382829
10382830
10382831
10382832
10382833
10382834
10382835
10382836
10382837
10382838
10382839
10382840
10382841
10382842
10382843
10382845
10382846
10382847
10382848
10382849
10382850
10382851
10382852
10382853
10382854
10382855
10382856
10382857
10382858
10382859
10382860
10382861
10382862
10382863
10382864
10382865
10382866
10382867
10382868
10382869
10382870
10382871
10382872
10382873
10382874
10382875
10382876
10382877
10382878
10382879
10382880
10382881
10382882
10382884
10382885
10382886
10382887
10382888
10382889
10382890
10382891
10382892
10382893
10382894
10382895
10382896
10382897
10382898
10382899
10382900
10382901
10382902
10382903
10382904
10382905
10382906
10382907
10382908
10382909
10382910
10382911
10382912
10382914
10382916
10382917
10382918
10382919
10382921
10382922
10382923
10382924
10382925
10382926
10382927
10382928
10382929
10382931
10382932
10382933
10382934
10382935
10382936
10382937
10382939
10382940
10382941
10382942
10382943
10382944
10382945
10382946
10382947
10382949
10382950
10382951
10382952
10382953
10382954
10382955
10382956
10382957
10382959
10382960
10382961
10382962
10382963
10382964
10382965
10382966
10382967
10382968
10382969
10382970
10382971
10382972
10382973
10382974
10382975
10382976
10382977
10382978
10382979
10382980
10382981
10382982
10382983
10382984
10382985
10382986
10382987
10382988
10382989
10382990
10382991
10382992
10382993
10382994
10382995
10382996
10382998
10382999
10383000
10383001
10383003
10383004
10383005
10383006
10383007
10383008
10383009
10383010
10383011
10383012
10383013
10383014
10383015
10383016
10383017
10383018
10383019
10383020
10383021
10383023
10383024
10383025
10383026
10383027
10383029
10383030
10383031
10383032
10383033
10383034
10383035
10383036
10383037
10383038
10383040
10383041
10383042
10383043
10383044
10383046
10383047
10383048
10383050
10383051
10383052
10383053
10383054
10383055
10383056
10383057
10383058
10383059
10383061
10383062
10383063
10383064
10383065
10383066
10383067
10383068
10383069
10383070
10383071
10383072
10383073
10383074
10383075
10383076
10383077
10383078
10383079
10383081
10383082
10383090
10383092
10383093
10383094
10383096
10383102
10383104
10383105
10383109
10383110
10383129
10383130
10383131
10383136
10383140
10383148
10383161
10383178
10383198
10383199
10383203
10383202
10383205
10383209
10383233
10383254
10383259
10383260
10383262
10383264
10383277
10383282
10383284
10383287
10383288
10383289
10383293
10383294
10383296
10383301
10383302
10383305
10383308
10383314
10383359
10383372
10383376
10383377
10383379
10383380
10383403
10383420
10383429
10383436
10383456
10383458
10383459
10383460
10383466
10383469
10383473
10383478
10383497
10383500
10383501
10383503
10383505
10383520
10383525
10383529
10383528
10383532
10383535
10383537
10383541
10383542
10383544
10383552
10383565
10383568
10383571
10383574
10383576
10383584
10383588
10383591
10383593
10383608
10383611
10383613
10383616
10383617
10383623
10383624
10383625
10383627
10383631
10383666
10383667
10383669
10383670
10383681
10383684
10383685
10383687
10383689
10383690
10383693
10383691
10383692
10383694
10383698
10383699
10383696
10383697
10383702
10383703
10383704
10383705
10383706
10383707
10383709
10383710
10383712
10383713
10383711
10383715
10383717
10383716
10383719
10383720
10383721
10383722
10383723
10383724
10383725
10383726
10383728
10383729
10383730
10383731
10383732
10383733
10383734
10383735
10383736
10383737
10383738
10383739
10383740
10383741
10383742
10383743
10383744
10383745
10383746
10383747
10383748
10383749
10383750
10383751
10383752
10383753
10383754
10383756
10383757
10383759
10383760
10383761
10383762
10383763
10383765
10383766
10383767
10383769
10383771
10383772
10383773
10383774
10383775
10383776
10383777
10383778
10383779
10383780
10383781
10383783
10383784
10383785
10383786
10383787
10383789
10383791
10383792
10383793
10383794
10383795
10383796
10383797
10383799
10383800
10383801
10383802
10383803
10383804
10383806
10383807
10383808
10383809
10383810
10383811
10383812
10383813
10383815
10383816
10383817
10383818
10383819
10383820
10383821
10383822
10383823
10383824
10383825
10383827
10383828
10383829
10383830
10383831
10383832
10383834
10383835
10383836
10383837
10383839
10383840
10383841
10383842
10383843
10383846
10383847
10383850
10383851
10383852
10383853
10383854
10383855
10383856
10383857
10383859
10383860
10383861
10383862
10383863
10383864
10383866
10383867
10383868
10383869
10383871
10383872
10383873
10383874
10383875
10383876
10383878
10383879
10383880
10383881
10383882
10383884
10383886
10383887
10383888
10383889
10383890
10383891
10383892
10383893
10383894
10383895
10383897
10383898
10383899
10383901
10383903
10383904
10383905
10383906
10383907
10383908
10383911
10383912
10383913
10383915
10383916
10383917
10383918
10383919
10383920
10383921
10383922
10383923
10383924
10383926
10383927
10383929
10383931
10383932
10383933
10383934
10383935
10383936
10383937
10383938
10383939
10383940
10383941
10383942
10383944
10383945
10383946
10383947
10383948
10383949
10383950
10383951
10383952
10383953
10383954
10383955
10383956
10383957
10383958
10383959
10383962
10383963
10383964
10383965
10383966
10383967
10383968
10383969
10383970
10383971
10383972
10383973
10383974
10383975
10383976
10383978
10383979
10383980
10383981
10383982
10383983
10383984
10383985
10383986
10383987
10383988
10383990
10383991
10383992
10383994
10383995
10383996
10383997
10383998
10383999
10384000
10384001
10384002
10384003
10384004
10384005
10384006
10384008
10384009
10384010
10384011
10384012
10384013
10384014
10384015
10384016
10384017
10384018
10384019
10384020
10384021
10384022
10384023
10384024
10384025
10384027
10384028
10384029
10384030
10384031
10384032
10384033
10384034
10384035
10384036
10384037
10384038
10384039
10384041
10384042
10384043
10384044
10384045
10384046
10384047
10384048
10384049
10384050
10384051
10384052
10384053
10384054
10384055
10384056
10384057
10384058
10384059
10384060
10384061
10384062
10384063
10384064
10384065
10384066
10384068
10384069
10384070
10384071
10384072
10384073
10384074
10384075
10384076
10384077
10384078
10384079
10384080
10384081
10384082
10384084
10384085
10384086
10384087
10384088
10384089
10384090
10384091
10384092
10384093
10384095
10384096
10384097
10384098
10384099
10384100
10384101
10384102
10384103
10384104
10384106
10384107
10384108
10384109
10384110
10384111
10384112
10384113
10384114
10384115
10384116
10384117
10384118
10384119
10384120
10384121
10384122
10384123
10384124
10384125
10384126
10384127
10384128
10384129
10384130
10384131
10384132
10384133
10384134
10384136
10384137
10384138
10384139
10384140
10384141
10384142
10384143
10384144
10384145
10384146
10384147
10384148
10384149
10384151
10384152
10384153
10384155
10384156
10384157
10384158
10384159
10384160
10384161
10384162
10384163
10384164
10384165
10384166
10384167
10384168
10384169
10384170
10384171
10384172
10384173
10384174
10384175
10384177
10384178
10384179
10384180
10384181
10384182
10384183
10384184
10384185
10384186
10384187
10384188
10384189
10384190
10384191
10384192
10384193
10384194
10384195
10384196
10384197
10384198
10384199
10384200
10384201
10384202
10384203
10384204
10384206
10384207
10384208
10384210
10384211
10384212
10384213
10384214
10384215
10384216
10384217
10384218
10384219
10384220
10384221
10384222
10384223
10384224
10384225
10384226
10384227
10384229
10384230
10384231
10384232
10384233
10384234
10384235
10384236
10384238
10384239
10384241
10384242
10384243
10384244
10384245
10384246
10384247
10384248
10384249
10384250
10384251
10384252
10384253
10384254
10384255
10384256
10384257
10384259
10384260
10384261
10384262
10384263
10384264
10384265
10384266
10384267
10384268
10384269
10384270
10384271
10384272
10384273
10384274
10384275
10384276
10384277
10384278
10384279
10384280
10384281
10384282
10384283
10384284
10384286
10384287
10384288
10384289
10384290
10384291
10384292
10384293
10384294
10384295
10384296
10384297
10384298
10384299
10384300
10384301
10384302
10384303
10384305
10384306
10384307
10384308
10384309
10384311
10384312
10384313
10384314
10384315
10384316
10384317
10384318
10384319
10384320
10384321
10384322
10384324
10384326
10384328
10384329
10384330
10384331
10384332
10384333
10384334
10384335
10384336
10384337
10384338
10384339
10384340
10384341
10384342
10384344
10384346
10384348
10384349
10384350
10384351
10384352
10384353
10384354
10384355
10384356
10384357
10384358
10384359
10384360
10384361
10384362
10384363
10384364
10384365
10384366
10384367
10384368
10384369
10384370
10384371
10384372
10384373
10384374
10384375
10384376
10384377
10384378
10384379
10384380
10384381
10384383
10384384
10384385
10384386
10384387
10384388
10384389
10384390
10384391
10384392
10384393
10384394
10384395
10384396
10384397
10384398
10384399
10384400
10384401
10384402
10384403
10384404
10384405
10384406
10384407
10384408
10384409
10384410
10384411
10384412
10384413
10384414
10384415
10384416
10384417
10384418
10384419
10384420
10384421
10384422
10384423
10384424
10384426
10384427
10384428
10384429
10384430
10384431
10384432
10384433
10384434
10384435
10384436
10384437
10384438
10384439
10384440
10384441
10384442
10384443
10384444
10384445
10384446
10384447
10384448
10384449
10384450
10384451
10384452
10384453
10384456
10384457
10384458
10384459
10384460
10384461
10384462
10384464
10384465
10384466
10384467
10384468
10384469
10384470
10384471
10384472
10384473
10384474
10384475
10384476
10384477
10384478
10384480
10384481
10384482
10384483
10384484
10384485
10384486
10384487
10384488
10384489
10384490
10384491
10384492
10384493
10384494
10384495
10384496
10384497
10384498
10384499
10384500
10384501
10384502
10384504
10384505
10384506
10384507
10384508
10384509
10384510
10384511
10384512
10384513
10384514
10384515
10384517
10384518
10384519
10384520
10384521
10384522
10384523
10384524
10384525
10384526
10384527
10384528
10384529
10384530
10384531
10384532
10384533
10384534
10384535
10384536
10384537
10384538
10384539
10384540
10384541
10384542
10384543
10384544
10384545
10384546
10384547
10384548
10384549
10384550
10384551
10384553
10384554
10384556
10384557
10384558
10384559
10384560
10384562
10384563
10384566
10384567
10384568
10384569
10384570
10384572
10384573
10384579
10384582
10384583
10384584
10384585
10384587
10384588
10384589
10384590
10384591
10384592
10384593
10384594
10384596
10384597
10384598
10384599
10384600
10384602
10384603
10384604
10384605
10384606
10384607
10384608
10384609
10384610
10384613
10384614
10384615
10384616
10384617
10384619
10384620
10384622
10384623
10384624
10384625
10384626
10384628
10384630
10384631
10384632
10384633
10384636
10384637
10384638
10384639
10384640
10384641
10384643
10384644
10384645
10384646
10384647
10384648
10384649
10384650
10384651
10384652
10384653
10384654
10384655
10384656
10384657
10384658
10384659
10384660
10384661
10384662
10384663
10384664
10384665
10384666
10384667
10384668
10384669
10384670
10384671
10384672
10384673
10384674
10384675
10384676
10384677
10384678
10384679
10384680
10384681
10384682
10384683
10384684
10384685
10384686
10384687
10384689
10384690
10384691
10384692
10384693
10384694
10384696
10384697
10384698
10384699
10384700
10384702
10384703
10384705
10384706
10384708
10384709
10384710
10384711
10384712
10384713
10384714
10384716
10384717
10384718
10384719
10384720
10384721
10384722
10384724
10384725
10384726
10384727
10384728
10384729
10384731
10384732
10384733
10384734
10384735
10384736
10384737
10384739
10384740
10384741
10384742
10384743
10384744
10384745
10384746
10384747
10384749
10384750
10384752
10384753
10384754
10384755
10384756
10384757
10384758
10384759
10384760
10384761
10384762
10384763
10384764
10384765
10384766
10384769
10384770
10384771
10384772
10384773
10384774
10384775
10384776
10384777
10384778
10384781
10384782
10384783
10384784
10384786
10384787
10384788
10384789
10384790
10384791
10384792
10384794
10384795
10384796
10384797
10384798
10384801
10384802
10384803
10384804
10384805
10384806
10384807
10384808
10384809
10384810
10384811
10384812
10384813
10384814
10384815
10384816
10384818
10384819
10384820
10384821
10384822
10384823
10384824
10384826
10384827
10384828
10384829
10384830
10384831
10384832
10384834
10384835
10384837
10384838
10384839
10384840
10384842
10384843
10384844
10384845
10384846
10384847
10384848
10384849
10384850
10384851
10384853
10384854
10384855
10384856
10384857
10384858
10384859
10384861
10384862
10384863
10384864
10384865
10384866
10384867
10384868
10384869
10384870
10384871
10384873
10384874
10384875
10384876
10384877
10384878
10384879
10384880
10384881
10384882
10384883
10384884
10384886
10384887
10384888
10384889
10384890
10384891
10384892
10384894
10384895
10384896
10384897
10384899
10384900
10384901
10384902
10384903
10384904
10384905
10384906
10384907
10384908
10384909
10384910
10384911
10384913
10384914
10384915
10384916
10384918
10384919
10384920
10384921
10384922
10384923
10384924
10384925
10384926
10384927
10384928
10384929
10384930
10384931
10384932
10384933
10384934
10384935
10384936
10384937
10384938
10384939
10384940
10384941
10384942
10384943
10384944
10384946
10384948
10384949
10384950
10384951
10384952
10384953
10384954
10384955
10384956
10384957
10384958
10384959
10384960
10384961
10384962
10384964
10384965
10384966
10384967
10384969
10384971
10384972
10384973
10384974
10384975
10384976
10384977
10384978
10384979
10384980
10384981
10384982
10384983
10384984
10384985
10384986
10384987
10384988
10384989
10384990
10384991
10384992
10384993
10384994
10384995
10384996
10384997
10384999
10385000
10385001
10385002
10385003
10385004
10385005
10385006
10385007
10385008
10385009
10385010
10385011
10385012
10385013
10385014
10385015
10385016
10385017
10385019
10385020
10385021
10385022
10385023
10385024
10385025
10385026
10385027
10385028
10385029
10385030
10385031
10385032
10385033
10385034
10385035
10385036
10385038
10385039
10385040
10385041
10385042
10385043
10385044
10385045
10385046
10385047
10385048
10385049
10385050
10385052
10385053
10385054
10385057
10385058
10385059
10385060
10385062
10385063
10385064
10385065
10385066
10385067
10385068
10385069
10385070
10385071
10385073
10385074
10385075
10385076
10385077
10385078
10385080
10385081
10385082
10385083
10385084
10385085
10385086
10385087
10385088
10385090
10385091
10385092
10385094
10385095
10385096
10385097
10385099
10385100
10385102
10385103
10385104
10385105
10385106
10385107
10385108
10385110
10385112
10385113
10385114
10385117
10385118
10385119
10385120
10385122
10385123
10385124
10385125
10385126
10385127
10385128
10385129
10385131
10385132
10385135
10385136
10385137
10385138
10385139
10385140
10385141
10385142
10385143
10385144
10385145
10385146
10385147
10385148
10385149
10385150
10385151
10385152
10385153
10385154
10385155
10385157
10385158
10385159
10385160
10385161
10385162
10385163
10385164
10385165
10385166
10385167
10385168
10385171
10385172
10385173
10385174
10385176
10385177
10385179
10385180
10385181
10385183
10385185
10385186
10385187
10385188
10385191
10385192
10385193
10385194
10385195
10385196
10385197
10385198
10385199
10385200
10385201
10385202
10385204
10385205
10385206
10385207
10385208
10385209
10385210
10385211
10385212
10385213
10385214
10385215
10385216
10385217
10385218
10385219
10385220
10385221
10385222
10385223
10385224
10385225
10385226
10385227
10385228
10385229
10385230
10385232
10385233
10385234
10385236
10385237
10385238
10385239
10385240
10385241
10385242
10385243
10385244
10385245
10385246
10385247
10385248
10385249
10385250
10385251
10385252
10385253
10385254
10385255
10385256
10385257
10385258
10385259
10385260
10385262
10385264
10385265
10385266
10385267
10385268
10385269
10385270
10385271
10385272
10385273
10385274
10385275
10385276
10385277
10385278
10385279
10385280
10385281
10385282
10385283
10385284
10385285
10385286
10385287
10385288
10385289
10385290
10385291
10385292
10385293
10385294
10385295
10385296
10385297
10385298
10385299
10385300
10385301
10385302
10385303
10385304
10385306
10385307
10385308
10385310
10385311
10385312
10385313
10385315
10385316
10385317
10385318
10385319
10385320
10385321
10385322
10385323
10385324
10385325
10385326
10385327
10385328
10385329
10385330
10385331
10385332
10385333
10385334
10385336
10385337
10385338
10385339
10385342
10385343
10385348
10385349
10385351
10385352
10385353
10385354
10385357
10385358
10385360
10385361
10385362
10385363
10385364
10385365
10385366
10385367
10385368
10385369
10385370
10385371
10385372
10385373
10385374
10385375
10385376
10385377
10385379
10385380
10385381
10385382
10385383
10385384
10385385
10385386
10385388
10385389
10385390
10385391
10385392
10385395
10385396
10385398
10385399
10385400
10385401
10385403
10385404
10385405
10385406
10385407
10385408
10385409
10385410
10385411
10385412
10385413
10385415
10385416
10385417
10385419
10385420
10385421
10385422
10385423
10385424
10385425
10385426
10385427
10385428
10385429
10385430
10385432
10385433
10385434
10385435
10385436
10385437
10385438
10385440
10385441
10385442
10385443
10385444
10385445
10385446
10385447
10385448
10385449
10385450
10385452
10385453
10385455
10385456
10385457
10385458
10385459
10385461
10385462
10385463
10385464
10385465
10385466
10385468
10385469
10385470
10385471
10385472
10385473
10385474
10385475
10385476
10385477
10385478
10385479
10385480
10385481
10385482
10385483
10385484
10385485
10385486
10385487
10385488
10385490
10385491
10385492
10385493
10385494
10385495
10385496
10385497
10385498
10385499
10385500
10385502
10385503
10385504
10385505
10385506
10385507
10385508
10385509
10385510
10385511
10385512
10385513
10385514
10385515
10385517
10385520
10385521
10385522
10385523
10385524
10385525
10385526
10385527
10385528
10385529
10385530
10385531
10385532
10385533
10385534
10385535
10385536
10385537
10385538
10385540
10385541
10385542
10385543
10385544
10385545
10385546
10385548
10385549
10385550
10385551
10385552
10385553
10385554
10385555
10385556
10385558
10385559
10385560
10385561
10385562
10385563
10385565
10385566
10385567
10385568
10385569
10385570
10385572
10385573
10385574
10385575
10385576
10385577
10385578
10385579
10385580
10385581
10385583
10385584
10385585
10385586
10385588
10385589
10385590
10385591
10385592
10385593
10385595
10385596
10385598
10385599
10385600
10385601
10385602
10385603
10385604
10385605
10385606
10385607
10385608
10385610
10385611
10385612
10385613
10385614
10385615
10385616
10385617
10385618
10385619
10385620
10385621
10385622
10385623
10385624
10385625
10385626
10385627
10385628
10385629
10385630
10385631
10385632
10385633
10385634
10385635
10385636
10385637
10385638
10385640
10385641
10385643
10385644
10385645
10385646
10385647
10385648
10385649
10385650
10385651
10385652
10385653
10385654
10385655
10385656
10385657
10385658
10385659
10385660
10385661
10385663
10385666
10385662
10385669
10385670
10385672
10385668
10385675
10385671
10385678
10385682
10385688
10385690
10385691
10385695
10385696
10385700
10385705
10385706
10385709
10385711
10385715
10385716
10385720
10385723
10385728
10385735
10385742
10385747
10385748
10385751
10385753
10385757
10385758
10385760
10385761
10385764
10385765
10385763
10385767
10385768
10385769
10385770
10385771
10385772
10385773
10385775
10385776
10385777
10385778
10385779
10385780
10385781
10385782
10385783
10385784
10385785
10385786
10385787
10385788
10385789
10385790
10385791
10385792
10385793
10385794
10385795
10385796
10385797
10385798
10385799
10385801
10385802
10385803
10385804
10385806
10385807
10385808
10385810
10385812
10385813
10385814
10385815
10385817
10385818
10385819
10385820
10385821
10385822
10385823
10385825
10385826
10385827
10385828
10385829
10385830
10385831
10385832
10385833
10385834
10385836
10385837
10385838
10385839
10385840
10385841
10385842
10385843
10385844
10385845
10385846
10385847
10385848
10385849
10385850
10385852
10385854
10385855
10385856
10385857
10385858
10385859
10385860
10385861
10385862
10385863
10385864
10385865
10385866
10385867
10385868
10385869
10385870
10385871
10385872
10385873
10385874
10385875
10385876
10385877
10385878
10385879
10385880
10385881
10385882
10385883
10385884
10385885
10385886
10385887
10385888
10385889
10385890
10385891
10385892
10385893
10385894
10385895
10385896
10385897
10385898
10385899
10385900
10385901
10385902
10385903
10385904
10385905
10385906
10385907
10385908
10385909
10385910
10385911
10385912
10385913
10385915
10385916
10385917
10385918
10385919
10385920
10385921
10385922
10385924
10385925
10385926
10385928
10385929
10385930
10385932
10385933
10385934
10385935
10385936
10385937
10385938
10385939
10385940
10385942
10385943
10385944
10385945
10385946
10385947
10385949
10385950
10385951
10385952
10385953
10385954
10385955
10385956
10385957
10385958
10385959
10385960
10385961
10385962
10385965
10385966
10385967
10385968
10385970
10385971
10385972
10385973
10385974
10385975
10385976
10385977
10385978
10385981
10385982
10385983
10385984
10385986
10385987
10385988
10385989
10385990
10385991
10385992
10385993
10385994
10385995
10385996
10385997
10385998
10385999
10386000
10386001
10386002
10386003
10386005
10386006
10386007
10386008
10386009
10386010
10386011
10386012
10386013
10386014
10386015
10386017
10386018
10386020
10386021
10386022
10386023
10386024
10386025
10386026
10386028
10386030
10386031
10386032
10386033
10386034
10386035
10386036
10386037
10386038
10386039
10386040
10386042
10386043
10386044
10386045
10386046
10386047
10386048
10386049
10386050
10386051
10386052
10386053
10386054
10386055
10386056
10386058
10386059
10386060
10386061
10386062
10386063
10386064
10386065
10386066
10386068
10386069
10386070
10386071
10386072
10386073
10386074
10386075
10386076
10386077
10386078
10386080
10386081
10386082
10386084
10386085
10386086
10386087
10386088
10386089
10386090
10386091
10386092
10386094
10386095
10386096
10386097
10386098
10386100
10386101
10386103
10386104
10386105
10386107
10386108
10386109
10386111
10386112
10386113
10386115
10386116
10386117
10386118
10386119
10386120
10386121
10386122
10386123
10386124
10386125
10386126
10386127
10386128
10386129
10386130
10386131
10386132
10386133
10386134
10386135
10386136
10386137
10386138
10386139
10386140
10386141
10386142
10386145
10386147
10386148
10386149
10386150
10386151
10386152
10386153
10386154
10386155
10386156
10386157
10386158
10386159
10386161
10386162
10386163
10386164
10386165
10386166
10386167
10386168
10386170
10386171
10386174
10386175
10386176
10386177
10386179
10386180
10386181
10386182
10386183
10386184
10386185
10386186
10386188
10386189
10386190
10386193
10386194
10386196
10386197
10386198
10386200
10386201
10386203
10386204
10386206
10386207
10386208
10386210
10386211
10386213
10386214
10386216
10386217
10386219
10386221
10386222
10386223
10386226
10386227
10386228
10386229
10386230
10386231
10386232
10386233
10386234
10386235
10386236
10386237
10386239
10386240
10386241
10386242
10386245
10386246
10386247
10386249
10386250
10386252
10386253
10386254
10386255
10386256
10386257
10386258
10386259
10386260
10386261
10386262
10386263
10386264
10386265
10386266
10386267
10386269
10386270
10386271
10386272
10386273
10386275
10386277
10386278
10386279
10386282
10386283
10386284
10386285
10386286
10386287
10386288
10386289
10386290
10386291
10386292
10386295
10386297
10386299
10386301
10386302
10386303
10386304
10386305
10386306
10386307
10386308
10386309
10386310
10386312
10386313
10386314
10386315
10386316
10386317
10386318
10386319
10386321
10386322
10386323
10386325
10386326
10386328
10386329
10386330
10386331
10386332
10386333
10386334
10386335
10386336
10386337
10386338
10386339
10386340
10386341
10386342
10386343
10386345
10386346
10386347
10386348
10386349
10386350
10386351
10386352
10386353
10386354
10386355
10386357
10386358
10386359
10386360
10386361
10386362
10386363
10386364
10386365
10386366
10386367
10386368
10386369
10386371
10386372
10386373
10386375
10386376
10386377
10386378
10386379
10386380
10386381
10386382
10386383
10386385
10386386
10386387
10386388
10386389
10386390
10386391
10386392
10386393
10386394
10386395
10386396
10386397
10386398
10386400
10386401
10386402
10386403
10386404
10386405
10386406
10386407
10386408
10386409
10386410
10386411
10386412
10386413
10386415
10386417
10386418
10386419
10386420
10386421
10386422
10386423
10386424
10386425
10386426
10386427
10386428
10386429
10386430
10386431
10386432
10386433
10386435
10386436
10386437
10386438
10386439
10386440
10386441
10386442
10386443
10386444
10386445
10386446
10386447
10386448
10386449
10386450
10386452
10386453
10386454
10386455
10386456
10386457
10386459
10386460
10386462
10386463
10386464
10386465
10386466
10386467
10386468
10386472
10386473
10386474
10386475
10386477
10386478
10386479
10386480
10386481
10386482
10386483
10386484
10386485
10386487
10386488
10386489
10386490
10386491
10386492
10386494
10386495
10386496
10386497
10386498
10386499
10386501
10386502
10386504
10386505
10386506
10386507
10386508
10386509
10386510
10386512
10386513
10386514
10386515
10386516
10386517
10386518
10386520
10386521
10386522
10386523
10386525
10386526
10386527
10386528
10386530
10386531
10386532
10386534
10386535
10386536
10386537
10386538
10386539
10386540
10386541
10386542
10386543
10386544
10386545
10386546
10386547
10386548
10386549
10386551
10386552
10386554
10386555
10386558
10386559
10386560
10386561
10386562
10386563
10386564
10386565
10386566
10386567
10386568
10386569
10386570
10386571
10386572
10386573
10386574
10386575
10386576
10386578
10386579
10386580
10386581
10386582
10386583
10386584
10386585
10386586
10386587
10386588
10386589
10386590
10386591
10386592
10386593
10386594
10386595
10386597
10386598
10386599
10386600
10386601
10386602
10386603
10386604
10386605
10386606
10386607
10386608
10386610
10386612
10386613
10386614
10386615
10386616
10386617
10386618
10386619
10386620
10386621
10386622
10386623
10386624
10386625
10386627
10386628
10386629
10386630
10386631
10386632
10386633
10386634
10386635
10386636
10386637
10386638
10386640
10386641
10386642
10386643
10386644
10386645
10386646
10386647
10386648
10386649
10386651
10386652
10386653
10386654
10386655
10386656
10386657
10386659
10386660
10386661
10386662
10386663
10386664
10386665
10386666
10386668
10386670
10386671
10386672
10386673
10386674
10386675
10386676
10386678
10386679
10386680
10386681
10386682
10386684
10386685
10386686
10386687
10386688
10386689
10386690
10386691
10386692
10386694
10386696
10386697
10386698
10386700
10386701
10386702
10386704
10386705
10386706
10386708
10386709
10386710
10386711
10386712
10386714
10386715
10386716
10386717
10386719
10386721
10386722
10386725
10386720
10386727
10386728
10386729
10386730
10386731
10386732
10386733
10386734
10386735
10386736
10386737
10386738
10386739
10386740
10386742
10386745
10386746
10386747
10386748
10386749
10386752
10386753
10386755
10386756
10386758
10386759
10386760
10386762
10386763
10386764
10386765
10386766
10386767
10386768
10386770
10386771
10386772
10386773
10386774
10386775
10386776
10386778
10386779
10386780
10386781
10386782
10386783
10386784
10386785
10386786
10386788
10386789
10386790
10386791
10386792
10386793
10386794
10386795
10386796
10386797
10386798
10386799
10386800
10386801
10386803
10386804
10386805
10386806
10386807
10386809
10386810
10386811
10386812
10386813
10386814
10386815
10386816
10386817
10386818
10386819
10386820
10386821
10386822
10386823
10386824
10386825
10386826
10386827
10386828
10386829
10386830
10386831
10386832
10386833
10386834
10386835
10386836
10386837
10386838
10386839
10386840
10386841
10386842
10386843
10386844
10386847
10386848
10386849
10386851
10386852
10386853
10386854
10386856
10386857
10386858
10386859
10386860
10386861
10386862
10386863
10386864
10386865
10386866
10386868
10386869
10386870
10386871
10386872
10386873
10386874
10386876
10386877
10386878
10386879
10386881
10386882
10386883
10386885
10386886
10386888
10386889
10386890
10386891
10386892
10386893
10386894
10386897
10386898
10386899
10386903
10386904
10386905
10386906
10386909
10386910
10386911
10386912
10386913
10386914
10386916
10386917
10386918
10386919
10386921
10386922
10386923
10386924
10386926
10386927
10386928
10386929
10386930
10386931
10386932
10386935
10386936
10386937
10386938
10386939
10386941
10386942
10386943
10386944
10386945
10386946
10386947
10386948
10386949
10386950
10386951
10386952
10386953
10386954
10386955
10386956
10386957
10386958
10386959
10386960
10386961
10386962
10386963
10386964
10386965
10386966
10386967
10386968
10386969
10386970
10386971
10386973
10386974
10386975
10386976
10386977
10386978
10386979
10386980
10386981
10386982
10386983
10386984
10386985
10386986
10386987
10386988
10386989
10386990
10386992
10386993
10386994
10386995
10386996
10386997
10386998
10386999
10387000
10387002
10387003
10383080
10383083
10383084
10383085
10383086
10383087
10383088
10383089
10383091
10383095
10383097
10383098
10383099
10383100
10383101
10383106
10383107
10383111
10383112
10383114
10383115
10383116
10383117
10383118
10383119
10383120
10383121
10383122
10383123
10383125
10383126
10383128
10383132
10383133
10383134
10383135
10383137
10383138
10383139
10383141
10383142
10383143
10383144
10383145
10383146
10383147
10383149
10383150
10383151
10383153
10383154
10383155
10383156
10383157
10383158
10383159
10383160
10383162
10383163
10383164
10383165
10383166
10383167
10383169
10383170
10383171
10383172
10383173
10383174
10383175
10383176
10383177
10383179
10383180
10383181
10383182
10383183
10383184
10383185
10383186
10383187
10383188
10383189
10383190
10383191
10383192
10383193
10383194
10383195
10383196
10383197
10383200
10383204
10383206
10383207
10383208
10383210
10383211
10383212
10383213
10383214
10383215
10383216
10383217
10383218
10383219
10383220
10383221
10383222
10383223
10383224
10383225
10383226
10383227
10383228
10383229
10383230
10383232
10383234
10383235
10383236
10383237
10383238
10383239
10383241
10383242
10383243
10383244
10383245
10383246
10383247
10383248
10383249
10383250
10383251
10383252
10383253
10383255
10383256
10383257
10383258
10383261
10383263
10383265
10383266
10383267
10383268
10383269
10383270
10383271
10383272
10383273
10383274
10383275
10383276
10383280
10383281
10383283
10383285
10383286
10383290
10383291
10383295
10383297
10383298
10383299
10383300
10383303
10383304
10383306
10383307
10383309
10383310
10383311
10383312
10383313
10383315
10383316
10383317
10383319
10383320
10383321
10383322
10383323
10383324
10383326
10383327
10383329
10383330
10383331
10383332
10383333
10383334
10383335
10383336
10383337
10383339
10383340
10383341
10383342
10383343
10383344
10383345
10383347
10383348
10383349
10383350
10383351
10383352
10383353
10383354
10383355
10383360
10383361
10383362
10383363
10383365
10383366
10383367
10383368
10383369
10383370
10383373
10383374
10383375
10383381
10383382
10383383
10383384
10383385
10383386
10383387
10383388
10383389
10383390
10383391
10383392
10383393
10383394
10383396
10383397
10383398
10383401
10383402
10383405
10383406
10383407
10383408
10383409
10383410
10383411
10383413
10383414
10383415
10383417
10383419
10383421
10383423
10383424
10383425
10383426
10383428
10383430
10383431
10383432
10383433
10383434
10383435
10383437
10383438
10383439
10383440
10383441
10383445
10383446
10383447
10383448
10383450
10383451
10383452
10383453
10383454
10383455
10383461
10383462
10383463
10383464
10383465
10383467
10383468
10383470
10383471
10383472
10383474
10383475
10383476
10383477
10383479
10383480
10383481
10383482
10383483
10383484
10383485
10383487
10383488
10383489
10383490
10383491
10383492
10383493
10383496
10383499
10383502
10383507
10383508
10383509
10383510
10383511
10383513
10383514
10383515
10383516
10383517
10383518
10383519
10383521
10383522
10383523
10383524
10383526
10383527
10383530
10383531
10383533
10383536
10383539
10383545
10383546
10383547
10383548
10383549
10383550
10383551
10383553
10383554
10383555
10383556
10383557
10383558
10383559
10383560
10383561
10383562
10383563
10383566
10383567
10383569
10383572
10383577
10383578
10383580
10383581
10383582
10383583
10383585
10383587
10383589
10383590
10383592
10383594
10383595
10383596
10383597
10383599
10383600
10383601
10383602
10383603
10383604
10383605
10383606
10383610
10383612
10383614
10383615
10383620
10383621
10383622
10383626
10383628
10383629
10383630
10383632
10383633
10383634
10383635
10383636
10383637
10383639
10383640
10383641
10383643
10383644
10383645
10383647
10383648
10383649
10383650
10383651
10383654
10383656
10383657
10383659
10383660
10383661
10383662
10383663
10383664
10383665
10383668
10383671
10383672
10383673
10383674
10383675
10383676
10383677
10383678
10383679
10383680
10383682
10383683
10383686
10383688
10385664
10385673
10385674
10385676
10385677
10385679
10385681
10385685
10385686
10385689
10385692
10385693
10385694
10385697
10385698
10385702
10385703
10385704
10385707
10385713
10385714
10385717
10385718
10385719
10385721
10385722
10385724
10385725
10385727
10385729
10385730
10385731
10385732
10385733
10385734
10385736
10385737
10385738
10385739
10385740
10385741
10385743
10385744
10385746
10385749
10385750
10385752
10385754
10385762
10386724