10726695
10726733
10726752
10726761
10714096
10714104
10714110
10714111
10714129
10714137
10714154
10714162
10714220
10714222
10714255
10714263
10714264
10714297
10714313
10714374
10714379
10714406
10714416
10714422
10714458
10714508
10714514
10714520
10714529
10714532
10714536
10714549
10714603
10714632
10714639
10714654
10714656
10714664
10714674
10714680
10714681
10714685
10714700
10714712
10714731
10714739
10714742
10714750
10714762
10714785
10714791
10714794
10714797
10714806
10714809
10714827
10714828
10714853
10714855
10714859
10714936
10714953
10714954
10714964
10714965
10714967
10714969
10714970
10714979
10714992
10715024
10715028
10715049
10715053
10715065
10715076
10715095
10715127
10715129
10715160
10715163
10715213
10715214
10715253
10715259
10715269
10715303
10715327
10715328
10715345
10715347
10715348
10715363
10715399
10715400
10715437
10715449
10715466
10715516
10715517
10715532
10715534
10715537
10715550
10715552
10715558
10715575
10715578
10715586
10715593
10715725
10715730
10726647
10715767
10715768
10715874
10715981
10715984
10715986
10716006
10716034
10716039
10716042
10716045
10716050
10716053
10716060
10716073
10716074
10716098
10716100
10716117
10716156
10716165
10716169
10716182
10716257
10716281
10716295
10716296
10716297
10727376
10716316
10716317
10716318
10716320
10716321
10716332
10716344
10716351
10716369
10716370
10716372
10716377
10716380
10716385
10716387
10716428
10716447
10716463
10716465
10716468
10716491
10716499
10716529
10716530
10716548
10716560
10716566
10716598
10716601
10716631
10716639
10716640
10716645
10716654
10716683
10716691
10716692
10716693
10716705
10716720
10716726
10716790
10716799
10716801
10716821
10716822
10716825
10716826
10716832
10716855
10716857
10716860
10716861
10716883
10716889
10716900
10716901
10716925
10716926
10716939
10716992
10716993
10717006
10717008
10717011
10725929
10717024
10717040
10717093
10717102
10717112
10717115
10717119
10717138
10717151
10717163
10726977
10717190
10717194
10717258
10717265
10717268
10717298
10717316
10717320
10717331
10717340
10717350
10717372
10717392
10717393
10717437
10717450
10717462
10717509
10717513
10717514
10726661
10717535
10717550
10717599
10717604
10717614
10717630
10726662
10717660
10717677
10717681
10717715
10717717
10727008
10727010
10724652
10724728
10724742
10724757
10724759
10724783
10724810
10724868
10724924
10724930
10726045
10726046
10724988
10726599
10724994
10725001
10725002
10720220
10720362
10726689
10721118
10721161
10721208
10721387
10726571
10725299
10725311
10725312
10721713
10721735
10721739
10721756
10721758
10721774
10725335
10721816
10721826
10721829
10721833
10721835
10721838
10725342
10721848
10721849
10721850
10721883
10725352
10721910
10721912
10721937
10721938
10726129
10722066
10722078
10722102
10722153
10725406
10725409
10722279
10722281
10722328
10722354
10727185
10722381
10722383
10722450
10722510
10722569
10722591
10722592
10722595
10725493
10722642
10722651
10722735
10722742
10725522
10722772
10722829
10725542
10722845
10722877
10722885
10722890
10722895
10722947
10722987
10722990
10723016
10723043
10723046
10723108
10723246
10723269
10723272
10723287
10723354
10723367
10723390
10715247
10723475
10723476
10723478
10723488
10723489
10723492
10715252
10723509
10723510
10723527
10723591
10723599
10723601
10723666
10723748
10723752
10723773
10723797
10723845
10723846
10725745
10724019
10725779
10724098
10724115
10724151
10724159
10727257
10724174
10724177
10725809
10724182
10724199
10725815
10724235
10724297
10724305
10724307
10724319
10724326
10724330
10724341
10724345
10724406
10724466
10724516
10724528
10724541
10724601
10724717
10724856
10724875
10724885
10724937
10726000
10725189
10725194
10725211
10725302
10725324
10725358
10725391
10725402
10725437
10725438
10725440
10725488
10725490
10725506
10725509
10725511
10725516
10725521
10725537
10725540
10725544
10725547
10725588
10725596
10725626
10725627
10725635
10725657
10725668
10725670
10725673
10726108
10725682
10726112
10725698
10725700
10725702
10725710
10725713
10725716
10725719
10725826
10725839
10725894
10726055
10726174
10726187
10726188
10726215
10726220
10726223
10726232
10726245
10726248
10726270
10726365
10726403
10726426
10726437
10726449
10726455
10726464
10726481
10726489
10726490
10726502
10726516
10726524
10714084
10714085
10714086
10714089
10714090
10714091
10714092
10714094
10714095
10714093
10714098
10714099
10714100
10714102
10714103
10714101
10714097
10714107
10714108
10714109
10714105
10714112
10714113
10714114
10714115
10714116
10714117
10714118
10714119
10714122
10714123
10714124
10714125
10714120
10714126
10714128
10726535
10714130
10714131
10714133
10714134
10714135
10714136
10714138
10714139
10714132
10714141
10714142
10714143
10714144
10714146
10714148
10714149
10714150
10714151
10714153
10714152
10714155
10714156
10714157
10714158
10714160
10714161
10714159
10714163
10714164
10714165
10714166
10714167
10714168
10714170
10714171
10714173
10714169
10714172
10714174
10714175
10714179
10714181
10714182
10726548
10714187
10714188
10714189
10714190
10714191
10714192
10714194
10714195
10714196
10714197
10714198
10714199
10714200
10714201
10714202
10714203
10714205
10714206
10714207
10714209
10714210
10714211
10714212
10714214
10714215
10714216
10714217
10714219
10714213
10714221
10714218
10714224
10714223
10714226
10714225
10714228
10714230
10714229
10714231
10714233
10714234
10714236
10714237
10714238
10714239
10714240
10714242
10714243
10714245
10714244
10714248
10714249
10714250
10714251
10714252
10714253
10714254
10714256
10714257
10714258
10714259
10714261
10714262
10714260
10714265
10714266
10714267
10714268
10714269
10714270
10714272
10714273
10714275
10714276
10714277
10714278
10714279
10714280
10714281
10714282
10714283
10714285
10714286
10714284
10714288
10714289
10714290
10714287
10714292
10714293
10714295
10714294
10714296
10714298
10714299
10714300
10714301
10714302
10714303
10714304
10714305
10714306
10714307
10714308
10714309
10714311
10714312
10714310
10714315
10714316
10714314
10714318
10714319
10714320
10714321
10714317
10714322
10714325
10714326
10714327
10714328
10714329
10714330
10714331
10714332
10714333
10714334
10714335
10714336
10714337
10714338
10714339
10714341
10714342
10714343
10714344
10714346
10714347
10714348
10714349
10714350
10714351
10714352
10714353
10714355
10714356
10714357
10714358
10714359
10714361
10714362
10714363
10714364
10714365
10714366
10714367
10714368
10714369
10714370
10714371
10714373
10714375
10714372
10714377
10714378
10714380
10714381
10714382
10714383
10714385
10714386
10714387
10714388
10714389
10714390
10714391
10714392
10714393
10714396
10714397
10714398
10714399
10714400
10714401
10714402
10714404
10714405
10714407
10714408
10714409
10714410
10714411
10714413
10714414
10714412
10714417
10714418
10714419
10714420
10714421
10714423
10714424
10714426
10714427
10714428
10714430
10714432
10714429
10714433
10714435
10714434
10714437
10714439
10714438
10714442
10714443
10714440
10714441
10714444
10714447
10714446
10714448
10714452
10714453
10714450
10714451
10714454
10714455
10714457
10714460
10714462
10714463
10714461
10714465
10714466
10714464
10714469
10714471
10714472
10714467
10714474
10714475
10714473
10714477
10714481
10714482
10714480
10714483
10714485
10714487
10714488
10714486
10714490
10714489
10714492
10714493
10714495
10714496
10714494
10714498
10714499
10714500
10714501
10714502
10714503
10714504
10714505
10714507
10714506
10714509
10714510
10714511
10714512
10714513
10714515
10714516
10714517
10714518
10714519
10714521
10714522
10714523
10714524
10714526
10714527
10714528
10714525
10714530
10714531
10714533
10714534
10714535
10714538
10714537
10714539
10714540
10714542
10714541
10714543
10714546
10714545
10714544
10714547
10714550
10714551
10714553
10714554
10714552
10714556
10714557
10714558
10714559
10714560
10714561
10714562
10714563
10714564
10714565
10714566
10714568
10714567
10714570
10714573
10714574
10714575
10714576
10714577
10714578
10714579
10714581
10714580
10714582
10714584
10714585
10714587
10714588
10714586
10714590
10714592
10714593
10714591
10714595
10714596
10714597
10714598
10714594
10714600
10714601
10714602
10714604
10714605
10714606
10714608
10714609
10714607
10714611
10714613
10714610
10714615
10714616
10714617
10714618
10714619
10714614
10714612
10714622
10714623
10714624
10714625
10714626
10714627
10714628
10714629
10714630
10714631
10714633
10714634
10714635
10714636
10714638
10714637
10714640
10714641
10714643
10714644
10714645
10714642
10714648
10714646
10714650
10714651
10714652
10714653
10714655
10714647
10714657
10714658
10714660
10714661
10714662
10714663
10714665
10714666
10714667
10714668
10714669
10714670
10714672
10714671
10714675
10714676
10714677
10714678
10714673
10714679
10714682
10714683
10714684
10714686
10714687
10714688
10714690
10714691
10714692
10714693
10714694
10714689
10714696
10714697
10714698
10714699
10714695
10714701
10714702
10714703
10714704
10714705
10714706
10714707
10714708
10714709
10714710
10714711
10714713
10714714
10714715
10714716
10714718
10714719
10714720
10714721
10714722
10714723
10714725
10714724
10714728
10714729
10714726
10714727
10714732
10714730
10714733
10714735
10714736
10714738
10714734
10714740
10714737
10714743
10714741
10714744
10714746
10714748
10714749
10714745
10714747
10714752
10714753
10714755
10714751
10714758
10714759
10714756
10714757
10714763
10714760
10714761
10714766
10714768
10714767
10714770
10714771
10714772
10714773
10714769
10714775
10714776
10714777
10714779
10714778
10714774
10714782
10714784
10714780
10714781
10714788
10714787
10714789
10714783
10714793
10714792
10714795
10714796
10714798
10714799
10714801
10714802
10714803
10714804
10714805
10714807
10714808
10714800
10714810
10714811
10714812
10714814
10714815
10714816
10714817
10714813
10714820
10714821
10714822
10714823
10714825
10714826
10714824
10714829
10714830
10714831
10714832
10714834
10714835
10714833
10714836
10714839
10714838
10714840
10714841
10714842
10714843
10714844
10714845
10714846
10714847
10714848
10714849
10714850
10714851
10714854
10714856
10714857
10714852
10714858
10714861
10714862
10714863
10714864
10714865
10714866
10714868
10714869
10714870
10714871
10714872
10714873
10714874
10714875
10714867
10714877
10714878
10714879
10714876
10714881
10714882
10714883
10714885
10714887
10714888
10714889
10714891
10714892
10714893
10714894
10714896
10714897
10714898
10714899
10714901
10714902
10714904
10714905
10714903
10714907
10714908
10714910
10714911
10714912
10714913
10714914
10714916
10714917
10714918
10714920
10714921
10714922
10714923
10714924
10714925
10714926
10714927
10714928
10714929
10714930
10714932
10714933
10714935
10714931
10714937
10714938
10714940
10714941
10714942
10714943
10714944
10714939
10714945
10714946
10714950
10714947
10714952
10714948
10714949
10714956
10714957
10714951
10714960
10714962
10714955
10714958
10714966
10714959
10714968
10714961
10714963
10714971
10714972
10714973
10714974
10714976
10714977
10714980
10714975
10714982
10714983
10714984
10714986
10714987
10714985
10714989
10714988
10714991
10714990
10714993
10714994
10714995
10714996
10714997
10714998
10714999
10715000
10715002
10715003
10715001
10715007
10715008
10715009
10715010
10715012
10715013
10715011
10715015
10715016
10715014
10715018
10715017
10715020
10715021
10715019
10715023
10715025
10715026
10715022
10715029
10715030
10715031
10715032
10715033
10715034
10715036
10715035
10715037
10715040
10715038
10715039
10715041
10715043
10715045
10715044
10715047
10715048
10715050
10715051
10715052
10715054
10715055
10715056
10715058
10715060
10715061
10715057
10715062
10715063
10715066
10715067
10715068
10715070
10715064
10715072
10715073
10715069
10715071
10715075
10715077
10715078
10715079
10715080
10715081
10715084
10715086
10715083
10715087
10715089
10715090
10715091
10715092
10715093
10715094
10715088
10715096
10715097
10715100
10715098
10715099
10715103
10715105
10715102
10715107
10715108
10715109
10715110
10715106
10715112
10715111
10715114
10715115
10715116
10715117
10715118
10715120
10715121
10715122
10715124
10715123
10715126
10715125
10715128
10715130
10715131
10715132
10715133
10715134
10715135
10715137
10715138
10715139
10715140
10715141
10715142
10715143
10715145
10715146
10715147
10715149
10715150
10715151
10715144
10715153
10715155
10715148
10715157
10715154
10715159
10715156
10715162
10715158
10715164
10715166
10715167
10715168
10715169
10715165
10715171
10715172
10715170
10715173
10715177
10715178
10715174
10715180
10715181
10715182
10715183
10715184
10715179
10715187
10715186
10715189
10715188
10715190
10715193
10715194
10715195
10715191
10715192
10715199
10715197
10715201
10715202
10715203
10715198
10715200
10715206
10715207
10715208
10715210
10715211
10715212
10715209
10715215
10715217
10715216
10715218
10715219
10715220
10715222
10715224
10715225
10715226
10715227
10715229
10715230
10715231
10715228
10715233
10715232
10715236
10715237
10715238
10715235
10715241
10715239
10715243
10715240
10715246
10715242
10715249
10715245
10715251
10715250
10715254
10715255
10715256
10715257
10715258
10715260
10715261
10715262
10715263
10715265
10715266
10715267
10715268
10715270
10715264
10715271
10715273
10715274
10715275
10715276
10715277
10715278
10726326
10715281
10715282
10715283
10715284
10715285
10715286
10715289
10715290
10715291
10715292
10715293
10715294
10715295
10715296
10715297
10715299
10715300
10715298
10715301
10715304
10715305
10715306
10715307
10715309
10715302
10715310
10715312
10715311
10715313
10715316
10715315
10715317
10715318
10715319
10715321
10715323
10715324
10715325
10715322
10715329
10715330
10715326
10715332
10715334
10715335
10715331
10715337
10715338
10715333
10715336
10715342
10715344
10715339
10715346
10715340
10715341
10715343
10715350
10715351
10715349
10715353
10715354
10715355
10715356
10715352
10715359
10715357
10715358
10715360
10715361
10715364
10715365
10715368
10715369
10715370
10715372
10715373
10715374
10715371
10715377
10715378
10715376
10715380
10715375
10715382
10715379
10715384
10715385
10715381
10715388
10715389
10715386
10715392
10715393
10715394
10715390
10715397
10715398
10715395
10715396
10715402
10715403
10715404
10715401
10715407
10715408
10715405
10715406
10715412
10715413
10715414
10715410
10715416
10715411
10715418
10715420
10715421
10715423
10715424
10715425
10715426
10715427
10715428
10715430
10715431
10715432
10715433
10715434
10715435
10715436
10715438
10715439
10715441
10715442
10715443
10715444
10715446
10715445
10715448
10715447
10715450
10715451
10715452
10715453
10715455
10715456
10715457
10715458
10715459
10715460
10715461
10715463
10715464
10715465
10715467
10715468
10715469
10715470
10715471
10715472
10715474
10715473
10715475
10715476
10715480
10715482
10715477
10715484
10715485
10715479
10715483
10715486
10715487
10715489
10715491
10715493
10715494
10715495
10715496
10715497
10715498
10715500
10715501
10715502
10715499
10715504
10715505
10715506
10715507
10715508
10715509
10715510
10715511
10715513
10715514
10715515
10715512
10715518
10715519
10715520
10715521
10715523
10715524
10715525
10715526
10715528
10715529
10715522
10715531
10715533
10715530
10715535
10715536
10715538
10715539
10715540
10715541
10715543
10715542
10715545
10715546
10715548
10715549
10715544
10715551
10715547
10715553
10715554
10715555
10715556
10715557
10715559
10715560
10715561
10715562
10715563
10715565
10715564
10715568
10715569
10715570
10715566
10715572
10715573
10715571
10715574
10715576
10715577
10715579
10715580
10715581
10715583
10715582
10715585
10715587
10715589
10715590
10715591
10715592
10715594
10715595
10715596
10715597
10715598
10715599
10715601
10715602
10715603
10715604
10715605
10715607
10715606
10715609
10715611
10715612
10715610
10715614
10715613
10715616
10715617
10715618
10715620
10715621
10715622
10715623
10715624
10715625
10715626
10715628
10715629
10715630
10715631
10715633
10715634
10715635
10715636
10715638
10715640
10715642
10715643
10715647
10715648
10715651
10715652
10715653
10715654
10715656
10715657
10715658
10715661
10715663
10715664
10715665
10726842
10715667
10715668
10715669
10715671
10715673
10715674
10715678
10715679
10715680
10715682
10715683
10715684
10715685
10715687
10715689
10715691
10715693
10715692
10715696
10715697
10715698
10715699
10715700
10715701
10715702
10715704
10715705
10715706
10715707
10715709
10715710
10715712
10715711
10715715
10715714
10715716
10715718
10715717
10715719
10715720
10715724
10715721
10715722
10715728
10715723
10715726
10715731
10715727
10715734
10715729
10715735
10715737
10715738
10715739
10715740
10715741
10715742
10715743
10715745
10715747
10715748
10715746
10715749
10715752
10715751
10715754
10715755
10715758
10715760
10715762
10715763
10715764
10715765
10715766
10715769
10715770
10715771
10715772
10715773
10715775
10715776
10715777
10715778
10715779
10715780
10715781
10715782
10715783
10715784
10715786
10715787
10715788
10715790
10715791
10715792
10715793
10715794
10715795
10715796
10715797
10715798
10715800
10715801
10715803
10715802
10715805
10715806
10715807
10715809
10715810
10715811
10715812
10715813
10715815
10715814
10715817
10715816
10715818
10715819
10715820
10715822
10715823
10715824
10715825
10715827
10715828
10715829
10715831
10715832
10715833
10715834
10715835
10715836
10715837
10715838
10715839
10715840
10715841
10715842
10715843
10715844
10715845
10715847
10715848
10715849
10715850
10715851
10715852
10715854
10715855
10715856
10715857
10715858
10715859
10715860
10715862
10715863
10715864
10715865
10715866
10715867
10715868
10715869
10715870
10715871
10715872
10715873
10715875
10715876
10715877
10715878
10715880
10715881
10715882
10715883
10715884
10715885
10715886
10715888
10715889
10715890
10715892
10715891
10715894
10715896
10715897
10715895
10715900
10715899
10715902
10715898
10715905
10715901
10715904
10715906
10715909
10715908
10715912
10715913
10715914
10715910
10715911
10715915
10715916
10715919
10715917
10715918
10715922
10715920
10715924
10715921
10715926
10715927
10715928
10715929
10715930
10715932
10715933
10715934
10715935
10715936
10715938
10715939
10715940
10715942
10715943
10715944
10715945
10715946
10715947
10715948
10715949
10715952
10715953
10715954
10715951
10715956
10715957
10715958
10715959
10715961
10715962
10715963
10715964
10715965
10715966
10715968
10715969
10715971
10715967
10715973
10715970
10715976
10715972
10715974
10715975
10715977
10715978
10715979
10715980
10715982
10715985
10715983
10715987
10715988
10715990
10715992
10715993
10715995
10715996
10715997
10715998
10715999
10716001
10716002
10716000
10716004
10716005
10716003
10716007
10716008
10716009
10716010
10716011
10716012
10716013
10716014
10716016
10716017
10716018
10716019
10716021
10716022
10716024
10716025
10716026
10716027
10716028
10716029
10716031
10716032
10716033
10716030
10716035
10716037
10716038
10716036
10716040
10716041
10716043
10716044
10716046
10716047
10716048
10716049
10716051
10716052
10716054
10716056
10716057
10716055
10716059
10716061
10716062
10716058
10716064
10716066
10716067
10716063
10716065
10716070
10716071
10716072
10716068
10716076
10716077
10716078
10716079
10716081
10716080
10716083
10716082
10716084
10716087
10716086
10716089
10716091
10716092
10716093
10716094
10716095
10716090
10716096
10716099
10716097
10716101
10716102
10716103
10716105
10716106
10716107
10716108
10716110
10716109
10716104
10716113
10716111
10716115
10716116
10716118
10716119
10716114
10716121
10716122
10716123
10716124
10716125
10716120
10716128
10716129
10716130
10716131
10716132
10716127
10716134
10716135
10716136
10716137
10716139
10716140
10716141
10716142
10716143
10716144
10716145
10716147
10716148
10716146
10716149
10716151
10716152
10716154
10716155
10716157
10716158
10716159
10716160
10716162
10716163
10716161
10716166
10716167
10716164
10716170
10716171
10716173
10716172
10716175
10716177
10716174
10716179
10716180
10716181
10716183
10716184
10716178
10716186
10716187
10716189
10716190
10716192
10716191
10716194
10716195
10716196
10716197
10716198
10716199
10716200
10716201
10716202
10716203
10716204
10716205
10716206
10716207
10716208
10716209
10716210
10716211
10716212
10716213
10716215
10716216
10716214
10716219
10716217
10716221
10716222
10716224
10716225
10716226
10716227
10716228
10716229
10716232
10716234
10716235
10716237
10716238
10716239
10716240
10716241
10716242
10716243
10716244
10716247
10716245
10716249
10716246
10716248
10716253
10716252
10716255
10716254
10716258
10716259
10716260
10716261
10716262
10716256
10716265
10716266
10716267
10716264
10716269
10716270
10716268
10716273
10716271
10716275
10716276
10716278
10716279
10716280
10716274
10716282
10716277
10716284
10716283
10716286
10716287
10716288
10716289
10716291
10716285
10716290
10716294
10716292
10716293
10716298
10716299
10716301
10716302
10716303
10716304
10716306
10716300
10716305
10716307
10716310
10716311
10716308
10716313
10716309
10716312
10716314
10716315
10716319
10716322
10716323
10716324
10716325
10716326
10716327
10716328
10716329
10716331
10716330
10716333
10716334
10716335
10716336
10716337
10716339
10716341
10716342
10716340
10716343
10716345
10716346
10716347
10716349
10716350
10716352
10716348
10716354
10716355
10716357
10716358
10716359
10716361
10716360
10716362
10716364
10716365
10716366
10716368
10716363
10716367
10716371
10716373
10716374
10716375
10716376
10716378
10716379
10716381
10716383
10716382
10716384
10716386
10716388
10716389
10716390
10716391
10716393
10716392
10716395
10716396
10716398
10716399
10716400
10716397
10716402
10716404
10716405
10716406
10716407
10716403
10716409
10716410
10716408
10716412
10716411
10716414
10716415
10716416
10716417
10716418
10716419
10716420
10716421
10716422
10716423
10716424
10716426
10716427
10716425
10716430
10716431
10716432
10716429
10716434
10716435
10716436
10716433
10716437
10716439
10716440
10716441
10716442
10716443
10716444
10716445
10716446
10716448
10716449
10716450
10716451
10716452
10716454
10716455
10716456
10716453
10716459
10716457
10716461
10716462
10716458
10716464
10716466
10716467
10716460
10716469
10716471
10716472
10716473
10716474
10716476
10716475
10716478
10716479
10716480
10716481
10716482
10716483
10716485
10716486
10716488
10716489
10716484
10716492
10716490
10716494
10716495
10716496
10716498
10716493
10716500
10716497
10716502
10716501
10716504
10716505
10716507
10716508
10716509
10716510
10716512
10716513
10716514
10716515
10716516
10716518
10716519
10716520
10716521
10716522
10716523
10716524
10716525
10716526
10716527
10716528
10716531
10716532
10716533
10716535
10716536
10716537
10716539
10716538
10716534
10716542
10716543
10716544
10716545
10716546
10716547
10716549
10716550
10716551
10716552
10716553
10716554
10716556
10716555
10716557
10716558
10716562
10716563
10716564
10716559
10716565
10716567
10716568
10716569
10716570
10716571
10716572
10716573
10716574
10716575
10716576
10716577
10716578
10716580
10716581
10716582
10716583
10716584
10716585
10716586
10716587
10716588
10716590
10716591
10716592
10716593
10716594
10716595
10716596
10716597
10716599
10716600
10716602
10716603
10716604
10716605
10716607
10716608
10716609
10716610
10716611
10716612
10716613
10716614
10716615
10716616
10716617
10716618
10716619
10716623
10716624
10716625
10716620
10716627
10716628
10716621
10716622
10716629
10716632
10716634
10716630
10716633
10716635
10716636
10716637
10716638
10716641
10716642
10716643
10716644
10716646
10716647
10716649
10716650
10716651
10716652
10716653
10716655
10716656
10716657
10716658
10716660
10716661
10716662
10716659
10716663
10716664
10716667
10716665
10716669
10716671
10716672
10716668
10716675
10716676
10716670
10716678
10716674
10716681
10716682
10716677
10716684
10716685
10716679
10716688
10716690
10716689
10716687
10716695
10716696
10716694
10716698
10716700
10716697
10716702
10716699
10716701
10716706
10716707
10716703
10716709
10716710
10716704
10716712
10716708
10716713
10716715
10716714
10716718
10716719
10716716
10716721
10716722
10716724
10716725
10716717
10716727
10716728
10716730
10716731
10716723
10716733
10716729
10716735
10716736
10716737
10716739
10727054
10716741
10716742
10716744
10716743
10716746
10716745
10716748
10716749
10716751
10716750
10716753
10716754
10716756
10716757
10716758
10716759
10716760
10716761
10716762
10716763
10716764
10716765
10716767
10716768
10716766
10716770
10716769
10716772
10716773
10716775
10716774
10716777
10716776
10716780
10716781
10716778
10716779
10716785
10716782
10716783
10716788
10716784
10716791
10716786
10716793
10716787
10716795
10716789
10716792
10716800
10716794
10716802
10716796
10716797
10716798
10716807
10716809
10716810
10716803
10716804
10716805
10716806
10716808
10716811
10716812
10716813
10716814
10716815
10716816
10716824
10716819
10716820
10716827
10716828
10716830
10716823
10716833
10716834
10716836
10716837
10716838
10716831
10716841
10716842
10716835
10716840
10716845
10716843
10716848
10716846
10716850
10716847
10716852
10716853
10716849
10716856
10716851
10716854
10716858
10716859
10716862
10716863
10716864
10716866
10716867
10716865
10716870
10716871
10716869
10716873
10716874
10716875
10716876
10716877
10716879
10716872
10716881
10716882
10716884
10716880
10716886
10716887
10716888
10716890
10716891
10716892
10716894
10716893
10716896
10716897
10716898
10716899
10716895
10716903
10716904
10716905
10716906
10716902
10716910
10716909
10716908
10716913
10716915
10716916
10716917
10716914
10716919
10716920
10716922
10716923
10716924
10716918
10716927
10716928
10716930
10716931
10716932
10727094
10716934
10716935
10716936
10716929
10716938
10716940
10716941
10716937
10716943
10716944
10716946
10716947
10716945
10716949
10716951
10716948
10716950
10716952
10716955
10716956
10716953
10716959
10716960
10716962
10716958
10716961
10716965
10716966
10716967
10716969
10716968
10716970
10716971
10716974
10716975
10716977
10716978
10716972
10716980
10716976
10716982
10716983
10716984
10716985
10716979
10716987
10716981
10716986
10716990
10716991
10716988
10716994
10716996
10716998
10716999
10716995
10716997
10717003
10717001
10717002
10717007
10717004
10717010
10717005
10717012
10717013
10717014
10717015
10717016
10717017
10717018
10717021
10717022
10717023
10717025
10717026
10717027
10717028
10717030
10717029
10717031
10717033
10717034
10717035
10717036
10717038
10717032
10717037
10717042
10717043
10717044
10717041
10717046
10717047
10717048
10717049
10717050
10717051
10717052
10717053
10717054
10717055
10717056
10717057
10717058
10717060
10717061
10717062
10717063
10717059
10717065
10717066
10717067
10717068
10717070
10717071
10717072
10717073
10717075
10717074
10717077
10717078
10717076
10717080
10717081
10717082
10717083
10717084
10717085
10717087
10717086
10717088
10717090
10717089
10717092
10717091
10717094
10717095
10717096
10717098
10717099
10717100
10717097
10717101
10717103
10717104
10717105
10717106
10717108
10717109
10717111
10717107
10717113
10717114
10717110
10717116
10717117
10717118
10717120
10717121
10717122
10717123
10717125
10717126
10717128
10717129
10717130
10717132
10717131
10717133
10717135
10717136
10717134
10717139
10717140
10717141
10717142
10717143
10717144
10717137
10717147
10717148
10717149
10717146
10717150
10717153
10717154
10717155
10717156
10717157
10717158
10717159
10717160
10717161
10717162
10717164
10717165
10717166
10717167
10717168
10717169
10717170
10717171
10717172
10717174
10717176
10717177
10717178
10717175
10717180
10717181
10717183
10717184
10717179
10717186
10717187
10717182
10717189
10717191
10717192
10717193
10717195
10717196
10717197
10717198
10717199
10717200
10717201
10717202
10717203
10717204
10717206
10717207
10717208
10717209
10717210
10717205
10717213
10717214
10717216
10717217
10717218
10717219
10717221
10717220
10717222
10717224
10717225
10717227
10717226
10717229
10717230
10717228
10717233
10717234
10717235
10717232
10717236
10717238
10717240
10717241
10717242
10717243
10717244
10717245
10717246
10717248
10717247
10717250
10717249
10717252
10717253
10717251
10717255
10717256
10717254
10717259
10717260
10717261
10717257
10717264
10717266
10717262
10717267
10717269
10717270
10717263
10717272
10717273
10717274
10717275
10717276
10717277
10717278
10717279
10717280
10717281
10717284
10717285
10717286
10717287
10717288
10717289
10717290
10717291
10717292
10717294
10717295
10717296
10717297
10717299
10717300
10717301
10717302
10717303
10717304
10717305
10717307
10717306
10717309
10717310
10717308
10717313
10717312
10717315
10717317
10717318
10717319
10717314
10717321
10717322
10717324
10717325
10717326
10717327
10717328
10717323
10717329
10717333
10717332
10717335
10717330
10717338
10717339
10717334
10717341
10717342
10717343
10717344
10717345
10717346
10717347
10717349
10717348
10717351
10717352
10717353
10717354
10717356
10717357
10717359
10717355
10717362
10717363
10717364
10717365
10717366
10717367
10717368
10717369
10717371
10717373
10717374
10717375
10717376
10717379
10717380
10717381
10717377
10717383
10717378
10717382
10717386
10717387
10717388
10717389
10717384
10717385
10717390
10717394
10717395
10717396
10717397
10717398
10717400
10717401
10717402
10717403
10717399
10717407
10717408
10717409
10717410
10717412
10717414
10717415
10717411
10717417
10717418
10717419
10717413
10717420
10717424
10717422
10717426
10717427
10717428
10717429
10717430
10717432
10717433
10717434
10717435
10717431
10717436
10717438
10717439
10717440
10717441
10717442
10717444
10717445
10717446
10717448
10717443
10717449
10717452
10717453
10717454
10717447
10717456
10717457
10717459
10717455
10717461
10717458
10717463
10717464
10717460
10717466
10717467
10717468
10717469
10717470
10717472
10717473
10717471
10717475
10717476
10717474
10717479
10717480
10717481
10717483
10717484
10717482
10717487
10717488
10717490
10717491
10717489
10717493
10717494
10717496
10717497
10717498
10717500
10717499
10717502
10717501
10717505
10717503
10717507
10717504
10717510
10717511
10717512
10717506
10717508
10717515
10717516
10717517
10717518
10717519
10717521
10717522
10717523
10717524
10717525
10717520
10717526
10717528
10717529
10717531
10717530
10717533
10717534
10717532
10717536
10717537
10717538
10717539
10717540
10717541
10717542
10717543
10717545
10717546
10717547
10717548
10717549
10717551
10717552
10717553
10717554
10717555
10717556
10717557
10717558
10717559
10717560
10717562
10717564
10717565
10717566
10717567
10717568
10717569
10717570
10717571
10717572
10717573
10717574
10717575
10717576
10717578
10717579
10717580
10717581
10717582
10717583
10717584
10717585
10717587
10717588
10717589
10717590
10717591
10717592
10717593
10717595
10717596
10717597
10717598
10717594
10717600
10717601
10717602
10717605
10717606
10717607
10717608
10717603
10717610
10717611
10717609
10717613
10717612
10717615
10717616
10717617
10717619
10717620
10717618
10717623
10717621
10717625
10717626
10717622
10717629
10717624
10717631
10717632
10717633
10717628
10717635
10717636
10717637
10717638
10717634
10717641
10717642
10717644
10717645
10717643
10717647
10717646
10717648
10717650
10717651
10717649
10717653
10717654
10717655
10717656
10717657
10717652
10717659
10717658
10717662
10717663
10717664
10717665
10717666
10717667
10717668
10717669
10717671
10717672
10717673
10717674
10717675
10717676
10717678
10717679
10717680
10717682
10717684
10717685
10717686
10717683
10717689
10717691
10717690
10717692
10717694
10717693
10717696
10717699
10717700
10717701
10717703
10717705
10717706
10717707
10717708
10717709
10717710
10717711
10717713
10717712
10717716
10717714
10717718
10717719
10717720
10717722
10717723
10717724
10717725
10717721
10717727
10717728
10717730
10717731
10717732
10717733
10717735
10717736
10717737
10717738
10717739
10717740
10717742
10717743
10717744
10717746
10717745
10717748
10717751
10717752
10717754
10717756
10717757
10717758
10717755
10717761
10717762
10717763
10717764
10717765
10717767
10717766
10717769
10717770
10717771
10717768
10717773
10717775
10717776
10717774
10717779
10717780
10717781
10717782
10717783
10717785
10717786
10717788
10717790
10717791
10717792
10717793
10717794
10717796
10717797
10717798
10717795
10717799
10717802
10717805
10717806
10727268
10717809
10717811
10717814
10717818
10717819
10717820
10717822
10717823
10717824
10717825
10717826
10717827
10717829
10717830
10717832
10717833
10717834
10717835
10717838
10717839
10717840
10717842
10717844
10717846
10717847
10717848
10717849
10717850
10717851
10717853
10717854
10717856
10717858
10717859
10717860
10717861
10717862
10717866
10717868
10717871
10717872
10717873
10717875
10717876
10717877
10717878
10717880
10717881
10717882
10717883
10717884
10717886
10717887
10717888
10717889
10717891
10717892
10717893
10717894
10717895
10717896
10717897
10717901
10717902
10717903
10717904
10717905
10717906
10717908
10717909
10717910
10717912
10717911
10717914
10717913
10717915
10717918
10717917
10717919
10717921
10717924
10717925
10717927
10717928
10717929
10717930
10717931
10717933
10717932
10717935
10717936
10717937
10717939
10717941
10717942
10717943
10717944
10717945
10717946
10717948
10717951
10717952
10717953
10717955
10717957
10717959
10717960
10717961
10717964
10717965
10717966
10717968
10717969
10717970
10717972
10717973
10717975
10717979
10717981
10717982
10717983
10717985
10717987
10717988
10717989
10717991
10717992
10717993
10717995
10717997
10717998
10717999
10718000
10718001
10718002
10718004
10718005
10718007
10718008
10718009
10718010
10718011
10718012
10718016
10718017
10718018
10718019
10718022
10718023
10718024
10718025
10718026
10718027
10718029
10718031
10718032
10718033
10718034
10718035
10718036
10718037
10718038
10718041
10718042
10718039
10718044
10718047
10718048
10718053
10718054
10718055
10718057
10718056
10718059
10718060
10718058
10718063
10718064
10718067
10718068
10718069
10718070
10718071
10718073
10718074
10718076
10718077
10718079
10718080
10718081
10718082
10718084
10718087
10718088
10718089
10718090
10718091
10718092
10718094
10718093
10718095
10718097
10718098
10718099
10718100
10718101
10718103
10718107
10718106
10718108
10718109
10718112
10718113
10718115
10718116
10718122
10718123
10718124
10718125
10718126
10718127
10718128
10718129
10718130
10718132
10718133
10718134
10718135
10718136
10718137
10718138
10718139
10718141
10718142
10718143
10718144
10718145
10718147
10718148
10718150
10718151
10718153
10718154
10718155
10718156
10718157
10718158
10718160
10718159
10718164
10718166
10718168
10718169
10718174
10718177
10718180
10718181
10718182
10718184
10718185
10718186
10718187
10718188
10718189
10718190
10718191
10718192
10718193
10718196
10718198
10718200
10718201
10718203
10718205
10718207
10718208
10718210
10718211
10718212
10718214
10718218
10718219
10718220
10718222
10718223
10718224
10718230
10718232
10718233
10718234
10718235
10718241
10718242
10718243
10718245
10718249
10718250
10718251
10718252
10718255
10718258
10718260
10718262
10718263
10718264
10718266
10718267
10718270
10718271
10718272
10718273
10718275
10718277
10718280
10718281
10718282
10718283
10718284
10718286
10718287
10718288
10718290
10718292
10718294
10718297
10718299
10718300
10718302
10718305
10718308
10718310
10718311
10718315
10718316
10718317
10718318
10718319
10718321
10718322
10718320
10718325
10718326
10718328
10718329
10718331
10718332
10718333
10718335
10718336
10718337
10718339
10718341
10718340
10718345
10718346
10718347
10718351
10718352
10718353
10718354
10718356
10718357
10718358
10718360
10718361
10718362
10718363
10718365
10718364
10718367
10718368
10718370
10718371
10718374
10718375
10718376
10718378
10718379
10718380
10718382
10718383
10718385
10718386
10718387
10718389
10718390
10718391
10718396
10718397
10718398
10718400
10718399
10718403
10718405
10718406
10718410
10718411
10718414
10718415
10718417
10718419
10718421
10718422
10718423
10718424
10718425
10718427
10718426
10718429
10718431
10718434
10718435
10718437
10718436
10718439
10718440
10718441
10718443
10718444
10718446
10718448
10718449
10718450
10718451
10718452
10718453
10718454
10718455
10718457
10718458
10718459
10718460
10718463
10718465
10718467
10718468
10718469
10718471
10718472
10718475
10718478
10718479
10718480
10718481
10718482
10718483
10718484
10718486
10718487
10718489
10718490
10718492
10718493
10718497
10718498
10718499
10718500
10718501
10718503
10718504
10718505
10718509
10718510
10718512
10718513
10718516
10718518
10718519
10718520
10718525
10718526
10718527
10718529
10718530
10718531
10718532
10718534
10718536
10718537
10718538
10718539
10718541
10718544
10718548
10718549
10718550
10718552
10718551
10718554
10718555
10718559
10718561
10718562
10718563
10718565
10718566
10727418
10718568
10718570
10718571
10718572
10718573
10718576
10718577
10718578
10718580
10718582
10718587
10718588
10718589
10718590
10718591
10718596
10718597
10718598
10718599
10718600
10718601
10718602
10718605
10718606
10718607
10718603
10718614
10718615
10718617
10718616
10718618
10718620
10718619
10718623
10718624
10718625
10718626
10718622
10718629
10718631
10718633
10718637
10718639
10718640
10718642
10718643
10718645
10718646
10718648
10718651
10718656
10718658
10718659
10718663
10718664
10718665
10718666
10718667
10718668
10718670
10718671
10718672
10718669
10718674
10718675
10718678
10718681
10718683
10718685
10718690
10718691
10718692
10718693
10718695
10718696
10718698
10718699
10718704
10718707
10718708
10718710
10718711
10718714
10718715
10718720
10718722
10718725
10718727
10718728
10718729
10718730
10718731
10718736
10718737
10718738
10718739
10718740
10718742
10718745
10718747
10718749
10718753
10718754
10718755
10718756
10718758
10718759
10718763
10718765
10718766
10718768
10718769
10718767
10718771
10718772
10718773
10718774
10718777
10718778
10718779
10718781
10718782
10718783
10718784
10718786
10718787
10718788
10718785
10718790
10718791
10718792
10718795
10718796
10718797
10718801
10718802
10718803
10718804
10718808
10718809
10718810
10718811
10718813
10718815
10718816
10718817
10718820
10718821
10718823
10718824
10718825
10718826
10718827
10718829
10718830
10718835
10718836
10718837
10718838
10718843
10718844
10718847
10718852
10718853
10718855
10718856
10718859
10718860
10718862
10718863
10718866
10718867
10718870
10718872
10718873
10718875
10718878
10718879
10718880
10718881
10718883
10718884
10718890
10718891
10718894
10718898
10718899
10718900
10718902
10718903
10718907
10718908
10718910
10718912
10718916
10718917
10718918
10718920
10718921
10718927
10718928
10718933
10718939
10718940
10718942
10718943
10718948
10718949
10718951
10718954
10718955
10718956
10718960
10718963
10718965
10718969
10718971
10718973
10718976
10718978
10718981
10718982
10718986
10718988
10718989
10718991
10718994
10718995
10718996
10718997
10718998
10719003
10719004
10719005
10719006
10719009
10719010
10719011
10719012
10719014
10719015
10719016
10719018
10719020
10719021
10719023
10719026
10719030
10719033
10719037
10719039
10719040
10719042
10719046
10719049
10719052
10719056
10719057
10719059
10719061
10719063
10719064
10719065
10719066
10719067
10719070
10719071
10719072
10719073
10719078
10719079
10719081
10719084
10719092
10719093
10719094
10719096
10719098
10719099
10719103
10719104
10719107
10719108
10719109
10719111
10719112
10719113
10719114
10719117
10719118
10719119
10719120
10719123
10719124
10719125
10719128
10719129
10719130
10719132
10719133
10719134
10719136
10719137
10719135
10726611
10719141
10719142
10719143
10719145
10719147
10719149
10719154
10719155
10719156
10719157
10719161
10719162
10719164
10719165
10719166
10719168
10719169
10719170
10719171
10719172
10719175
10719176
10719177
10719180
10719181
10719182
10719184
10719189
10719192
10719194
10719195
10719198
10719202
10719203
10719205
10719206
10719204
10719208
10719209
10719210
10719211
10719212
10719216
10719221
10719223
10719226
10719227
10719228
10719230
10719232
10719233
10719234
10719236
10719235
10719237
10719241
10719245
10719247
10719249
10719250
10719251
10719253
10719254
10719257
10719262
10719264
10719270
10719274
10719276
10719277
10719278
10719280
10719281
10719284
10719285
10719288
10719290
10719292
10719293
10719294
10719295
10719297
10719298
10719299
10719302
10719304
10719305
10719307
10719311
10719312
10719314
10719315
10719316
10719319
10719321
10719322
10719326
10719328
10719329
10719330
10719331
10719334
10719335
10719337
10719338
10719339
10719342
10719349
10719351
10719352
10719353
10719354
10719355
10719356
10719358
10719359
10719361
10719364
10719368
10719369
10719371
10719370
10719377
10719383
10719384
10719387
10719388
10719391
10719393
10719394
10719395
10719397
10719398
10719399
10719400
10719403
10719404
10719405
10719407
10719409
10719411
10719415
10719417
10719418
10719419
10719420
10719423
10719424
10719429
10719430
10719433
10719435
10719437
10719438
10719439
10719440
10719442
10719445
10719446
10719447
10719448
10719450
10719451
10719453
10719454
10719458
10719460
10719462
10719464
10719466
10719467
10719469
10719468
10719472
10719473
10719476
10719478
10719480
10719483
10719484
10719485
10719486
10719490
10719491
10719492
10719493
10719495
10719496
10719497
10719498
10719499
10719500
10719503
10719505
10719507
10719509
10719512
10719518
10719522
10719523
10726610
10719530
10719533
10719534
10719538
10719539
10719541
10719542
10719547
10719549
10719550
10719551
10719552
10719555
10719557
10719558
10719561
10719562
10719563
10719564
10719566
10719567
10719568
10719571
10719572
10719573
10719575
10719576
10719579
10719580
10719581
10719582
10719588
10719589
10719590
10719591
10719592
10719593
10719595
10719596
10719598
10719599
10719594
10719600
10719603
10719604
10719605
10719606
10719607
10719609
10719610
10719611
10719612
10719614
10719615
10719616
10719619
10719621
10719624
10719626
10719628
10719629
10719631
10719632
10719634
10719635
10719636
10719637
10719638
10719640
10719641
10719642
10719644
10719643
10719645
10719647
10719649
10719650
10719653
10719654
10719655
10719656
10719661
10719662
10719664
10719665
10719667
10719668
10719670
10719671
10719672
10719669
10719674
10719676
10719678
10719681
10719682
10719684
10719686
10719687
10719688
10719689
10719691
10719692
10719693
10719690
10719695
10719696
10719697
10719699
10719698
10719702
10719700
10719704
10719705
10719701
10719703
10719709
10719710
10719711
10719713
10719714
10719715
10719717
10719718
10719720
10719723
10719725
10719727
10719729
10719731
10719732
10719734
10719735
10719737
10719740
10719742
10719745
10719747
10719748
10719752
10719753
10719757
10719761
10719763
10719765
10719766
10719767
10719768
10719770
10719771
10719772
10719769
10719773
10719777
10719778
10719779
10719781
10719782
10719783
10719785
10719786
10719787
10719792
10719794
10719796
10719799
10719800
10719804
10719805
10719812
10719814
10719815
10719817
10719818
10719820
10719822
10719824
10719825
10719826
10719829
10719831
10719832
10719837
10719838
10719839
10719841
10719843
10719844
10719848
10719849
10719850
10719851
10719852
10719854
10719855
10719856
10719857
10719860
10719862
10719863
10719864
10719865
10719868
10719873
10719872
10719874
10719876
10719878
10719880
10719881
10719883
10719884
10719885
10719886
10719887
10719889
10719890
10719891
10719893
10719895
10719896
10719897
10719901
10719902
10719903
10719905
10719904
10719907
10719911
10719912
10719913
10719914
10719915
10719918
10719919
10719921
10719920
10719923
10719924
10719928
10719930
10719931
10719932
10719934
10719935
10719938
10719939
10719945
10719946
10719947
10719948
10719950
10719951
10719952
10719953
10719954
10719955
10719959
10719960
10719962
10719964
10719965
10719966
10719967
10719968
10719970
10719971
10719972
10719976
10719977
10719978
10719980
10719981
10719982
10719983
10719984
10719986
10719987
10719988
10719989
10719990
10719991
10719992
10719993
10719994
10719996
10719995
10719998
10720000
10719999
10720001
10720003
10720004
10720006
10720008
10720009
10720010
10720011
10720014
10720015
10720016
10720017
10720018
10720020
10720021
10720022
10720019
10720025
10720026
10720028
10720029
10720030
10720031
10720032
10720036
10720037
10720038
10720039
10720041
10720040
10720043
10720044
10720045
10720047
10720046
10720051
10720052
10720053
10720054
10720055
10720056
10720058
10720059
10720060
10720061
10720062
10720064
10720065
10720067
10720068
10720071
10720072
10720073
10720075
10720082
10720083
10720084
10720085
10720087
10720088
10720091
10720092
10720093
10720100
10720101
10720102
10720103
10720104
10720105
10720106
10720107
10720108
10720110
10720111
10720113
10720115
10720118
10720120
10720121
10720122
10720123
10720127
10720128
10720129
10720132
10720133
10720134
10720136
10720137
10720139
10720140
10720141
10720143
10720144
10720145
10720146
10720148
10720151
10720152
10720153
10720155
10720156
10720158
10720159
10720162
10720163
10720165
10720166
10720167
10720171
10720176
10720177
10720178
10720179
10720180
10720184
10720186
10720187
10720188
10720189
10720190
10720193
10720196
10720197
10720200
10720201
10720202
10720203
10720205
10720206
10720207
10720208
10720210
10720209
10720212
10720215
10720216
10720217
10720218
10720219
10720221
10720222
10720223
10720224
10720225
10720227
10720226
10720229
10720233
10720234
10720236
10720237
10720239
10720240
10720241
10720244
10720251
10720253
10720254
10720256
10720257
10720259
10720260
10720261
10720262
10720266
10720267
10720268
10720269
10720270
10720271
10720273
10720274
10720272
10720276
10720280
10720281
10720282
10720283
10720285
10720286
10720287
10720288
10720290
10720291
10720292
10720293
10720294
10720295
10720296
10720297
10720298
10720300
10720301
10720302
10720303
10720305
10720306
10720307
10720309
10720310
10720311
10720316
10720318
10720320
10720321
10720322
10720323
10720325
10720326
10720327
10720328
10720330
10720331
10720332
10720333
10720336
10720338
10720339
10720343
10720345
10720346
10720347
10720348
10720353
10720354
10720356
10720357
10720358
10720360
10720361
10720363
10720364
10720365
10720366
10720367
10720369
10720368
10720371
10720370
10720376
10720377
10720378
10720380
10720385
10720386
10720387
10720389
10720390
10720391
10720392
10720393
10720394
10720395
10720397
10720398
10720399
10720401
10720402
10720403
10720404
10720405
10720406
10720410
10720412
10720416
10720419
10720421
10720423
10720424
10720427
10720428
10720429
10720430
10720432
10720435
10720436
10720437
10720439
10720438
10720441
10720443
10720446
10720448
10720450
10720452
10720453
10720454
10720455
10720456
10720457
10720458
10720461
10720463
10720465
10720466
10720467
10720468
10720469
10720473
10720474
10720478
10720479
10720482
10720483
10720486
10720487
10720488
10720489
10720490
10720492
10720493
10720494
10720495
10720496
10720497
10720498
10720500
10720502
10720503
10720506
10720507
10720509
10720510
10720511
10720514
10720516
10720517
10720518
10720519
10720521
10720522
10720523
10720524
10720525
10720526
10720527
10720528
10720530
10720531
10720533
10720534
10720532
10720536
10720537
10720538
10720539
10720540
10720541
10720542
10720544
10720545
10720546
10720547
10720548
10720550
10720552
10720549
10720554
10720555
10720553
10720556
10720558
10720560
10720561
10720562
10720563
10720564
10720565
10720566
10720567
10720568
10720569
10720570
10720571
10720572
10720573
10720574
10720575
10720576
10720577
10720579
10720580
10720581
10720582
10720583
10720584
10720586
10720587
10720588
10720589
10720590
10720592
10720593
10720594
10720595
10720597
10720598
10720599
10720600
10720601
10720602
10720604
10720605
10720606
10720607
10720609
10720610
10720612
10720613
10720614
10720615
10720616
10720617
10720618
10720619
10720620
10720621
10720622
10720624
10720625
10720626
10720628
10720629
10720630
10720631
10720632
10720633
10720637
10720639
10720640
10720641
10720642
10720644
10720645
10720643
10720648
10720649
10720650
10720651
10720647
10720653
10720654
10720655
10720657
10720656
10720659
10720660
10720661
10720662
10720664
10720665
10720666
10720668
10720669
10720671
10720673
10720675
10720676
10720677
10720680
10720683
10720684
10720685
10720687
10720688
10720690
10720691
10720692
10720693
10720694
10720695
10720696
10720697
10720699
10720700
10720701
10720702
10720703
10720704
10720705
10720706
10720707
10720709
10720710
10720711
10720712
10720714
10720715
10720718
10720719
10720720
10720721
10720722
10720723
10720724
10720725
10720727
10720730
10720731
10720732
10720733
10720734
10720735
10720737
10720739
10720742
10720743
10720744
10720747
10720748
10720749
10720750
10720751
10720752
10720753
10720755
10720754
10720757
10720758
10720759
10720760
10720761
10720762
10720763
10720765
10720764
10720766
10720768
10720767
10720771
10720772
10720773
10720774
10720775
10720776
10720777
10720778
10720779
10720781
10720780
10720783
10720785
10720786
10720787
10720788
10720789
10720790
10720792
10720793
10720795
10720796
10720797
10720798
10720799
10720800
10720801
10720802
10720803
10720805
10720804
10720807
10720808
10720809
10720806
10720811
10720816
10720817
10720818
10720820
10720821
10720823
10720824
10720825
10720826
10720828
10720829
10720830
10720831
10720832
10720834
10720838
10720839
10720841
10720840
10720842
10720844
10720843
10720847
10720848
10720849
10720850
10720845
10720846
10720854
10720856
10720855
10720857
10720851
10720853
10720858
10720862
10720859
10720864
10720865
10720866
10720867
10720869
10720870
10720871
10720863
10720874
10720875
10720876
10720878
10720879
10720881
10720882
10720883
10720885
10720887
10720888
10720889
10720890
10720891
10720893
10720892
10720895
10720896
10720894
10720897
10720898
10720900
10720901
10720903
10720904
10720906
10720907
10720908
10720905
10720910
10720909
10720911
10720914
10720915
10720916
10720917
10720918
10720919
10720920
10720921
10720922
10720923
10720925
10720926
10720928
10720929
10720931
10720930
10720933
10720934
10720932
10720936
10720937
10720938
10720939
10720940
10720941
10720942
10720943
10720944
10720947
10720948
10720949
10720950
10720953
10720954
10720956
10720957
10720959
10720960
10720961
10720962
10720963
10720964
10720965
10720966
10720967
10720968
10720969
10720970
10720971
10720972
10720974
10720976
10720977
10720978
10720979
10720980
10720981
10720982
10720983
10720985
10720984
10720987
10720989
10720990
10720991
10720992
10720996
10720997
10720998
10721000
10721001
10720999
10721003
10721002
10721005
10721006
10721008
10721009
10721010
10721011
10721012
10721013
10721015
10721016
10721017
10721014
10721018
10721020
10721021
10721022
10721023
10721024
10721025
10721026
10721027
10721030
10721032
10721033
10721035
10721036
10721037
10721038
10721039
10721042
10721043
10721044
10721045
10721046
10721048
10721049
10721050
10721052
10721053
10721055
10721056
10721057
10721059
10721060
10721062
10721063
10721064
10721065
10721067
10721061
10721069
10721070
10721066
10721072
10721075
10721076
10721078
10721077
10721080
10721081
10721079
10721083
10721084
10721085
10721086
10721087
10721088
10721089
10721090
10721091
10721092
10721093
10721095
10721099
10721100
10721101
10721102
10721103
10721104
10721105
10721106
10721108
10721109
10721110
10721111
10721113
10721114
10721115
10721117
10721116
10721119
10721120
10721121
10721122
10721124
10721125
10721123
10721127
10721128
10721129
10721130
10721131
10721132
10721133
10721135
10721136
10721134
10721138
10721140
10721141
10721142
10721144
10721145
10721146
10721147
10721148
10721149
10721150
10721151
10721152
10721153
10721154
10721155
10721157
10721159
10721158
10721162
10721163
10721160
10721166
10721167
10721165
10721169
10721168
10726366
10721173
10721174
10721175
10721176
10721177
10721178
10721179
10721180
10721181
10721183
10721184
10721189
10721190
10721191
10721193
10721192
10721195
10721200
10721201
10721203
10721204
10721205
10721202
10721206
10721209
10721210
10721211
10721207
10721213
10721214
10721215
10721216
10721217
10721218
10721220
10721222
10721224
10721225
10721228
10721229
10721230
10721231
10721232
10721233
10721235
10721236
10721237
10721238
10721241
10721242
10721243
10721244
10721245
10721247
10721248
10721249
10721250
10721251
10721252
10721253
10721254
10721255
10721256
10721258
10721259
10721260
10721261
10721262
10721264
10721267
10721268
10721269
10721270
10721271
10721272
10721273
10721274
10721276
10721275
10721278
10721279
10721281
10721277
10721284
10721285
10721287
10721288
10721289
10721290
10721292
10721293
10721294
10721295
10721296
10721298
10721299
10721300
10721301
10721297
10721304
10721305
10721302
10721307
10721303
10721310
10721309
10721312
10721313
10721314
10721315
10721316
10721317
10721319
10721320
10721318
10721322
10721324
10721326
10721328
10721327
10721330
10721332
10721329
10721334
10721331
10721336
10721337
10721339
10721335
10721342
10721343
10721344
10721345
10721347
10721348
10721350
10721351
10721352
10721353
10721355
10721356
10721357
10721358
10721360
10721361
10721354
10721363
10721359
10721362
10721365
10721368
10721369
10721370
10721371
10721366
10721373
10721374
10721375
10721376
10721378
10721379
10721380
10721382
10721383
10721384
10721385
10721381
10721386
10721389
10721390
10721391
10721392
10721393
10721394
10721395
10721396
10721398
10721399
10721400
10721401
10721403
10721405
10721406
10721407
10721409
10721410
10721411
10721413
10721414
10721415
10721416
10721418
10721420
10721422
10721423
10721425
10721426
10721427
10721429
10721430
10721428
10721432
10721433
10721431
10721434
10721436
10721437
10721439
10721438
10721440
10721442
10721441
10721443
10721447
10721449
10721448
10721451
10721444
10721445
10721453
10721456
10721457
10721458
10721455
10721460
10721461
10721462
10721463
10721465
10721468
10721469
10721470
10721471
10721472
10721473
10721474
10721476
10721477
10721478
10721475
10721481
10721482
10721484
10721486
10721487
10721488
10721490
10721489
10721491
10721494
10721495
10721497
10721499
10721501
10721502
10721503
10721504
10721505
10721506
10721508
10721507
10721510
10721512
10721513
10721516
10721517
10721519
10721520
10721522
10721524
10721525
10721526
10721527
10721528
10721529
10721530
10721531
10721532
10721534
10721535
10721536
10721538
10721539
10721540
10721541
10721543
10721537
10721545
10721546
10721547
10721548
10721549
10721550
10721551
10721553
10721554
10721556
10721557
10721559
10721560
10721558
10721561
10721562
10721564
10721567
10721568
10721569
10721571
10721570
10721573
10721574
10721572
10721576
10721575
10721577
10721578
10721580
10721582
10721583
10721584
10721585
10721586
10721587
10721590
10721591
10721592
10721593
10721595
10721597
10721598
10721599
10721601
10721602
10721603
10721604
10721605
10721607
10721606
10721609
10721611
10721612
10721613
10721614
10721616
10721617
10721615
10721619
10721620
10721621
10721622
10721624
10721626
10721627
10721628
10721629
10721630
10721633
10721634
10721635
10721636
10721637
10721639
10721640
10721641
10721642
10721644
10721645
10721646
10721647
10721648
10721653
10721654
10721655
10721657
10721658
10721660
10721661
10721662
10721664
10721665
10721667
10721668
10721669
10721670
10721672
10721673
10721671
10721675
10721676
10721677
10721678
10721679
10721680
10721674
10721682
10721683
10721684
10721686
10721687
10721688
10721689
10721691
10721692
10721685
10721690
10721695
10721696
10721698
10721699
10721700
10721701
10721693
10721703
10721705
10721706
10721707
10721708
10721709
10721711
10721710
10721712
10721714
10721715
10721716
10721717
10721719
10721720
10721718
10721723
10721722
10721726
10721725
10721727
10721728
10721724
10721729
10721732
10721731
10721734
10721736
10721738
10721733
10721741
10721742
10721743
10721740
10721745
10721747
10721744
10721746
10721750
10721751
10721749
10721753
10721754
10721755
10721757
10721752
10721760
10721762
10721763
10721761
10721764
10721768
10721769
10721770
10721771
10721773
10721772
10721775
10721776
10721777
10721779
10721780
10721781
10721782
10721783
10721784
10721778
10721786
10721787
10721788
10721789
10721785
10721791
10721792
10721793
10721794
10721795
10721796
10721797
10721798
10721800
10721801
10721803
10721804
10721805
10721806
10721807
10721808
10721809
10721810
10721811
10721812
10721813
10721814
10721815
10721817
10721818
10721819
10721822
10721820
10721821
10721823
10721825
10721824
10721828
10721830
10721832
10721831
10721834
10721836
10721837
10721839
10721840
10721843
10721844
10721841
10721847
10721842
10721845
10721846
10721851
10721852
10721853
10721854
10721856
10721857
10721859
10721855
10721861
10721858
10721863
10721865
10721866
10721867
10721868
10721869
10721871
10721872
10721874
10721875
10721876
10721877
10721878
10721880
10721881
10721882
10721884
10721885
10721886
10721887
10721889
10721890
10721892
10721893
10721888
10721895
10721897
10721894
10721899
10721900
10721896
10721898
10721904
10721905
10721901
10721902
10721909
10721903
10721908
10721913
10721914
10721915
10721916
10721917
10721918
10721920
10721921
10721922
10721923
10721924
10721926
10721925
10721928
10721927
10721929
10721931
10721930
10721933
10721934
10721932
10721936
10721939
10721940
10721935
10721942
10721941
10721944
10721945
10721947
10721948
10721946
10721951
10721952
10721953
10721954
10721955
10721956
10721958
10721959
10721960
10721961
10721962
10721963
10721964
10721965
10721967
10721968
10721969
10721966
10721971
10721972
10721970
10721974
10721973
10721975
10721977
10721976
10721978
10721979
10721980
10721982
10721981
10721986
10721987
10721988
10721989
10721990
10721991
10721993
10721994
10721995
10721996
10721998
10721999
10722000
10722001
10722002
10722003
10722004
10722005
10722006
10722007
10722009
10722011
10722012
10722013
10722014
10722015
10722016
10726594
10722018
10722019
10722020
10722022
10722023
10722024
10722025
10722026
10722028
10722030
10722032
10722033
10722034
10722035
10722036
10722038
10722039
10722037
10722043
10722044
10722045
10722046
10722048
10722049
10722050
10722051
10722053
10722052
10722055
10722056
10722058
10722060
10722061
10722063
10722064
10722065
10722062
10722068
10722069
10722067
10722071
10722072
10722073
10722075
10722076
10722070
10722074
10722077
10722081
10722080
10722082
10722084
10722085
10722083
10722088
10722089
10722086
10722090
10722091
10722094
10722095
10722092
10722093
10722096
10722097
10722100
10722099
10722103
10722104
10722105
10722106
10722108
10722109
10722110
10722111
10722112
10722113
10722115
10722116
10722117
10722119
10722118
10722121
10722122
10722120
10722125
10722126
10722127
10722128
10722129
10722131
10722133
10722134
10722135
10722136
10722138
10722139
10722140
10722137
10722143
10722144
10722145
10722146
10722147
10722148
10722149
10722150
10722151
10722152
10722154
10722155
10722156
10722157
10722159
10722158
10722161
10722162
10722160
10722164
10722165
10722163
10722168
10722171
10722172
10722175
10722176
10722177
10722179
10722180
10722181
10722183
10722184
10722185
10722186
10722187
10722188
10722189
10722190
10722193
10722195
10722196
10722198
10722199
10722200
10722201
10722202
10722205
10722206
10722208
10722212
10722214
10722216
10722221
10722224
10722226
10722228
10722229
10722230
10722227
10722233
10722234
10722236
10722232
10722238
10722235
10722240
10722241
10722243
10722244
10722245
10722247
10722248
10722242
10722250
10722246
10722253
10722254
10722255
10722251
10722257
10722259
10722258
10722260
10722262
10722263
10722264
10722265
10722266
10722267
10722268
10722269
10722271
10722272
10722274
10722270
10722273
10722277
10722275
10722280
10722278
10722282
10722283
10722285
10722286
10722287
10722288
10722290
10722291
10722293
10722294
10722295
10722289
10722296
10722299
10722297
10722298
10722302
10722304
10722303
10722306
10722308
10722309
10722310
10722311
10722312
10722313
10722314
10722317
10722318
10722319
10722320
10722321
10722322
10722323
10722324
10722325
10722326
10722327
10722329
10722330
10722332
10722333
10722334
10722335
10722336
10722338
10722339
10722340
10722337
10722342
10722343
10722341
10722345
10722344
10722346
10722348
10722349
10722351
10722352
10722353
10722355
10722356
10722357
10722360
10722358
10722362
10722363
10722364
10722365
10722359
10722361
10722366
10722369
10722370
10722372
10722373
10722375
10722376
10722377
10722378
10722379
10722380
10722382
10722384
10722385
10722386
10722388
10722389
10722390
10722391
10722393
10722394
10722395
10722396
10722397
10722398
10722399
10722400
10722401
10722403
10722404
10722405
10722406
10722407
10722409
10722410
10722411
10722412
10722413
10722414
10722408
10722416
10722417
10722418
10722419
10722420
10722421
10722423
10722424
10722425
10722422
10722427
10722428
10722429
10722431
10722432
10722434
10722435
10722436
10722437
10722439
10722440
10722441
10722442
10722444
10722445
10722446
10722447
10722448
10722449
10722451
10722443
10722453
10722454
10722455
10722456
10722457
10722458
10722459
10722460
10722461
10722462
10722463
10722464
10722466
10722467
10722469
10722471
10722470
10722473
10722472
10722476
10722477
10722478
10722479
10722480
10722481
10722482
10722483
10722485
10722484
10722486
10722488
10722487
10722491
10722492
10722493
10722494
10722495
10722496
10722497
10722498
10722501
10722502
10722503
10722504
10722506
10722507
10722508
10722509
10722511
10722512
10722513
10722514
10722515
10722516
10722517
10722518
10722519
10722520
10722521
10722523
10722524
10722525
10722526
10722522
10722528
10722531
10722532
10722534
10722535
10722536
10722538
10722539
10722540
10722541
10722542
10722543
10722544
10722545
10722547
10722550
10722551
10722552
10722553
10722554
10722555
10722556
10722557
10722558
10722559
10722561
10722562
10722563
10722564
10722565
10722566
10722568
10722567
10722571
10722572
10722573
10722570
10722575
10722576
10722574
10722578
10722580
10722581
10722582
10722583
10722584
10722579
10722586
10722587
10722588
10722589
10722590
10722593
10722594
10722596
10722597
10722598
10722599
10722600
10722601
10722603
10722604
10722605
10722606
10722607
10722608
10722609
10722610
10722612
10722611
10722614
10722615
10722616
10722618
10722613
10722620
10722621
10722622
10722624
10722617
10722626
10722627
10722628
10722625
10722631
10722632
10722634
10722635
10722636
10722638
10722639
10722637
10722641
10722640
10722643
10722645
10722646
10722647
10722648
10722644
10722650
10722652
10722649
10722654
10722655
10722656
10722658
10722657
10722659
10722661
10722662
10722664
10722665
10722667
10722668
10722670
10722671
10722673
10722674
10722672
10722676
10722669
10722678
10722675
10722680
10722681
10722684
10722685
10722687
10722688
10722689
10722690
10722692
10722691
10722693
10722695
10722697
10722698
10722696
10722700
10722701
10722703
10722704
10722705
10722706
10722707
10722709
10722710
10722712
10722713
10722711
10722715
10722716
10722717
10722718
10722720
10722722
10722721
10722724
10722725
10722726
10722727
10722728
10722729
10722730
10722731
10722732
10722733
10722734
10722736
10722738
10722739
10722740
10722737
10722743
10722744
10722745
10722746
10722747
10722748
10722750
10722751
10722753
10722752
10722755
10722756
10722757
10722758
10722760
10722761
10722754
10722764
10722765
10722766
10722767
10722768
10722769
10722770
10722771
10722773
10722774
10722776
10722775
10722778
10722779
10722780
10722781
10722777
10722783
10722785
10722786
10722788
10722790
10722791
10722793
10722794
10722795
10722797
10722798
10722799
10722800
10722801
10722802
10722803
10722804
10722805
10722806
10722807
10722808
10722810
10722811
10722812
10722813
10722814
10722815
10722816
10722817
10722819
10722820
10722822
10722823
10722824
10722825
10722826
10722828
10722827
10722830
10722831
10722833
10722834
10722832
10722836
10722838
10722839
10722840
10722837
10722842
10722843
10722844
10722846
10722847
10722848
10722849
10722851
10722852
10722853
10722854
10722850
10722856
10722857
10722858
10722859
10722860
10722855
10722862
10722864
10722866
10722869
10722870
10722871
10722873
10722874
10722875
10722876
10722872
10722879
10722880
10722881
10722882
10722884
10722883
10722887
10722888
10722889
10722891
10722892
10722893
10722894
10722896
10722897
10722898
10722899
10722900
10722901
10722903
10722904
10722902
10722905
10722907
10722908
10722909
10722910
10722911
10722912
10722913
10722916
10722918
10722919
10722920
10722922
10722923
10722924
10722925
10722927
10722928
10722931
10722932
10722933
10722935
10722936
10722937
10722939
10722938
10722941
10722940
10722943
10722944
10722945
10722946
10722948
10722949
10722951
10722952
10722950
10722954
10722953
10722956
10722958
10722959
10722960
10722961
10722962
10722963
10722964
10722966
10722967
10722968
10722969
10722971
10722972
10722974
10722973
10722975
10722978
10722980
10722981
10722982
10722983
10722984
10722986
10722985
10722988
10722989
10722991
10722992
10722993
10722995
10722994
10722996
10722999
10722997
10723001
10723002
10723000
10723003
10723005
10723006
10723007
10723008
10723009
10723010
10723011
10723012
10723014
10723013
10723015
10723017
10723018
10723020
10723021
10723022
10723023
10723019
10723025
10723024
10723027
10723029
10723030
10723031
10723032
10723033
10723035
10723034
10723036
10723039
10723038
10723041
10723042
10723044
10723045
10723037
10723047
10723048
10723049
10723050
10723052
10723053
10723051
10723055
10723057
10723058
10723059
10723060
10723061
10723062
10723064
10723065
10723066
10723067
10723063
10723069
10723068
10723071
10723072
10723073
10723074
10723076
10723077
10723079
10723080
10723078
10723081
10723083
10723084
10723086
10723087
10723088
10723089
10723090
10723092
10723093
10723094
10723095
10723096
10723098
10723099
10723097
10723101
10723102
10723104
10723103
10723105
10723107
10723109
10723110
10723111
10723113
10723106
10723112
10723116
10723117
10723118
10723119
10723114
10723122
10723123
10723124
10723125
10723128
10723127
10723130
10723131
10723134
10723135
10723136
10723138
10723139
10723140
10723141
10723142
10723143
10723144
10723145
10723146
10723147
10723148
10723150
10723149
10723151
10723152
10723154
10723156
10723158
10723159
10723160
10723161
10723162
10723166
10723167
10723168
10723169
10723170
10723171
10723172
10723173
10723174
10723175
10723176
10723177
10723178
10723179
10723181
10723182
10723183
10723180
10723185
10723187
10723188
10723189
10723190
10723192
10723193
10723194
10723196
10723191
10723198
10723199
10723200
10723201
10723202
10723203
10723205
10723206
10723208
10723209
10723210
10723213
10723214
10723215
10723216
10723217
10723218
10723221
10723222
10723224
10723226
10723227
10723228
10723230
10723231
10723229
10723233
10723234
10723236
10723237
10723235
10723238
10723241
10723240
10723243
10723242
10723245
10723244
10723247
10723248
10723249
10723250
10723251
10723252
10723253
10723254
10723256
10723257
10723258
10723255
10723259
10723261
10723260
10723264
10723265
10723262
10723266
10723267
10723270
10723271
10723268
10723273
10723274
10723275
10723277
10723276
10723280
10723281
10723282
10723278
10723284
10723285
10723279
10723283
10723289
10723290
10723291
10723286
10723293
10723294
10723295
10723296
10723298
10723299
10723292
10723301
10723302
10723303
10723305
10723306
10723307
10723308
10723309
10723310
10723311
10723312
10723313
10723314
10723315
10723317
10723318
10723320
10723321
10723319
10723323
10723324
10723322
10723326
10723327
10723329
10723330
10723331
10723332
10723333
10723334
10723335
10723336
10723337
10723339
10723340
10723341
10723342
10723343
10723344
10723345
10723347
10723346
10723348
10723350
10723351
10723352
10723353
10723355
10723356
10723357
10723358
10723359
10723360
10723362
10723363
10723364
10723365
10723366
10723368
10723369
10723370
10723371
10723372
10723373
10723374
10723375
10723377
10723378
10723376
10723379
10723381
10723383
10723384
10723385
10723386
10723388
10723389
10723391
10723392
10723393
10723395
10723396
10723397
10723398
10723400
10723394
10723399
10723404
10723402
10723406
10723407
10723408
10723409
10723405
10723411
10723412
10723413
10723414
10723415
10723416
10723418
10723419
10723420
10723421
10723422
10723423
10723424
10723425
10723426
10723427
10723428
10723429
10723431
10723432
10723433
10723430
10723435
10723436
10723434
10723438
10723439
10723440
10723441
10723442
10723437
10723444
10723445
10723447
10723448
10723449
10723450
10723451
10723452
10723453
10723454
10723455
10723456
10723457
10723458
10723459
10723460
10723462
10723463
10723464
10723466
10723467
10723461
10723465
10723470
10723468
10723472
10723473
10723474
10723469
10723477
10723471
10723479
10723481
10723482
10723483
10723484
10723480
10723485
10723487
10723490
10723491
10723486
10723493
10723494
10723495
10723497
10723498
10723499
10723500
10723501
10723496
10723503
10723505
10723506
10723502
10723508
10723507
10723504
10723511
10723512
10723513
10723514
10723516
10723517
10723518
10723519
10723520
10723522
10723523
10723521
10723524
10723526
10723528
10723529
10723531
10723532
10723533
10723535
10723534
10723530
10723536
10723540
10723541
10723542
10723543
10723544
10723545
10723546
10723547
10723548
10723549
10723551
10723552
10723553
10723554
10723555
10723550
10723558
10723559
10723560
10723561
10723562
10723563
10723564
10723565
10723566
10723568
10723569
10723570
10723572
10723567
10723574
10723575
10723571
10723578
10723579
10723580
10723581
10723583
10723577
10723585
10723582
10723587
10723584
10723589
10723590
10723586
10723592
10723594
10723595
10723588
10723597
10723598
10723593
10723600
10723602
10723596
10723604
10723605
10723606
10723607
10723609
10723610
10723608
10723612
10723613
10723614
10723615
10723616
10723618
10723619
10723620
10723617
10723623
10723624
10723625
10723626
10723621
10723629
10723630
10723631
10723632
10723628
10723634
10723635
10723636
10723637
10723639
10723641
10723638
10723643
10723644
10723645
10723647
10723646
10723649
10723650
10723651
10723652
10723654
10723655
10723656
10723657
10723659
10723660
10723661
10723658
10723664
10723662
10723663
10723667
10723665
10723669
10723671
10723672
10723673
10723668
10723675
10723670
10723677
10723678
10723680
10723681
10723683
10723684
10723686
10723688
10723689
10723690
10723692
10723693
10723695
10723696
10723697
10723698
10723699
10723700
10723702
10723703
10723704
10723706
10723707
10723708
10723709
10723711
10723713
10723714
10723716
10723717
10723718
10723719
10723720
10723722
10723723
10723724
10723725
10723727
10723726
10723729
10723730
10723731
10723733
10723734
10723728
10723736
10723732
10723738
10723740
10723739
10723742
10723743
10723744
10723745
10723746
10723747
10723750
10723751
10723753
10723754
10723755
10723757
10723758
10723759
10723756
10723762
10723763
10723764
10723765
10723766
10723767
10723768
10723770
10723772
10723771
10723774
10723775
10723776
10723778
10723779
10723780
10723781
10723782
10723784
10723785
10723786
10723788
10723789
10723783
10723792
10723794
10723787
10723790
10723791
10723799
10723795
10723802
10723796
10723803
10723805
10723806
10723804
10723807
10723809
10723811
10723812
10723813
10723814
10723815
10723816
10723817
10723818
10723819
10723822
10723820
10723824
10723826
10723827
10723828
10723829
10723830
10723832
10723833
10723831
10723834
10723836
10723838
10723839
10723840
10723835
10723843
10723837
10723842
10723847
10723848
10723844
10723850
10723852
10723853
10723854
10723855
10723849
10723858
10723859
10723851
10723861
10723862
10723864
10723865
10723867
10723868
10723869
10723870
10723871
10723873
10723872
10723875
10723874
10723878
10723879
10723880
10723876
10723877
10723883
10723882
10723885
10723886
10723888
10723890
10723891
10723892
10723893
10723887
10723895
10723896
10723898
10723899
10723900
10723901
10723905
10723906
10723907
10723908
10723909
10723911
10723912
10723913
10723914
10723915
10723917
10723918
10723919
10723921
10723922
10723923
10723920
10723925
10723927
10723929
10723931
10723933
10723934
10723936
10723937
10723938
10723940
10723939
10723943
10723944
10723945
10723947
10723948
10723950
10723952
10723954
10723955
10723956
10723957
10723958
10723959
10723961
10723962
10723963
10723964
10723965
10723966
10723967
10723968
10723969
10723970
10723971
10723974
10723975
10723976
10723977
10723972
10723980
10723981
10723982
10723983
10723985
10723987
10723988
10723989
10723991
10723992
10723993
10723995
10723996
10723990
10723998
10723994
10723997
10724001
10723999
10724004
10724005
10724006
10724007
10724008
10724010
10724011
10724013
10724014
10724015
10724016
10724017
10724018
10724020
10724021
10724022
10724023
10724024
10724025
10724026
10724027
10724030
10724028
10724032
10724033
10724035
10724031
10724037
10724034
10724038
10724041
10724043
10724047
10724048
10724049
10724050
10724052
10724054
10724055
10724056
10724057
10724058
10724059
10724061
10724063
10724064
10724065
10724066
10724067
10724068
10724070
10724069
10724072
10724073
10724075
10724076
10724077
10724074
10724079
10724080
10724082
10724084
10724085
10724086
10724087
10724088
10724090
10724089
10724092
10724093
10724094
10724096
10724097
10724099
10724100
10724101
10724102
10724104
10724106
10724107
10724105
10724103
10724108
10724110
10724113
10724112
10724116
10724114
10724117
10724119
10724120
10724121
10724122
10724123
10724124
10724125
10724126
10724127
10724128
10724130
10724131
10724133
10724129
10724135
10724137
10724138
10724134
10724140
10724142
10724143
10724144
10724141
10724145
10724146
10724149
10724147
10724148
10724152
10724150
10724153
10724156
10724157
10724158
10724155
10724160
10724154
10724162
10724164
10724165
10724166
10724167
10724168
10724163
10724170
10724171
10724172
10724173
10724175
10724176
10724169
10724178
10724180
10724181
10724179
10724183
10724184
10724185
10724186
10724187
10724188
10724189
10724190
10724191
10724192
10724193
10724196
10724194
10724195
10724198
10724200
10724201
10724202
10724204
10724205
10724206
10724207
10724208
10724211
10724212
10724213
10724215
10724217
10724218
10724219
10724221
10724222
10724223
10724224
10724225
10724226
10724228
10724229
10724230
10724232
10724233
10724231
10724227
10724236
10724238
10724239
10724234
10724242
10724243
10724241
10724246
10724244
10724247
10724249
10724250
10724251
10724252
10724253
10724254
10724255
10724256
10724257
10724258
10724259
10724260
10724261
10724262
10724264
10724265
10724266
10724267
10724268
10724269
10724271
10724272
10724270
10724274
10724276
10724277
10724278
10724280
10724281
10724282
10724275
10724279
10724286
10724287
10724288
10724289
10724290
10724291
10724292
10724293
10724294
10724296
10724298
10724299
10724300
10724302
10724303
10724301
10724304
10724306
10724308
10724309
10724310
10724311
10724312
10724315
10724314
10724317
10724318
10724320
10724321
10724322
10724323
10724324
10724325
10724327
10724328
10724329
10724331
10724332
10724333
10724334
10724336
10724335
10724337
10724338
10724340
10724339
10724342
10724343
10724344
10724347
10724348
10724346
10724350
10724351
10724352
10724353
10724354
10724355
10724356
10724349
10724358
10724360
10724361
10724362
10724363
10724359
10724364
10724357
10724367
10724368
10724369
10724370
10724371
10724372
10724373
10724375
10724376
10724377
10724378
10724380
10724381
10724383
10724384
10724382
10724386
10724388
10724389
10724390
10724387
10724392
10724393
10724394
10724395
10724396
10724397
10724398
10724399
10724400
10724401
10724402
10724404
10724403
10724407
10724408
10724409
10724410
10724412
10724405
10724414
10724415
10724416
10724417
10724418
10724420
10724421
10724423
10724424
10724422
10724425
10724427
10724428
10724430
10724431
10724432
10724434
10724435
10724436
10724439
10724440
10724441
10724443
10724442
10724444
10724446
10724448
10724445
10724450
10724451
10724453
10724455
10724456
10724458
10724459
10724460
10724461
10724462
10724463
10724464
10724457
10724465
10724467
10724468
10724469
10724470
10724471
10724473
10724474
10724475
10724477
10724479
10724482
10724484
10724485
10724486
10724488
10724487
10724489
10724490
10724492
10724493
10724491
10724495
10724494
10724498
10724499
10724500
10724502
10724504
10724503
10724506
10724501
10724507
10724509
10724510
10724511
10724508
10724514
10724515
10724512
10724517
10724518
10724519
10724521
10724522
10724524
10724525
10724527
10724523
10724529
10724531
10724526
10724533
10724532
10724535
10724536
10724537
10724538
10724540
10724542
10724543
10724545
10724546
10724544
10724548
10724549
10724551
10724552
10724550
10724554
10724555
10724557
10724558
10724559
10724560
10724561
10724562
10724564
10724565
10724563
10724567
10724569
10724570
10724566
10724572
10724573
10724575
10724576
10724577
10724578
10724581
10724582
10724583
10724585
10724586
10724584
10724588
10724589
10724590
10724591
10724592
10724594
10724593
10724595
10724597
10724598
10724599
10724596
10724602
10724603
10724600
10724604
10724606
10724608
10724609
10724610
10724611
10724605
10724613
10724614
10724615
10724612
10724617
10724618
10724619
10724620
10724621
10724622
10724623
10724624
10724626
10724627
10724625
10724629
10724630
10724631
10724632
10724633
10724635
10724634
10724638
10724639
10724640
10724641
10724642
10724643
10724644
10724645
10724646
10724647
10724648
10724651
10724649
10724653
10724654
10724655
10724650
10724657
10724658
10724660
10724661
10724662
10724663
10724665
10724667
10724669
10724670
10724668
10724671
10724674
10724672
10724676
10724677
10724678
10724680
10724679
10724682
10724683
10724681
10724685
10724687
10724688
10724691
10724694
10724695
10724696
10724697
10724698
10724700
10724701
10724699
10724702
10724704
10724706
10724707
10724709
10724703
10724708
10724710
10724713
10724712
10724711
10724716
10724718
10724719
10724720
10724721
10724722
10724724
10724723
10724726
10724725
10724729
10724730
10724731
10724732
10724733
10724734
10724735
10724736
10724738
10724739
10724740
10724741
10724743
10724744
10724745
10724746
10724747
10724749
10724750
10724751
10724752
10724753
10724754
10724748
10724758
10724756
10724760
10724761
10724762
10724763
10724764
10724765
10724766
10724767
10724768
10724769
10724770
10724772
10724771
10724773
10724775
10724776
10724777
10724778
10724780
10724779
10724782
10724781
10724784
10724786
10724785
10724788
10724790
10724791
10724792
10724793
10724789
10724795
10724796
10724797
10724798
10724799
10724801
10724802
10724804
10724806
10724805
10724808
10724809
10724803
10724811
10724807
10724814
10724815
10724816
10724817
10724818
10724819
10724813
10724821
10724822
10724824
10724823
10724826
10724827
10724828
10724829
10724825
10724831
10724832
10724833
10724834
10724836
10724837
10724838
10724839
10724840
10724841
10724842
10724843
10724844
10724845
10724846
10724847
10724849
10724850
10724851
10724852
10724848
10724854
10724855
10724853
10724857
10724858
10724859
10724861
10724862
10724863
10724864
10724860
10724867
10724866
10724869
10724865
10724871
10724872
10724873
10724874
10724876
10724877
10724878
10724879
10724881
10724880
10724883
10724884
10724882
10724886
10724887
10724888
10724889
10724890
10724891
10724892
10724894
10724893
10724896
10724897
10724898
10724899
10724900
10724895
10724902
10724903
10724906
10724905
10724908
10724909
10724910
10724911
10724907
10724913
10724914
10724915
10724916
10724917
10724919
10724921
10724920
10724922
10724918
10724925
10724926
10724927
10724928
10724929
10724931
10724932
10724933
10724934
10724936
10724935
10724938
10724939
10724940
10724941
10724942
10724943
10724945
10724944
10724946
10724948
10724949
10724950
10724951
10724952
10724953
10724955
10724956
10724957
10724958
10724960
10724961
10724962
10724964
10724965
10724966
10724967
10724968
10724969
10724970
10724971
10724973
10724974
10724975
10724976
10724977
10724979
10724980
10724981
10724982
10724984
10724983
10724978
10724987
10724986
10724989
10724990
10724992
10724993
10724991
10724995
10724997
10724998
10724996
10725000
10725003
10725004
10725006
10725007
10725005
10725009
10725010
10725011
10725012
10725013
10725015
10725014
10725017
10725020
10725021
10725022
10725023
10725024
10725025
10725026
10725028
10725027
10725030
10725031
10725033
10725034
10725035
10725036
10725038
10725037
10725040
10725041
10725043
10725045
10725046
10725047
10725048
10725049
10725050
10725051
10725052
10725053
10725054
10725055
10725056
10725057
10725058
10725063
10725064
10725065
10725067
10725068
10725069
10725070
10725071
10725072
10725073
10725074
10725076
10725075
10725078
10725079
10725082
10725083
10725084
10725085
10725087
10725086
10725089
10725090
10725091
10725088
10725094
10725095
10725096
10725097
10725100
10725101
10725102
10725103
10725104
10725106
10725107
10725105
10725111
10725112
10725113
10725114
10725115
10725117
10725118
10725119
10725120
10725121
10725122
10725123
10725124
10725125
10725126
10725128
10725130
10725131
10725132
10725134
10725135
10725136
10725139
10725140
10725141
10725142
10725144
10725145
10725146
10725148
10725149
10725150
10725151
10725147
10725154
10725155
10725153
10725157
10725159
10725161
10725162
10725163
10725165
10725166
10725169
10725171
10725172
10725174
10725175
10725176
10725177
10725178
10725180
10725179
10725182
10725181
10725184
10725185
10725186
10725188
10725183
10725187
10725191
10725193
10725192
10725195
10725196
10725198
10725199
10725200
10725202
10725204
10725203
10725206
10725208
10725209
10725210
10725207
10725213
10725212
10725215
10725216
10725217
10725219
10725220
10725218
10725222
10725221
10725223
10725226
10725225
10725227
10725229
10725230
10725231
10725232
10725228
10725235
10725236
10725237
10725238
10725240
10725241
10725243
10725244
10725242
10725246
10725247
10725249
10725250
10725248
10725253
10725252
10725256
10725257
10725258
10725259
10725260
10725262
10725263
10725264
10725265
10725266
10725267
10725268
10725269
10725271
10725272
10725270
10725274
10725275
10725276
10725277
10725278
10725280
10725279
10725283
10725284
10725285
10725286
10725287
10725289
10725290
10725288
10725291
10725293
10725294
10725292
10725295
10725297
10725298
10725296
10725300
10725301
10725303
10725304
10725305
10725306
10725308
10725307
10725310
10725309
10725313
10725314
10725315
10725316
10725317
10725319
10725320
10725321
10725322
10725323
10725325
10725326
10725327
10725329
10725330
10725328
10725332
10725334
10725331
10725336
10725337
10725338
10725340
10725339
10725341
10725343
10725344
10725345
10725346
10725347
10725348
10725350
10725351
10725349
10725353
10725354
10725355
10725356
10725357
10725359
10725360
10725361
10725362
10725363
10725364
10725365
10725368
10725369
10725370
10725371
10725366
10725374
10725375
10725376
10725372
10725377
10725379
10725381
10725382
10725383
10725384
10725385
10725386
10725387
10725388
10725390
10725389
10725392
10725394
10725393
10725396
10725397
10725398
10725399
10725400
10725403
10725404
10725405
10725407
10725408
10725401
10725410
10725412
10725413
10725411
10725415
10725416
10725417
10725418
10725419
10725421
10725420
10725423
10725425
10725426
10725427
10725428
10725429
10725424
10725432
10725430
10725434
10725435
10725436
10725431
10725439
10725433
10725441
10725442
10725443
10725444
10725445
10725448
10725447
10725450
10725451
10725452
10725453
10725454
10725449
10725455
10725456
10725457
10725461
10725462
10725458
10725464
10725465
10725466
10725467
10725469
10725470
10725471
10725468
10725473
10725472
10725475
10725476
10725477
10725478
10725480
10725481
10725479
10725482
10725483
10725485
10725484
10725489
10725486
10725487
10725492
10725494
10725495
10725496
10725497
10725498
10725499
10725500
10725501
10725502
10725503
10725504
10725507
10725508
10725505
10725510
10725512
10725514
10725515
10725513
10725517
10725518
10725519
10725520
10725523
10725524
10725526
10725527
10725530
10725525
10725533
10725528
10725536
10725529
10725538
10725534
10725541
10725535
10725543
10725545
10725546
10725539
10725548
10725549
10725550
10725551
10725552
10725553
10725555
10725557
10725556
10725559
10725560
10725561
10725562
10725563
10725564
10725565
10725566
10725567
10725568
10725569
10725571
10725572
10725573
10725574
10725575
10725570
10725578
10725580
10725581
10725577
10725579
10725584
10725585
10725586
10725587
10725582
10725589
10725590
10725591
10725593
10725594
10725592
10725595
10725598
10725597
10725601
10725602
10725603
10725604
10725606
10725607
10725605
10725608
10725610
10725611
10725609
10725613
10725612
10725616
10725617
10725615
10725619
10725618
10725621
10725620
10725623
10725625
10725624
10725622
10725628
10725629
10725630
10725631
10725632
10725633
10725634
10725636
10725637
10725638
10725640
10725639
10725642
10725643
10725644
10725646
10725647
10725648
10725649
10725651
10725652
10725653
10725650
10725655
10725656
10725654
10725658
10725659
10725660
10725662
10725661
10725665
10725666
10725664
10725669
10725671
10725672
10725667
10725674
10725675
10725677
10725678
10725679
10725680
10725676
10725684
10725685
10725687
10725688
10725689
10725690
10725692
10725691
10725693
10725696
10725694
10725695
10725699
10725701
10725697
10725703
10725704
10725706
10725707
10725708
10725712
10725705
10725709
10725715
10725717
10725718
10725720
10725721
10725722
10725724
10725725
10725726
10725727
10725728
10725729
10725730
10725732
10725734
10725735
10725736
10725737
10725738
10725739
10725741
10725742
10725744
10725743
10725740
10725747
10725748
10725749
10725750
10725751
10725752
10725753
10725754
10725756
10725757
10725758
10725759
10725760
10725761
10725762
10725763
10725764
10725765
10725766
10725767
10725768
10725769
10725770
10725771
10725772
10725773
10725774
10725776
10725777
10725778
10725775
10725780
10725781
10725782
10725783
10725784
10725785
10725786
10725787
10725788
10725789
10725790
10725791
10725792
10725793
10725795
10725797
10725798
10725799
10725800
10725801
10725796
10725803
10725804
10725806
10725805
10725807
10725808
10725811
10725812
10725810
10725814
10725813
10725816
10725817
10725819
10725818
10725821
10725822
10725823
10725825
10725827
10725828
10725829
10725830
10725831
10725833
10725832
10725835
10725836
10725838
10725834
10725837
10725841
10725842
10725843
10725845
10725844
10725847
10725848
10725846
10725850
10725852
10725853
10725854
10725855
10725857
10725856
10725859
10725860
10725858
10725862
10725863
10725864
10725866
10725861
10725868
10725869
10725867
10725871
10725870
10725872
10725874
10725875
10725877
10725878
10725879
10725880
10725882
10725883
10725881
10725884
10725886
10725887
10725888
10725889
10725890
10725891
10725892
10725893
10725895
10725896
10725897
10725898
10725899
10725900
10725901
10725902
10725903
10725904
10725905
10725907
10725908
10725909
10725910
10725912
10725906
10725914
10725915
10725916
10725913
10725918
10725919
10725920
10726749
10725922
10725923
10725924
10725925
10725926
10725927
10725928
10725930
10725931
10725933
10725934
10725935
10725936
10725937
10725938
10725939
10725940
10725941
10725942
10725943
10725944
10725945
10725946
10725947
10725948
10725950
10725951
10725952
10725954
10725953
10725956
10725957
10725959
10725961
10725962
10725963
10725964
10725965
10725967
10725969
10725970
10725971
10725972
10725973
10725974
10725975
10725976
10725977
10725978
10725979
10725980
10725981
10725982
10725983
10725985
10725984
10725988
10725989
10725986
10725990
10725993
10725992
10725995
10725996
10725994
10725999
10725998
10726001
10726003
10726004
10726005
10726006
10726007
10726008
10726009
10726010
10726011
10726012
10726013
10726014
10726015
10726016
10726018
10726019
10726020
10726017
10726021
10726023
10726024
10726022
10726025
10726027
10726029
10726026
10726028
10726033
10726030
10726035
10726031
10726037
10726038
10726034
10726041
10726042
10726039
10726043
10726047
10726048
10726050
10726051
10726044
10726053
10726054
10726056
10726052
10726058
10726059
10726060
10726062
10726063
10726064
10726066
10726067
10726068
10726069
10726070
10726071
10726072
10726073
10726074
10726075
10726076
10726077
10726079
10726080
10726081
10726078
10726084
10726082
10726086
10726087
10726088
10726089
10726090
10726091
10726093
10726094
10726095
10726092
10726098
10726099
10726096
10726101
10726102
10726103
10726100
10726106
10726104
10726109
10726105
10726107
10726110
10726113
10726114
10726115
10726116
10726111
10726118
10726120
10726121
10726122
10726123
10726119
10726124
10726126
10726128
10726130
10726131
10726133
10726134
10726135
10726136
10726138
10726137
10726140
10726141
10726142
10726139
10726143
10726145
10726146
10726144
10726148
10726149
10726150
10726147
10726152
10726154
10726155
10726156
10726151
10726159
10726160
10726157
10726162
10726161
10726163
10726165
10726167
10726166
10726169
10726170
10726171
10726172
10726168
10726175
10726176
10726177
10726173
10726179
10726180
10726181
10726184
10726182
10726186
10726183
10726185
10726190
10726191
10726192
10726195
10726196
10726197
10726198
10726199
10726200
10726194
10726202
10726203
10726204
10726201
10726206
10726207
10726208
10726209
10726205
10726211
10726212
10726213
10726210
10726214
10726217
10726218
10726219
10726221
10726222
10726224
10726225
10726226
10726227
10726229
10726228
10726231
10726230
10726233
10726234
10726235
10726236
10726237
10726238
10726240
10726241
10726242
10726243
10726246
10726244
10726249
10726250
10726247
10726252
10726253
10726254
10726255
10726256
10726251
10726257
10726259
10726260
10726258
10726261
10726263
10726264
10726265
10726262
10726266
10726268
10726269
10726271
10726273
10726275
10726276
10726277
10726274
10726280
10726281
10726278
10726284
10726283
10726286
10726289
10726290
10726292
10726293
10726295
10726296
10726297
10726298
10726299
10726300
10726301
10726303
10726304
10726305
10726306
10726307
10726308
10726310
10726309
10726311
10726313
10726314
10726316
10726317
10726318
10726319
10726320
10726321
10726323
10726325
10726324
10726327
10726328
10726329
10726331
10726332
10726330
10726333
10726336
10726334
10726338
10726339
10726340
10726335
10726342
10726337
10726344
10726346
10726347
10726349
10726350
10726351
10726352
10726353
10726354
10726355
10726356
10726358
10726359
10726361
10726360
10726363
10726364
10726362
10726367
10726368
10726369
10726370
10726371
10726372
10726373
10726375
10726376
10726377
10726378
10726380
10726381
10726382
10726383
10726386
10726387
10726388
10726389
10726390
10726392
10726393
10726391
10726395
10726394
10726397
10726398
10726400
10726399
10726401
10726402
10726404
10726405
10726406
10726408
10726409
10726410
10726411
10726407
10726412
10726414
10726415
10726413
10726417
10726418
10726421
10726422
10726423
10726424
10726425
10726427
10726428
10726429
10726430
10726431
10726432
10726433
10726435
10726436
10726434
10726438
10726439
10726441
10726442
10726440
10726445
10726443
10726446
10726447
10726450
10726444
10726452
10726453
10726454
10726456
10726457
10726458
10726460
10726461
10726459
10726463
10726462
10726465
10726467
10726466
10726469
10726468
10726472
10726473
10726474
10726475
10726476
10726470
10726478
10726480
10726477
10726479
10726484
10726483
10726485
10726487
10726486
10726488
10726491
10726492
10726493
10726494
10726495
10726496
10726497
10726498
10726501
10726500
10726503
10726504
10726505
10726506
10726508
10726509
10726510
10726511
10726512
10726513
10726515
10726514
10726517
10726518
10726519
10726521
10726522
10726523
10726520
10726525
10726526
10726528
10726527
10726530
10726529
10726531
10726533
10726532
10726536
10726537
10726538
10726539
10726540
10726542
10726544
10726545
10726547
10726543
10726549
10726550
10726552
10726553
10726554
10726555
10726556
10726551
10726558
10726557
10726560
10726561
10726562
10726563
10726564
10726565
10726567
10726568
10726569
10726566
10726572
10726573
10726574
10726576
10726575
10726577
10726578
10726580
10726581
10726582
10726583
10726584
10726585
10726587
10726588
10726586
10726590
10726591
10726593
10726589
10726596
10726597
10726598
10726592
10726601
10726602
10726604
10726605
10726607
10726603
10726606
10726609
10726612
10726613
10726614
10726616
10726615
10726618
10726619
10726620
10726621
10726617
10726623
10726624
10726625
10726626
10726628
10726630
10726631
10726633
10726632
10726635
10726634
10726638
10726639
10726640
10726641
10726643
10726644
10726645
10726646
10726648
10726649
10726650
10726651
10726653
10726654
10726655
10726656
10726659
10726660
10726657
10726663
10726664
10726665
10726666
10726667
10726668
10726669
10726670
10726671
10726672
10726673
10726674
10726675
10726676
10726677
10726679
10726680
10726682
10726683
10726684
10726681
10726687
10726686
10726685
10726690
10726691
10726693
10726694
10726688
10726697
10726698
10726692
10726699
10726702
10726703
10726704
10726706
10726707
10726708
10726709
10726710
10726712
10726713
10726714
10726715
10726717
10726718
10726716
10726720
10726722
10726723
10726724
10726725
10726727
10726726
10726728
10726730
10726732
10726731
10726734
10726735
10726736
10726738
10726739
10726740
10726741
10726742
10726737
10726743
10726745
10726746
10726747
10726748
10726750
10726751
10726753
10726754
10726755
10726757
10726758
10726756
10726760
10726762
10726763
10726764
10726765
10726759
10726767
10726766
10726769
10726770
10726771
10726772
10726773
10726774
10726775
10726777
10726778
10726779
10726780
10726781
10726782
10726783
10726784
10726785
10726786
10726787
10726788
10726790
10726789
10726792
10726791
10726795
10726796
10726797
10726799
10726800
10726794
10726803
10726804
10726798
10726805
10726807
10726808
10726809
10726806
10726811
10726812
10726813
10726810
10726815
10726816
10726817
10726818
10726819
10726821
10726822
10726820
10726824
10726826
10726827
10726828
10726829
10726830
10726831
10726832
10726833
10726835
10726834
10726838
10726836
10726840
10726837
10726843
10726844
10726845
10726846
10726847
10726848
10726849
10726851
10726850
10726853
10726852
10726855
10726856
10726857
10726858
10726859
10726861
10726862
10726863
10726864
10726866
10726865
10726868
10726860
10726870
10726869
10726873
10726872
10726875
10726871
10726878
10726879
10726880
10726877
10726882
10726884
10726885
10726886
10726883
10726888
10726889
10726890
10726891
10726892
10726893
10726894
10726895
10726897
10726896
10726898
10726900
10726902
10726903
10726904
10726901
10726906
10726907
10726908
10726909
10726911
10726912
10726913
10726914
10726916
10726917
10726918
10726919
10726915
10726922
10726923
10726924
10726925
10726926
10726927
10726929
10726930
10726928
10726931
10726933
10726934
10726935
10726936
10726937
10726938
10726940
10726939
10726942
10726943
10726944
10726945
10726946
10726947
10726948
10726941
10726950
10726951
10726952
10726953
10726954
10726955
10726956
10726958
10726959
10726960
10726961
10726963
10726957
10726964
10726967
10726968
10726969
10726966
10726971
10726970
10726972
10726973
10726974
10726976
10726975
10726978
10726979
10726980
10726981
10726982
10726983
10726985
10726984
10726987
10726986
10726990
10726989
10726992
10726994
10726991
10726993
10726996
10726998
10727000
10727001
10727002
10727004
10727005
10727003
10727006
10727009
10727007
10727011
10727012
10727013
10727015
10727014
10727017
10727019
10727021
10727022
10727023
10727024
10727025
10727027
10727026
10727028
10727030
10727031
10727032
10727033
10727034
10727035
10727036
10727037
10727038
10727039
10727040
10727042
10727043
10727044
10727045
10727046
10727047
10727049
10727050
10727048
10727053
10727051
10727055
10727056
10727057
10727058
10727059
10727061
10727062
10727063
10727064
10727065
10727067
10727069
10727070
10727071
10727072
10727073
10727074
10727075
10727076
10727078
10727079
10727080
10727081
10727082
10727084
10727085
10727086
10727087
10727083
10727090
10727088
10727092
10727093
10727095
10727096
10727097
10727099
10727100
10727098
10727102
10727104
10727105
10727103
10727107
10727108
10727110
10727106
10727109
10727113
10727114
10727115
10727117
10727118
10727119
10727122
10727123
10727124
10727125
10727127
10727128
10727130
10727129
10727132
10727133
10727134
10727135
10727136
10727131
10727138
10727139
10727140
10727137
10727143
10727144
10727145
10727149
10727150
10727151
10727152
10727153
10727155
10727154
10727157
10727156
10727158
10727159
10727161
10727162
10727163
10727164
10727160
10727165
10727168
10727169
10727167
10727171
10727172
10727173
10727174
10727175
10727177
10727178
10727180
10727179
10727182
10727176
10727181
10727183
10727187
10727188
10727190
10727184
10727186
10727193
10727194
10727189
10727192
10727197
10727198
10727195
10727196
10727202
10727200
10727204
10727205
10727206
10727199
10727208
10727210
10727211
10727209
10727212
10727213
10727214
10727215
10727218
10727216
10727217
10727221
10727219
10727220
10727224
10727222
10727226
10727223
10727225
10727230
10727229
10727231
10727233
10727235
10727237
10727238
10727240
10727241
10727242
10727236
10727245
10727246
10727247
10727243
10727250
10727251
10727252
10727253
10727255
10727249
10727254
10727258
10727259
10727261
10727256
10727263
10727264
10727266
10727260
10727265
10727269
10727270
10727271
10727272
10727274
10727273
10727277
10727275
10727279
10727280
10727281
10727282
10727283
10727284
10727285
10727286
10727287
10727288
10727289
10727291
10727292
10727294
10727295
10727296
10727298
10727297
10727300
10727299
10727302
10727303
10727304
10727305
10727306
10727307
10727308
10727310
10727311
10727312
10727313
10727314
10727315
10727316
10727317
10727318
10727320
10727321
10727319
10727324
10727325
10727323
10727322
10727328
10727329
10727331
10727336
10727337
10727338
10727343
10727344
10727345
10727346
10727347
10727348
10727350
10727351
10727352
10727353
10727355
10727356
10727357
10727358
10727359
10727360
10727361
10727362
10727363
10727364
10727365
10727366
10727367
10727369
10727368
10727371
10727372
10727373
10727374
10727375
10727370
10727377
10727378
10727379
10727380
10727381
10727382
10727384
10727386
10727387
10727388
10727389
10727383
10727391
10727392
10727393
10727395
10727396
10727397
10727399
10727398
10727401
10727402
10727403
10727404
10727405
10727407
10727408
10727410
10727411
10727412
10727414
10727413
10727416
10727417
10727419
10727420
10727421
10727415
10727423
10727424
10727425
10727426
10727428
10727427
10727422
10726814
10726867
10726874
10726887
10726899
10726905
10726910
10726920
10726921
10726932
10726997
10726999
10727041
10727068
10727089
10727091
10727227
10727228
10727232
10727239
10727244