1717637
1717638
1717639
1717640
1717641
1717644
1717645
1717646
1717647
1717648
1717649
1717651
1717652
1717653
1717654
1717656
1717657
1717659
1717660
1717661
1717662
1717664
1717665
1717666
1717668
1717669
1717670
1717671
1717672
1717673
1717674
1717676
1717677
1717678
1717679
1717680
1717681
1717682
1717683
1717684
1717685
1717686
1717687
1717688
1717689
1717690
1717691
1717692
1717693
1717694
1717695
1717696
1717698
1717700
1717701
1717702
1717703
1717705
1717706
1717707
1717708
1717709
1717710
1717711
1717712
1717713
1717714
1717715
1717716
1717718
1717719
1717720
1717721
1717722
1717724
1717725
1717726
1717727
1717729
1717730
1717731
1717732
1717733
1717734
1717735
1717736
1717737
1717738
1717739
1717740
1717741
1717742
1717743
1717744
1717745
1717746
1717747
1717748
1717749
1717750
1717751
1717752
1717753
1717754
1717755
1717756
1717757
1717758
1717759
1717760
1717761
1717762
1717763
1717764
1717765
1717766
1717767
1717768
1717769
1717770
1717771
1717772
1717773
1717774
1717775
1717776
1717777
1717778
1717779
1717780
1717781
1717782
1717783
1717784
1717785
1717787
1717788
1717789
1717790
1717792
1717793
1717794
1717795
1717796
1717797
1717798
1717799
1717800
1717801
1717803
1717804
1717805
1717806
1717807
1717808
1717809
1717810
1717811
1717812
1717814
1717815
1717816
1717817
1717818
1717819
1717820
1717821
1717822
1717823
1717824
1717825
1717826
1717827
1717828
1717829
1717830
1717831
1717832
1717833
1717834
1717835
1717836
1717837
1717838
1717839
1717840
1717841
1717842
1717843
1717844
1717845
1717846
1717847
1717848
1717849
1717850
1717851
1717852
1717853
1717854
1717855
1717856
1717857
1717858
1717859
1717860
1717861
1717862
1717863
1717864
1717865
1717866
1717867
1717868
1717869
1717870
1717871
1717872
1717873
1717877
1717879
1717880
1717881
1717883
1717884
1717886
1717887
1717889
1717890
1717891
1717892
1717893
1717894
1717895
1717897
1717899
1717900
1717901
1717902
1717903
1717904
1717906
1717907
1717908
1717909
1717911
1717913
1717916
1717918
1717919
1717920
1717921
1717922
1717923
1717925
1717926
1717927
1717928
1717930
1717931
1717932
1717933
1717934
1717935
1717936
1717937
1717938
1717940
1717941
1717942
1717943
1717944
1717945
1717946
1717947
1717948
1717949
1717951
1717952
1717954
1717956
1717957
1717958
1717959
1717960
1717961
1717962
1717964
1717965
1717966
1717967
1717968
1717970
1717971
1717972
1717973
1717974
1717975
1717976
1717977
1717978
1717980
1717981
1717982
1717984
1717986
1717987
1717988
1717989
1717990
1717992
1717993
1717994
1717995
1717996
1717997
1717998
1717999
1718000
1718001
1718002
1718003
1718004
1718005
1718006
1718007
1718010
1718011
1718012
1718013
1718014
1718015
1718016
1718017
1718018
1718019
1718020
1718021
1718023
1718024
1718026
1718027
1718028
1718030
1718031
1718032