1676034
1676035
1676036
1676037
1676038
1676039
1676040
1676042
1676043
1676045
1676046
1676047
1676048
1676050
1676051
1676052
1676053
1676056
1676057
1676059
1676061
1676062
1676063
1676064
1676066
1676067
1676068
1676071
1676072
1676073
1676074
1676075
1676076
1676077
1676079
1676080
1676082
1676083
1676084
1676085
1676086
1676087
1676088
1676089
1676091
1676092
1676093
1676094
1676096
1676097
1676098
1676099
1676100
1676102
1676103
1676104
1676105
1676106
1676107
1676109
1676110
1676111
1676113
1676114
1676116
1676117
1676118
1676119
1676120
1676121
1676122
1676123
1676124
1676125
1676127
1676128
1676129
1676131
1676132
1676133
1676134
1676135
1676136
1676137
1676138
1676139
1676140
1676141
1676142
1676143
1676144
1676146
1676147
1676148
1676151
1676152
1676153
1676154
1676155
1676157
1676159
1676160