1694610
1694611
1694612
1694613
1694614
1694615
1694616
1694617
1694619
1694620
1694621
1694622
1694623
1694624
1694626
1694628
1694629
1694631
1694632
1694634
1694636
1694637
1694638
1694640
1694641
1694642
1694643
1694644
1694645
1694648
1694649
1694650
1694651
1694652
1694653
1694654
1694655
1694656
1694657
1694658
1694659
1694660
1694661
1694662
1694663
1694664
1694665
1694666
1694667
1694669
1694670
1694671
1694672
1694678
1694679
1694680
1694681
1694682
1694683
1694691
1694692
1694693
1694694
1694695
1694696
1694697
1694698
1694699
1694700
1694701
1694702
1694703
1694704
1694705
1694707
1694708
1694711
1694712
1694713
1694714
1694715
1694716
1694718
1694719
1694720
1694721
1694723
1694724
1694725
1694727
1694729
1694730
1694731
1694732
1694733
1694734
1694735
1694736
1694739
1694740
1694741
1694742
1694743
1694745
1694747
1694748
1694749
1694751
1694752
1694753
1694754
1694755
1694756
1694758
1694761
1694762
1694763
1694764
1694765
1694766
1694767
1694768
1694769
1694770
1694771
1694773
1694774
1694775
1694776
1694778
1694779
1694780
1694782
1694783
1694784
1694785
1694786
1694788
1694789
1694790
1694792
1694793
1694794
1694796
1694797
1694798
1694799
1694800
1694801
1694802
1694803
1694804
1694805
1694806
1694807
1694808
1694809
1694812
1694813
1694814
1694815
1694816
1694817
1694818
1694819
1694821
1694822
1694823
1694824
1694825
1694826
1694828
1694830
1694831
1694832
1694833
1694834
1694835
1694836
1694837
1694838
1694839
1694840
1694842
1694843
1694844
1694845
1694847
1694848
1694849
1694850
1694851
1694852
1694853
1694854
1694856
1694857
1694858
1694859
1694860
1694861
1694862
1694864
1694865
1694866
1694867
1694868
1694869
1694870
1694871
1694872
1694873
1694874
1694875
1694876
1694877
1694878
1694879
1694881
1694882
1694883
1694884
1694885
1694886
1694887
1694888
1694891
1694893
1694894
1694895
1694896
1694897
1694898
1694899
1694900
1694901
1694902
1694904
1694905
1694906
1694907
1694908
1694910
1694911
1694912
1694913