1674619
1674620
1674621
1674622
1674623
1674624
1674625
1674627
1674628
1674629
1674630
1674631
1674632
1674634
1674635
1674636
1674637
1674638
1674640
1674641
1674643
1674645
1674646
1674648
1674649
1674650
1674651
1674652
1674654
1674655
1674656
1674657
1674658
1674659
1674660
1674661
1674662
1674663
1674664
1674665
1674666
1674668
1674669
1674670
1674671
1674672
1674673
1674674
1674675
1674676
1674677
1674678
1674680
1674681
1674682
1674683
1674684
1674685
1674686
1674687
1674688
1674689
1674690
1674691
1674692
1674693
1674694
1674695
1674696
1674697
1674698
1674699
1674700
1674701
1674702
1674703
1674704
1674705
1674706
1674707
1674708
1674709
1674710
1674711
1674712
1674713
1674715
1674716
1674717
1674718
1674719
1674720
1674722
1674723
1674724
1674725
1674726
1674727
1674728
1674729
1674730
1674731
1674732
1674733
1674734
1674735
1674736
1674737
1674738
1674741
1674742
1674743
1674744
1674745
1674746
1674747
1674748
1674749
1674750
1674751
1674752
1674753
1674754
1674755
1674757
1674758
1674759
1674760
1674761
1674762
1674763
1674764
1674765
1674766
1674767
1674768
1674769
1674770
1674771
1674772
1674773
1674774
1674775
1674776
1674777
1674779
1674780
1674781
1674782
1674783
1674784
1674785
1674786
1674787
1674788
1674789
1674790
1674791
1674792
1674793
1674794
1674795
1674796
1674797
1674798
1674799
1674800
1674801
1674802
1674803
1674804
1674805
1674806
1674807
1674808
1674809
1674810
1674811
1674812
1674813
1674814
1674815
1674816
1674817
1674819
1674820
1674821
1674822
1674823
1674824
1674825
1674826
1674827
1674828
1674829
1674830
1674831
1674832
1674833
1674834
1674835
1674836
1674837
1674838
1674839
1674840
1674841
1674842
1674843
1674844
1674845
1674846
1674847
1674848
1674849
1674850
1674851
1674852
1674853
1674854
1674855
1674856
1674857
1674858
1674859
1674861
1674862
1674863
1674864
1674865
1674866
1674867
1674868
1674869
1674870
1674871
1674872
1674873
1674874
1674876
1674877
1674878
1674879
1674880
1674881
1674882
1674883
1674884
1674886
1674887
1674888
1674890
1674892
1674893
1674894
1674895
1674896
1674897
1674898
1674899
1674900
1674901
1674902
1674903
1674904
1674905
1674906
1674907
1674908
1674909
1674910
1674911
1674912
1674913
1674914
1674915
1674917
1674918
1674919
1674920
1674921
1674922
1674923
1674924
1674925
1674926
1674927
1674928
1674929
1674930
1674931
1674932
1674933
1674934
1674936
1674937
1674939
1674940
1674941
1674942
1674943
1674944
1674945
1674946
1674947
1674948
1674949
1674951
1674952
1674953
1674954
1674956
1674957
1674958
1674959
1674960
1674961
1674962
1674965
1674966
1674967
1674968
1674969
1674971
1674972
1674973
1674974
1674976
1674977
1674978
1674979
1674981
1674982
1674983
1674984
1674986
1674987
1674988
1674990
1674992
1674993
1674994
1674995
1674996
1674997
1674998
1674999
1675000
1675001
1675002
1675004
1675005
1675006
1675007
1675008
1675009
1675010
1675011
1675012
1675013
1675015
1675016
1675017
1675018
1675019
1675020
1675021
1675022
1675023
1675025
1675026
1675027
1675028
1675029
1675030
1675032
1675033
1675034
1675035
1675036
1675038
1675039
1675040
1675041
1675042
1675043
1675044
1675046
1675047
1675048
1675049
1675050
1675051
1675052
1675053
1675054
1675055
1675056
1675057
1675058
1675060
1675062
1675063
1675064
1675065
1675066
1675067
1675068
1675069
1675071
1675072
1675074
1675075
1675076
1675077
1675078
1675081
1675082
1675083
1675084
1675085
1675087
1675089
1675090
1675091
1675092
1675094
1675095
1675096
1675097
1675098
1675099
1675100
1675101
1675103
1675105
1675106
1675108
1675109
1675110
1675113
1675114
1675115
1675116
1675117
1675118
1675119
1675120
1675121
1675122
1675123
1675125
1675126
1675129
1675130
1675131
1675132
1675133
1675134
1675135
1675136
1675138
1675139
1675140
1675141
1675142
1675143
1675144
1675145
1675146
1675147
1675149
1675150
1675151
1675152
1675153
1675154
1675156
1675157
1675158
1675159
1675160
1675162
1675163
1675164
1675165