1712695
1712696
1712697
1712698
1712699
1712700
1712701
1712702
1712704
1712705
1712706
1712707
1712708
1712709
1712710
1712711
1712712
1712713
1712714
1712715
1712716
1712717
1712718
1712719
1712721
1712722
1712724
1712725
1712726
1712727
1712728
1712729
1712730
1712731
1712733
1712734
1712735
1712736
1712737
1712738
1712739
1712740
1712742
1712743
1712744
1712745
1712747
1712748
1712750
1712752
1712753
1712754
1712755
1712756
1712757
1712759
1712760
1712761
1712762
1712764
1712765
1712766
1712767
1712768
1712770
1712771
1712772
1712773
1712774
1712777
1712778
1712779
1712780
1712781
1712782
1712783
1712786
1712787
1712788
1712789
1712790
1712791
1712792
1712794
1712795
1712796
1712797
1712798
1712799
1712801
1712803
1712804
1712805
1712806
1712807
1712808
1712809
1712810
1712812
1712813
1712814
1712815
1712816
1712817
1712818
1712819
1712820
1712821
1712822
1712824
1712825
1712826
1712828
1712830
1712831
1712832
1712833
1712834
1712835
1712836
1712837
1712838
1712839
1712840
1712841
1712842
1712843
1712844
1712845
1712846
1712848
1712849
1712850
1712851
1712852
1712853
1712854
1712855
1712856
1712857
1712858
1712859
1712860
1712861
1712862
1712863
1712864
1712865
1712866
1712867
1712868
1712870
1712871
1712872
1712873
1712874
1712875
1712876
1712877
1712878
1712879
1712880
1712881
1712882
1712883
1712884
1712885
1712886
1712887
1712888
1712889
1712890
1712891
1712892
1712894
1712895
1712896
1712897
1712898
1712899
1712900
1712901
1712902