1729476
1729477
1729478
1729479
1729480
1729481
1729482
1729483
1729484
1729485
1729486
1729487
1729488
1729490
1729491
1729492
1729494
1729496
1729497
1729498
1729499
1729500
1729501
1729502
1729503
1729504
1729508
1729509
1729511
1729514
1729515
1729517
1729518
1729521
1729522
1729525
1729526
1729529
1729531
1729532
1729533
1729534
1729535
1729536
1729537
1729538
1729540
1729541
1729542
1729543
1729544
1729545
1729546
1729547
1729548
1729549
1729550
1729551
1729552
1729553
1729554
1729555
1729556
1729557
1729558
1729559
1729561
1729562
1729563
1729564
1729566
1729567
1729568
1729569
1729570
1729571
1729572
1729573
1729574
1729575
1729576
1729577
1729578
1729579
1729580
1729581
1729583
1729584
1729585
1729586
1729587
1729588
1729589
1729590
1729591
1729592
1729593
1729594
1729595
1729597
1729598
1729599
1729600
1729601
1729602
1729603
1729604
1729605
1729606
1729607
1729608
1729609
1729610
1729611
1729612
1729613
1729614
1729615
1729616
1729617
1729618
1729619
1729620
1729621
1729622
1729623
1729624
1729625
1729626
1729627
1729628
1729629
1729630
1729631
1729632
1729633
1729635
1729637
1729638
1729639
1729640
1729641
1729642
1729643
1729644
1729646
1729647
1729648
1729649
1729651
1729652
1729653
1729654
1729655
1729656
1729657
1729658
1729659
1729660
1729662
1729663
1729664
1729665
1729666
1729667
1729668
1729670
1729671
1729674
1729675
1729676
1729677
1729678
1729679
1729680
1729683
1729684
1729685
1729686
1729687
1729688
1729689
1729690
1729691
1729692
1729695
1729696
1729698
1729699
1729701
1729702
1729705
1729706
1729707
1729708
1729710
1729712
1729713
1729714
1729716
1729717
1729718
1729719
1729721
1729722
1729723
1729724
1729725
1729726
1729727
1729728
1729729
1729732
1729733
1729734
1729736
1729737
1729738
1729739
1729740
1729741
1729742
1729743
1729744
1729745
1729746
1729747
1729748
1729749
1729750
1729752
1729754
1729755
1729756
1729759
1729760
1729762
1729766
1729767
1729768
1729769
1729771
1729773
1729774
1729775
1729777
1729778
1729781
1729782
1729783
1729784
1729786
1729787
1729788
1729790
1729791
1729793
1729794
1729795
1729796
1729797
1729798
1729799
1729800
1729801
1729802
1729804
1729805
1729806
1729807
1729808
1729809
1729810
1729811
1729812
1729815
1729816
1729817
1729819
1729820
1729821
1729822
1729823
1729824
1729826
1729827
1729828
1729830
1729831
1729832
1729833
1729834
1729835
1729837
1729840
1729841
1729842
1729843
1729844
1729845
1729847
1729848
1729849
1729850
1729852
1729853
1729855
1729856
1729857
1729858
1729859
1729860
1729861
1729862
1729863
1729864
1729865
1729866
1729867
1729868
1729869
1729870
1729873
1729874
1729875
1729876
1729877
1729878
1729879
1729880
1729881
1729882
1729883
1729884
1729885
1729886
1729887
1729888
1729889
1729890
1729891
1729892
1729893
1729894
1729895
1729896
1729897
1729898
1729899
1729900
1729901
1729903
1729904
1729905
1729906
1729907
1729908
1729909
1729910
1729911
1729912
1729913
1729914
1729915
1729916
1729917
1729918
1729919
1729920
1729921
1729922
1729923
1729924
1729925
1729926
1729927
1729928
1729929
1729930
1729931
1729932
1729933
1729934
1729935
1729937
1729938
1729939
1729940
1729941
1729942
1729943
1729944
1729945
1729946
1729948
1729951
1729952
1729953
1729954
1729955
1729956
1729957
1729958
1729959
1729960
1729961
1729962
1729963
1729964
1729965
1729966
1729967
1729968
1729969
1729970
1729971
1729974
1729975
1729976
1729977
1729979
1729980
1729981
1729982
1729983
1729984
1729985
1729986
1729987
1729988
1729990
1729991
1729992
1729993
1729995
1729996
1729997
1729998
1729999
1730000
1730001
1730002
1730003
1730004
1730006
1730007
1730008
1730011
1730012
1730013
1730014
1730015
1730016
1730017
1730018
1730019
1730020
1730021
1730022
1730023
1730024
1730025
1730026
1730027
1730028
1730029
1730030
1730031
1730032
1730033
1730034
1730035
1730036
1730037
1730038
1730039
1730040
1730041
1730042
1730043
1730044
1730045
1730047
1730048
1730049
1730050
1730051
1730052
1730054
1730055
1730056
1730057
1730058
1730059
1730060
1730061
1730062
1730063
1730064
1730066
1730067
1730068
1730069
1730070
1730071
1730072
1730073
1730074
1730075
1730076
1730077
1730078
1730079
1730080
1730081
1730082
1730083
1730084
1730085
1730086
1730087
1730088
1730089
1730090
1730092
1730093
1730094
1730095
1730097
1730098
1730099
1730100
1730102
1730103
1730104
1730105
1730106
1730107
1730108
1730109
1730110
1730111
1730112
1730113
1730114
1730115
1730116
1730117
1730118
1730119
1730120
1730121
1730122
1730123
1730124
1730125
1730126
1730127
1730128
1730129
1730130
1730131
1730132
1730133
1730134
1730135
1730136
1730137
1730139
1730140
1730141
1730142
1730143
1730144
1730146
1730147
1730148
1730149
1730150
1730151
1730152
1730153
1730154
1730155
1730156
1730157
1730158
1730159
1730161
1730162
1730163
1730164
1730165
1730166
1730167
1730168
1730169
1730170
1730171
1730172
1730173
1730174
1730175
1730176
1730183
1730184
1730185
1730186
1730187
1730188
1730189
1730190
1730191
1730192
1730193
1730194
1730195
1730196
1730197
1730198
1730199
1730200
1730201
1730202
1730204
1730205
1730206
1730207
1730208
1730209
1730210
1730211
1730212
1730213
1730214
1730215