1651896
1651898
1651899
1651900
1651901
1651905
1651906
1651907
1651908
1651910
1651911
1651912
1651913
1651914
1651915
1651916
1651917
1651919
1651921
1651922
1651924
1651925
1651926
1651927
1651928
1651929
1651930
1651931
1651932
1651934
1651935
1651937
1651938
1651939
1651940
1651941
1651942
1651943
1651944
1651945
1651946
1651947
1651948
1651949
1651950
1651951
1651952
1651953
1651954
1651955
1651956
1651957
1651958
1651959
1651960
1651961
1651962
1651963
1651964
1651965
1651966
1651967
1651968
1651969
1651970
1651971
1651972
1651974
1651975
1651976
1651977
1651978
1651979
1651980
1651981
1651982
1651983
1651984
1651985
1651986
1651987
1651988
1651989
1651990
1651991
1651992
1651993
1651994
1651995
1651996
1651997
1651999
1652000
1652001
1652003
1652004
1652005
1652006
1652007
1652008
1652009
1652010
1652011
1652012
1652013
1652015
1652016
1652018
1652019
1652020
1652021
1652023
1652024
1652025
1652026
1652027
1652028
1652029
1652031
1652033
1652034
1652035
1652036
1652037
1652038
1652039
1652040
1652041
1652043
1652044
1652045
1652046
1652047
1652048
1652049
1652050
1652051
1652052
1652053
1652055
1652056
1652057
1652058
1652059
1652060
1652061
1652062
1652063
1652064
1652065
1652066
1652067
1652070
1652071
1652072
1652073
1652074