1717033
1717034
1717035
1717036
1717037
1717038
1717039
1717040
1717042
1717043
1717044
1717045
1717047
1717048
1717052
1717054
1717055
1717056
1717057
1717059
1717060
1717061
1717062
1717064
1717065
1717066
1717067
1717068
1717069
1717070
1717071
1717072
1717073
1717074
1717075
1717076
1717078
1717079
1717080
1717082
1717083
1717084
1717085
1717086
1717088
1717089
1717090
1717091
1717092
1717093
1717094
1717096
1717097
1717098
1717099
1717100
1717103
1717104
1717105
1717107
1717108
1717110
1717111
1717113
1717115
1717118
1717119
1717122
1717125
1717126
1717127
1717129
1717130
1717131
1717132
1717133
1717134
1717136
1717137
1717138
1717139
1717140
1717141
1717142
1717144
1717145
1717148
1717150
1717151
1717152
1717153
1717154
1717156
1717158
1717159
1717160
1717161
1717163
1717165
1717166
1717167
1717168
1717169
1717170
1717171