417021
417022
417025
417026
417037
417042
417062
417094
417101
417109
417117
417121
417124
417127
417135
417153
417197
417207
417212
417219
417230
417232
417256
417275
417284
417320
417334
417357
417431
417432
417441
417442
417444
417446
417448
417455
417458
417461
417463
417478
417480
417487
417512
417524
417539
417541
417598
417599
417615
417618
417620
417621
417626
417627
417628
417633
417635
417636
417638
417650
417681
417686
417688
417689
417690
417703
417707
417711
417713
417718
417724
417725
417726
417728