444301
444305
444306
444307
444312
444318
444324
444334
444335
444351
444352
444356
444366
444373
444376
444379
444380
444383
444384
444385
444386
444387
444390
444391
444393
444396
444397
444398
444401
444402
444403
444405
444406
444407
444409
444412
444413
444414
444416
444417
444418
444420
444421
444424
444426
444431
444432
444435
444436
444437
444439
444442
444443
444444
444445
444446
444449
444450
444454
444456
444458
444459
444464
444467
444474
444478
444479
444481
444483
444484
444488
444491
444494
444495
444500
444503
444509
444513
444517
444520
444523
444524
444529
444531
444532
444533
444535
444536
444538
444540
444545
444547
444552
444553
444556
444558
444560
444571
444581
444598
444609
444613
444623
444626
444627
444634
444638
444639
444640
444643
444644
444646
444647
444649
444650
444651
444653
444657
444658
444659
444663
444671
444673
444677
444679
444680
444683
444687
444693
444694
444695
444696