479139
479141
479144
479145
479147
479148
479150
479151
479152
479153
479154
479155
479156
479159
479163
479165
479166
479168
479169
479172
479173
479188
479190
479235
479236
479244
479260
479261
479262
479265
479266
479284
479288
479294
479299
479315
479317
479319
479321
479322
479334
479337
479338
479346
479350
479352
479358
479360
479362
479363
479364
479366
479368
479369
479387
479388
479389
479391
479401
479403
479406
479416
479419
479421
479427
479432
479436
479438
479439
479440
479447
479453
479460
479466
479504
479506
479508
479514
479523
479525
479530
479532
479544
479568
479570
479575
479583
479591
479592
479593
479596
479597
479621