1525282279848804354
1525294631998697479
1525340760484286465
1525326145062899712
1525613716888293378
1525470313319804929
1525536307358838784
1525508611887157248
1525569649760358400
1525409592359931904
1525487703302623232
1525626291239538689
1525538234943434752
1525604419445964800
1525520154683006976
1525364194610225153
1525431060200398850
1525526329570885633
1525560567267590145
1525394045857673218
1525459340878131202
1525310372126785537
1525381595158528001
1525270592001392645
1525442155912876032
1525589521684996096