1503895056176058368
1503981340131311617
1503967100557303810
1503931802448183299
1503952340327534596
1503982192413847553
1503984653262278657
1503999393132908544
1504012330623029253
1504017298524413956
1504021622923177987
1504023077931339781
1504023128451735555
1504039186843807748
1504156049032593413
1504067877204381702
1504085565188325379
1504186226743689218
1504090315384397843
1504142059959205892
1504094631923007496
1504025964883464194
1504038875135725570
1504093281755582466
1504033152326586371
1504125254549098500
1504107149894504454
1504134271728029702
1504018016270491648
1504188346939105280
1504112638032289792
1504064783250776065
1504112916366254081
1504050168051687426
1504024358465024002
1504099384442728450
1504049940284289028
1504112739794530308
1504058675534643201
1504057376189693952