1513005484340563968
1512960914835791873
1512992169614888962
1513038383160954880
1513016247985881088
1513046903105204229
1513055146321793027
1513064733074759680
1513066502269939713
1513092848282914816
1513094156146683910
1513116240306393091
1513119038494421002
1513130320354230274
1513133406372171785
1513148083302973442
1513205166102749199
1513246719164784656
1513282426457440272
1513265174727348236
1513102178390626305
1513200453705682945
1513184999540936709
1513295699026317318
1513246514721787912
1513135543013548034
1513192850229698563
1513217508106543107
1513194359277170691
1513169324332265477
1513166592141668359
1513200766219169799
1513230313626943490
1513175098114686976