1509427228727291904
1509363993579769857
1509396113391988737
1509350811704377347
1509409134348750849
1509428058360528896
1509428175394246656
1509394779372675079
1509381718284947464
1509335093894168585
1509409242863783945
1509435044561043459
1509448090058645510
1509483948828770310
1509503969990610953
1509540989480112140
1509559260316852233
1509621178587127818
1509611609806671888
1509595720671760388
1509613140723437572
1509536362952855557
1509538921474105345
1509484164415954948
1509595333625585673
1509561708527955969
1509637559047106561
1509625298907770889
1509664427989217289
1509608682937794560
1509578058017161217
1509648255382077441
1509521177407995908
1509584232003293184
1509503952823341056
1509555790369148929
1509484740004438016
1509503967104884737
1509592112576225281
1509504319460044804
1509533066036867080
1509527637856714753
1509509015734296580
1509574018671812616
1509435331149541377
1509503944074047489
1509531561544232962
1509571550298746882
1509509039276929027
1509616017789665282
1509550462906908675
1509645139077218308
1509552918659317767
1509509120302501890
1509564503893200899
1509680963122614276
1509590531160133638