1503523099437895680
1503535899908390912
1503551774820552705
1503570659691139075
1503599747306766337
1503609658757500929
1503583389407981574
1503618906929471491
1503623551894573058
1503628545268068355
1503631504471166980
1503641168046870531
1503641226209284101
1503650885884420100
1503657707772985353
1503667811113226248
1503677816545681417
1503728365982957571
1503748435459072009
1503801587176722443
1503702270072045572
1503713596588572676
1503818427709939727
1503686807002693638
1503758907445067785
1503680579086258178
1503699367399723011
1503709609768456195
1503857438340091907
1503735658820554756
1503743818574745604
1503688731722715142
1503787685223272454
1503733629129789448
1503641071473025024
1503727035486724098
1503698115269959683
1503786046089224196
1503766276359004173
1503687425134112768
1503668144610717698
1503702698339840003
1503735707067691011
1503761726965231621
1503743354458320902
1503746268287414279
1503686837348577288
1503719695962288136
1503699457803698178
1503679751051001856
1503808671951863808