278917
278918
278919
278920
278921
278922
278924
278925
278926
278927
278928
278929
278931
278932
278933
278935
278937
278938
278939
278940
278941
278943
278945
278946
278947
278948
278949
278951
278952
278953
278954
278950
278956
278957
278958
278959
278960
278961
278962
278963
278964
278966
278968
278969
278970
278971
278972
278973
278974
278975
278976
278977
278979
278980
278982
278984
278986
278987
278989
278991
278992
278993
278994
278995
278996
278999
279001
279004
279005
279006
279007
279009
279010
279012
279013
279014
279015
279017
279019
279020
279021
279023
279024
279025
279026
279027
279030
279031
279032
279033
279034
279035
279036
279037
279038
279039
279040
279042
279043
279044
279045
279046
279047
279048
279049
279050
279051
279052
279053
279054
279056
279058
279059
279060
279061
279062
279063
279064
279065
279067
279068
279069
279070
279072
279073
279075
279076
279077
279078
279079
279080
279082
279083
279085
279087
279088
279089
279090
279092
279093
279094
279096
279097
279095
279099
279100
279101
279102
279103
279104
279105
279107
279110
279111
279112
279113
279114
279115
279116
279117
279119
279121
279123
278930
278944
278955
279022
279028
279074
279098