275390
275391
275392
275394
275396
275398
275399
275400
275401
275402
275404
275405
275406
275407
275408
275409
275410
275411
275417
275419
275420
275421
275423
275424
275425
275426
275427
275430
275431
275432
275433
275434
275435
275436
275438
275439
275441
275442
275443
275445
275446
275448
275449
275451
275452
275454
275455
275456
275457
275461
275462
275463
275465
275467
275468
275470
275471
275472
275474
275475
275476
275477
275479
275480
275482
275483
275484
275486
275487
275488
275489
275490
275492
275493
275494
275495
275496
275497
275498
275499
275501
275502
275503
275504
275506
275507
275508
275509
275510
275512
275514
275515
275517
275518
275519
275520
275521
275522
275524
275525
275527
275528
275529
275530
275531
275532