270749
270750
270751
270754
270755
270756
270757
270758
270759
270760
270761
270762
270764
270765
270767
270770
270773
270775
270777
270778
270780
270781
270782
270783
270784
270785
270786
270787
270789
270791
270792
270793
270794
270795
270799
270800
270802
270803
270804
270807
270809
270810
270811
270812
270813
270814
270816
270817
270818
270820
270821
270822
270823
270824
270825
270826
270827
270829
270830
270831
270833
270834
270835
270836
270837
270838
270841
270842
270843
270844
270845
270846
270848
270850
270853
270854
270855