306001
306002
306003
306004
306005
306006
306007
306008
306009
306011
306012
306013
306016
306017
306018
306020
306021
306022
306024
306025
306029
306031
306032
306033
306034
306035
306036
306037
306038
306041
306042
306044
306046
306047
306048
306049
306051
306052
306053
306054
306055
306057
306058
306059
306063
306064
306065
306066
306068
306069
306070
306072
306074
306075
306076
306078
306080
306081
306083
306084
306085
306086
306087
306088
306089
306090
306091
306093
306095
306096
306097
306098
306100
306101
306102
306103
306104
306105
306106
306107
306108
306109
306113
306114
306115
306116
306118
306119
306121
306122
306123
306124
306125
306126
306127
306128
306129
306130
306131
306133
306134
306136
306137