301057
301059
301060
301061
301062
301063
301064
301065
301067
301068
301069
301070
301071
301073
301074
301075
301076
301079
301080
301081
301082
301083
301085
301086
301087
301088
301090
301091
301092
301093
301094
301095
301096
301097
301098
301099
301101
301102
301103
301104
301105
301106
301107
301108
301109
301110
301111
301112
301113
301114
301115
301116
301117
301118
301119
301120
301121
301122
301123
301124
301125
301126
301127
301130
301131
301132
301133
301134
301135
301137
301138
301139
301140
301143
301144
301145
301147
301148
301149
301150
301151
301152
301153
301154
301155
301156
301157
301158
301159
301161
301162
301163
301164
301169
301170
301171
301173
301174
301175
301176
301177
301180
301181
301183
301184
301185
301186
301187
301188
301189
301190
301191
301192
301193
301196
301197
301199
301200
301201
301203
301204
301206
301208
301209
301210
301211
301212
301214
301216
301217
301218
301219
301221
301222
301223
301224
301225
301227
301228
301229
301230
301232
301234
301235
301236
301237
301238
301240
301241