292540
292541
292542
292543
292544
292545
292546
292547
292548
292549
292550
292551
292552
292554
292555
292556
292557
292558
292559
292560
292562
292564
292565
292566
292568
292569
292570
292571
292572
292573
292574
292575
292577
292578
292579
292580
292581
292583
292584
292585
292586
292587
292588
292589
292591
292592
292593
292594
292595
292597
292598
292599
292601
292602
292603
292604
292605
292607
292609
292610
292611
292612
292613
292614
292616
292617
292618
292619
292621
292622
292623
292624
292626
292627
292628
292629
292630
292631
292633
292634
292635
292636
292638
292640
292641
292642
292643
292644
292645
292647
292648
292649
292651
292652
292653
292654
292656
292657
292659
292660
292661
292662
292664
292665
292666
292668
292671
292669
292670
292673
292674
292675
292676
292678
292679
292680
292685
292683
292684
292686
292687
292690
292691
292692
292694
292688
292696
292697
292695
292699
292698
292701
292703
292704
292705
292706
292707
292708
292709
292710
292711
292712
292713
292715
292716
292719
292720
292721
292722
292725
292730
292731
292732
292726
292729
292734
292740
292736
292741
292738
292745
292746
292752
292749
292751
292753
292759
292754
292758
292760
292765
292762
292763
292764
292771
292766
292769
292672
292702
292724
292727
292733
292735
292737
292739
292742
292743
292747
292748
292755
292756
292757
292767
292768
292770