316166
316167
316168
316169
316170
316171
316172
316173
316174
316175
316176
316177
316179
316182
316183
316184
316186
316187
316188
316189
316191
316192
316193
316194
316196
316197
316198
316199
316200
316201
316202
316203
316205
316206
316207
316208
316209
316210
316211
316213
316214
316215
316216
316217
316218
316219
316221
316222
316223
316224
316225
316226
316227
316228
316230
316231
316232
316233
316234
316236
316237
316238
316239
316240
316241
316243
316244
316245
316246
316247
316248
316249
316250
316251
316252
316253
316254
316256
316257
316258
316259
316260
316261
316263
316264
316265
316266
316268
316269
316270
316271
316272
316273
316274
316275
316277
316278
316279
316280
316281
316282
316283
316285
316286
316287
316288
316289
316290
316291
316292
316293
316294
316295
316296
316297
316298
316299
316300
316302
316303
316304
316305
316306
316307
316308
316310
316311
316312
316313
316314
316315
316316
316317
316318
316319
316320
316321
316322
316323
316325
316327
316328
316329
316330
316331
316332
316333
316334
316335
316336
316338
316339
316340
316341
316342
316343
316344
316345
316347
316348
316349
316350
316351
316352
316353
316354
316355
316356
316358
316359
316361
316363
316364
316365
316366
316367
316368
316369
316370
316371
316373
316374
316376
316378
316379
316380
316381
316382
316384