326961
326962
326963
326964
326966
326967
326968
326969
326970
326971
326973
326975
326976
326977
326978
326979
326980
326981
326982
326983
326984
326985
326986
326988
326989
326990
326991
326992
326993
326994
326995
326996
326997
326998
326999
327001
327002
327003
327004
327006
327007
327008
327009
327010
327011
327012
327013
327014
327015
327016
327017
327018
327019
327020
327021
327022
327023
327024
327025
327026
327027
327028
327031
327033
327034
327035
327038
327039
327040
327042
327044
327045
327046
327047
327048
327051
327052
327053
327056
327057
327058
327059
327060
327061
327062
327063
327064
327065
327066
327067
327068
327071
327073
327074
327075
327076
327077
327078
327079
327080
327081
327082
327083
327085
327086
327087
327088
327089
327090
327091
327092
327093
327094
327095
327096
327097