321985
321989
321990
321991
321992
321993
321994
321995
321996
321997
321998
321999
322000
322001
322002
322003
322004
322005
322006
322007
322008
322009
322010
322011
322012
322013
322014
322015
322016
322017
322018
322019
322020
322021
322022
322027
322029
322030
322031
322033
322034
322036
322040
322041
322042
322045
322046
322050
322052
322054
322055
322056
322061
322062
322063
322066
322067
322069
322071
322072
322073
322074
322075
322076
322077
322078
322079
322080
322081
322082
322083
322084
322086
322087
322088
322089
322091
322094
322095
322103
322109
322116
322117
322120
322121
322123
322129
322132
322134
322135
322138
322139
322140
322143
322145
322151
322155
322157
322158
322160
322161
322162
322163
322164
322167