349704
349706
349710
349712
349713
349714
349715
349716
349717
349718
349719
349721
349722
349723
349724
349725
349726
349727
349731
349732
349733
349735
349736
349740
349744
349745
349746
349747
349748
349749
349750
349752
349753
349759
349761
349763
349764
349832
349914
349932
349960
350153
350154
350155
350159
350164
350166
350167
350168
350171
350174
350175
350178
350183
350184
350190
350192
350195
350204
350207
350209
350211
350214
350215
350216
350220
350224
350230
350231
350233
350234
350235
350238
350240
350243
350244
350245
350246
350258
350259
350261
350262
350265
350272
350274
350275
350276
350279
350280
350281
350282
350284
350286
350287
350288
350289
350291
350293
350298
350300
350303
350304
350305
350315
350316
350317
350318
350319
350327
350328
350330
350331
350332
350336
350337
350342
350344
350346
350348
350349
350350
350352
350353
350355
350356
350360
350365
350366
350369
350370
350374
350381
350382
350385
350394
350397
350399
350400
350401
350403
350405
350406
350409
350410
350411
350413
350414
350415
350417
350419
350422
350423
350424
350427
350429
350430
350432
350433
350435
350438
350439
350440
350442
350443
350444
350446
350447
350498
350502
350503
350508
350515
350516
350518
350520
350521
350522
350530
350533
350538
350543
350544
350545
350549
350550
350551
350559
350560
350561
350562
350565
350587
350589
350593
350595
350596
350597
350598
350603
350605
350607
350614
350615
350616
350618
350628
350635
350649
350654
350669
350670
350677
350678
350684
350685
350686
350688
350690
350692
350696
350729
350737
350738
350739
350743
350746
350754
350755
350762
350764
350766
350776
350788
350791
350797
350803
350810
350819
350828
350834
350838
350846
350854
350868
350876
350877
350892
350898
350899
350900
350901
350903
350920
350921
350924
350928
350933
350940
350982
350983
351026
351034
351050
351061
351063
351072
351077
351078
351083
351090
351094
351095
351101
351110
351118
351119
351123
351128
351130
351135
351143
351144
351146
351147
351149
351151
351154
351164
351170
351171
351172
351191
351200
351206
351213
351214
351215
351216
351233
351237
351239
351245
351246
351248
351252
351258
351262
351275
351276
351277
351287
351290
351292
351299
351300
351308
351321
351325
351326
351337
351338
351340
351341
351342
351343
351348
351349
351350
351363
351364
351366
351371
351372
351376
351381
351385
351388
349705
349708
349709
349711
349720
349728
349729
349730
349734
349737
349739
349741
349742
349743
349751
349754
349755
349756
349760
349762
349770
349777
349782
349787
349791
349792
349805
349806
349812
349814
349825
349833
349839
349842
349859
349885
349898
349902
349904
349915
349945
349966
349985
349991
350003
350018
350021
350031
350036
350037
350041
350062
350085
350090
350091
350104
350106
350124
350126
350145
350146
350149
350150
350151
350152
350156
350157
350158
350160
350161
350163
350162
350165
350169
350170
350172
350177
350181
350182
350185
350186
350187
350188
350189
350191
350196
350198
350199
350200
350201
350203
350205
350206
350210
350213
350218
350219
350222
350226
350229
350232
350236
350239
350241
350242
350247
350248
350249
350250
350251
350252
350254
350255
350256
350260
350263
350264
350266
350267
350268
350269
350270
350271
350273
350277
350278
350283
350292
350295
350296
350297
350301
350306
350307
350308
350309
350310
350311
350312
350320
350321
350322
350323
350324
350326
350329
350335
350341
350345
350347
350351
350354
350358
350362
350363
350364
350367
350368
350371
350372
350373
350375
350376
350377
350378
350380
350383
350384
350386
350387
350388
350389
350390
350392
350393
350395
350396
350398
350402
350407
350408
350412
350418
350420
350421
350425
350426
350428
350431
350434
350436
350437
350441
350445
350448
350454
350456
350460
350462
350464
350468
350472
350473
350476
350477
350481
350482
350483
350490
350491
350492
350494
350496
350499
350500
350501
350504
350505
350509
350510
350512
350513
350514
350519
350523
350524
350525
350526
350527
350528
350529
350531
350532
350534
350535
350537
350536
350539
350540
350541
350542
350547
350548
350553
350554
350555
350556
350557
350558
350564
350567
350568
350569
350571
350572
350574
350575
350577
350584
350585
350588
350590
350594
350599
350600
350601
350602
350604
350606
350608
350609
350611
350612
350613
350610
350619
350620
350625
350626
350627
350629
350630
350631
350632
350633
350634
350636
350637
350638
350639
350641
350642
350640
350644
350643
350646
350647
350651
350652
350653
350655
350657
350658
350659
350656
350661
350663
350664
350665
350666
350668
350671
350672
350676
350682
350683
350687
350689
350691
350694
350699
350702
350703
350708
350710
350712
350721
350728
350730
350731
350733
350740
350745
350748
350749
350750
350751
350753
350758
350759
350760
350763
350765
350770
350771
350775
350780
350785
350786
350787
350789
350792
350795
350796
350799
350800
350801
350804
350805
350807
350808
350809
350811
350812
350813
350814
350815
350816
350817
350822
350823
350824
350825
350827
350829
350830
350833
350835
350836
350837
350839
350840
350841
350842
350843
350844
350845
350847
350848
350849
350850
350851
350852
350853
350855
350856
350859
350861
350864
350865
350866
350869
350871
350873
350875
350878
350879
350880
350882
350883
350884
350885
350886
350887
350888
350889
350891
350893
350894
350896
350897
350902
350904
350905
350907
350910
350911
350912
350913
350914
350916
350917
350918
350919
350923
350926
350927
350929
350934
350935
350937
350938
350945
350947
350948
350949
350950
350951
350953
350954
350955
350956
350957
350958
350959
350960
350962
350967
350968
350969
350970
350972
350974
350976
350980
350981
350984
350987
350989
350990
350991
350993
350994
350995
350996
350997
350998
350999
351000
351001
351002
351003
351004
351006
351007
351009
351010
351011
351012
351014
351015
351016
351017
351018
351019
351020
351024
351025
351027
351029
351030
351028
351032
351033
351031
351036
351037
351038
351043
351044
351047
351048
351049
351051
351052
351054
351055
351056
351059
351060
351062
351064
351065
351066
351067
351068
351069
351075
351079
351080
351081
351082
351084
351085
351086
351087
351088
351096
351097
351098
351100
351102
351103
351104
351105
351106
351107
351111
351112
351113
351115
351116
351117
351120
351121
351125
351126
351127
351129
351131
351132
351134
351136
351138
351139
351140
351141
351142
351145
351148
351150
351152
351153
351155
351156
351157
351158
351159
351160
351161
351162
351163
351166
351167
351168
351169
351173
351174
351175
351176
351177
351179
351180
351181
351182
351183
351184
351185
351187
351188
351189
351190
351192
351193
351194
351195
351196
351197
351198
351199
351201
351204
351205
351202
351207
351210
351211
351212
351217
351218
351219
351220
351221
351222
351223
351224
351227
351228
351229
351230
351231
351232
351234
351235
351236
351238
351240
351241
351242
351243
351244
351247
351249
351250
351251
351253
351254
351255
351256
351257
351259
351260
351265
351266
351267
351269
351270
351271
351272
351273
351274
351278
351280
351281
351282
351283
351284
351285
351286
351288
351291
351293
351294
351295
351296
351298
351297
351301
351302
351303
351304
351305
351306
351307
351309
351310
351311
351312
351313
351314
351318
351319
351320
351322
351323
351327
351328
351329
351330
351331
351332
351333
351334
351335
351336
351339
351344
351345
351346
351347
351351
351352
351355
351356
351361
351362
351365
351367
351368
351370
351373
351378
351379
351380
351382
351383
351384
351389
351391
351392
351394
351395
351396
351399
351400