377918
377924
377928
377934
377935
377940
377943
377947
377951
377953
377955
377956
377960
377961
377965
377977
377981
377987
377990
377996
377997
378011
378016
378019
378025
378029
378038
378041
378044
378046
378047
378050
378051
378053
378062
378063
378064
378065
378068
378069
378072
378074
378078
378080
378083
378084
378087
378088
378091
378092
378093
378099
378104
378106
378110
378118
378124
378125
378127
378128
378129
378130
378131
378138
378140
378145
378146
378147
378158
378167
378171
378174
378175
378179
378185
378188
378189
378190
378191
378192
378195
378196
378204
378208
378209
378210
378211
378212
378221
378224
378225
378228
378230
378232
378234
378235
378236
378241
378242
378243
378244
378248
378250
378257
378258
378262
378263
378265
378266
378267
378268
378269
378271
378272
378273
378274
378275
378276
378277
378278
378279
378281
378293
378295
378296
378297
378298
378299
378304
378315
378317
378322
378323
378324
378325
378328
378329
378330
378332
378338
378339
378342
378344
378345
378346
378348
378354
378358
378360
378368
378372
378373
378380
378384
377919
377920
377921
377923
377925
377926
377927
377929
377930
377931
377932
377933
377936
377938
377942
377944
377945
377946
377948
377949
377950
377952
377954
377957
377958
377959
377963
377964
377966
377967
377968
377969
377970
377971
377972
377973
377974
377975
377976
377978
377979
377980
377982
377983
377984
377985
377986
377988
377989
377991
377992
377993
377994
377995
377998
377999
378000
378001
378002
378003
378004
378005
378006
378007
378008
378009
378010
378012
378013
378014
378015
378017
378018
378020
378021
378023
378024
378026
378027
378028
378030
378031
378032
378033
378034
378035
378036
378037
378039
378040
378042
378043
378045
378048
378049
378052
378054
378056
378057
378058
378059
378060
378061
378066
378067
378070
378071
378073
378075
378076
378077
378079
378081
378082
378085
378086
378089
378094
378095
378096
378097
378098
378100
378101
378102
378103
378105
378107
378108
378109
378111
378112
378113
378114
378115
378116
378117
378119
378120
378121
378122
378126
378132
378133
378134
378135
378136
378137
378141
378142
378143
378144
378148
378149
378150
378151
378152
378153
378154
378155
378156
378157
378159
378161
378162
378163
378164
378165
378166
378168
378169
378170
378173
378177
378178
378180
378183
378186
378193
378194
378197
378198
378199
378200
378201
378202
378203
378205
378206
378207
378213
378214
378215
378217
378218
378219
378220
378222
378223
378226
378229
378231
378233
378237
378238
378239
378240
378245
378246
378247
378249
378251
378252
378253
378254
378255
378256
378259
378260
378261
378264
378270
378280
378283
378285
378286
378287
378288
378289
378290
378291
378292
378294
378301
378302
378303
378305
378306
378307
378308
378309
378310
378312
378313
378314
378316
378318
378319
378320
378321
378326
378327
378331
378333
378334
378335
378336
378337
378340
378341
378343
378347
378349
378350
378351
378352
378353
378355
378356
378357
378359
378361
378362
378363
378364
378365
378366
378367
378369
378370
378371
378374
378376
378377
378378
378379
378381
378382
378383
378385
378386
378387
378388