5744647
5750856
5748817
5746786
5744781
5744784
5742778
5750969
5748925
5744912
5746988
5751087
5749065
5745032
5751189
5743023
5747136
5749206
5751291
5745179
5743152
5747266
5745262
5749391
5743290
5749440
5747393
5747495
5743401
5749550
5745459
5746581
5743483
5749659
5747617
5743537
5745635
5749764
5743624
5749778
5747762
5743670
5743765
5749938
5745851
5747937
5743870
5750056
5743982
5743999
5748128
5746087
5744088
5750234
5746237
5744211
5750363
5748316
5744357
5750507
5746412
5748494
5744428
5750637
5744537
5748644
5750735
5748704