1524143746828406784
1523898456208773120
1523916704551735296
1523970675614097408
1524048623234920448
1524103113577279489
1524088251555921921
1523981383307247619
1523964866133905408
1523925970335453185
1523982368956108801
1523959950543888384
1523991990706315264
1524024275950264320
1524062419869392899
1523933121078517765
1524081637381881856
1523929579441860608
1524021209679245313
1524066172047699969
1524053404833787906
1524093898343297027
1523984372210319360
1524074019045228547
1523942738370220032
1524023692497506304
1523954737107947521
1524004444366675968