1513795649547997187
1513886783725047812
1513717515364536324
1513902081173819396
1513801354749349893
1513889533812740101
1513841535934210050
1513980284395528195
1513796507408998406
1514019614136672262
1513899365114388487
1513829341934858243
1513863700469460996
1513913865700061188
1513846071734251525
1513719307708084233
1513957646109454345
1513781846458384384
1513752819370704897
1513864213638299650
1513785405463740420
1513767296187121669
1513887053511016457
1513877845818363905
1514022645737607170
1513817783070511109
1513880136759791625
1513830275591069699
1513855146320617476
1513878258848260105
1513887224806400009
1513934970535960586
1513769414923100160
1513935561693831168
1513879887408504836
1513740743868919808
1513811244570095617
1513784337287852034
1513924027634659330
1513799117365030916
1513806644018393092
1513914619500408837
1513918376162340872
1513860788280340489
1513912349899603968
1513910361493323780
1513934268787048452
1513850726937772037
1513894569129263110
1513909587187056648
1513787531455877120
1513774369784451073
1513920095554359303
1513960606860300296