1498703126232289295
1498678231729377280
1498680348166787073
1498707272175915009
1498718679617441797
1498795706252988421
1498710148159836167
1498685235738906632
1498705460060430343
1498734378188484609
1498734583558385666
1498756988783767555
1498715065654128645
1498680572964712455
1498716586680725515
1498767775971491841
1498722496224313345
1498689558564716546
1498727480915542018
1498678501913804803
1498727683387179011
1498706563296542727
1498767980942999560
1498691634380296197
1498755423209414658
1498719939078807555
1498708680145002511
1498692156428623879
1498711838846066695
1498742731224625156
1498749300255469572
1498708875062788097
1498768926259531776
1498715419494043649
1498697052745879555
1498755603057070085