1509494759416647692
1509579743078670356
1509597518409175040
1509597393305669633
1509544697357864968
1509445266386132992
1509555506142191620
1509487657054838793
1509544701153714185
1509503152457986050
1509597512923033602
1509458617442910208
1509564706591227907
1509524249819627524
1509503158279622661
1509494761744388103
1509544706715308044
1509579741077987330
1509494757499756554
1509579745746317313
1509503155809124355
1509431167010971648
1509544699215978496
1509524245264703489
1509481591495696387
1509512524017934340
1509474370959417349
1509476561304657927
1509487659479179273
1509555508876910604
1509544702797918209
1509431168487370754
1509555502434463755
1509487654580240385
1509524252453748740
1509532706492891143
1509544704916049923