1658892
1658896
1658911
1658920
1658939
1658954
1658974
1658987
1658999
1659008
1659018
1659030
1659036
1659045
1659057
1659066
1659073
1659077
1659087
1659095
1659102
1659116
1659126
1659138
1659154
1659163
1659174
1659193
1659211
1659217
1659223
1658230
1658237
1658256
1658275
1658287
1658291
1658297
1658303
1658313
1658326
1658331
1658334
1658344
1658346
1658355
1658357
1658363
1658374
1658384
1658389
1658398
1658405
1658413
1658420
1658431
1658438
1658454
1658457
1658461
1658465
1658474
1658491
1658513
1658524
1658531
1658540
1658555
1658556
1658559
1658567
1658576
1658595
1658618
1658619
1658635
1658647
1658655
1658656
1658663
1658671
1658687
1658695
1658712
1658727
1658736
1658749
1658754
1658759
1658761
1658770
1658771
1658783
1658801
1658808
1658821
1658826
1658832
1658846
1658851
1658859
1658878