1708826
1708834
1708846
1708853
1708854
1708860
1708866
1708869
1708871
1708879
1708886
1708896
1708902
1708906
1708914
1708918
1708919
1708925
1708929
1708936
1708940
1708949
1708953
1708957
1708965
1708970
1708973
1708978
1708982
1708983
1708988
1708991
1709001
1709012
1709015
1709018
1709024
1709029
1709038
1709049
1709050
1709059
1709069
1709074
1709077
1709083
1709084
1709092
1709105
1709114
1709116
1709120
1709123
1709132
1709136
1709151
1709161
1709163
1709174
1709176
1709185
1709193
1709200
1709207
1709213
1709219
1709228
1709235
1709242
1709257
1709270
1709287
1709304
1709314
1709323
1709334
1709341
1709352
1709354
1709361
1709374
1709386
1709399
1709413
1709426
1709439
1709448
1709459
1709470
1709483
1709494
1709505
1709515
1709517
1709527
1709528
1709537
1709543
1709557
1709562
1709565
1709566
1709571
1709579
1709584
1709589
1709595
1709598
1709622
1709627
1709644
1709653
1709660