1652743
1652759
1652775
1652785
1652789
1652794
1652798
1652804
1652812
1652828
1652847
1652850
1652855
1652864
1652875
1652877
1652879
1652881
1652889
1652902
1652913
1652919
1652931
1652944
1652966
1652984
1653014
1653040
1653041
1653053
1653060
1653069
1653082
1653085
1653093
1653099
1653102
1653114
1653125
1653144
1653169
1653186
1653194
1653207
1653217
1653221
1653225
1653230
1653241
1653249
1653251
1653254
1653261
1653270
1653273
1653283
1653296
1653298
1653303
1653309
1653310
1653314
1653319
1653320
1653326
1653331
1653341
1653348
1653351
1653355
1653356
1653366
1653374
1653383
1652482
1652485
1652496
1652505
1652509
1652512
1652513
1652520
1652524
1652531
1652535
1652536
1652538
1652552
1652559
1652563
1652573
1652581
1652586
1652601
1652612
1652621
1652641
1652672
1652688
1652691
1652703
1652721