1625313
1625319
1625330
1625335
1625340
1625346
1625354
1625358
1625367
1625371
1625383
1625387
1625393
1625394
1625399
1625404
1625410
1625417
1625422
1625431
1625442
1625447
1625457
1625464
1625477
1625484
1625493
1625495
1625499
1625504
1625519
1625535
1625554
1625568
1625583
1625597
1625601
1625603
1625605
1625610
1625614
1625630
1625631
1625640
1625643
1625648
1625658
1625660
1625663
1625671
1625683
1625692
1625704
1625716
1625719
1625721
1625731
1625737
1625739
1625744
1625748
1625755
1625758
1625761
1625766
1625768
1625777
1625787
1625799
1625800
1625814
1625835
1625846
1625849
1625859
1625863
1625874
1625886
1625896
1625908
1625914
1625919
1625922
1625924
1625927
1625931
1625937
1625949
1625954
1625963
1625970
1625976
1625980
1625989
1625998
1626006
1626007
1626016
1626021
1626025
1626029
1626047
1626059
1626062
1626078
1626087
1626096