1606612
1606632
1606649
1606658
1606666
1606668
1606676
1606679
1606690
1606694
1606709
1606717
1606722
1606726
1606728
1606739
1606761
1606774
1606788
1606796
1606811
1606824
1606831
1606844
1606852
1606862
1606867
1606874
1606884
1606893
1606903
1606915
1606917
1606926
1606938
1606946
1606962
1606968
1606981
1606990
1607000
1607002
1607009
1607016
1607023
1607024
1607026
1607030
1607037
1607039
1607044
1607057
1607065
1607068
1607077
1607079
1607087
1607097
1607102
1607105
1607109
1607114
1607117
1607123
1607128
1607131
1607141
1607151
1607170
1607180
1607192
1607196
1607205
1607218
1607232
1607242
1607249
1607260
1607267
1607285
1607291
1607297
1607303
1607304
1607305
1607307
1607315
1607323
1607337
1607357
1607367
1607377
1607389
1607395
1607398