1704274
1704286
1704294
1704303
1704312
1704319
1704325
1704331
1704342
1704347
1704351
1704363
1704372
1704378
1704384
1704394
1704405
1704408
1704412
1704418
1704422
1704430
1704437
1704439
1704448
1704449
1704451
1704456
1704458
1704461
1704462
1704467
1704471
1704474
1704481
1704488
1704494
1704506
1704514
1704524
1704530
1704547
1704562
1704574
1704580
1704585
1704589
1704604
1704617
1704619
1704636
1704647
1704661
1704664
1704681
1704700
1704724
1704742
1704753
1704768
1704781
1704794
1704797
1704801
1704806
1704813
1704831
1704834
1704840
1704853
1704862
1704879
1704892
1704906
1704921
1704932
1704939
1704942
1704946
1704952
1704963
1704969
1704977
1704988
1704990
1705000
1705008
1705016
1705033
1705038
1705051
1705078
1705098
1705130
1705138