1558536
1558543
1558553
1558565
1558581
1558596
1558605
1558613
1558619
1558625
1558637
1558650
1558663
1558664
1558672
1558685
1558693
1558703
1558707
1558723
1558739
1558752
1558764
1558772
1558786
1558791
1558806
1558825
1558849
1558850
1558858
1558870
1558884
1558899
1558906
1558909
1558914
1558917
1558922
1558932
1558943
1558953
1558963
1558966
1558971
1558978
1558989
1558997
1559007
1559013
1559021
1559027
1559034
1559045
1559053
1559060
1559074
1559094
1559107
1559117
1559123
1559134
1559139
1559145
1559157
1559162
1559169
1559172
1559188
1558342
1559197
1559207
1559214
1558523
1558332
1558347
1558356
1558365
1558369
1558374
1558381
1558385
1558389
1558393
1558398
1558403
1558408
1558412
1558416
1558419
1558421
1558426
1558433
1558436
1558438
1558440
1558446
1558451
1558458
1558466
1558474
1558486
1558496
1558503