1671186
1671205
1671208
1671216
1671223
1671234
1671255
1671277
1671280
1671283
1671286
1671295
1671303
1671309
1671328
1671341
1671354
1671363
1671364
1671371
1671382
1671389
1671413
1671433
1671432
1671451
1671456
1671471
1671485
1671490
1671510
1671532
1671553
1671574
1671590
1671606
1671628
1671629
1671635
1671659
1671676
1671698
1671709
1671723
1671752
1671768
1671780
1671802
1671826
1671843
1671854
1671864
1671884
1671904
1671920
1671931
1671933
1671940
1671941
1671978
1671990
1670784
1670801
1670836
1670846
1670857
1670862
1670875
1670878
1670885
1670896
1670900
1670904
1670913
1670919
1670933
1670938
1670943
1670950
1670957
1670969
1670978
1670993
1671013
1671019
1671028
1671029
1671035
1671054
1671057
1671071
1671086
1671087
1671109
1671117
1671119
1671128
1671141
1671157
1671166