1631108
1631119
1631125
1631130
1631137
1631141
1631146
1631153
1631162
1631168
1631172
1631175
1631179
1631180
1631183
1631187
1631189
1631193
1631196
1631199
1631202
1631207
1631214
1631220
1631225
1631228
1631235
1631250
1631266
1631278
1631290
1631300
1631307
1631317
1631325
1631330
1631340
1631344
1631352
1631368
1631369
1631382
1631392
1631397
1631403
1631405
1631408
1631418
1631425
1631433
1631436
1631438
1631444
1631460
1631474
1631490
1631495
1631502
1631517
1631529
1631534
1631540
1631545
1631547
1631557
1631570
1631584
1631590
1631601
1631615
1631628
1631641
1631650
1631661
1631670
1631671
1631682
1631690
1631700
1631717
1631732
1631742
1631752
1631763
1631773
1631817
1631827
1631844
1631856
1631864
1631878
1631889
1631891
1631907
1631912
1631913
1631921
1631927
1631934
1631941
1631950
1631961
1631969
1631975