1699843
1699846
1699848
1699856
1699868
1699892
1699906
1699910
1699924
1699928
1699937
1699948
1699963
1699980
1699981
1699995
1700009
1700020
1700031
1700037
1700049
1700063
1700074
1700079
1700091
1700097
1700101
1700104
1700113
1700119
1700125
1700131
1700133
1700139
1700142
1700144
1700148
1700149
1700155
1700165
1700166
1700175
1700203
1700226
1700228
1700256
1700268
1700273
1700276
1700286
1700303
1700325
1700345
1700352
1700365
1700381
1700386
1700394
1700395
1700396
1700407
1700417
1700424
1700427
1700430
1700449
1700457
1700473
1700488
1700516
1700550
1700566
1700590
1700609
1700620
1700622
1700624
1700625
1699488
1699504
1699519
1699523
1699527
1699532
1699541
1699543
1699545
1699551
1699557
1699560
1699564
1699568
1699575
1699581
1699603
1699633
1699669
1699682
1699689
1699694
1699698
1699708
1699711
1699717
1699721
1699732
1699740
1699749
1699756
1699762
1699769
1699770
1699779
1699786
1699792
1699807
1699814
1699827