1505290
1505298
1505302
1505305
1504440
1504448
1504451
1504452
1504466
1504477
1504483
1504487
1504498
1504506
1504518
1504520
1504524
1504526
1504531
1504534
1504542
1504553
1504558
1504566
1504584
1504592
1504600
1504610
1504623
1504631
1504632
1504643
1504656
1504670
1504682
1504689
1504695
1504697
1504703
1504707
1504719
1504721
1504728
1504734
1504763
1504776
1504778
1504788
1504793
1504795
1504803
1504815
1504821
1504831
1504842
1504853
1504859
1504872
1504885
1504893
1504905
1504917
1504925
1504927
1504940
1504951
1504961
1504971
1504980
1504984
1504991
1505000
1505001
1505014
1505031
1505036
1505048
1505057
1505062
1505070
1505073
1505081
1505085
1505101
1505102
1505113
1505116
1505127
1505130
1505135
1505143
1505150
1505158
1505169
1505190
1505211
1505233
1505247
1505266
1505279