1411722
1411724
1411726
1411728
1411733
1411741
1411743
1411747
1411749
1411751
1411754
1411755
1411758
1411761
1411768
1411769
1411770
1411773
1411776
1411780
1411782
1411784
1411788
1411791
1411792
1411794
1411797
1411802
1411803
1411804
1411807
1411809
1411814
1411818
1411819
1411826
1411827
1411828
1411830
1411833
1411834
1411836
1411840
1411843
1411844
1411846
1411848
1411851
1411853
1411854
1411855
1411856
1411857
1411861
1411864
1411872
1411874
1411875
1411877
1411880
1411883
1411884
1411882
1411888
1411892
1411901
1411903
1411906
1411912
1411913
1411915