1390595
1390600
1390605
1390613
1390619
1390627
1390628
1390633
1390635
1390636
1390637
1390641
1390646
1390651
1390659
1390664
1390670
1390680
1390688
1390702
1390711
1390721
1390736
1390741
1390756
1390766
1390768
1390777
1390780
1390787
1390799
1390808
1390813
1390822
1390824
1390833
1390847
1390868
1390879
1390893
1390907
1390921
1390933
1390948
1390955
1390962
1390969
1390975
1390991
1391001
1391018
1391030
1391035
1391066
1391079
1391093
1391105
1391138
1391155
1391166
1391180
1391181
1391185
1391195
1391198
1391208
1391219
1391225
1391230
1391248
1391258
1391272
1391282
1391303
1391308
1391313
1391341
1391355
1391368
1391386
1390513
1390517
1390528
1390547
1390558
1390565
1390568
1390582
1390589
1390591