1764424
1764431
1764437
1764445
1764453
1764462
1764465
1764469
1764473
1764476
1764479
1764481
1764485
1764490
1764499
1764510
1764516
1764521
1764524
1764528
1764537
1764542
1764550
1764566
1764579
1764587
1764601
1764627
1764647
1764659
1764674
1764684
1764692
1764698
1764709
1764728
1764741
1764755
1764756
1764759
1764767
1764778
1764798
1764818
1764833
1764836
1764841
1764852
1764870
1764880
1764895
1764902
1764908
1764925
1764941
1764950
1764965
1764975
1764982
1764986
1764993
1765007
1765009
1765038
1765045
1765058
1765065
1765072
1765081
1765088
1765098
1765107
1765126
1765137
1765143
1765151
1765157
1765159
1765164
1765173
1765176
1765190
1765191
1765200
1765208
1765216
1765228
1765235
1765241
1765244
1765255