1724436
1724457
1724460
1724462
1724473
1724496
1724531
1724541
1724552
1724568
1724593
1724619
1724628
1724642
1724648
1724669
1724712
1724715
1724756
1724774
1724775
1724783
1724797
1724809
1724808
1724823
1724834
1724847
1724849
1724884
1724885
1724904
1724919
1724931
1724942
1724955
1724967
1724971
1724987
1725009
1725021
1725036
1725043
1725055
1725072
1725094
1725099
1725106
1725114
1725135
1724864
1723780
1723787
1723793
1723814
1723821
1723826
1723845
1723865
1723888
1723889
1723895
1723905
1723909
1723910
1723919
1723930
1723936
1723941
1723948
1723951
1723958
1723965
1723968
1723978
1723981
1723989
1723990
1723994
1724000
1724001
1724012
1724024
1724031
1724035
1724041
1724044
1724053
1724061
1724066
1724069
1724074
1724083
1724107
1724121
1724144
1724146
1724149
1724150
1724166
1724174
1724184
1724199
1724219
1724228
1724261
1724287
1724291
1724305
1724342
1724360
1724384
1724386
1724406