1760045
1760053
1760060
1760063
1760070
1760073
1760078
1760081
1760084
1760090
1760095
1760098
1760103
1760114
1760117
1760125
1760127
1760129
1760139
1760145
1760150
1760162
1760169
1760180
1760188
1760196
1760214
1760235
1760242
1760253
1760269
1760271
1760284
1760288
1760316
1760341
1760348
1760372
1760383
1760384
1760407
1760417
1760436
1760443
1760452
1760461
1760469
1760479
1760506
1760518
1760528
1760538
1760548
1760563
1760566
1760574
1760578
1760588
1760594
1760597
1760607
1760610
1760618
1760628
1760645
1760657
1760665
1760667
1760676
1760679
1760683
1760687
1760691
1760696
1760699
1760706
1760710
1760718
1760722