1894401
1894409
1894448
1894482
1894514
1894541
1894563
1894584
1894631
1892806
1892827
1892858
1892882
1892895
1892913
1892939
1892950
1892959
1892969
1892974
1892983
1892993
1893001
1893010
1893017
1893037
1893062
1893073
1893087
1893108
1893124
1893133
1893153
1893169
1893186
1894605
1893197
1893203
1893206
1893209
1893213
1893222
1893227
1893236
1893249
1893253
1893255
1893268
1893271
1893278
1893291
1893292
1893317
1893349
1893353
1894639
1893378
1893387
1893389
1893405
1893408
1894648
1893415
1893422
1893426
1893448
1893451
1893453
1894657
1893456
1893465
1893484
1893492
1893508
1893515
1893523
1893527
1893547
1893548
1893584
1893599
1893604
1893609
1893615
1893635
1893643
1893647
1893666
1893679
1893709
1893753
1893773
1893787
1893804
1893813
1893814
1893829
1893839
1893840
1893861
1893863
1893868
1893878
1893892
1893903
1893911
1893926
1893946
1893954
1893967
1893968
1893971
1893980
1893981
1893988
1893992
1893997
1894013
1894028
1894044
1894059
1893558
1894077
1893561
1894089
1894094
1893565
1894107
1894117
1894120
1894157
1894168
1894183
1894184
1894188
1894203
1894223
1894229
1894244
1894254
1894263
1894266
1894276
1894317
1894335
1894374