1894672
1894797
1894801
1894814
1894825
1894834
1894855
1894953
1894874
1894892
1894915
1894937
1894984
1895009
1895031
1895053
1895057
1895085
1895088
1895125
1895160
1895174
1895183
1895208
1895229
1895238
1895261
1895267
1895270
1895281
1895287
1895311
1895317
1895318
1895325
1895343
1895345
1895354
1895363
1895378
1895390
1895403
1895417
1895441
1895454
1895466
1895483
1895486
1895506
1895512
1895516
1895069
1895534
1895535
1895547
1895549
1895558
1895574
1895581
1895586
1895599
1895621
1894684
1895638
1895655
1895662
1894690
1895666
1895669
1895673
1895675
1895692
1895696
1895702
1895710
1894701
1895728
1895739
1895744
1895753
1894708
1895773
1894714
1895786
1895797
1895808
1895817
1894721
1895830
1895833
1894727
1895858
1894734
1895890
1895900
1895910
1894740
1895920
1894744
1895942
1895957
1894749
1894755
1894763
1894770
1894782
1894788