1722372
1722379
1722382
1722388
1722396
1722402
1722419
1722427
1722434
1722446
1722474
1722479
1722484
1722503
1721722
1721729
1721737
1721751
1721756
1721769
1721798
1721812
1721822
1721832
1721844
1721850
1721854
1721864
1721878
1721884
1721895
1721911
1721923
1721924
1721935
1721943
1721944
1721951
1721958
1721968
1721971
1721973
1721981
1721991
1721993
1722000
1722006
1722018
1722025
1722032
1722035
1722040
1722042
1722048
1722059
1722067
1722075
1722077
1722086
1722098
1722105
1722110
1722116
1722120
1722124
1722132
1722141
1722144
1722152
1722164
1722169
1722182
1722197
1722227
1722235
1722240
1722254
1722263
1722267
1722272
1722282
1722284
1722293
1722305
1722310
1722319
1722344
1722352
1722357