1785856
1785859
1785757
1785888
1785906
1787954
1785767
1785924
1787973
1785930
1785770
1785948
1785775
1785961
1788009
1788027
1785991
1788056
1787821
1785203
1786035
1788097
1785795
1786074
1788123
1786083
1788155
1786128
1785814
1788205
1786166
1786168
1787244
1787852
1788226
1786188
1786191
1785822
1786203
1788253
1786215
1786223
1786237
1788289
1785833
1785834
1788311
1788330
1786294
1786296
1787250
1786328
1786332
1786343
1786344
1786352
1788405
1786364
1786377
1786394
1786398
1788446
1786412
1786415
1786425
1786436
1786448
1786471
1786487
1786489
1786512
1786518
1786543
1786557
1786564
1786580
1786586
1786589
1786601
1786602
1786634
1786641
1786644
1786664
1786676
1786684
1786705
1786723
1786739
1786745
1786749
1786774
1786789
1786791
1786811
1786821
1786843
1786853
1786864
1786870
1786874
1786891
1786906
1786909
1786918
1786929
1786942
1786950
1787193
1786961
1786985
1787202
1787000
1787001
1787011
1787018
1787208
1787032
1787211
1787043
1787214
1787215
1787086
1787220
1787096
1787102
1787223
1787112
1787136
1787145
1785241
1785261
1787312
1787331
1787270
1787271
1785306
1787363
1785325
1787378
1785746
1785368
1787415
1785417
1787486
1787492
1785465
1785483
1785502
1787562
1787567
1787585
1785542
1787608
1785561
1787637
1785597
1787666
1785627
1787690
1785650
1787709
1785669
1785675
1785684
1787736
1785692
1785696
1785699
1785701
1785702
1785722
1785730
1785738
1785840
1787887
1787890