1019717
1019718
1019719
1019720
1019721
1019722
1019723
1019724
1019725
1019726
1019727
1019728
1019730
1019731
1019732
1019733
1019734
1019735
1019736
1019737
1019738
1019739
1019740
1019741
1019742
1019743
1019744
1019745
1019746
1019747
1019748
1019749
1019750
1019751
1019752
1019753
1019754
1019755
1019756
1019757
1019758
1019759
1019760
1019761
1019762
1019763
1019764
1019765
1019766
1019767
1019768
1019769
1019770
1019771
1019773
1019774
1019776
1019777
1019778
1019780
1019781
1019782
1019783
1019784
1019785
1019786
1019787
1019788
1019789
1019790
1019791
1019792
1019793
1019794
1019795
1019797
1019798
1019799
1019800
1019801
1019803
1019804
1019805
1019806
1019807
1019808
1019809
1019810
1019811
1019812
1019813
1019814
1019815
1019816
1019817
1019818
1019819
1019820
1019822
1019823
1019824
1019825
1019826
1019827
1019828
1019829
1019830
1019831
1019832
1019834
1019835
1019836
1019837
1019838
1019839
1019841
1019842
1019844
1019845
1019846
1019847
1019848
1019849
1019850
1019851
1019852
1019853
1019854
1019855
1019856
1019857
1019858
1019859
1019860
1019861
1019862
1019863
1019864
1019865
1019866
1019867
1019868
1019869
1019870
1019871
1019873
1019874
1019875
1019876
1019877
1019878
1019879
1019880
1019881
1019882
1019883
1019884
1019885
1019886
1019887
1019888
1019889
1019890
1019891
1019892
1019893
1019894
1019895
1019896
1019897
1019898
1019900
1019901
1019902
1019905
1019906
1019907
1019908
1019909
1019910
1019911
1019912
1019913
1019914
1019915
1019917
1019919
1019920
1019921
1019922
1019923
1019924
1019926
1019927
1019928
1019929
1019930
1019932
1019933
1019934
1019935
1019936
1019937
1019938
1019939
1019940
1019941
1019942
1019943
1019944
1019945
1019946
1019947
1019948
1019949
1019950
1019951
1019952
1019953
1019954
1019955
1019957
1019958
1019959
1019961
1019963
1019965
1019966
1019967
1019968
1019969
1019970
1019971
1019972
1019973
1019974
1019975
1019976
1019977
1019978
1019979
1019980
1019982
1019983
1019984
1019985
1019986
1019987
1019988
1019989
1019990
1019991
1019992
1019993
1019994
1019995
1019996
1019998
1019999
1020000
1020002
1020003
1020004
1020005
1020006
1020007
1020008
1020009
1020010
1020011
1020012
1020013
1020014
1020015
1020016
1020017
1020018
1020019
1020020
1020021
1020022
1020023
1020024
1020025
1020027
1020028
1020029
1020030
1020031
1020032
1020033
1020034
1020035
1020036
1020037
1020038
1020039
1020040
1020041
1020043
1020044
1020048
1020049
1020050
1020051
1020052
1020053
1020055
1020057
1020058
1020059
1020060
1020061
1020062
1020064
1020067