930966
930968
930970
930971
930972
930973
930974
930975
930976
930977
930978
930979
930981
930982
930983
930984
930985
930986
930987
930988
930990
930991
930992
930993
930994
930995
930996
930997
930998
930999
931000
931001
931002
931003
931004
931005
931006
931007
931008
931010
931011
931012
931013
931014
931015
931018
931020
931021
931022
931023
931024
931025
931026
931027
931028
931029
931030
931031
931034
931035
931036
931037
931039
931040
931041
931042
931043
931044
931045
931046
931047
931050
931051
931053
931054
931057
931058
931059
931060
931061
931062
931065
931066
931067
931068
931069
931070
931071
931072
931073
931074
931075
931076
931077
931078
931079
931080
931081
931082
931083
931087
931088
931090
931091
931094
931096
931097
931099
931100
931103
931104
931105
931107
931108
931109
931110
931112
931113
931114
931115
931116
931117
931118
931119
931120
931121
931123
931128
931129
931130
931131
931132
931133
931134
931135
931136
931139
931141
931142
931143
931144
931146
931148
931149
931151
931152
931155
931156
931157
931158
931159
931161
931162
931163
931164
931166
931167
931168
931169
931170
931171
931172
931173
931174
931175
931176
931178
931179
931180
931181
931183
931184
931185
931187
931188
931189
931190
931193
931194
931195
931196
931197
931198
931199
931201
931202
931203
931206
931207
931208
931209
931210
931211
931212
931214
931215
931216
931217
931218
931219
931220
931221
931222
931223
931224
931225
931227
931228
931229
931230
931236
931238
931239
931240
931241
931243
931245
931247
931248
931249
931250
931251
931252
931253
931254
931255
931256
931257
931260
931261
931262
931264
931266