934981
934982
934983
934984
934985
934986
934990
934991
934992
934994
934995
934996
934998
934999
935000
935001
935002
935003
935004
935005
935006
935009
935010
935011
935012
935013
935014
935016
935017
935018
935019
935020
935022
935024
935026
935027
935030
935031
935032
935033
935034
935035
935036
935037
935038
935039
935040
935041
935042
935043
935044
935046
935047
935048
935049
935050
935051
935052
935053
935054
935055
935056
935058
935059
935060
935061
935062
935063
935064
935065
935066
935069
935070
935071
935072
935073
935074
935075
935076
935077
935078
935079
935080
935081
935082
935083
935084
935086
935087
935088
935089
935090
935091
935092
935093
935094
935095
935096
935097
935098
935100
935102
935103
935104
935105
935106
935107
935108
935109
935110
935111
935112
935113
935114
935115
935116
935117
935118
935119
935120
935121
935122
935123
935124
935125
935126
935127
935128
935129
935130
935131
935132
935134
935135
935136
935137
935138
935139
935140
935141
935142
935143
935144
935145
935146
935147
935148
935149
935150
935151
935152
935153
935154
935155
935156
935157
935158
935159
935160
935161
935162
935163
935164
935165
935166
935167
935168
935169
935172
935174
935175
935176
935178
935179
935180
935183
935184
935185
935186
935187
935188
935189
935190
935191
935192
935193
935194
935195
935196
935197
935198
935199
935200
935201
935202
935204
935205
935207
935208
935209
935210
935212
935213
935214
935215
935216
935218
935219
935221
935222
935223
935224
935226
935227
935228
935229
935230
935231
935232
935233
935235
935236
935237
935239
935240
935241
935242
935243
935244
935245
935246
935247
935248
935251
935252
935253
935254
935255
935257
935258
935260
935261
935262
935263
935264
935265
935266
935267
935268
935269
935270
935271
935272
935273
935274
935276
935277
935278
935279
935280
935281
935282
935284
935285
935286
935287
935288
935289
935290
935291
935293
935294
935296
935297
935298
935299
935300
935303
935304
935305
935306
935307
935308
935309
935310
935311
935312
935313
935314
935315
935316
935317
935318
935319
935321
935322
935323
935325
935326
935327
935328
935329
935330
935331
935332
935333
935335
935337
935338
935340
935341
935342
935343
935344
935346
935347
935348
935349
935351
935352
935353
935354
935355
935358
935359
935361
935363
935364