963909
963910
963911
963918
963922
963923
963924
963925
963928
963930
963931
963932
963933
963934
963936
963939
963943
963945
963949
963950
963957
963961
963963
963967
963968
963969
963971
963975
963976
963977
963978
963988
963989
963996
964013
964038
963725
963726
963727
963728
963731
963733
963734
963735
963742
963745
963749
963753
963754
963755
963756
963768
963769
963775
963776
963777
963778
963779
963780
963781
963785
963787
963788
963795
963797
963804
963810
963813
963829
963831
963833
963834
963835
963848
963853
963859
963862
963870
963878
963889
963895
963897
963898
963901
963908
963912
963916
963917
963920
963921
963927
963929
963937
963938
963940
963941
963942
963946
963948
963951
963952
963953
963954
963956
963962
963964
963965
963973
963974
963979
963981
963982
963984
963985
963986
963987
963992
963993
963994
963995
964001
964002
964003
964004
964005
964006
964007
964008
964009
964011
964012
964019
964020
964021
964022
964023
964024
964025
964026
964027
964028
964029
964030
964031
964032
964033
964034
964035
964036
964037
964039
964040
964041
964042
964043
964044
964045
964048
964049
964050
964051
964052
964053
964054
964055
964056
964057
964058
964059
964060
964061
964062
964064
964065
964066
964068
964069
964070
964071
964072
964073
964074
964075
964076
964077
964078
964079
964080
964081
964083
964084
964085
964086
964087
964088
964089
964090
964091
964092
964093
964094
964095
964097
964098
964099
964100
964101
964102
964104
964105
964106
964107
964108
964110
964111
964112
964113
964114
964118
964119
964120
964121
964122
964123
964125
964126
964127
964128
964129
964130
964131
964132
964133
964134
964135
964136
964137
964138
964139
964140
964141
964142
964143
964144
964145
964146
964147
964149
964150
964151
964152
964153
964154
964155
964156
964157
964158
964159
964160
964161
964162
964163
964164
964165
964166
964167
964168
964169
964170
964171
964172
964175
964176
964177
964179
964180
964181
964182
964183
964184
964186
964188
964189
964190
964192
964193
964194
964195
964196
964197
964199
964200
964201
964204
964205
964207
964208
964209
964210
964211
964212
964213
964215
964216
964217
964219
964220
964221
964222
964223
964224
964225
964227
964229
964230
964231
964232
964233
964234
964235
964236
964238
964239
964242
964243
964244
964245
964246
964247
964249
964250
964251
964252
964253
964254
964255
964256
964257
964258
964259
964260
964261
964262
964263
964264
964265
964266
964267
964269
964270
964271
964273
964275
964276
964277
964278
964279
964280
964281
964282
964283
964284
964285
964286
964287
964288
964289
964290
964291
964292
964293
964295
964296
964297
964298
964299
964301
964302
964304
963737
963738
963739
963740
963741
963746
963747
963750
963751
963757
963758
963759
963762
963763
963764
963765
963766
963770
963771
963773
963782
963783
963784
963786
963789
963790
963791
963792
963793
963794
963796
963798
963800
963801
963802
963806
963807
963808
963809
963811
963812
963814
963815
963816
963817
963818
963819
963820
963821
963822
963823
963824
963825
963826
963827
963830
963832
963836
963837
963838
963839
963840
963841
963842
963843
963844
963845
963846
963849
963850
963854
963855
963856
963857
963858
963860
963861
963863
963864
963866
963867
963868
963869
963872
963873
963874
963875
963876
963877
963879
963881
963882
963883
963884
963885
963886
963887
963888
963890
963891
963892
963893
963894
963899
963900
963902
963903
963904
963905
963906