866116
866117
866119
866120
866121
866122
866123
866124
866125
866126
866127
866128
866130
866131
866132
866133
866135
866136
866138
866139
866140
866141
866142
866143
866144
866145
866146
866147
866148
866149
866150
866152
866153
866155
866156
866157
866158
866161
866162
866163
866164
866165
866166
866167
866169
866170
866172
866173
866175
866178
866179
866181
866182
866183
866184
866185
866186
866187
866188
866189
866190
866191
866192
866193
866194
866195
866196
866197
866198
866199
866200
866201
866202
866203
866204
866205
866206
866207
866208
866209
866210
866212
866213
866214
866215
866216
866217
866218
866219
866220
866221
866222
866223
866224
866225
866226
866227
866228
866230
866231
866232
866233
866234
866235
866236
866237
866238
866239
866240
866241
866242
866243
866245
866247
866249
866250
866251
866252
866253
866254
866255
866256
866257
866258
866259
866260
866261
866263
866264
866265
866266
866267
866268
866269
866270
866272
866273
866274
866275
866277
866278
866279
866280
866281
866282
866284
866286
866287
866288
866289
866290
866291
866292
866293
866294
866295
866296
866298
866299
866300
866301
866302
866303
866304
866306
866307
866308
866309
866310
866311
866312
866313
866316
866317
866318
866319
866320
866321
866322
866323
866324
866325
866326
866327
866328
866329
866330
866331
866332
866333
866334
866335
866336
866337
866338
866339
866340
866341
866342
866343
866344
866346
866347
866348
866349
866350
866352
866353
866354
866355
866356
866357
866358
866359
866360
866361
866362
866363
866364
866365
866366
866367
866368
866369
866370
866371
866372
866373
866374
866375
866376
866377
866378
866379
866380
866382
866383
866384
866385
866386
866387
866388
866389
866390
866391
866392
866393
866394
866395
866396
866397
866398
866399
866400
866401
866403
866404
866405
866406
866407
866408
866409
866410
866411
866412
866413
866414
866415
866416
866418
866419
866420
866421
866422
866423
866424
866425
866426
866427
866428
866429
866430
866431
866432
866433
866434
866435
866436
866437
866438
866439
866440
866441
866442
866443
866444
866445
866446
866447
866448
866449
866451
866452
866453
866454
866455
866456
866457
866459
866460
866461
866462
866463
866465
866467
866468
866469
866470
866471
866472
866473
866474
866475
866476
866479
866480
866481
866482
866483
866484
866485
866486
866487
866489
866490
866491
866492
866493
866494
866495
866497
866498
866499
866500
866501
866502
866503
866504
866506
866507
866508
866509
866510
866511
866512
866513
866514
866515
866516
866517
866518
866519
866520
866521
866522
866523
866524
866525
866526
866527
866529
866530
866531
866532
866533
866534
866535
866536
866537
866538
866539
866540
866541
866542
866543
866544
866545
866546
866547
866548
866549
866550
866551
866552
866553
866554
866555
866556
866557
866559
866560
866561
866562
866563
866564
866565
866566
866567
866568
866569
866570
866571
866572
866573
866574
866575
866576
866577
866578
866579
866580
866581
866582
866583
866585
866586
866587
866588
866589
866591
866592
866593
866594
866597
866598
866599
866600
866601
866602
866603
866604
866605
866606
866607
866608
866609
866610
866611
866613
866614
866615
866616
866617
866618
866619
866620
866621
866623
866624
866625
866626
866627
866628
866629
866630
866631
866632
866633
866634
866635
866636
866637
866638
866639
866640
866642
866643
866644
866645
866646
866647
866648
866649
866651
866652
866653
866654
866655
866656
866657
866658
866659
866660
866661
866662
866663
866664
866665
866667
866668
866669
866670
866671
866672
866673
866674
866675
866677
866678
866680
866681
866684
866685
866686
866687
866688
866689
866690
866691
866692
866693
866694
866695
866696
866697
866698
866699
866700
866701
866702
866703
866704
866705
866706
866707
866708
866709
866711
866712
866713
866714
866715
866716
866717
866718
866719
866720
866721
866722
866724
866725
866726
866727
866728
866729
866730
866731
866732
866733
866735
866736
866737
866738
866739
866740
866741
866742
866743
866745
866746
866747
866748
866751
866752
866753
866754
866755
866756
866757
866758
866761
866765
866766
866767
866768
866769
866770
866771
866772
866773
866774
866775
866776
866778
866779
866780
866781
866782
866783
866784
866785
866786
866787
866788
866789
866790