917504
917506
917507
917508
917509
917510
917511
917512
917513
917516
917517
917518
917519
917520
917523
917524
917527
917529
917531
917532
917533
917534
917535
917536
917537
917539
917540
917541
917542
917543
917544
917546
917547
917548
917549
917550
917551
917552
917553
917556
917557
917559
917560
917562
917563
917564
917565
917566
917568
917569
917570
917571
917573
917574
917575
917576
917577
917578
917579
917580
917581
917582
917584
917587
917588
917589
917590
917591
917592
917593
917594
917595
917596
917599
917600
917601
917602
917603
917604
917605
917606
917607
917608
917609
917610
917611
917612
917613
917614
917615
917616
917617
917618
917619
917622
917623
917624
917625
917626
917627
917628
917629
917630
917631
917632
917633
917634
917635
917636
917637
917638
917639
917640
917642
917643
917644
917646
917647
917648
917649
917650
917651
917655
917656
917659
917661
917662
917663
917664
917665
917666
917667
917668
917669
917670
917671
917672
917673
917674
917675
917676
917677
917678
917679
917680
917681
917682
917684
917685
917686
917687
917688
917689
917690
917691
917692
917693
917694
917695
917696
917697
917698
917699
917700
917701
917702
917703
917705
917706
917707
917708
917709
917710
917712
917713
917714
917716
917717
917718
917720
917721
917722
917723
917724
917725
917726
917727
917728
917729
917730
917731
917732
917733
917734
917736
917738
917739
917741
917742
917743
917744
917748
917749
917750
917752
917754
917755
917756
917757
917758
917759
917761
917762
917763
917764
917765
917766
917767
917769
917770
917771
917772
917773
917774
917775
917776
917779
917780
917782
917783
917784
917785
917786
917787
917788
917789
917790
917791
917792
917793
917794
917795
917796
917797
917798
917799
917800
917802
917803
917804
917806
917807
917808
917809
917810
917812
917813
917814
917815
917816
917819
917820
917821
917822
917823
917824
917825
917826
917827
917828
917829
917831
917832
917833
917834
917835
917837
917839
917840
917841
917842
917843
917844
917845
917847
917394
917396
917397
917398
917399
917400
917401
917403
917405
917406
917407
917408
917409
917410
917412
917413
917414
917415
917416
917417
917418
917421
917422
917423
917424
917425
917426
917427
917428
917429
917430
917431
917432
917433
917434
917436
917438
917439
917440
917441
917442
917443
917444
917445
917447
917448
917449
917450
917451
917452
917453
917454
917455
917456
917457
917458
917459
917460
917461
917462
917463
917464
917465
917466
917468
917469
917470
917471
917472
917473
917474
917475
917476
917477
917478
917479
917480
917481
917482
917483
917484
917485
917486
917488
917489
917490
917491
917492
917493
917494
917495
917496
917499
917500
917501
917502