1037640
1037641
1037642
1037644
1037645
1037646
1037649
1037650
1037651
1037653
1037654
1037655
1037656
1037657
1037658
1037659
1037661
1037662
1037665
1037666
1037667
1037668
1037669
1037670
1037672
1037673
1037674
1037675
1037676
1037677
1037678
1037679
1037680
1037681
1037682
1037683
1037684
1037685
1037686
1037687
1037689
1037690
1037691
1037692
1037693
1037694
1037695
1037696
1037697
1037698
1037699
1037700
1037701
1037702
1037703
1037704
1037705
1037706
1037707
1037708
1037709
1037710
1037711
1037712
1037714
1037715
1037718
1037719
1037720
1037722
1037723
1037726
1037727
1037728
1037729
1037730
1037731
1037732
1037733
1037734
1037735
1037736
1037737
1037738
1037739
1037740
1037741
1037743
1037744
1037745
1037746
1037747
1037748
1037749
1037750
1037751
1037752
1037753
1037754
1037756
1037757
1037758
1037759
1037760
1037761
1037762
1037763
1037764
1037765
1037766
1037768
1037769
1037770
1037772
1037774
1037775
1037776
1037777
1037779
1037780
1037781
1037782
1037783
1037784
1037785
1037786
1037787
1037788
1037789
1037790
1037792
1037794
1037795
1037796
1037797
1037798
1037799
1037800
1037803
1037804
1037805
1037806
1037807
1037808
1037809
1037810
1037811
1037812
1037813
1037815
1037816
1037817
1037819
1037820
1037821
1037822
1037823
1037824
1037825
1037826
1037827
1037828
1037829
1037830
1037831
1037832
1037833
1037834
1037835
1037836
1037837
1037838
1037840
1037841
1037842
1037843
1037844
1037845
1037846
1037847
1037848
1037849
1037850
1037851
1037852
1037853
1037854
1037855
1037856
1037857
1037858
1037859
1037860
1037861
1037862
1037863
1037864
1037865
1037867
1037868
1037869
1037870
1037871
1037872
1037874
1037876
1037877
1037878
1037879
1037880
1037881
1037882
1037883
1037884
1037885
1037886
1037887
1037888
1037889
1037890
1037891
1037893
1037894
1037896
1037898
1037899
1037900
1037901
1037902
1037904
1037905
1037906
1037907
1037908
1037909
1037910
1037912
1037914
1037916
1037917
1037918
1037919
1037920
1037921
1037923
1037924
1037925
1037926
1037927
1037928
1037929
1037930
1037931
1037932
1037933
1037934
1037935
1037936
1037937
1037939
1037940
1037941
1037942
1037943
1037944
1037945
1037946
1037948
1037949
1037950
1037951
1037956
1037957
1037958
1037960
1037961
1037962
1037963
1037964
1037965
1037967
1037968
1037969
1037971
1037972
1037974
1037975
1037976
1037977
1037978
1037979
1037980
1037981
1037982
1037983
1037984
1037985
1037986
1037987
1037988
1037989
1037990
1037991
1037992
1037993
1037994
1037995
1037996
1037997
1037998
1037999
1038000
1038001
1038002
1038003
1038004
1038005
1038006
1038007
1038008
1038009
1038010
1038011
1038013
1038014
1038015
1038016
1038017
1038018
1038019
1038020
1038021
1038022
1038023
1038024
1038025
1038026
1038027
1038028
1038029
1038030
1038031
1038032
1038033
1038034
1038035
1038036
1038037
1038038
1038039
1038040
1038041
1038042
1038043
1038044
1038045
1038047
1038049
1038050
1038051
1038052
1038053
1038054
1038055
1038056
1038057
1038058
1038059
1038060
1038061
1038062
1038063
1038064
1038065
1038066
1038067
1038068
1038069
1038070
1038071
1038073
1038074
1038075
1038076
1038077
1038078
1038079
1038081
1038082
1038084
1038085
1038087
1038088
1038089
1038090
1038091
1038092
1038093
1038094
1038095
1038096
1038097
1038098
1038099
1038100
1038101
1038102
1038103
1038104
1038105
1038106
1038107
1038108
1038109
1038111
1038112
1038113
1038114
1038115
1038116
1038117
1038118
1038119
1038120
1038121
1038122
1038123
1038124
1038125
1038126
1038127
1038128
1038129
1038131
1038132
1038134
1038135
1038136
1038137
1038138
1038139
1038140
1038141
1038142
1038143
1038144
1038145
1038146
1038147
1038148
1038149
1038150
1038153
1038154
1038157
1038158
1038159
1038160
1038161
1038162
1038163
1038165
1038167
1038169
1038170
1038171
1038172
1038173
1038174
1038176
1038177
1038178
1038179
1038180
1038181
1038182
1038183
1038184
1038185
1038186
1038187
1038188
1038191
1038192
1038194
1038195
1038196
1038197
1038198
1038200
1038201
1038202
1038203
1038204
1038205
1038206
1038208
1038209
1038210
1038211
1038212
1038213
1038214
1038215
1038216
1038217
1038218
1038219
1038220
1038221
1038222
1038223
1038224
1038225
1038226
1038227
1038228
1038230
1038233
1038234
1038235
1038236
1038237
1038238
1038239
1038240
1038241
1038243
1038244
1038245
1038246
1038247
1038248
1038249
1038250
1038251
1038252
1038253
1038254
1038255
1038256
1038257
1038258
1038259
1038260
1038261
1038262
1038263
1038264
1038265
1038266
1038267
1038268
1038269
1038270
1038271
1038272
1038273
1038274
1038275
1038276
1038277
1038278
1038280
1038281
1038282
1038283
1038284
1038285
1038286
1038287
1038288
1038289
1038290
1038291
1038292
1038293
1038294
1038295
1038296
1038297
1038298
1038299
1038300
1038301
1038302
1038303
1038304
1038305
1038306
1038307
1038308
1038309
1038310
1038311
1038312
1038313
1038314
1038315
1038316
1038317
1038318
1038319
1038320
1038321
1038322
1038323
1038324
1038325
1038326
1038327
1038328
1038329
1038330
1038331
1038332
1038333
1038334
1038336
1038337
1038338
1038339
1038340
1038341
1038342
1038343
1038344
1038345
1038347
1038348
1038349
1038350
1038351
1038352
1038353
1038354
1038356
1038357
1038358
1038359
1038360
1038361
1038362
1038363
1038364
1038365
1038366
1038367
1038368
1038369
1038370
1038371
1038372
1038373
1038374
1038376
1038377
1038379
1038380
1038381
1038382
1038383
1038384
1038385
1038386
1038387
1038388
1038389
1038390
1038391
1038392
1038393
1038394
1038395
1038396
1038397
1038398
1038399
1038400
1038401
1038404
1038405