10129422
10129458
10127416
10129491
10129519
10129550
10127567
10129643
10129712
10129765
10127762
10129817
10127817
10129873
10129912
10129949
10129955
10127949
10130023
10130063
10130076
10130124
10130179
10130214
10130258
10128262
10130320
10128307
10130373
10130412
10128373
10130458
10128440
10130507
10130557
10128516
10128537
10130592
10130626
10128584
10130670
10128637
10128676
10130729
10130764
10128722
10128767
10130822
10128816
10130867
10130891
10128853
10130913
10130930
10128907
10130975
10128945
10131017
10128981
10131049
10131082
10131101
10131118
10131125
10129092
10131143
10131149
10131177
10131201
10131236
10129212
10127211
10129332