9762889
9760843
9760883
9762955
9760964
9763047
9761054
9761072
9763142
9761123
9761199
9763247
9763346
9761300
9761382
9763431
9763515
9761495
9761522
9763581
9761606
9763662
9761692
9763740
9761720
9763813
9761791
9759767
9761825
9763873
9759780
9763920
9763951
9763977
9761933
9759900
9761951
9761978
9764044
9759980
9759994
9764103
9762090
9764176
9764220
9762179
9762219
9764273
9760182
9764311
9762276
9764339
9764372
9764402
9762370
9764463
9762452
9764518
9762556
9764607
9764673
9764725
9762682
9762784