10041364
10043437
10041437
10043520
10041484
10043580
10041538
10041559
10043632
10041589
10041627
10043712
10041671
10041708
10043766
10041736
10041780
10043834
10043875
10039799
10041868
10041955
10039942
10039944
10042009
10042079
10040052
10042168
10042222
10042287
10042362
10042368
10040349
10040379
10042446
10040404
10040422
10042492
10040457
10040477
10042556
10040539
10042659
10040626
10040683
10040729
10042796
10040775
10042857
10040817
10040870
10042932
10040927
10040981
10043049
10041025
10041055
10043118
10041123
10043205
10041174
10043286
10041240
10043362
10041315