9818127
9818172
9818193
9818242
9818302
9818344
9818401
9816360
9818423
9816424
9818481
9818529
9816538
9818605
9816580
9818689
9818728
9818778
9818813
9816783
9818868
9816825
9816859
9818908
9816879
9816917
9816937
9818990
9816996
9819046
9817037
9819093
9819132
9817100
9819178
9817164
9819242
9817224
9817243
9819316
9817298
9819374
9817345
9819402
9817375
9819441
9819466
9817422
9819505
9817492
9819583
9819632
9817599
9819669
9819714
9817702
9819754
9817747
9819797
9819849
9817804
9819886
9819898
9819913
9817866
9817935
9817985
9818051