11302927
11293771
11300889
11296799
11298849
11302321
11300906
11305026
11302999
11298922
11300972
11294833
11296891
11303065
11298277
11305137
11296958
11299009
11298282
11301056
11305167
11297879
11299038
11296253
11301088
11297014
11301110
11299923
11293818
11304001
11299124
11303223
11297080
11297083
11305282
11297901
11299154
11295875
11297157
11301985
11299218
11305362
11301307
11305410
11300371
11297241
11297242
11295196
11303397
11299969
11294271
11299309
11295246
11297941
11301396
11297309
11301438
11303506
11305554
11296327
11301486
11297391
11295344
11297392
11299457
11304074
11297435
11297478
11303624
11305675
11295452
11297506
11306125
11301615
11303667
11297557
11304506
11295542
11305788
11299662
11297621
11301718
11303813
11300459
11301775
11295641
11297695
11305894
11297704
11299756
11306572
11303873
11301832
11301846
11303915
11297779
11295737
11297789
11305987
11303940
11293707
11306002
11299872
11304000
11295881
11297999
11302100
11298009
11304150
11306211
11300071
11302133
11293944
11296009
11304211
11300118
11296031
11298086
11306284
11296052
11300168
11302220
11304284
11306345
11298155
11306363
11300223
11302272
11296133
11296161
11302340
11294152
11306439
11300305
11302404
11306510
11306534
11298356
11302452
11298435
11306631
11300494
11302549
11300516
11304622
11306704
11302611
11298538
11300590
11298552
11298554
11296524
11304751
11300667
11302740
11300736
11300743
11302798
11302802
11298717
11298227
11304878
11302855
11296716
11302866
11304918
11300824
11298789
11304349