11104266
11106315
11108125
11112223
11118623
11110459
11108430
11112542
11118690
11116651
11106413
11110206
11106476
11110578
11114723
11110648
11110667
11108621
11112742
11118886
11108648
11104596
11116885
11110750
11106664
11114862
11104647
11118410
11108796
11106754
11104709
11112902
11110858
11110859
11112913
11114997
11110904
11106814
11104770
11112325
11117088
11110950
11117099
11117102
11119162
11104828
11106883
11119180
11106900
11108962
11104877
11113078
11111050
11117206
11106988
11104954
11107034
11105853
11111140
11117288
11107052
11105016
11113223
11115275
11115291
11115292
11111222
11109189
11107179
11117449
11105168
11111313
11113368
11115466
11117525
11113435
11111390
11111402
11109358
11115510
11114049
11109381
11105307
11105309
11113506
11111461
11112023
11115563
11103285
11107393
11109439
11116103
11119721
11113578
11103342
11117686
11105401
11115642
11117695
11107458
11111563
11109522
11107503
11113654
11105465
11110018
11117759
11103443
11107561
11111657
11111668
11107613
11103536
11115825
11109686
11109687
11111752
11105612
11113804
11115863
11110049
11114121
11111801
11105985
11105664
11107730
11107731
11113884
11111837
11109793
11113946
11105759
11118053
11107824
11113970
11111926
11118076
11107841
11107845
11116189
11114005
11118108
11109918
11105872
11112109
11112140
11108050
11114197
11110106
11110189
11106078
11116368
11106151
11104142
11108237
11110314
11112396
11114460