10547206
10559513
10547231
10555450
10557503
10553411
10545225
10551392
10545250
10547315
10549380
10557578
10551452
10553506
10555576
10549453
10549455
10547419
10551525
10553580
10559743
10547475
10553621
10547488
10559809
10553672
10555721
10555731
10549596
10559840
10547553
10547576
10557825
10551704
10555827
10551734
10559955
10553813
10547686
10553836
10553852
10560002
10547742
10549800
10553906
10560063
10558024
10551890
10553954
10553974
10549882
10547842
10551960
10551968
10549927
10547920
10552063
10554111
10558211
10556193
10548015
10552118
10554170
10548029
10552146
10554202
10558303
10550131
10548090
10558374
10558379
10554303
10548174
10556381
10554350
10550260
10548221
10546177
10552325
10550294
10554396
10548265
10558570
10548333
10546314
10546334
10552479
10556582
10548418
10550466
10546383
10548467
10554635
10558757
10548544
10546506
10548570
10552670
10556772
10548592
10554742
10548614
10552713
10546572
10550672
10550746
10556892
10558953
10546673
10546682
10556962
10548800
10550848
10544749
10544762
10559148
10546891
10557133
10550990
10555092
10551008
10548985
10551045
10553125
10551086
10547013
10557262
10549073
10544978
10559318
10545002
10551145
10547057
10555264
10557323
10547123
10549183
10551237
10551275
10555384