1507984661741543424
1507977602950213633
1507989877983485954
1507999963904684035
1507976005956341764
1508000228577849348
1507976586028584966
1508000819651690500
1508003793622999045
1508004413864087552
1508004572828254211
1508011662426652675
1508019827914555398
1508026647030681608
1508061578058514440
1508076696863391753
1508091666342850571
1508140911238258701
1508183985414881289
1508036404735004672
1508040382298345472
1508049758992011264
1508206407249809409
1508048879358464001
1508135099279282177
1508129250058162179
1508181371956695044
1508153049122017285
1508062758906089478
1508069357800329222
1508057376804507655
1508036556757557248
1508004814621450240
1508049029514633216
1508005025104240641
1508048742288613377
1508123098738008065
1508011930417520642
1508048437962547202
1508170869570478083
1508076454252273668
1508196411497668614
1508077408276078600
1508140220935548929
1508203961819574278
1508120681275437064