1524298430276943872
1524264308468850689
1524293773492207617
1524279936818757635
1524291933274845185
1524305126521024512
1524308706745364480
1524283302621986823
1524318554081878016
1524321863421280256
1524327995699351553
1524331656206856194
1524342153903804419
1524380974062133252
1524440208384704513
1524407960230891527
1524353612612358144
1524326480611790848
1524341951033708545
1524476541740240897
1524387496641155074
1524442208056889346
1524473415398215682
1524429764337061891
1524357442393546752
1524379246600331264
1524461799445307392
1524346260873961473
1524381511281254401
1524375017382944769
1524382362662019073
1524494369000202241
1524357743087427587
1524358121061244931
1524432806721593349
1524328459522224128
1524348542231457793
1524336931991138306
1524357541949489152
1524358028341952512
1524427834403569664