1217276
1217277
1217278
1217279
1217280
1217281
1217282
1217287
1217288
1217289
1217290
1217304
1217305
1217306
1217312
1217313
1217315
1217316
1217317
1217318
1217320
1217373
1217377
1217379
1217382
1217383
1217386
1217393
1217398
1217410
1217419
1217423
1217431
1217433
1217437
1217446
1217460
1217470
1217473
1217477
1217479
1217485
1217496
1217500
1217501
1217505
1217506
1217509
1217512
1217515
1217521
1217522
1217523
1217529
1217534
1217537
1217541
1217542
1217547
1217555
1217560
1217574
1217592
1217593
1217595
1217600
1217602
1217604
1217607
1217615