1257840
1257851
1257860
1257861
1257862
1257863
1257864
1257865
1257869
1257879
1257880
1257881
1257883
1257889
1257891
1257892
1257893
1257894
1257896
1257899
1257900
1257902
1257908
1257909
1257911
1257913
1257914
1257920
1257922
1257937
1257938
1257945
1257946
1257955
1257956
1257957
1257977
1257981
1257984
1257985
1257995
1258009
1258021
1258032
1258039
1258065
1258074
1258086
1258112
1258130
1258154
1258173
1258183
1258190
1258205
1258206
1258220
1258233
1258235
1258262
1258265
1258266
1258283
1258291
1258310
1258340
1258344
1258354
1258376
1258383
1258400
1258414
1258421
1258428
1258433
1258452
1258475
1258480
1258508
1258513
1258521
1258522
1258527
1258528
1258549
1258585
1258602
1258629
1258644
1258667
1258679
1258697
1258733
1258746
1258778
1258790
1258818
1258831