1416220
1416216
1416219
1416221
1416222
1416225
1416227
1416226
1416224
1416232
1416238
1416239
1416248
1416255
1416260
1416271
1416274
1416273
1416272
1416281
1416299
1416307
1416315
1416321
1416330
1416341
1416342
1416351
1416361
1416362
1416374
1416385
1416396
1416405
1416410
1416415
1416424
1416435
1416438
1416440
1416444
1416446
1416448
1416450
1416452
1416460
1416462
1416465
1416467
1416476
1416481
1416498
1416511
1416514
1416521
1416524
1416527
1416545
1416550
1416562
1416584
1416593
1416596
1416603
1416604
1416613
1416614
1416615
1416623
1416624
1416635
1416649
1416668
1416674
1416695
1416698
1416715
1416734
1416776
1416793
1416801
1416821
1416839