1345537
1345545
1345548
1345551
1345555
1345559
1345571
1345575
1345576
1345591
1345593
1345595
1345607
1345612
1345616
1345618
1345621
1345625
1345639
1345648
1345650
1345655
1345656
1345669
1345677
1345696
1345702
1345707
1345711
1345718
1345729
1345732
1345741
1345748
1345756
1345768
1345789
1345799
1345808
1345813
1345818
1345828
1345840
1345410
1345413
1345415
1345416
1345417
1345418
1345422
1345426
1345427
1345435
1345436
1345437
1345443
1345462
1345490
1345497
1345500
1345505
1345513
1345515
1345518
1345524
1345529