1316868
1316878
1316880
1316890
1316897
1316907
1316909
1316921
1316928
1316938
1316973
1316994
1317008
1317017
1317035
1317052
1317070
1317086
1316390
1316401
1316402
1316403
1316404
1316405
1316425
1316431
1316455
1316457
1316460
1316462
1316465
1316467
1316468
1316469
1316470
1316472
1316473
1316476
1316478
1316484
1316490
1316491
1316493
1316516
1316522
1316543
1316545
1316546
1316548
1316551
1316566
1316567
1316568
1316575
1316574
1316577
1316580
1316604
1316611
1316623
1316635
1316643
1316649
1316657
1316661
1316665
1316668
1316669
1316671
1316672
1316681
1316687
1316689
1316701
1316712
1316727
1316740
1316749
1316753
1316755
1316781
1316786
1316803
1316806
1316810
1316815
1316833
1316834
1316835
1316838
1316842
1316851
1316853