1478657
1478659
1478661
1478662
1478663
1478664
1478665
1478666
1478667
1478668
1478671
1478672
1478677
1478679
1478680
1478681
1478682
1478683
1478684
1478687
1478685
1478686
1478688
1478689
1478691
1478692
1478690
1478579
1478580
1478581
1478582
1478583
1478584
1478585
1478586
1478587
1478588
1478589
1478591
1478592
1478590
1478594
1478597
1478598
1478599
1478602
1478605
1478607
1478609
1478610
1478612
1478613
1478611
1478616
1478615
1478621
1478624
1478627
1478631
1478635
1478639
1478642
1478646
1478648
1478650
1478653
1478655