1474017
1474018
1474019
1474020
1474021
1474022
1474023
1474024
1474025
1474026
1474027
1474028
1474030
1474029
1474032
1474033
1474034
1474035
1474036
1474037
1474039
1474040
1474042
1474043
1474044
1474045
1474046
1474051
1474052
1474053
1474054
1474055
1474058
1474059
1474060
1474064
1474067
1474068
1474069
1474070
1474071
1474076
1474079
1474078
1474077
1474088
1474090
1474091
1474092
1474093
1474094
1474095
1474096
1474097
1474098
1474109
1474113
1474117
1474119
1474120
1474121
1474122
1474123
1474124
1474125
1474126
1474127
1474129
1474130
1474131
1474128
1474133
1474134
1474139
1474144
1474145
1474150
1474151
1474154
1474155
1474156
1474157
1474158
1474159
1474164
1474165
1474166
1474167
1474168
1474169
1474177
1474178
1474179