33988844
33988871
33989007
33980926
33989204
33997529
33997677
33989543
33981478
33973339
33981562
33997987
33989955
33981822
33990125
33973749
33981994
33982167
33982307
33998693
33974181
33998888
33974425
33990850
33982683
33999096
33974601
33991081
33982896
33974809
33974907
33983132
33983246
33975076
33975082
33975118
33991572
33975218
33983517
33991727
33975347
33999964
33975401
33983623
33975502
33983747
33975619
33983975
34000511
33976017
33992441
33984410
34001010
33984630
33984905
34001296
33976737
33993147
34001387
34001526
33985245
33993477
34001797
33977249
33977293
34002002
33977479
33985757
33994105
34002546
33986301
33994540
33986485
34002959
33978494
33986923
33995181
33978950
33987161
33987225
33987310
34003772
33995642
33979375
34004219
33979757
33988025
33996283
33996387
33988314
34004707
33996645
33980372