17432578
17432580
17432586
17432590
17432594
17432595
17432598
17432599
17432602
17432603
17432604
17432608
17432609
17432613
17432619
17432620
17432622
17432624
17432626
17432627
17432630
17432632
17432634
17432635
17432640
17432645
17432646
17432657
17432663
17432664
17432665
17432666
17432667
17432668
17432670
17432671
17432672
17432674
17432675
17432676
17432677
17432678
17432679
17432681
17432682
17432683
17432685
17432686
17432688
17432691
17432692
17432693
17432694
17432696
17432698
17432700
17432708
17432710
17432712
17432713
17432715
17432718
17432719
17432721
17432723
17432724
17432728
17432731
17432733
17432735
17432736
17432737
17432739
17432741
17432742
17432744
17432745
17432746
17432749
17432750
17432751
17432752
17432755
17432756
17432757
17432759
17432761
17432762
17432763
17432765
17432766
17432768
17432771
17432776
17432780
17432782
17432784
17432786
17432789
17432793
17432795
17432797
17432798
17432799
17432800
17432803
17432804
17432805
17432806
17432807
17432808
17432809
17432810
17432813
17432816
17432821
17432822
17432823
17432826
17432831
17432832
17432834
17432835
17432836
17432837
17432838
17432839
17432840
17432841
17432842
17432844
17432845
17432846
17432850
17432851
17432856
17432857
17432858
17432859
17432861
17432862
17432863
17432867
17432868
17432871
17432874
17432878
17432882
17432883
17432885
17432886
17432888
17432889
17432890
17432891
17432892
17432893
17432894
17432896
17432897
17432901
17432902
17432903
17432904
17432905
17432906
17432910
17432912
17432913
17432914
17432915
17432916
17432917
17432919
17432921
17432923
17432925
17432927
17432928
17432933
17432934
17432935
17432936
17432938
17432939
17432941
17432944
17432945
17432947
17432948
17432950
17432951
17432952
17432953
17432954
17432956
17432959
17432961
17432967
17432969
17432970
17432971
17432980
17432982
17432984
17432986
17432987
17432988
17432995
17432997
17432998
17433000
17433001
17433003
17433004
17433006
17433007
17433010
17433011
17433015
17433017
17433026
17433028
17433031
17433033
17433034
17433036
17433037
17433041
17433045
17433046
17433048
17433050
17433051
17433052
17433055
17433056
17433057
17433058
17433060
17433062
17433063
17433065
17433073
17433074
17433076
17433078
17433081
17433085
17433086
17433087
17433088
17433092
17433095
17433097
17433098
17433101
17433102
17433103
17433104
17433105
17433106
17433107
17433108
17433111
17433116
17433118
17433120
17433122
17433124
17433126
17433129
17433133
17433135
17433137
17433138
17433143
17433145
17433147
17433148
17433149
17433150
17433151
17433152
17433154
17433155
17433156
17433157
17433159
17433162
17433163
17433164
17433166
17433168
17433169
17433173
17433174
17433178
17433180
17433182
17433187
17433188
17433192
17433195
17433196
17433198
17433201
17433202
17433203
17433207
17433208
17433210
17433211
17433212
17433214
17433216
17433219
17433221
17433222
17433223
17433224
17433225
17433227
17433229
17433231
17433232
17433233
17433234
17433236
17433237
17433240
17433242
17433244
17433245
17433246
17433248
17433250
17433252
17433253
17433255
17433260
17433262
17433264
17433265
17433266
17433267
17433269
17433271
17433272
17433273
17433278
17433279
17433280
17433281
17433286
17433287
17433288
17433290
17433291
17433293
17433295
17433296
17433298
17433299
17433301
17433302
17433303
17433305
17433306
17433309
17433310
17433312
17433314
17433316
17433317
17433319
17433320
17433323
17433324
17433325
17433326
17433327
17433328
17433329
17433330
17433331
17433332
17433333
17433334
17433336
17433342
17433343
17433346
17433347
17433351
17433357
17433358
17433359
17433361
17433363
17433369
17433371
17433374
17433375
17433379
17433381
17433383
17433384
17433385
17433387
17433389
17433390
17433393
17433395
17433397
17433398
17433400
17433401
17433402
17433404
17433405
17433406
17433407
17433408
17433409
17433410
17433411
17433412
17433414
17433416
17433418
17433421
17433428
17433429
17433430
17433431
17433432
17433433
17433434
17433437
17433438
17433440
17433441
17433442
17433443
17433444
17433445
17433447
17433448
17433450
17433452
17433454
17433456
17433461
17433462
17433466
17433469
17433470
17433476
17433477
17433479
17433480
17433481
17433483
17433486
17433492
17433495
17433496
17433497
17433498
17433499
17433501
17433503
17433507
17433509
17433510
17433511
17433512
17433513
17433514
17433517
17433518
17433522
17433523
17433524
17433525
17433526
17433529
17433531
17433532
17433533
17433534
17433535
17433536
17433537
17433538
17433539
17433540
17433541
17433542
17433544
17433545
17433546
17433547
17433549
17433550
17433551
17433552
17433553
17433554
17433555
17433556
17433558
17433559
17433560
17433561
17433562
17433563
17433564
17433565
17433566
17433567
17433568
17433570
17433571
17433572
17433573
17433574
17433575
17433576
17433577
17433578
17433579
17433580
17433581
17433582
17433583
17433586
17433593
17433594
17433596
17433600
17433602
17433604
17433606
17433607
17433610
17433612
17433614
17433619
17433620
17433621
17433622
17433623
17433626
17433627
17433629
17433632
17433633
17433638
17433640
17433643
17433646
17433648
17433651
17433653
17433654
17433656
17433657
17433666
17433670
17433674
17433676
17433679
17433681
17433688
17433694
17433698
17433699
17433702
17433703
17433708
17433711
17433718
17433720
17433721
17433725
17433735
17433738
17433741
17433743
17433744
17433755
17433757
17433759
17433766
17433771
17433773
17433775
17433778
17433780
17433784
17433785
17433791
17433796
17433799
17433802
17433804
17433810
17433813
17433815
17433818
17433822
17433828
17433831
17433832
17433841
17433844
17433853
17433855
17433857
17433858
17433860
17433862
17433865
17433868
17433869
17433870
17433871
17433874
17433875
17433877
17433879
17433880
17433883
17433887
17433888
17433889
17433891
17433893
17433894
17433896
17433897
17433898
17433902
17433904
17433905
17433907
17433909
17433913
17433916
17433917
17433918
17433919
17433920
17433922
17433923
17433924
17433927
17433928
17433929
17433932
17433933
17433934
17433935
17433936
17433937
17433939
17433940
17433941
17433942
17433943
17433945
17433948
17433949
17433951
17433952
17433955
17433956
17433957
17433958
17433960
17433961
17433962
17433964
17433965
17433966
17433967
17433971
17433972
17433973
17433974
17433975
17433978
17433979
17433981
17433982
17433983
17433985
17433986
17433987
17433989
17433990
17433991
17433993
17433994
17433995
17433996
17433997
17433999
17434000
17434001
17434003
17434004
17434005
17434006
17434007
17434012
17434013
17434014
17434015
17434016
17434017
17434022
17434023
17434024
17434026
17434027
17434030
17434036
17434040
17434041
17434042
17434043
17434044
17434045
17434046
17434047
17434051
17434052
17434054
17434055
17434057
17434058
17434059
17434060
17434062
17434065
17434067
17434069
17434070
17434071
17434072
17434073
17434074
17434075
17434076
17434077
17434078
17434082
17434085
17434087
17434088
17434090
17434093
17434094
17434096
17434099
17434100
17434102
17434105
17434107
17434108
17434110
17434111
17434112
17434113
17434114
17434115
17434116
17434117
17434118
17434119
17434120
17434121
17434122
17434123
17434125
17434126
17434128
17434132
17434134
17434135
17434136
17434138
17434139
17434140
17434141
17434142
17434143
17434144
17434145
17434146
17434148
17434151
17434152
17434153
17434154
17434155
17434156
17434157
17434158
17434159
17434160
17434161
17434162
17434164
17434166
17434167
17434169
17434170
17434171
17434172
17434174
17434175
17434177
17434178
17434179
17434182
17434184
17434185
17434187
17434188
17434189
17434192
17434193
17434194
17434198
17434199
17434201
17434202
17434203
17434205
17434206
17434207
17434210
17434212
17434217
17434220
17434221
17434225
17434226
17434227
17434228
17434229
17434230
17434233
17434234
17434235
17434236
17434237
17434238
17434239
17434240
17434242
17434243
17434244
17434247
17434248
17434250
17434251
17434252
17434257
17434258
17434259
17434261
17434263
17434264
17434265
17434266
17434268
17434270
17434272
17434273
17434274
17434275
17434276
17434277
17434278
17434279
17434280
17434281
17434282
17434283
17434284
17434285
17434287
17434289
17434290
17434291
17434295
17434296
17434299
17434300
17434301
17434303
17434304
17434309
17434311
17434312
17434314
17434316
17434317
17434318
17434319
17434320
17434324
17434325
17434326
17434327
17434328
17434329
17434330
17434335
17434336
17434337
17434342
17434343
17434346
17434347
17434349
17434350
17434351
17434352
17434354
17434356
17434357
17434358
17434359
17434360
17434363
17434364
17434365
17434366
17434367
17434368
17434369
17434370
17434371
17434372
17434373
17434375
17434377
17434378
17434379
17434382
17434383
17434384
17434385
17434386
17434387
17434388
17434389
17434390
17434392
17434393
17434394
17434395
17434396
17434397
17434398
17434399
17434400
17434401
17434403
17434404
17434405
17434406
17434407
17434408
17434409
17434410
17434411
17434412
17434414
17434417
17434418
17434419
17434420
17434422
17434423
17434424
17434425
17434426
17434427
17434428
17434430
17434431
17434432
17434434
17434435
17434436
17434437
17434438
17434439
17434440
17434442
17434443
17434445
17434446
17434447
17434448
17434449
17434450
17434451
17434452
17434453
17434456
17434457
17434458
17434459
17434460
17434461
17434463
17434464
17434466
17434467
17434468
17434469
17434470
17434471
17434472
17434473
17434474
17434475
17434476
17434479
17434480
17434481
17434482
17434483
17434484
17434485
17434486
17434487
17434489
17434491
17434492
17434494
17434495
17434497
17434498
17434499
17434500
17434502
17434503
17434504
17434505
17434506
17434507
17434509
17434510
17434511
17434512
17434513
17434514
17434516
17434517
17434519
17434520
17434522
17434523
17434524
17434527
17434528
17434531
17434532
17434533
17434534
17434536
17434537
17434538
17434539
17434540
17434543
17434544
17434545
17434547
17434548
17434555
17434558
17434561
17434563
17434564
17434566
17434568
17434569
17434570
17434572
17434574
17434575
17434576
17434577
17434578
17434579
17434580
17434581
17434582
17434583
17434584
17434585
17434586
17434587
17434588
17434589
17434590
17434591
17434592
17434593
17434594
17434595
17434596
17434597
17434598
17434599
17434600
17434601
17434602
17434603
17434604
17434605
17434606
17434607
17434608
17434609
17434610
17434611
17434612
17434613
17434614
17434615
17434616
17434617
17434618
17434619
17434620
17434621
17434623
17434625
17434626
17434627
17434628
17434629
17434630
17434633
17434635
17434637
17434638
17434640
17434641
17434642
17434643
17434644
17434645
17434646
17434647
17434648
17434650
17434652
17434653
17434655
17434657
17434658
17434661
17434662
17434663
17434664
17434665
17434666
17434667
17434668
17434669
17434670
17434672
17434673
17434674
17434676
17434680
17434682
17434683
17434686
17434687
17434688
17434690
17434692
17434694
17434695
17434697
17434698
17434699
17434700
17434702
17434703
17434704
17434705
17434706
17434708
17434709
17434710
17434711
17434712
17434713
17434719
17434721
17434725
17434726
17434727
17434728
17434729
17434730
17434731
17434732
17434733
17434735
17434738
17434740
17434741
17434743
17434745
17434746
17434752
17434754
17434755
17434757
17434758
17434759
17434762
17434765
17434766
17434767
17434768
17434769
17434771
17434772
17434774
17434775
17434782
17434783
17434784
17434785
17434786
17434787
17434789
17434791
17434792
17434793
17434794
17434795
17434796
17434797
17434798
17434801
17434803
17434804
17434805
17434809
17434810
17434811
17434812
17434814
17434815
17434816
17434818
17434819
17434820
17434821
17434822
17434826
17434827
17434829
17434830
17434831
17434832
17434833
17434834
17434835
17434837
17434838
17434839
17434840
17434841
17434842
17434843
17434844
17434845
17434846
17434847
17434850
17434853
17434854
17434858
17434861
17434863
17434864
17434869
17434875
17434880
17434883
17434884
17434885
17434886
17434887
17434888
17434889
17434891
17434892
17434895
17434896
17434897
17434898
17434900
17434901
17434902
17434903
17434904
17434905
17434906
17434908
17434909
17434910
17434913
17434914
17434915
17434916
17434917
17434918
17434920
17434921
17434922
17434923
17434924
17434925
17434926
17434927
17434928
17434931
17434932
17434933
17434934
17434935
17434937
17434938
17434939
17434940
17434941
17434942
17434943
17434944
17434945
17434946
17434947
17434948
17434949
17434951
17434953
17434954
17434956
17434957
17434958
17434959
17434960
17434961
17434963
17434964
17434965
17434966
17434967
17434969
17434970
17434971
17434974
17434975
17434976
17434977
17434978
17434979
17434980
17434981
17434982
17434984
17434985
17434986
17434987
17434988
17434989
17434992
17434993
17434994
17434995
17434997
17435000
17435001
17435002
17435003
17435004
17435005
17435006
17435008
17435009
17435010
17435011
17435012
17435013
17435014
17435015
17435016
17435017
17435021
17435022
17435023
17435024
17435025
17435027
17435028
17435029
17435031
17435035
17435036
17435037
17435039
17435041
17435042
17435044
17435045
17435047
17435048
17435050
17435052
17435054
17435055
17435056
17435057
17435058
17435059
17435061
17435062
17435063
17435065
17435066
17435067
17435068
17435069
17435070
17435071
17435072
17435074
17435075
17435076
17435077
17435078
17435079
17435080
17435081
17435085
17435088
17435093
17435094
17435095
17435097
17435100
17435101
17435102
17435103
17435104
17435105
17435106
17435107
17435108
17435109
17435110
17435111
17435112
17435113
17435114
17435115
17435116
17435117
17435118
17435121
17435122
17435123
17435124
17435125
17435126
17435127
17435128
17435129
17435132
17435134
17435135
17435136
17435137
17435138
17435139
17435141
17435142
17435143
17435144
17435145
17435149
17435150
17435151
17435152
17435153
17435154
17435155
17435156
17435160
17435162
17435164
17435165
17435166
17435167
17435169
17435170
17435172
17435173
17435174
17435175
17435176
17435178
17435179
17435180
17435181
17435182
17435183
17435185
17435187
17435188
17435189
17435190
17435191
17435193
17435194
17435195
17435198
17435200
17435201
17435202
17435206
17435208
17435210
17435211
17435212
17435213
17435215
17435216
17435218
17435221
17435224
17435225
17435226
17435227
17435228
17435230
17435231
17435232
17435233
17435234
17435235
17435236
17435237
17435239
17435240
17435242
17435244
17435245
17435246
17435247
17435249
17435251
17435252
17435253
17435255
17435256
17435258
17435259
17435260
17435261
17435262
17435264
17435265
17435267
17435269
17435271
17435272
17435273
17435274
17435275
17435277
17435278
17435279
17435280
17435281
17435282
17435285
17435287
17435288
17435290
17435291
17435293
17435294
17435295
17435297
17435300
17435301
17435302
17435304
17435305
17435306
17435307
17435308
17435309
17435310
17435312
17435313
17435315
17435316
17435318
17435319
17435320
17435321
17435322
17435323
17435324
17435325
17435326
17435327
17435328
17435329
17435330
17435331
17435332
17435333
17435334
17435335
17435336
17435338
17435339
17435340
17435341
17435342
17435343
17435345
17435347
17435350
17435351
17435352
17435353
17435354
17435355
17435356
17435358
17435360
17435362
17435363
17435364
17435365
17435366
17435367
17435368
17435369
17435371
17435372
17435373
17435374
17435375
17435376
17435377
17435378
17435379
17435380
17435381
17435382
17435383
17435385
17435386
17435388
17435390
17435391
17435393
17435394
17435395
17435396
17435397
17435398
17435399
17435401
17435402
17435403
17435404
17435405
17435406
17435407
17435408
17435409
17435410
17435411
17435412
17435413
17435415
17435416
17435417
17435418
17435420
17435421
17435423
17435425
17435426
17435427
17435428
17435429
17435431
17435432
17435435
17435436
17435438
17435441
17435444
17435447
17435448
17435450
17435451
17435453
17435454
17435457
17435458
17435461
17431795
17431801
17431812
17431846
17431901
17431907
17431921
17431945
17431947
17431963
17431975
17431998
17432003
17432012
17432015
17432016
17432019
17432029
17432034
17432039
17432049
17432055
17432061
17432063
17432073
17432077
17432079
17432081
17432087
17432097
17432104
17432108
17432113
17432130
17432131
17432138
17432141
17432159
17432163
17432168
17432174
17432185
17432189
17432190
17432193
17432211
17432228
17432234
17432242
17432244
17432261
17432279
17432294
17432306
17432314
17432315
17432316
17432320
17432329
17432339
17432354
17432380
17432382
17432386
17432391
17432408
17432410
17432420
17432433
17432436
17432448
17432450
17432456
17432459
17432468
17432471
17432475
17432484
17432485
17432488
17432499
17432502
17432510
17432512
17432517
17432532
17432540
17432544
17432549
17432561
17432572
17432587
17432591
17431796
17431798
17431799
17431802
17431804
17431805
17431806
17431807
17431808
17431809
17431813
17431815
17431816
17431817
17431818
17431820
17431821
17431823
17431824
17431825
17431826
17431827
17431828
17431829
17431830
17431831
17431832
17431834
17431835
17431836
17431837
17431839
17431840
17431841
17431842
17431843
17431844
17431847
17431848
17431849
17431850
17431851
17431853
17431854
17431856
17431857
17431858
17431859
17431861
17431862
17431863
17431864
17431865
17431866
17431867
17431871
17431875
17431878
17431879
17431880
17431881
17431882
17431883
17431884
17431886
17431887
17431888
17431889
17431890
17431892
17431894
17431895
17431897
17431898
17431899
17431900
17431902
17431903
17431904
17431905
17431906
17431911
17431912
17431914
17431915
17431916
17431917
17431918
17431919
17431922
17431923
17431924
17431925
17431928
17431929
17431931
17431932
17431933
17431934
17431936
17431939
17431940
17431941
17431943
17431946
17431949
17431950
17431952
17431955
17431956
17431957
17431964
17431967
17431968
17431970
17431973
17431974
17431979
17431980
17431982
17431983
17431985
17431986
17431988
17431990
17431991
17431992
17431994
17432000
17432004
17432006
17432007
17432008
17432009
17432010
17432013
17432014
17432018
17432020
17432021
17432022
17432024
17432027
17432031
17432035
17432040
17432042
17432044
17432047
17432048
17432050
17432051
17432052
17432053
17432056
17432057
17432058
17432059
17432064
17432065
17432066
17432067
17432068
17432069
17432070
17432071
17432074
17432075
17432076
17432078
17432080
17432082
17432084
17432085
17432086
17432088
17432089
17432090
17432091
17432092
17432093
17432094
17432095
17432096
17432098
17432101
17432102
17432103
17432105
17432107
17432109
17432112
17432116
17432117
17432119
17432120
17432126
17432127
17432132
17432133
17432135
17432136
17432137
17432139
17432145
17432146
17432147
17432148
17432149
17432150
17432153
17432154
17432155
17432156
17432158
17432162
17432164
17432165
17432166
17432169
17432170
17432172
17432173
17432177
17432178
17432180
17432183
17432192
17432194
17432195
17432196
17432197
17432198
17432200
17432201
17432203
17432204
17432206
17432207
17432208
17432209
17432210
17432212
17432213
17432214
17432215
17432216
17432217
17432219
17432221
17432222
17432223
17432224
17432226
17432227
17432229
17432230
17432231
17432232
17432233
17432235
17432236
17432237
17432238
17432239
17432240
17432241
17432243
17432245
17432246
17432247
17432248
17432249
17432250
17432252
17432253
17432254
17432255
17432260
17432262
17432265
17432266
17432268
17432269
17432270
17432271
17432272
17432274
17432275
17432277
17432280
17432284
17432290
17432292
17432295
17432298
17432300
17432302
17432303
17432309
17432317
17432318
17432321
17432322
17432323
17432330
17432331
17432335
17432336
17432337
17432338
17432340
17432341
17432343
17432344
17432349
17432350
17432351
17432352
17432355
17432356
17432357
17432358
17432360
17432362
17432364
17432365
17432367
17432369
17432372
17432387
17432388
17432392
17432394
17432395
17432397
17432398
17432399
17432400
17432403
17432404
17432406
17432411
17432412
17432413
17432416
17432417
17432424
17432428
17432431
17432440
17432443
17432446
17432447
17432451
17432463
17432466
17432474
17432478
17432479
17432489
17432492
17432497
17432513
17432525
17432526
17432528
17432529
17432535
17432531
17432537
17432541
17432545
17432546
17432547
17432550
17432552
17432553
17432554
17432556
17432558
17432559
17432562
17432567
17432569
17432571
17432573
17432574
17432575