16714341
16714342
16714343
16714345
16714346
16714347
16714348
16714349
16714350
16714351
16714352
16714353
16714354
16714356
16714358
16714359
16714360
16714361
16714364
16714365
16714366
16714368
16714369
16714370
16714372
16714373
16714375
16714376
16714377
16714378
16714379
16714380
16714381
16714383
16714384
16714385
16714386
16714388
16714389
16714390
16714392
16714393
16714394
16714395
16714396
16714397
16714399
16714400
16714402
16714403
16714404
16714405
16714406
16714407
16714409
16714410
16714411
16714412
16714413
16714414
16714415
16714416
16714417
16714419
16714421
16714422
16714423
16714424
16714425
16714426
16714427
16714428
16714429
16714430
16714432
16714433
16714434
16714436
16714437
16714438
16714439
16714440
16714441
16714442
16714443
16714445
16714446
16714447
16714448
16714449
16714451
16714452
16714453
16714455
16714456
16714457
16714458
16714459
16714460
16714461
16714462
16714467
16714468
16714469
16714471
16714472
16714473
16714474
16714475
16714478
16714479
16714480
16714481
16714483
16714484
16714486
16714488
16714489
16714490
16714491
16714492
16714493
16714494
16714495
16714497
16714498
16714499
16714500
16714501
16714503
16714505
16714508
16714510
16714511
16714513
16714514
16714515
16714516
16714517
16714518
16714519
16714520
16714521
16714522
16714523
16714524
16714525
16714527
16714528
16714529
16714530
16714531
16714532
16714534
16714535
16714536
16714539
16714540
16714542
16714543
16714544
16714545
16714546
16714547
16714548
16714549
16714550
16714551
16714552
16714553
16714554
16714555
16714556
16714557
16714559
16714561
16714562
16714563
16714565
16714566
16714568
16714571
16714573
16714575
16714576
16714577
16714578
16714580
16714581
16714582
16714583
16714584
16714586
16714588
16714590
16714591
16714592
16714593
16714594
16714596
16714597
16714598
16714600
16714601
16714602
16714603
16714605
16714607
16714608
16714609
16714611
16714612
16714613
16714614
16714615
16714616
16714618
16714621
16714622
16714624
16714628
16714629
16714630
16714631
16714632
16714633
16714634
16714635
16714636
16714637
16714639
16714640
16714641
16714642
16714643
16714647
16714648
16714649
16714650
16714651
16714652
16714653
16714654
16714655
16714657
16714658
16714659
16714660
16714661
16714664
16714665
16714666
16714667
16714668
16714669
16714671
16714672
16714673
16714674
16714675
16714677
16714678
16714680
16714681
16714682
16714684
16714685
16714686
16714687
16714688
16714690
16714691
16714693
16714694
16714695
16714696
16714697
16714698
16714699
16714700
16714701
16714702
16714703
16714704
16714705
16714706
16714707
16714708
16714709
16714710
16714711
16714713
16714714
16714719
16714721
16714723
16714724
16714725
16714727
16714728
16714729
16714731
16714732
16714733
16714734
16714735
16714736
16714738
16714739
16714740
16714741
16714742
16714743
16714744
16714745
16714746
16714747
16714748
16714749
16714750
16714751
16714752
16714753
16714754
16714755
16714756
16714757
16714758
16714759
16714760
16714761
16714762
16714764
16714765
16714766
16714767
16714768
16714770
16714771
16714772
16714773
16714774
16714775
16714776
16714777
16714778
16714779
16714780
16714781
16714782
16714783
16714786
16714787
16714788
16714789
16714790
16714791
16714792
16714793
16714794
16714795
16714800
16714801
16714802
16714803
16714806
16714808
16714810
16714811
16714812
16714813
16714817
16714818
16714819
16714820
16714822
16714823
16714825
16714829
16714830
16714831
16714832
16714833
16714834
16714837
16714840
16714842
16714843
16714844
16714845
16714846
16714848
16714849
16714850
16714853
16714854
16714855
16714856
16714857
16714858
16714859
16714860
16714862
16714863
16714866
16714867
16714868
16714869
16714870
16714871
16714872
16714873
16714874
16714875
16714876
16714879
16714880
16714881
16714883
16714884
16714885
16714886
16714887
16714888
16714889
16714890
16714893
16714895
16714896
16714897
16714898
16714899
16714900
16714901
16714904
16714907
16714908
16714910
16714911
16714912
16714913
16714914
16714916
16714917
16714918
16714920
16714921
16714923
16714924
16714926
16714927
16714928
16714930
16714931
16714932
16714933
16714935
16714936
16714937
16714939
16714941
16714942
16714943
16714944
16714945
16714946
16714947
16714951
16714952
16714953
16714954
16714955
16714956
16714957
16714958
16714959
16714960
16714961
16714962
16714963
16714966
16714967
16714968
16714973
16714974
16714976
16714977
16714978
16714979
16714980
16714981
16714982
16714983
16714986
16714987
16714988
16714989
16714990
16714991
16714992
16714993
16714994
16714995
16714996
16714997
16714998
16714999
16715000
16715001
16715002
16715003
16715004
16715005
16715006
16715007
16715009
16715012
16715013
16715016
16715017
16715019
16715020
16715022
16715024
16715025
16715026
16715027
16715028
16715031
16715032
16715035
16715036
16715037
16715038
16715039
16715040
16715041
16715042
16715043
16715044
16715045
16715046
16715047
16715048
16715050
16715051
16715052
16715053
16715054
16715055
16715056
16715057
16715059
16715060
16715061
16715062
16715063
16715064
16715066
16715067
16715070
16715071
16715072
16715073
16715075
16715076
16715077
16715078
16715080
16715082
16715083
16715084
16715085
16715086
16715088
16715089
16715090
16715091
16715094
16715096
16715097
16715098
16715099
16715101
16715103
16715104
16715107
16715109
16715110
16715111
16715112
16715114
16715116
16715118
16715120
16715121
16715122
16715124
16715125
16715126
16715128
16715129
16715130
16715131
16715133
16715134
16715135
16715137
16715139
16715140
16715141
16715142
16715143
16715144
16715148
16715149
16715150
16715153
16715154
16715155
16715156
16715157
16715158
16715159
16715160
16715161
16715162
16715163
16715164
16715165
16715166
16715167
16715168
16715169
16715170
16715171
16715172
16715173
16715176
16715177
16715178
16715179
16715180
16715181
16715182
16715183
16715184
16715188
16715189
16715190
16715191
16715193
16715194
16715195
16715196
16715198
16715199
16715201
16715202
16715203
16715204
16715205
16715206
16715207
16715208
16715209
16715211
16715212
16715213
16715215
16715216
16715218
16715219
16715221
16715222
16715223
16715224
16715225
16715227
16715228
16715229
16715230
16715231
16715232
16715233
16715234
16715235
16715236
16715237
16715238
16715239
16715240
16715241
16715242
16715244
16715245
16715246
16715247
16715248
16715249
16715250
16715251
16715253
16715255
16715256
16715257
16715259
16715260
16715261
16715262
16715263
16715264
16715265
16715266
16715267
16715268
16715269
16715270
16715272
16715273
16715274
16715278
16715279
16715280
16715281
16715282
16715283
16715284
16715286
16715288
16715290
16715291
16715292
16715293
16715294
16715295
16715297
16715298
16715299
16715301
16715302
16715303
16715304
16715306
16715307
16715308
16715309
16715310
16715311
16715312
16715313
16715315
16715316
16715317
16715318
16715319
16715322
16715324
16715326
16715327
16715328
16715330
16715331
16715332
16715333
16715334
16715336
16715337
16715339
16715341
16715342
16715344
16715345
16715346
16715348
16715349
16715350
16715351
16715353
16715355
16715356
16715357
16715358
16715359
16715360
16715361
16715363
16715364
16715365
16715366
16715368
16715369
16715370
16715371
16715373
16715374
16715375
16715376
16715377
16715380
16715381
16715383
16715385
16715386
16715387
16715388
16715389
16715390
16715391
16715392
16715393
16715395
16715396
16715397
16715398
16715399
16715400
16715401
16715402
16715403
16715405
16715407
16715409
16715410
16715412
16715413
16715414
16715415
16715416
16715417
16715418
16715419
16715420
16715421
16715422
16715423
16715424
16715425
16715427
16715428
16715429
16715430
16715431
16715432
16715433
16715434
16715435
16715436
16715438
16715439
16715441
16715445
16715446
16715448
16715449
16715450
16715451
16715452
16715454
16715455
16715456
16715458
16715459
16715460
16715461
16715462
16715463
16715464
16715465
16715467
16715468
16715469
16715470
16715471
16715472
16715473
16715476
16715477
16715478
16715479
16715480
16715482
16715483
16715484
16715485
16715486
16715487
16715488
16715489
16715490
16715491
16715492
16715493
16715494
16715495
16715496
16715497
16715498
16715499
16715500
16715501
16715502
16715503
16715504
16715505
16715506
16715507
16715508
16715509
16715510
16715514
16715516
16715518
16715519
16715521
16715522
16715523
16715524
16715525
16715527
16715531
16715532
16715534
16715535
16715536
16715537
16715538
16715539
16715540
16715541
16715542
16715544
16715545
16715546
16715547
16715549
16715550
16715551
16715552
16715553
16715554
16715555
16715556
16715557
16715558
16715559
16715561
16715562
16715563
16715564
16715566
16715569
16715571
16715573
16715574
16715578
16715580
16715581
16715582
16715583
16715584
16715585
16715586
16715587
16715588
16715589
16715590
16715591
16715592
16715593
16715594
16715596
16715597
16715598
16715599
16715600
16715601
16715602
16715603
16715604
16715606
16715607
16715608
16715609
16715610
16715611
16715612
16715613
16715614
16715615
16715617
16715618
16715620
16715623
16715624
16715626
16715627
16715628
16715629
16715630
16715631
16715632
16715633
16715634
16715635
16715636
16715637
16715638
16715639
16715640
16715641
16715642
16715643
16715645
16715646
16715648
16715649
16715650
16715651
16715653
16715655
16715656
16715657
16715658
16715659
16715662
16715664
16715665
16715667
16715668
16715669
16715670
16715673
16715674
16715675
16715676
16715677
16715679
16715680
16715681
16715683
16715684
16715685
16715686
16715687
16715688
16715689
16715690
16715691
16715692
16715697
16715698
16715699
16715700
16715701
16715702
16715705
16715706
16715707
16715708
16715709
16715713
16715715
16715716
16715718
16715720
16715721
16715722
16715723
16715724
16715725
16715726
16715729
16715730
16715731
16715733
16715735
16715736
16715737
16715738
16715739
16715740
16715741
16715742
16715743
16715744
16715745
16715746
16715747
16715749
16715750
16715751
16715752
16715753
16715754
16715755
16715756
16715757
16715758
16715759
16715760
16715761
16715762
16715763
16715764
16715765
16715766
16715767
16715768
16715769
16715770
16715771
16715772
16715773
16715774
16715775
16715776
16715777
16715778
16715779
16715780
16715782
16715783
16715784
16715785
16715786
16715787
16715788
16715789
16715790
16715791
16715792
16715793
16715794
16715795
16715796
16715799
16715800
16715801
16715802
16715803
16715804
16715805
16715806
16715807
16715808
16715809
16715810
16715811
16715812
16715815
16715816
16715817
16715818
16715819
16715820
16715821
16715822
16715824
16715825
16715826
16715827
16715828
16715830
16715831
16715832
16715833
16715834
16715835
16715836
16715837
16715839
16715841
16715842
16715843
16715845
16715846
16715847
16715848
16715849
16715850
16715851
16715852
16715853
16715854
16715856
16715857
16715858
16715860
16715862
16715863
16715864
16715866
16715870
16715871
16715872
16715873
16715874
16715875
16715877
16715878
16715879
16715880
16715884
16715885
16715886
16715887
16715889
16715892
16715893
16715894
16715895
16715896
16715897
16715898
16715899
16715901
16715902
16715903
16715904
16715905
16715906
16715908
16715909
16715910
16715912
16715913
16715914
16715915
16715916
16715918
16715919
16715920
16715921
16715922
16715924
16715925
16715926
16715927
16715928
16715929
16715932
16715933
16715935
16715936
16715937
16715938
16715939
16715940
16715941
16715942
16715943
16715944
16715945
16715946
16715947
16715948
16715949
16715950
16715951
16715952
16715953
16715954
16715955
16715956
16715957
16715958
16715959
16715961
16715962
16715963
16715964
16715966
16715967
16715968
16715970
16715971
16715973
16715974
16715976
16715977
16715978
16715979
16715982
16715983
16715984
16715986
16715987
16715988
16715989
16715990
16715992
16715993
16715994
16715996
16715997
16715998
16715999
16716000
16716002
16716004
16716005
16716007
16716008
16716011
16716012
16716013
16716014
16716016
16716017
16716018
16716021
16716022
16716023
16716024
16716027
16716028
16716031
16716032
16716033
16716037
16716038
16716039
16716040
16716042
16716043
16716044
16716045
16716046
16716048
16716049
16716050
16716051
16716052
16716053
16716054
16716055
16716056
16716057
16716058
16716060
16716061
16716062
16716063
16716064
16716065
16716067
16716068
16716069
16716073
16716074
16716077
16716078
16716080
16716082
16716084
16716086
16716087
16716089
16716090
16716094
16716095
16716096
16716097
16716098
16716099
16716101
16716102
16716103
16716105
16716106
16716107
16716108
16716109
16716110
16716111
16716112
16716113
16716114
16716115
16716116
16716117
16716118
16716119
16716120
16716121
16716123
16716124
16716125
16716126
16716127
16716128
16716129
16716130
16716131
16716132
16716133
16716134
16716135
16716136
16716138
16716139
16716142
16716143
16716145
16716146
16716147
16716149
16716151
16716155
16716156
16716158
16716160
16716162
16716165
16716166
16716168
16716169
16716172
16716175
16716176
16716177
16716180
16716183
16716185
16716188
16716189
16716190
16716192
16716193
16716195
16716199
16716200
16716202
16716203
16716204
16716205
16716206
16716207
16716208
16716209
16716211
16716213
16716214
16716215
16716216
16716217
16716219
16716220
16716221
16716222
16716224
16716226
16716227
16716228
16716229
16716231
16716232
16716233
16716234
16716235
16716237
16716239
16716240
16716241
16716242
16716243
16716244
16716247
16716248
16716249
16716250
16716251
16716252
16716254
16716256
16716258
16716259
16716260
16716262
16716264
16716265
16716266
16716268
16716269
16716270
16716271
16716273
16716274
16716276
16716279
16716280
16716281
16716282
16716283
16716285
16716287
16716288
16716289
16716290
16716291
16716292
16716294
16716295
16716296
16716300
16716301
16716302
16716303
16716304
16716305
16716306
16716308
16716310
16716311
16716312
16716313
16716314
16716315
16716316
16716317
16716318
16716319
16716320
16716321
16716326
16716327
16716330
16716333
16716334
16716335
16716336
16716337
16716338
16716340
16716341
16716342
16716343
16716344
16716345
16716346
16716347
16716348
16716350
16716351
16716352
16716354
16716355
16716356
16716357
16716358
16716359
16716361
16716362
16716364
16716365
16716366
16716367
16716368
16716369
16716370
16716371
16716372
16716374
16716375
16716378
16716379
16716382
16716384
16716385
16716386
16716387
16716388
16716389
16716390
16716391
16716392
16716393
16716394
16716395
16716396
16716398
16716399
16716400
16716401
16716403
16716404
16716406
16716407
16716408
16716410
16716411
16716412
16716413
16716414
16716415
16716416
16716418
16716419
16716420
16716421
16716422
16716425
16716426
16716428
16716431
16716432
16716433
16716434
16716435
16716436
16716437
16716440
16716441
16716442
16716443
16716444
16716445
16716446
16716447
16716448
16716450
16716453
16716454
16716455
16716456
16716457
16716458
16716459
16716460
16716461
16716462
16716463
16716464
16716465
16716466
16716468
16716469
16716471
16716472
16716473
16716475
16716476
16716477
16716478
16716480
16716481
16716482
16716483
16716484
16716485
16716486
16716487
16716488
16716489
16716491
16716492
16716493
16716494
16716495
16716496
16716497
16716498
16716500
16716501
16716502
16716503
16716504
16716505
16716506
16716507
16716508
16716509
16716510
16716511
16716512
16716513
16716514
16716516
16716517
16716518
16716519
16716521
16716522
16716523
16716525
16716526
16716528
16716529
16716530
16716531
16716533
16716534
16716535
16716536
16716537
16716538
16716541
16716542
16716543
16716544
16716545
16716546
16716547
16716549
16716550
16716552
16716553
16716554
16716555
16716557
16716559
16716562
16716563
16716564
16716567
16716568
16716569
16716571
16716572
16716573
16716574
16716575
16716576
16716578
16716579
16716580
16716581
16716582
16716583
16716584
16716585
16716586
16716587
16716588
16716589
16716591
16716593
16716596
16716597
16716598
16716599
16716600
16716601
16716603
16716604
16716605
16716606
16716607
16716609
16716610
16716611
16716612
16716613
16716614
16716615
16716616
16716617
16716620
16716622
16716623
16716629
16716631
16716632
16716633
16716635
16716636
16716637
16716638
16716639
16716641
16716642
16716643
16716644
16716645
16716647
16716649
16716650
16716651
16716652
16716653
16716654
16716655
16716656
16716657
16716658
16716659
16716661
16716662
16716663
16716664
16716666
16716667
16716669
16716670
16716671
16716672
16716673
16716674
16716675
16716676
16716677
16716678
16716679
16716681
16716682
16716683
16716684
16716685
16716686
16716688
16716691
16716692
16716693
16716694
16716695
16716696
16716697
16716698
16716699
16716700
16716702
16716706
16716707
16716708
16716709
16716710
16716711
16716712
16716713
16716714
16716715
16716716
16716718
16716720
16716721
16716722
16716723
16716724
16716725
16716726
16716727
16716729
16716730
16716731
16716732
16716734
16716735
16716737
16716738
16716739
16716740
16716742
16716743
16716744
16716745
16716746
16716747
16716749
16716750
16716751
16716752
16716753
16716754
16716756
16716757
16716758
16716759
16716760
16716761
16716762
16716763
16716764
16716765
16716766
16716768
16716769
16716770
16716771
16716772
16716773
16716774
16716777
16716778
16716779
16716781
16716782
16716783
16716784
16716785
16716786
16716787
16716788
16716789
16716790
16716791
16716792
16716794
16716795
16716796
16716797
16716798
16716799
16716800
16716801
16716802
16716803
16716804
16716805
16716806
16716808
16716809
16716810
16716811
16716812
16716815
16716816
16716817
16716818
16716819
16716821
16716822
16716823
16716824
16716825
16716826
16716827
16716829
16716830
16716831
16716832
16716833
16716834
16716835
16716836
16716837
16716838
16716839
16716841
16716842
16716843
16716844
16716845
16716846
16716847
16716850
16716854
16716855
16716856
16716857
16716858
16716859
16716860
16716861
16716862
16716863
16716864
16716867
16716868
16716869
16716870
16716872
16716873
16716874
16716876
16716877
16716878
16716879
16716881
16716882
16716884
16716885
16716886
16716887
16716888
16716889
16716890
16716891
16716892
16716893
16716894
16716895
16716896
16716897
16716898
16716899
16716900
16716902
16716903
16716904
16716905
16716906
16716907
16716908
16716909
16716910
16716911
16716912
16716913
16716915
16716916
16716917
16716918
16716919
16716920
16716922
16716923
16716924
16716925
16716926
16716927
16716928
16716929
16716930
16716931
16716932
16716933
16716934
16716935
16716936
16716937
16716938
16716939
16716940
16716941
16716943
16716945
16716946
16716947
16716949
16716951
16716952
16716953
16716954
16716955
16716956
16716957
16716958
16716959
16716960
16716961
16716962
16716963
16716964
16716966
16716968
16716969
16716970
16716971
16716972
16716973
16716974
16716975
16716976
16716977
16716979
16716980
16716981
16716982
16716983
16716984
16716986
16716987
16716988
16716989
16716990
16716992
16716993
16716995
16716997
16716998
16716999
16717000
16717001
16717002
16717003
16717004
16717005
16717006
16717007
16717008
16717009
16717010
16717012
16717013
16717014
16717015
16717016
16717017
16717018
16717019
16717020
16717021
16717022
16717023
16717024
16717025
16717026
16717027
16717029
16717030
16717032
16717034
16717035
16717036
16717037
16717038
16717039
16717040
16717042
16717043
16717044
16717045
16717049
16717050
16717051
16717052
16717053
16717054
16717055
16717057
16717058
16717059
16717060
16717061
16717062
16717063
16717064
16717065
16717066
16717067
16717068
16717069
16717070
16717072
16717073
16717074
16717077
16717078
16717080
16717081
16717082
16717083
16717085
16717086
16717087
16717088
16717089
16717090
16717091
16717092
16717093
16717094
16717096
16717098
16717099
16717100
16717101
16717102
16717103
16717104
16717105
16717108
16717109
16717110
16717111
16717112
16717113
16717115
16717116
16717117
16717118
16717119
16717121
16717122
16717123
16717124
16717125
16717126
16717127
16717128
16717129
16717130
16717132
16717133
16717134
16717136
16717138
16717139
16717140
16717141
16717143
16717144
16717145
16717148
16717150
16717151
16717152
16717153
16717155
16717156
16717157
16717158
16717159
16717161
16717162
16717163
16717164
16717165
16717166
16717167
16717168
16717169
16717172
16717173
16717174
16717175
16717176
16717177
16717178
16717179
16717180
16717181
16717182
16717183
16717185
16717186
16717188
16717191
16717192
16717194
16717196
16717197
16717199
16717200
16717201
16717202
16717203
16717205
16717206
16717207
16717208
16717209
16717211
16717214
16717216
16717218
16717219
16717221
16717222
16717223
16717225
16717227
16717228
16717231
16717232
16717233
16717234
16717235
16717236
16717239
16717240
16717242
16717243
16717244
16717246
16717247
16717248
16717250
16717251
16717252
16717253
16717255
16717256
16717259
16717260
16717262
16717263
16717264
16717266
16717267
16717268
16717270
16717271
16717272
16717273
16717275
16717276
16717278
16717279
16717280
16717281
16717283
16717284
16717285
16717288
16717289
16717290
16717291
16717292
16717293
16717294
16717295
16717296
16717297
16717298
16717299
16717300
16717301
16717303
16717305
16717306
16717307
16717308
16717309
16717310
16717311
16717312
16717314
16717315
16717316
16717317
16717318
16717319
16717321
16717323
16717325
16717326
16717327
16717328
16717329
16717330
16717331
16717333
16717335
16717336
16717337
16717338
16717339
16717340
16717342
16717343
16717344
16717345
16717346
16717347
16717348
16717349
16717350
16717351
16717353
16717354
16717355
16717358
16717359
16717360
16717361
16717362
16717363
16717364
16717365
16717366
16717368
16717369
16717370
16717371
16717372
16717374
16717375
16717376
16717377
16717379
16717381
16717383
16717384
16717385
16717386
16717387
16717388
16717389
16717391
16717393
16717394
16717396
16717397
16717398
16717399
16717400
16717401
16717402
16717403
16717404
16717406
16717407
16717409
16717411
16717412
16717413
16717414
16717416
16717418
16717419
16717420
16717421
16717422
16717423
16717424
16717425
16717426
16717427
16717428
16717429
16717430
16717431
16717432
16717433
16717434
16717435
16717436
16717437
16717438
16717439
16717440
16717441
16717442
16717443
16717444
16717445
16717446
16717447
16717448
16717449
16717450
16717451
16717452
16717455
16717456
16717458
16717459
16717460
16717462
16717463
16717464
16717465
16717466
16717467
16717468
16717469
16717470
16717471
16717472
16717473
16717475
16717476
16717478
16717479
16717480
16717482
16717483
16717484
16717485
16717489
16717491
16717492
16717495
16717497
16717499
16717500
16717501
16717502
16717503
16717505
16717507
16717508
16717509
16717510
16717511
16717513
16717514
16717516
16717517
16717518
16717519
16717521
16717522
16717524
16717525
16717526
16717527
16717529
16717530
16717531
16717532
16717533
16717534
16717535
16717536
16717537
16717539
16717540
16717541
16717542
16717543
16717545
16717546
16717547
16717548
16717549
16717550
16717551
16717553
16717554
16717555
16717557
16717558
16717559
16717560
16717561
16717564
16717565
16717566
16717567
16717568
16717569
16717570
16717571
16717572
16717573
16717574
16717575
16717576
16717579
16717580
16717581
16717582
16717583
16717584
16717586
16717587
16717588
16717589
16717590
16717591
16717592
16717595
16717596
16717597
16717599
16717601
16717602
16717603
16717605
16717608
16717609
16717610
16717611
16717613
16717614
16717615
16717616
16717617
16717618
16717619
16717621
16717622
16717625
16717626
16717627
16717628
16717629
16717630
16717631
16717632
16717633
16717634
16717635
16717636
16717638
16717640
16717641
16717642
16717643
16717644
16717647
16717650
16717651
16717652
16717653
16717654
16717655
16717656
16717657
16717658
16717659
16717660
16717661
16717662
16717663
16717664
16717665
16717666
16717667
16717668
16717669
16717670
16717671
16717672
16717674
16717676
16717677
16717678
16717679
16717680
16717682
16717683
16717685
16717686
16717688
16717689
16717690
16717691
16717692
16717693
16717694
16717695
16717696
16717697
16717698
16717699
16717700
16717701
16717702
16717703
16717705
16717706
16717707
16717708
16717709
16717710
16717711
16717712
16717713
16717714
16717715
16717716
16717717
16717718
16717719
16717720
16717721
16717722
16717723
16717724
16717725
16717726
16717728
16717730
16717731
16717732
16717733
16717735
16717736
16717737
16717738
16717739
16717740
16717741
16717742
16717743
16717747
16717748
16717749
16717750
16717751
16717752
16717753
16717754
16717755
16717756
16717757
16717758
16717759
16717761
16717762
16717765
16717766
16717767
16717769
16717770
16717771
16717772
16717773
16717774
16717776
16717777
16717778
16717779
16717781
16717782
16717783
16717784
16717785
16717786
16717787
16717788
16717789
16717790
16717792
16717793
16717794
16717795
16717796
16717797
16717799
16717800
16717801
16717802
16717803
16717804
16717805
16717806
16717807
16717808
16717810
16717811
16717812
16717813
16717814
16717815
16717816
16717818
16717820
16717822
16717823
16717824
16717827
16717828
16717829
16717830
16717831
16717832
16717833
16717834
16717836
16717837
16717838
16717839
16717840
16717841
16717842
16717843
16717845
16717846
16717847
16717849
16717850
16717851
16717852
16717854
16717855
16717856
16717857
16717858
16717859
16717860
16717862
16717863
16717864
16717866
16717867
16717868
16717869
16717870
16717871
16717875
16717876
16717877
16717878
16717879
16717880
16717881
16717882
16717883
16717884
16717885
16717888
16717890
16717891
16717892
16717893
16717894
16717896
16717898
16717899
16717900
16717902
16717905
16717906
16717908
16717909
16717910
16717911
16717913
16717914
16717915
16717916
16717920
16717921
16717922
16717924
16717925
16717926
16717927
16717928
16717929
16717930
16717931
16717932
16717937
16717939
16717940
16717943
16717944
16717945
16717946
16717947
16717949
16717950
16717952
16717953
16717955
16717956
16717957
16717958
16717959
16717960
16717961
16717963
16717964
16717966
16717967
16717968
16717969
16717970
16717971
16717973
16717974
16717975
16717976
16717978
16717979
16717981
16717984
16717985
16717986
16717987
16717989
16717990
16717991
16717992
16717993
16717994
16717995
16717996
16717997
16717998
16717999
16718001
16718005
16718006
16718011
16718012
16718014
16718016
16718017
16718018
16718021
16718022
16718023
16718024
16718025
16718026
16718027
16718028
16718029
16718031
16718032
16718033
16718035
16718036
16718037
16718038
16718039
16718041
16718042
16718043
16718044
16718046
16718047
16718049
16718050
16718052
16718054
16718055
16718056
16718057
16718058
16718059
16718062
16718063
16718064
16718065
16718066
16718067
16718069
16718070
16718075
16718076
16718077
16718078
16718080
16718081
16718083
16718085
16718086
16718090
16718091
16718092
16718093
16718094
16718096
16718097
16718098
16718100
16718102
16718104
16718105
16718106
16718107
16718108
16718110
16718111
16718113
16718114
16718115
16718116
16718117
16718119
16718120
16718122
16718123
16718124
16718125
16718126
16718128
16718129
16718130
16718131
16718132
16718133
16718134
16718137
16718139
16718140
16718142
16718143
16718144
16718145
16718146
16718147
16718148
16718150
16718153
16718154
16718157
16718158
16718159
16718160
16718162
16718163
16718165
16718166
16718167
16718168
16718169
16718170
16718171
16718172
16718173
16718175
16718176
16718177
16718178
16718179
16718181
16718184
16718185
16718188
16718189
16718190
16718192
16718193
16718194
16718196
16718197
16718199
16718200
16718202
16718203
16718204
16718205
16718206
16718208
16718209
16718210
16718212
16718213
16718215
16718218
16718219
16718220
16718221
16718222
16718223
16718224
16718225
16718226
16718227
16718228
16718229
16718230
16718231
16718232
16718234
16718235
16718236
16718237
16718240
16718241
16718242
16718248
16718249
16718250
16718252
16718254
16718256
16718257
16718259
16718261
16718262
16718263
16718264
16718265
16718267
16718268
16718269
16718270
16718271
16718272
16718273
16718275
16718277
16718280
16718283
16718284
16718285
16718286
16718287
16718288
16718289
16718292
16718295
16718297
16718299
16718300
16718301
16718303
16718304
16718305
16718306
16718307
16718308
16718309
16718312
16718313
16718314
16718315
16718316
16718317
16718318
16718319
16718320
16718321
16718322
16718323
16718324
16718325
16718327
16718328
16718329
16718330
16718331
16718332
16718334
16718335
16718336
16718337
16718338
16718340
16718341
16718342
16718343
16718345
16718346
16718347
16718348
16718349
16718351
16718352
16718353
16718354
16718355
16718356
16718357
16718359
16718361
16718366
16718369
16718370
16718371