17383348
17383349
17383350
17383351
17383352
17383353
17383354
17383355
17383356
17383357
17383358
17383359
17383360
17383361
17383362
17383363
17383364
17383365
17383366
17383367
17383368
17383369
17383370
17383371
17383372
17383373
17383374
17383376
17383378
17383379
17383380
17383381
17383382
17383383
17383384
17383385
17383386
17383387
17383389
17383390
17383392
17383393
17383394
17383395
17383396
17383397
17383398
17383399
17383400
17383401
17383402
17383403
17383404
17383405
17383406
17383407
17383408
17383410
17383411
17383412
17383413
17383416
17383417
17383418
17383422
17383423
17383424
17383425
17383428
17383429
17383430
17383434
17383435
17383436
17383437
17383438
17383439
17383440
17383441
17383442
17383443
17383444
17383445
17383446
17383447
17383448
17383450
17383451
17383452
17383454
17383455
17383456
17383457
17383458
17383459
17383460
17383461
17383463
17383464
17383465
17383466
17383468
17383469
17383470
17383471
17383472
17383473
17383474
17383476
17383477
17383478
17383480
17383481
17383484
17383485
17383486
17383487
17383489
17383490
17383491
17383492
17383493
17383494
17383495
17383496
17383497
17383498
17383499
17383500
17383501
17383502
17383503
17383504
17383505
17383506
17383507
17383508
17383509
17383512
17383513
17383514
17383515
17383516
17383517
17383518
17383520
17383521
17383522
17383524
17383525
17383526
17383527
17383528
17383529
17383530
17383531
17383533
17383534
17383535
17383536
17383537
17383538
17383539
17383540
17383541
17383542
17383543
17383544
17383546
17383547
17383548
17383549
17383550
17383551
17383552
17383553
17383554
17383555
17383556
17383557
17383558
17383559
17383560
17383561
17383562
17383563
17383564
17383565
17383566
17383568
17383570
17383572
17383573
17383574
17383576
17383577
17383578
17383579
17383580
17383581
17383582
17383583
17383584
17383585
17383586
17383587
17383589
17383590
17383591
17383592
17383593
17383594
17383595
17383597
17383598
17383599
17383600
17383601
17383603
17383604
17383606
17383607
17383608
17383609
17383610
17383611
17383612
17383613
17383614
17383615
17383616
17383617
17383618
17383619
17383620
17383621
17383622
17383623
17383624
17383627
17383628
17383629
17383630
17383632
17383633
17383634
17383635
17383636
17383638
17383639
17383641
17383643
17383644
17383645
17383647
17383649
17383651
17383654
17383655
17383656
17383657
17383658
17383659
17383660
17383662
17383663
17383665
17383669
17383671
17383673
17383675
17383676
17383677
17383678
17383679
17383680
17383681
17383682
17383683
17383684
17383686
17383687
17383688
17383689
17383690
17383691
17383692
17383693
17383696
17383697
17383698
17383699
17383700
17383702
17383703
17383704
17383705
17383706
17383707
17383708
17383709
17383710
17383711
17383712
17383714
17383717
17383718
17383719
17383720
17383721
17383723
17383724
17383725
17383726
17383727
17383728
17383729
17383730
17383731
17383732
17383733
17383734
17383735
17383736
17383737
17383739
17383740
17383741
17383742
17383743
17383744
17383746
17383747
17383748
17383750
17383751
17383752
17383753
17383754
17383755
17383756
17383757
17383758
17383759
17383760
17383761
17383763
17383764
17383766
17383767
17383768
17383769
17383770
17383771
17383772
17383773
17383774
17383775
17383776
17383777
17383778
17383779
17383780
17383781
17383782
17383784
17383785
17383786
17383787
17383788
17383789
17383790
17383791
17383792
17383793
17383794
17383795
17383796
17383797
17383799
17383800
17383803
17383804
17383805
17383806
17383807
17383808
17383809
17383810
17383811
17383812
17383813
17383814
17383815
17383816
17383817
17383818
17383819
17383820
17383822
17383824
17383827
17383829
17383830
17383831
17383832
17383833
17383834
17383835
17383836
17383837
17383838
17383840
17383842
17383843
17383844
17383845
17383847
17383848
17383849
17383851
17383852
17383853
17383854
17383855
17383856
17383857
17383858
17383859
17383861
17383862
17383863
17383864
17383866
17383868
17383870
17383871
17383872
17383873
17383874
17383876
17383877
17383878
17383879
17383880
17383885
17383887
17383888
17383889
17383890
17383891
17383892
17383895
17383896
17383898
17383899
17383901
17383902
17383903
17383905
17383907
17383912
17383913
17383916
17383917
17383918
17383919
17383920
17383921
17383924
17383927
17383928
17383929
17383930
17383932
17383934
17383935
17383936
17383938
17383939
17383940
17383941
17383942
17383944
17383945
17383948
17383949
17383950
17383951
17383952
17383954
17383955
17383956
17383957
17383963
17383964
17383965
17383966
17383968
17383970
17383972
17383973
17383974
17383975
17383976
17383977
17383979
17383980
17383981
17383983
17383984
17383985
17383987
17383989
17383990
17383991
17383992
17383993
17383994
17383995
17383996
17383997
17383998
17383999
17384000
17384001
17384002
17384003
17384004
17384005
17384006
17384007
17384008
17384009
17384010
17384011
17384012
17384013
17384015
17384016
17384017
17384018
17384020
17384021
17384022
17384023
17384024
17384025
17384026
17384027
17384028
17384029
17384030
17384031
17384032
17384033
17384035
17384036
17384037
17384038
17384040
17384041
17384042
17384043
17384044
17384046
17384047
17384048
17384050
17384051
17384052
17384053
17384054
17384055
17384056
17384057
17384058
17384059
17384060
17384061
17384062
17384063
17384064
17384065
17384066
17384067
17384068
17384069
17384070
17384071
17384072
17384073
17384074
17384075
17384076
17384077
17384078
17384079
17384080
17384081
17384082
17384083
17384084
17384085
17384086
17384087
17384088
17384089
17384090
17384091
17384092
17384093
17384094
17384095
17384096
17384097
17384098
17384100
17384101
17384102
17384103
17384104
17384105
17384107
17384108
17384110
17384112
17384114
17384115
17384116
17384117
17384118
17384119
17384120
17384121
17384122
17384124
17384125
17384126
17384127
17384128
17384129
17384130
17384131
17384132
17384133
17384134
17384135
17384136
17384137
17384138
17384139
17384140
17384142
17384143
17384144
17384145
17384146
17384147
17384148
17384149
17384150
17384151
17384152
17384153
17384154
17384155
17384156
17384157
17384158
17384159
17384160
17384161
17384162
17384164
17384165
17384166
17384167
17384168
17384169
17384170
17384171
17384172
17384173
17384174
17384175
17384176
17384177
17384178
17384179
17384180
17384181
17384182
17384183
17384184
17384185
17384187
17384188
17384189
17384190
17384191
17384193
17384194
17384195
17384196
17384198
17384199
17384200
17384202
17384203
17384204
17384205
17384206
17384207
17384208
17384209
17384210
17384211
17384212
17384213
17384214
17384216
17384217
17384218
17384219
17384220
17384221
17384222
17384224
17384226
17384227
17384228
17384230
17384231
17384232
17384237
17384240
17384241
17384242
17384243
17384244
17384246
17384247
17384248
17384249
17384250
17384251
17384252
17384253
17384255
17384256
17384257
17384258
17384259
17384260
17384264
17384266
17384267
17384269
17384277
17384279
17384280
17384281
17384282
17384283
17384285
17384286
17384287
17384288
17384289
17384290
17384292
17384293
17384294
17384295
17384296
17384297
17384300
17384301
17384302
17384304
17384306
17384307
17384308
17384309
17384310
17384312
17384313
17384314
17384315
17384316
17384318
17384319
17384320
17384321
17384322
17384324
17384325
17384326
17384327
17384328
17384329
17384331
17384332
17384334
17384335
17384336
17384337
17384338
17384339
17384340
17384341
17384342
17384344
17384345
17384346
17384347
17384348
17384349
17384350
17384351
17384352
17384353
17384354
17384355
17384356
17384357
17384359
17384361
17384363
17384364
17384368
17384369
17384370
17384372
17384374
17384375
17384377
17384378
17384379
17384381
17384382
17384384
17384385
17384386
17384387
17384388
17384389
17384390
17384392
17384394
17384395
17384396
17384400
17384401
17384402
17384403
17384404
17384405
17384406
17384407
17384408
17384409
17384410
17384413
17384414
17384415
17384416
17384417
17384418
17384419
17384420
17384421
17384422
17384424
17384425
17384426
17384427
17384428
17384430
17384431
17384433
17384434
17384435
17384436
17384437
17384438
17384440
17384441
17384442
17384443
17384444
17384446
17384447
17384448
17384449
17384451
17384452
17384453
17384454
17384455
17384456
17384458
17384460
17384461
17384463
17384464
17384465
17384466
17384467
17384468
17384469
17384470
17384471
17384472
17384473
17384474
17384475
17384476
17384477
17384478
17384479
17384480
17384481
17384483
17384484
17384485
17384486
17384487
17384489
17384490
17384491
17384492
17384493
17384494
17384495
17384496
17384498
17384499
17384500
17384501
17384502
17384505
17384506
17384507
17384508
17384510
17384512
17384513
17384514
17384516
17384517
17384518
17384519
17384520
17384521
17384522
17384523
17384524
17384525
17384526
17384527
17384528
17384529
17384530
17384531
17384532
17384533
17384534
17384535
17384536
17384537
17384538
17384540
17384541
17384542
17384543
17384544
17384545
17384546
17384548
17384549
17384550
17384551
17384553
17384554
17384555
17384556
17384558
17384559
17384561
17384563
17384564
17384565
17384566
17384567
17384568
17384569
17384570
17384571
17384572
17384573
17384574
17384575
17384576
17384577
17384578
17384580
17384581
17384582
17384583
17384584
17384586
17384587
17384588
17384589
17384590
17384591
17384592
17384593
17384596
17384597
17384598
17384599
17384600
17384601
17384602
17384603
17384604
17384605
17384606
17384608
17384609
17384610
17384612
17384613
17384614
17384615
17384616
17384617
17384618
17384620
17384621
17384622
17384624
17384625
17384627
17384628
17384629
17384630
17384632
17384633
17384634
17384635
17384636
17384637
17384641
17384645
17384646
17384647
17384648
17384649
17384650
17384651
17384652
17384653
17384654
17384655
17384656
17384657
17384658
17384659
17384660
17384661
17384662
17384664
17384665
17384666
17384667
17384668
17384669
17384670
17384672
17384674
17384675
17384676
17384677
17384678
17384679
17384680
17384682
17384683
17384684
17384686
17384687
17384690
17384691
17384692
17384693
17384694
17384695
17384696
17384697
17384700
17384701
17384702
17384703
17384704
17384705
17384706
17384707
17384708
17384709
17384710
17384711
17384712
17384713
17384716
17384717
17384718
17384719
17384720
17384721
17384722
17384723
17384724
17384725
17384726
17384728
17384729
17384730
17384731
17384732
17384733
17384734
17384735
17384737
17384738
17384740
17384741
17384742
17384743
17384744
17384745
17384746
17384747
17384748
17384749
17384750
17384751
17384752
17384753
17384754
17384755
17384756
17384757
17384758
17384759
17384763
17384764
17384765
17384766
17384767
17384769
17384770
17384771
17384772
17384773
17384774
17384775
17384776
17384777
17384778
17384779
17384780
17384781
17384782
17384783
17384784
17384786
17384787
17384789
17384792
17384794
17384795
17384796
17384797
17384798
17384799
17384800
17384801
17384802
17384804
17384805
17384806
17384807
17384808
17384809
17384810
17384811
17384812
17384813
17384814
17384815
17384816
17384817
17384818
17384819
17384820
17384822
17384823
17384824
17384826
17384827
17384828
17384829
17384830
17384831
17384832
17384833
17384835
17384836
17384837
17384838
17384839
17384840
17384841
17384843
17384844
17384845
17384846
17384847
17384848
17384850
17384852
17384853
17384854
17384855
17384856
17384858
17384859
17384860
17384861
17384862
17384863
17384866
17384868
17384869
17384870
17384871
17384872
17384873
17384874
17384875
17384877
17384878
17384879
17384880
17384881
17384882
17384883
17384884
17384885
17384886
17384887
17384888
17384889
17384890
17384891
17384892
17384893
17384894
17384895
17384896
17384897
17384898
17384899
17384900
17384901
17384902
17384903
17384906
17384907
17384908
17384909
17384910
17384911
17384913
17384915
17384916
17384918
17384919
17384920
17384921
17384922
17384923
17384924
17384925
17384926
17384927
17384929
17384930
17384932
17384933
17384934
17384935
17384936
17384937
17384939
17384941
17384942
17384943
17384944
17384945
17384946
17384947
17384949
17384950
17384951
17384952
17384953
17384954
17384955
17384956
17384958
17384959
17384960
17384961
17384962
17384963
17384964
17384965
17384966
17384967
17384968
17384969
17384970
17384971
17384972
17384973
17384974
17384975
17384976
17384977
17384978
17384979
17384980
17384981
17384982
17384983
17384984
17384986
17384987
17384988
17384989
17384990
17384991
17384992
17384993
17384994
17384995
17384996
17384997
17384998
17385000
17385002
17385003
17385004
17385005
17385006
17385007
17385008
17385009
17385010
17385011
17385012
17385013
17385014
17385016
17385017
17385020
17385021
17385022
17385023
17385024
17385025
17385026
17385027
17385028
17385030
17385031
17385032
17385033
17385034
17385035
17385036
17385037
17385038
17385039
17385040
17385041
17385042
17385043
17385044
17385045
17385046
17385047
17385048
17385051
17385052
17385053
17385054
17385055
17385056
17385057
17385059
17385060
17385061
17385062
17385063
17385064
17385065
17385066
17385067
17385068
17385069
17385070
17385071
17385072
17385073
17385074
17385075
17385076
17385077
17385078
17385079
17385080
17385081
17385082
17385083
17385086
17385087
17385088
17385089
17385090
17385091
17385092
17385093
17385095
17385096
17385097
17385099
17385100
17385101
17385102
17385103
17385104
17385105
17385106
17385107
17385108
17385112
17385113
17385115
17385116
17385117
17385118
17385119
17385120
17385121
17385122
17385123
17385124
17385125
17385126
17385127
17385128
17385129
17385131
17385133
17385134
17385136
17385137
17385140
17385141
17385143
17385144
17385145
17385146
17385147
17385148
17385149
17385150
17385151
17385153
17385154
17385156
17385157
17385158
17385159
17385160
17385162
17385163
17385164
17385166
17385167
17385168
17385169
17385171
17385172
17385173
17385174
17385175
17385176
17385179
17385180
17385181
17385183
17385184
17385185
17385186
17385187
17385188
17385189
17385190
17385191
17385192
17385193
17385194
17385195
17385196
17385197
17385198
17385200
17385201
17385202
17385203
17385204
17385205
17385206
17385207
17385208
17385209
17385210
17385212
17385213
17385214
17385215
17385216
17385218
17385219
17385220
17385221
17385222
17385223
17385224
17385225
17385226
17385227
17385228
17385229
17385231
17385233
17385234
17385236
17385237
17385238
17385240
17385241
17385242
17385243
17385244
17385245
17385246
17385248
17385249
17385250
17385252
17385254
17385255
17385256
17385257
17385258
17385259
17385260
17385261
17385262
17385263
17385265
17385266
17385267
17385268
17385270
17385271
17385272
17385274
17385275
17385277
17385278
17385279
17385280
17385282
17385283
17385284
17385285
17385286
17385287
17385288
17385289
17385290
17385291
17385292
17385293
17385294
17385295
17385296
17385297
17385298
17385299
17385301
17385303
17385306
17385308
17385309
17385310
17385311
17385312
17385313
17385314
17385315
17385316
17385317
17385318
17385319
17385321
17385322
17385323
17385324
17385325
17385326
17385327
17385329
17385330
17385331
17385332
17385333
17385336
17385337
17385338
17385339
17385340
17385341
17385342
17385343
17385345
17385346
17385347
17385348
17385349
17385350
17385351
17385352
17385354
17385355
17385356
17385357
17385358
17385360
17385361
17385362
17385363
17385364
17385365
17385368
17385369
17385370
17385371
17385372
17385373
17385374
17385375
17385376
17385377
17385378
17385379
17385380
17385381
17385382
17385383
17385386
17385387
17385388
17385389
17385390
17385391
17385392
17385394
17385395
17385396
17385398
17385399
17385400
17385402
17385404
17385405
17385406
17385407
17385408
17385409
17385410
17385411
17385412
17385413
17385415
17385416
17385417
17385418
17385419
17385420
17385421
17385422
17385423
17385424
17385425
17385427
17385428
17385429
17385432
17385433
17385434
17385435
17385436
17385437
17385438
17385439
17385443
17385444
17385445
17385446
17385447
17385448
17385450
17385451
17385452
17385453
17385454
17385455
17385456
17385457
17385458
17385460
17385461
17385463
17385464
17385465
17385466
17385467
17385468
17385469
17385470
17385471
17385472
17385473
17385475
17385476
17385477
17385479
17385480
17385481
17385482
17385484
17385486
17385487
17385488
17385490
17385491
17385492
17385494
17385495
17385496
17385498
17385500
17385502
17385503
17385506
17385507
17385508
17385509
17385510
17385511
17385512
17385515
17385516
17385517
17385518
17385519
17385520
17385521
17385522
17385523
17385524
17385525
17385526
17385527
17385528
17385529
17385530
17385531
17385532
17385533
17385534
17385535
17385537
17385538
17385539
17385540
17385541
17385542
17385543
17385544
17385545
17385546
17385547
17385548
17385549
17385551
17385552
17385553
17385554
17385555
17385556
17385557
17385558
17385559
17385560
17385562
17385563
17385564
17385565
17385567
17385568
17385570
17385571
17385572
17385573
17385574
17385575
17385576
17385578
17385579
17385580
17385581
17385582
17385584
17385586
17385587
17385589
17385590
17385591
17385592
17385594
17385595
17385596
17385598
17385600
17385602
17385603
17385604
17385605
17385606
17385607
17385609
17385610
17385611
17385613
17385614
17385615
17385616
17385617
17385618
17385619
17385620
17385621
17385622
17385623
17385624
17385625
17385626
17385627
17385628
17385629
17385630
17385631
17385632
17385634
17385635
17385636
17385637
17385638
17385639
17385640
17385641
17385642
17385643
17385644
17385646
17385647
17385648
17385649
17385650
17385651
17385652
17385654
17385655
17385656
17385658
17385659
17385660
17385661
17385662
17385664
17385666
17385667
17385668
17385669
17385671
17385672
17385673
17385675
17385676
17385677
17385678
17385679
17385680
17385681
17385682
17385684
17385685
17385687
17385689
17385690
17385691
17385692
17385693
17385694
17385695
17385696
17385697
17385699
17385700
17385701
17385702
17385705
17385707
17385708
17385710
17385711
17385712
17385713
17385714
17385715
17385716
17385717
17385718
17385719
17385720
17385721
17385722
17385723
17385724
17385725
17385726
17385727
17385728
17385729
17385733
17385735
17385736
17385737
17385738
17385739
17385740
17385741
17385742
17385743
17385744
17385745
17385747
17385748
17385749
17385750
17385751
17385752
17385753
17385754
17385755
17385756
17385757
17385759
17385760
17385761
17385762
17385763
17385764
17385765
17385766
17385767
17385768
17385769
17385770
17385771
17385772
17385773
17385774
17385775
17385776
17385777
17385779
17385780
17385781
17385782
17385783
17385785
17385786
17385787
17385788
17385789
17385790
17385792
17385794
17385795
17385796
17385797
17385798
17385799
17385800
17385801
17385802
17385803
17385804
17385805
17385806
17385807
17385808
17385810
17385812
17385813
17385814
17385815
17385816
17385817
17385818
17385819
17385820
17385821
17385822
17385823
17385824
17385825
17385826
17385827
17385828
17385830
17385832
17385833
17385834
17385836
17385837
17385838
17385839
17385840
17385841
17385842
17385843
17385844
17385845
17385846
17385847
17385848
17385851
17385852
17385853
17385854
17385855
17385856
17385857
17385858
17385860
17385861
17385862
17385863
17385864
17385865
17385866
17385867
17385868
17385869
17385871
17385872
17385873
17385874
17385875
17385877
17385878
17385879
17385880
17385881
17385882
17385883
17385884
17385885
17385886
17385887
17385888
17385889
17385890
17385891
17385892
17385893
17385894
17385895
17385896
17385897
17385898
17385900
17385901
17385902
17385903
17385904
17385905
17385906
17385908
17385909
17385910
17385911
17385912
17385913
17385914
17385915
17385916
17385917
17385918
17385921
17385922
17385924
17385925
17385926
17385927
17385929
17385933
17385934
17385935
17385936
17385938
17385940
17385941
17385942
17385943
17385944
17385947
17385948
17385949
17385951
17385952
17385953
17385954
17385955
17385956
17385957
17385958
17385959
17385960
17385961
17385962
17385963
17385964
17385965
17385966
17385967
17385968
17385969
17385970
17385971
17385972
17385973
17385974
17385975
17385976
17385977
17385978
17385979
17385980
17385981
17385982
17385983
17385984
17385985
17385986
17385987
17385988
17385989
17385990
17385991
17385992
17385993
17385994
17385995
17385998
17385999
17386000
17386002
17386003
17386004
17386005
17386006
17386007
17386008
17386009
17386010
17386011
17386012
17386013
17386015
17386016
17386017
17386018
17386019
17386020
17386021
17386022
17386023
17386024
17386025
17386027
17386028
17386029
17386030
17386031
17386032
17386034
17386035
17386036
17386038
17386039
17386040
17386042
17386043
17386045
17386047
17386048
17386049
17386050
17386051
17386054
17386055
17386056
17386057
17386058
17386059
17386060
17386061
17386063
17386064
17386065
17386066
17386067
17386068
17386069
17386070
17386071
17386072
17386073
17386074
17386075
17386076
17386077
17386079
17386080
17386081
17386082
17386083
17386084
17386085
17386086
17386087
17386088
17386089
17386090
17386091
17386092
17386093
17386094
17386095
17386096
17386097
17386098
17386099
17386101
17386102
17386103
17386105
17386107
17386108
17386109
17386111
17386112
17386113
17386114
17386115
17386116
17386117
17386118
17386119
17386120
17386122
17386124
17386127
17386128
17386129
17386130
17386131
17386133
17386135
17386136
17386137
17386139
17386140
17386141
17386142
17386143
17386144
17386145
17386147
17386148
17386149
17386150
17386151
17386152
17386153
17386154
17386155
17386156
17386159
17386160
17386161
17386163
17386164
17386165
17386166
17386167
17386168
17386169
17386170
17386171
17386172
17386173
17386174
17386176
17386177
17386178
17386179
17386183
17386184
17386185
17386186
17386187
17386188
17386189
17386191
17386192
17386193
17386194
17386195
17386196
17386197
17386198
17386200
17386202
17386203
17386204
17386206
17386208
17386211
17386214
17386215
17386216
17386218
17386220
17386221
17386222
17386223
17386226
17386227
17386228
17386229
17386234
17386237
17386238
17386239
17386240
17386241
17386242
17386244
17386246
17386247
17386249
17386250
17386252
17386254
17386256
17386257
17386259
17386261
17386264
17386265
17386267
17386268
17386269
17386270
17386271
17386272
17386273
17386274
17386275
17386276
17386278
17386279
17386283
17386284
17386285
17386287
17386289
17386291
17386292
17386293
17386295
17386296
17386297
17386298
17386299
17386300
17386301
17386302
17386304
17386305
17386306
17386308
17386310
17386311
17386312
17386313
17386314
17386317
17386318
17386320
17386321
17386322
17386323
17386324
17386325
17386326
17386327
17386328
17386330
17386332
17386334
17386335
17386336
17386338
17386339
17386341
17386342
17386343
17386344
17386345
17386346
17386347
17386348
17386349
17386350
17386351
17386353
17386354
17386356
17386357
17386358
17386359
17386360
17386362
17386363
17386364
17386366
17386367
17386368
17386369
17386370
17386373
17386374
17386375
17386376
17386377
17386378
17386379
17386382
17386383
17386384
17386385
17386387
17386388
17386389
17386391
17386392
17386394
17386395
17386397
17386398
17386399
17386400
17386401
17386403
17386404
17386405
17386406
17386407
17386408
17386410
17386411
17386412
17386413
17386414
17386415
17386416
17386417
17386418
17386419
17386420
17386421
17386422
17386423
17386424
17386425
17386427
17386428
17386429
17386430
17386431
17386432
17386433
17386434
17386436
17386437
17386438
17386439
17386440
17386441
17386442
17386443
17386445
17386447
17386449
17386451
17386452
17386453
17386454
17386455
17386458
17386459
17386461
17386462
17386463
17386464
17386465
17386466
17386467
17386468
17386470
17386471
17386472
17386473
17386474
17386475
17386476
17386478
17386479
17386480
17386481
17386482
17386484
17386485
17386488
17386490
17386491
17386492
17386493
17386494
17386495
17386496
17386497
17386498
17386499
17386500
17386501
17386502
17386503
17386504
17386505
17386506
17386507
17386508
17386509
17386510
17386511
17386512
17386513
17386514
17386515
17386517
17386518
17386519
17386520
17386521
17386524
17386526
17386527
17386528
17386533
17386536
17386537
17386538
17386539
17386540
17386541
17386542
17386543
17386544
17386545
17386546
17386547
17386548
17386549
17386550
17386551
17386552
17386554
17386555
17386556
17386557
17386558
17386559
17386560
17386561
17386562
17386563
17386564
17386565
17386566
17386567
17386568
17386569
17386570
17386571
17386574
17386575
17386576
17386578
17386579
17386580
17386582
17386583
17386584
17386585
17386586
17386587
17386588
17386589
17386591
17386592
17386593
17386595
17386596
17386597
17386598
17386599
17386600
17386601
17386602
17386604
17386605
17386606
17386610
17386611
17386612
17386613
17386614
17386615
17386617
17386618
17386619
17386620
17386621
17386622
17386623
17386624
17386625
17386626
17386627
17386628
17386630
17386631
17386632
17386633
17386634
17386635
17386636
17386637
17386639
17386640
17386641
17386643
17386644
17386645
17386646
17386648
17386649
17386650
17386652
17386653
17386655
17386656
17386657
17386658
17386660
17386661
17386662
17386663
17386664
17386666
17386667
17386668
17386669
17386670
17386672
17386673
17386674
17386676
17386677
17386678
17386679
17386680
17386682
17386684
17386685
17386686
17386687
17386688
17386689
17386690
17386692
17386693
17386694
17386695
17386696
17386698
17386699
17386700
17386701
17386702
17386704
17386705
17386706
17386707
17386711
17386712
17386713
17386714
17386715
17386716
17386718
17386719
17386721
17386722
17386723
17386724
17386725
17386726
17386727
17386728
17386729
17386731
17386732
17386733
17386734
17386736
17386737
17386738
17386739
17386740
17386741
17386744
17386745
17386746
17386747
17386748
17386749
17386750
17386753
17386754
17386757
17386758
17386759
17386760
17386762
17386763
17386764
17386765
17386766
17386768
17386770
17386771
17386772
17386774
17386775
17386776
17386777
17386778
17386779
17386780
17386782
17386783
17386784
17386785
17386786
17386787
17386788
17386789
17386791
17386792
17386794
17386796
17386797
17386798
17386799
17386800
17386801
17386803
17386804
17386805
17386806
17386807
17386808
17386809
17386810
17386811
17386813
17386814
17386815
17386816
17386817
17386819
17386820
17386821
17386822
17386823
17386824
17386825
17386826
17386827
17386828
17386829
17386830
17386831
17386832
17386833
17386834
17386835
17386836
17386837
17386838
17386839
17386840
17386841
17386842
17386843
17386844
17386846
17386847
17386848
17386850
17386851
17386852
17386853
17386854
17386855
17386856
17386857
17386858
17386859
17386861
17386862
17386863
17386864
17386866
17386867
17386868
17386869
17386871
17386872
17386873
17386874
17386877
17386878
17386879
17386880
17386881
17386882
17386883
17386884
17386885
17386886
17386887
17386889
17386890
17386892
17386893
17386896
17386897
17386898
17386899
17386900
17386902
17386903
17386905
17386906
17386907
17386908
17386909
17386910
17386912
17386913
17386914
17386916
17386918
17386920
17386921
17386922
17386923
17386924
17386925
17386926
17386927
17386928
17386929
17386930
17386931
17386932
17386935
17386936
17386937
17386938
17386939
17386942
17386943
17386945
17386946
17386948
17386949
17386951
17386952
17386953
17386954
17386955
17386956
17386957
17386958
17386959
17386960
17386961
17386962
17386963
17386964
17386966
17386967
17386968
17386969
17386970
17386971
17386972
17386973
17386974
17386975
17386976
17386977
17386979
17386981
17386982
17386983
17386984
17386985
17386986
17386987
17386989
17386990
17386991
17386992
17386993
17386994
17386995
17386996
17386997
17386998
17386999
17387000
17387001
17387003
17387004
17387005
17387006
17387007
17387008
17387009
17387010
17387012
17387013
17387014
17387015
17387016
17387017
17387018
17387019
17387020
17387021