17784809
17784811
17784812
17784813
17784814
17784815
17784816
17784817
17784818
17784819
17784820
17784821
17784822
17784825
17784826
17784827
17784828
17784829
17784830
17784831
17784832
17784833
17784834
17784835
17784836
17784837
17784841
17784842
17784843
17784844
17784846
17784848
17784849
17784850
17784851
17784852
17784853
17784854
17784855
17784856
17784857
17784858
17784859
17784860
17784861
17784862
17784863
17784864
17784865
17784866
17784867
17784868
17784869
17784870
17784871
17784872
17784873
17784874
17784875
17784876
17784877
17784878
17784879
17784880
17784882
17784883
17784884
17784885
17784886
17784887
17784889
17784890
17784891
17784892
17784893
17784894
17784895
17784896
17784897
17784898
17784900
17784901
17784902
17784903
17784904
17784905
17784906
17784907
17784908
17784909
17784910
17784912
17784913
17784914
17784915
17784916
17784917
17784918
17784919
17784920
17784921
17784922
17784923
17784924
17784925
17784926
17784927
17784928
17784929
17784931
17784932
17784934
17784935
17784936
17784937
17784938
17784939
17784940
17784941
17784942
17784943
17784944
17784945
17784947
17784948
17784949
17784950
17784951
17784952
17784953
17784954
17784955
17784956
17784957
17784958
17784960
17784961
17784962
17784963
17784964
17784965
17784966
17784967
17784971
17784973
17784974
17784975
17784977
17784979
17784981
17784982
17784984
17784985
17784986
17784987
17784988
17784989
17784991
17784992
17784994
17784995
17784997
17784998
17784999
17785000
17785001
17785002
17785010
17785013
17785015
17785018
17785019
17785022
17785023
17785024
17785027
17785028
17785031
17785032
17785035
17785036
17785037
17785038
17785041
17785042
17785043
17785044
17785046
17785047
17785048
17785050
17785053
17785054
17785055
17785056
17785063
17785064
17785066
17785071
17785074
17785075
17785076
17785077
17785078
17785082
17785083
17785084
17785086
17785088
17785089
17785090
17785091
17785092
17785093
17785094
17785096
17785097
17785098
17785099
17785101
17785102
17785104
17785105
17785106
17785107
17785108
17785109
17785110
17785111
17785112
17785113
17785114
17785115
17785119
17785120
17785121
17785122
17785123
17785124
17785125
17785127
17785128
17785129
17785130
17785131
17785132
17785133
17785134
17785135
17785138
17785140
17785144
17785146
17785149
17785153
17785158
17785168
17785169
17785172
17785173
17785174
17785177
17785178
17785179
17785181
17785183
17785186
17785189
17785191
17785193
17785197
17785198
17785201
17785202
17785203
17785204
17785210
17785213
17785215
17785216
17785217
17785218
17785219
17785221
17785223
17785224
17785226
17785230
17785231
17785233
17785234
17785236
17785237
17785238
17785240
17785241
17785242
17785243
17785244
17785245
17785246
17785248
17785250
17785251
17785252
17785253
17785255
17785259
17785262
17785264
17785265
17785267
17785268
17785269
17785270
17785271
17785272
17785273
17785274
17785275
17785276
17785278
17785279
17785280
17785281
17785282
17785283
17785284
17785285
17785286
17785290
17785291
17785292
17785296
17785297
17785298
17785299
17785300
17785303
17785304
17785305
17785306
17785307
17785308
17785309
17785310
17785311
17785312
17785313
17785314
17785315
17785316
17785318
17785320
17785321
17785322
17785323
17785325
17785326
17785327
17785328
17785329
17785330
17785334
17785335
17785336
17785337
17785338
17785339
17785340
17785341
17785343
17785344
17785345
17785346
17785347
17785348
17785349
17785350
17785352
17785353
17785354
17785355
17785356
17785360
17785361
17785362
17785363
17785365
17785366
17785368
17785370
17785371
17785374
17785375
17785377
17785378
17785379
17785380
17785381
17785382
17785383
17785384
17785385
17785386
17785387
17785388
17785390
17785392
17785393
17785396
17785397
17785398
17785399
17785401
17785404
17785405
17785406
17785407
17785408
17785409
17785410
17785411
17785412
17785413
17785414
17785415
17785416
17785417
17785418
17785419
17785420
17785422
17785423
17785424
17785425
17785426
17785427
17785428
17785430
17785432
17785433
17785434
17785435
17785436
17785437
17785438
17785440
17785441
17785442
17785443
17785444
17785445
17785447
17785449
17785450
17785452
17785453
17785454
17785455
17785457
17785459
17785461
17785463
17785472
17785474
17785483
17785488
17785492
17785495
17785500
17785511
17785514
17785529
17785533
17785535
17785537
17785541
17785543
17785544
17785545
17785546
17785547
17785549
17785550
17785551
17785554
17785555
17785556
17785557
17785558
17785559
17785560
17785562
17785563
17785564
17785565
17785567
17785569
17785570
17785571
17785572
17785574
17785577
17785578
17785579
17785580
17785581
17785582
17785583
17785584
17785586
17785587
17785588
17785589
17785590
17785594
17785596
17785597
17785598
17785599
17785600
17785601
17785602
17785603
17785604
17785605
17785606
17785607
17785608
17785609
17785611
17785612
17785613
17785615
17785616
17785617
17785618
17785620
17785621
17785622
17785623
17785624
17785625
17785626
17785627
17785628
17785629
17785630
17785631
17785632
17785634
17785635
17785636
17785637
17785638
17785639
17785641
17785643
17785644
17785646
17785647
17785648
17785649
17785650
17785651
17785652
17785653
17785655
17785656
17785657
17785658
17785660
17785661
17785662
17785663
17785664
17785665
17785666
17785667
17785668
17785669
17785670
17785676
17785677
17785678
17785679
17785680
17785681
17785682
17785683
17785685
17785687
17785688
17785689
17785690
17785691
17785693
17785694
17785695
17785696
17785697
17785698
17785699
17785700
17785702
17785703
17785704
17785705
17785706
17785707
17785708
17785709
17785710
17785712
17785713
17785714
17785715
17785717
17785718
17785719
17785720
17785721
17785723
17785724
17785725
17785726
17785727
17785728
17785729
17785730
17785731
17785732
17785733
17785735
17785736
17785737
17785739
17785740
17785742
17785743
17785744
17785745
17785746
17785749
17785750
17785752
17785753
17785754
17785756
17785758
17785759
17785760
17785761
17785763
17785764
17785765
17785766
17785767
17785768
17785769
17785770
17785771
17785773
17785774
17785775
17785776
17785777
17785778
17785779
17785780
17785782
17785783
17785784
17785785
17785786
17785787
17785789
17785790
17785794
17785795
17785797
17785800
17785801
17785802
17785804
17785805
17785806
17785807
17785808
17785809
17785810
17785811
17785812
17785813
17785814
17785815
17785816
17785817
17785818
17785822
17785823
17785824
17785826
17785827
17785829
17785830
17785831
17785832
17785833
17785834
17785835
17785839
17785840
17785841
17785842
17785844
17785845
17785846
17785847
17785848
17785849
17785850
17785851
17785852
17785853
17785854
17785856
17785857
17785859
17785860
17785861
17785862
17785863
17785864
17785866
17785867
17785868
17785869
17785870
17785871
17785872
17785873
17785874
17785875
17785876
17785877
17785878
17785880
17785881
17785882
17785883
17785885
17785886
17785887
17785888
17785889
17785890
17785891
17785892
17785893
17785894
17785899
17785901
17785902
17785903
17785904
17785905
17785906
17785907
17785908
17785909
17785910
17785913
17785917
17785918
17785920
17785921
17785922
17785923
17785925
17785926
17785927
17785928
17785930
17785931
17785932
17785933
17785934
17785936
17785937
17785938
17785939
17785940
17785941
17785942
17785943
17785945
17785947
17785948
17785949
17785951
17785953
17785954
17785955
17785957
17785958
17785960
17785961
17785962
17785963
17785966
17785967
17785969
17785970
17785971
17785972
17785973
17785974
17785975
17785977
17785978
17785979
17785981
17785982
17785983
17785985
17785986
17785987
17785988
17785989
17785992
17785995
17785996
17785997
17785998
17785999
17786002
17786003
17786004
17786005
17786006
17786007
17786008
17786009
17786010
17786011
17786012
17786014
17786015
17786016
17786017
17786018
17786021
17786024
17786025
17786027
17786028
17786029
17786030
17786031
17786032
17786033
17786034
17786035
17786036
17786037
17786038
17786039
17786040
17786041
17786042
17786043
17786044
17786045
17786046
17786048
17786050
17786051
17786052
17786053
17786054
17786055
17786056
17786057
17786059
17786060
17786062
17786063
17786064
17786065
17786066
17786067
17786069
17786070
17786071
17786072
17786073
17786076
17786078
17786083
17786088
17786089
17786094
17786095
17786098
17786101
17786105
17786109
17786110
17786111
17786113
17786114
17786116
17786118
17786119
17786121
17786123
17786124
17786125
17786128
17786132
17786134
17786136
17786137
17786139
17786140
17786144
17786145
17786147
17786149
17786152
17786154
17786155
17786158
17786159
17786160
17786162
17786163
17786166
17786167
17786168
17786170
17786172
17786173
17786174
17786185
17786195
17786199
17786202
17786206
17786208
17786211
17786212
17786218
17786219
17786220
17786223
17786224
17786225
17786226
17786227
17786229
17786232
17786233
17786239
17786240
17786241
17786242
17786243
17786245
17786247
17786248
17786249
17786251
17786252
17786253
17786254
17786255
17786256
17786258
17786259
17786260
17786261
17786263
17786264
17786265
17786268
17786269
17786271
17786275
17786276
17786280
17786281
17786283
17786284
17786287
17786288
17786290
17786292
17786294
17786295
17786296
17786297
17786298
17786299
17786300
17786303
17786305
17786306
17786308
17786313
17786316
17786319
17786323
17786324
17786325
17786326
17786327
17786328
17786336
17786337
17786338
17786339
17786340
17786341
17786342
17786344
17786347
17786348
17786350
17786351
17786352
17786353
17786354
17786355
17786357
17786358
17786359
17786360
17786361
17786363
17786364
17786368
17786370
17786371
17786373
17786374
17786375
17786379
17786380
17786381
17786383
17786384
17786385
17786388
17786389
17786390
17786392
17786395
17786396
17786398
17786400
17786401
17786402
17786404
17786407
17786408
17786410
17786411
17786413
17786415
17786416
17786419
17786421
17786422
17786423
17786424
17786425
17786427
17786428
17786430
17786431
17786432
17786433
17786435
17786437
17786438
17786439
17786440
17786442
17786445
17786446
17786449
17786450
17786451
17786453
17786455
17786456
17786457
17786458
17786459
17786460
17786461
17786462
17786464
17786466
17786468
17786469
17786472
17786474
17786475
17786478
17786480
17786481
17786482
17786483
17786484
17786486
17786488
17786489
17786490
17786491
17786492
17786493
17786494
17786495
17786498
17786501
17786503
17786504
17786506
17786507
17786508
17786509
17786510
17786511
17786512
17786513
17786514
17786517
17786518
17786521
17786523
17786524
17786525
17786527
17786529
17786530
17786532
17786533
17786534
17786536
17786537
17786541
17786542
17786543
17786544
17786546
17786548
17786550
17786551
17786553
17786555
17786557
17786558
17786559
17786560
17786563
17786567
17786568
17786569
17786572
17786573
17786574
17786576
17786577
17786578
17786579
17786580
17786581
17786584
17786585
17786586
17786587
17786589
17786590
17786591
17786593
17786595
17786596
17786597
17786602
17786603
17786604
17786605
17786606
17786607
17786608
17786609
17786611
17786612
17786613
17786617
17786618
17786620
17786622
17786625
17786626
17786627
17786628
17786629
17786630
17786631
17786632
17786633
17786634
17786635
17786636
17786637
17786638
17786639
17786641
17786644
17786645
17786646
17786648
17786650
17786651
17786652
17786653
17786654
17786655
17786656
17786657
17786661
17786663
17786665
17786666
17786667
17786668
17786669
17786670
17786671
17786673
17786674
17786675
17786676
17786677
17786678
17786679
17786681
17786682
17786683
17786684
17786685
17786686
17786688
17786689
17786690
17786691
17786692
17786693
17786695
17786696
17786698
17786699
17786700
17786701
17786702
17786703
17786704
17786705
17786706
17786707
17786709
17786710
17786711
17786712
17786713
17786714
17786715
17786716
17786717
17786718
17786719
17786720
17786721
17786722
17786723
17786725
17786726
17786727
17786729
17786730
17786731
17786732
17786733
17786734
17786736
17786737
17786739
17786740
17786742
17786743
17786744
17786745
17786746
17786747
17786748
17786749
17786750
17786752
17786756
17786757
17786758
17786759
17786762
17786763
17786764
17786765
17786768
17786770
17786771
17786772
17786773
17786774
17786775
17786776
17786777
17786778
17786781
17786782
17786783
17786784
17786785
17786786
17786787
17786788
17786789
17786790
17786791
17786792
17786793
17786794
17786795
17786796
17786798
17786799
17786801
17786802
17786803
17786807
17786808
17786809
17786810
17786811
17786813
17786814
17786815
17786816
17786818
17786819
17786822
17786823
17786824
17786825
17786826
17786827
17786828
17786830
17786832
17786833
17786835
17786837
17786838
17786842
17786843
17786846
17786848
17786849
17786850
17786851
17786853
17786855
17786856
17786857
17786859
17786860
17786861
17786862
17786863
17786864
17786865
17786867
17786868
17786869
17786870
17786872
17786874
17786875
17786876
17786877
17786878
17786879
17786880
17786881
17786882
17786883
17786884
17786885
17786886
17786887
17786888
17786889
17786891
17786893
17786894
17786896
17786899
17786900
17786901
17786903
17786905
17786906
17786907
17786909
17786910
17786911
17786912
17786913
17786914
17786915
17786916
17786917
17786918
17786920
17786921
17786922
17786923
17786924
17786925
17786926
17786927
17786928
17786929
17786931
17786932
17786933
17786934
17786935
17786936
17786937
17786941
17786942
17786943
17786944
17786945
17786948
17786949
17786950
17786951
17786952
17786953
17786954
17786955
17786956
17786957
17786958
17786959
17786960
17786961
17786963
17786964
17786966
17786967
17786970
17786971
17786973
17786974
17786976
17786977
17786978
17786979
17786980
17786981
17786982
17786984
17786985
17786986
17786987
17786990
17786991
17786992
17786993
17786994
17786995
17786997
17786998
17786999
17787001
17787003
17787004
17787005
17787006
17787007
17787008
17787009
17787010
17787011
17787012
17787014
17787015
17787016
17787017
17787018
17787019
17787020
17787023
17787024
17787025
17787026
17787027
17787028
17787030
17787031
17787032
17787033
17787034
17787035
17787036
17787038
17787039
17787040
17787041
17787042
17787043
17787044
17787046
17787047
17787048
17787049
17787052
17787054
17787055
17787056
17787057
17787058
17787059
17787061
17787062
17787064
17787066
17787068
17787069
17787070
17787072
17787073
17787075
17787076
17787077
17787078
17787079
17787080
17787081
17787082
17787083
17787084
17787085
17787086
17787087
17787088
17787090
17787091
17787092
17787093
17787094
17787095
17787096
17787097
17787099
17787100
17787101
17787104
17787106
17787108
17787109
17787110
17787111
17787112
17787114
17787116
17787117
17787118
17787120
17787124
17787126
17787127
17787128
17787129
17787131
17787132
17787133
17787134
17787135
17787136
17787138
17787139
17787140
17787141
17787143
17787144
17787146
17787147
17787148
17787149
17787150
17787151
17787152
17787153
17787154
17787155
17787156
17787158
17787159
17787161
17787162
17787163
17787164
17787165
17787166
17787167
17787168
17787169
17787170
17787172
17787175
17787177
17787178
17787179
17787180
17787181
17787182
17787185
17787186
17787187
17787188
17787189
17787190
17787191
17787192
17787193
17787194
17787195
17787196
17787197
17787198
17787199
17787200
17787201
17787202
17787203
17787204
17787205
17787206
17787207
17787208
17787209
17787212
17787213
17787214
17787215
17787216
17787217
17787218
17787219
17787220
17787223
17787224
17787225
17787229
17787231
17787232
17787235
17787236
17787237
17787238
17787239
17787240
17787241
17787242
17787244
17787245
17787246
17787248
17787249
17787250
17787251
17787252
17787253
17787254
17787255
17787256
17787257
17787258
17787259
17787260
17787261
17787262
17787263
17787264
17787265
17787266
17787267
17787268
17787269
17787271
17787274
17787275
17787277
17787278
17787280
17787281
17787283
17787286
17787290
17787291
17787293
17787294
17787295
17787296
17787298
17787299
17787300
17787301
17787302
17787303
17787304
17787305
17787308
17787311
17787312
17787313
17787314
17787316
17787317
17787319
17787320
17787321
17787322
17787323
17787324
17787325
17787326
17787327
17787328
17787329
17787330
17787331
17787332
17787334
17787335
17787336
17787337
17787338
17787339
17787340
17787341
17787342
17787343
17787344
17787345
17787346
17787347
17787348
17787349
17787350
17787351
17787352
17787353
17787354
17787355
17787356
17787358
17787359
17787360
17787362
17787363
17787364
17787365
17787366
17787367
17787368
17787369
17787371
17787372
17787373
17787374
17787375
17787376
17787377
17787379
17787381
17787383
17787385
17787386
17787387
17787388
17787389
17787390
17787392
17787393
17787394
17787395
17787396
17787397
17787398
17787399
17787400
17787401
17787403
17787404
17787405
17787406
17787407
17787408
17787409
17787411
17787412
17787413
17787415
17787416
17787417
17787418
17787419
17787420
17787421
17787422
17787424
17787425
17787426
17787427
17787428
17787429
17787430
17787431
17787432
17787434
17787435
17787436
17787437
17787438
17787439
17787440
17787441
17787443
17787444
17787445
17787446
17787447
17787448
17787450
17787452
17787454
17787455
17787456
17787457
17787458
17787459
17787461
17787462
17787463
17787464
17787465
17787466
17787467
17787468
17787469
17787470
17787473
17787474
17787475
17787476
17787477
17787478
17787480
17787481
17787482
17787483
17787484
17787485
17787486
17787488
17787491
17787492
17787493
17787494
17787495
17787496
17787497
17787498
17787499
17787500
17787501
17787502
17787503
17787504
17787505
17787507
17787509
17787510
17787511
17787512
17787513
17787514
17787515
17787517
17787519
17787520
17787521
17787522
17787523
17787525
17787526
17787527