17776043
17776055
17776065
17776073
17776079
17776081
17776097
17776102
17776136
17774154
17774156
17774157
17774158
17774160
17774161
17774163
17774164
17774166
17774167
17774169
17774170
17774171
17774174
17774175
17774176
17774177
17774181
17774187
17774188
17774189
17774190
17774191
17774192
17774194
17774195
17774199
17774200
17774201
17774202
17774203
17774207
17774211
17774214
17774215
17774216
17774217
17774221
17774224
17774225
17774226
17774227
17774228
17774230
17774232
17774234
17774235
17774236
17774237
17774239
17774240
17774243
17774244
17774249
17774251
17774252
17774253
17774254
17774255
17774258
17774259
17774260
17774261
17774262
17774263
17774266
17774270
17774272
17774273
17774275
17774276
17774277
17774278
17774279
17774280
17774281
17774283
17774285
17774286
17774287
17774290
17774291
17774293
17774294
17774295
17774297
17774300
17774301
17774302
17774306
17774307
17774308
17774312
17774314
17774315
17774317
17774318
17774319
17774320
17774321
17774322
17774323
17774324
17774326
17774327
17774328
17774329
17774330
17774331
17774332
17774334
17774335
17774336
17774338
17774340
17774343
17774344
17774345
17774346
17774347
17774348
17774349
17774350
17774351
17774352
17774353
17774354
17774355
17774356
17774357
17774359
17774363
17774365
17774366
17774367
17774368
17774370
17774371
17774372
17774373
17774376
17774377
17774378
17774380
17774381
17774386
17774387
17774388
17774390
17774395
17774396
17774397
17774398
17774402
17774403
17774405
17774408
17774411
17774415
17774416
17774417
17774418
17774419
17774429
17774435
17774436
17774441
17774442
17774443
17774444
17774446
17774447
17774448
17774449
17774452
17774453
17774454
17774455
17774458
17774460
17774462
17774466
17774472
17774473
17774474
17774477
17774479
17774481
17774514
17774524
17774544
17774550
17774564
17774573
17774585
17774587
17774595
17774596
17774598
17774599
17774600
17774601
17774603
17774604
17774605
17774606
17774607
17774609
17774611
17774612
17774613
17774614
17774618
17774619
17774620
17774622
17774623
17774624
17774625
17774626
17774628
17774629
17774630
17774631
17774633
17774635
17774636
17774637
17774638
17774639
17774640
17774641
17774642
17774646
17774647
17774648
17774649
17774650
17774652
17774653
17774654
17774655
17774656
17774657
17774658
17774660
17774662
17774665
17774667
17774668
17774669
17774670
17774672
17774674
17774675
17774677
17774678
17774679
17774681
17774683
17774684
17774685
17774689
17774690
17774691
17774692
17774693
17774694
17774695
17774696
17774697
17774700
17774701
17774707
17774709
17774713
17774718
17774720
17774721
17774724
17774725
17774727
17774728
17774731
17774732
17774734
17774738
17774744
17774746
17774750
17774751
17774753
17774754
17774755
17774756
17774757
17774758
17774759
17774760
17774761
17774762
17774763
17774765
17774767
17774768
17774769
17774770
17774771
17774773
17774775
17774776
17774777
17774778
17774779
17774781
17774782
17774783
17774784
17774785
17774786
17774787
17774788
17774789
17774790
17774791
17774793
17774794
17774795
17774797
17774798
17774799
17774800
17774801
17774802
17774803
17774804
17774806
17774807
17774809
17774810
17774811
17774812
17774813
17774815
17774816
17774817
17774818
17774819
17774820
17774821
17774822
17774823
17774824
17774826
17774827
17774828
17774830
17774831
17774832
17774833
17774835
17774836
17774837
17774838
17774839
17774840
17774841
17774842
17774843
17774844
17774846
17774848
17774849
17774850
17774851
17774852
17774854
17774855
17774856
17774858
17774859
17774860
17774861
17774863
17774865
17774866
17774868
17774869
17774870
17774871
17774872
17774873
17774874
17774875
17774876
17774877
17774878
17774879
17774880
17774881
17774882
17774883
17774884
17774885
17774886
17774887
17774889
17774890
17774891
17774893
17774894
17774895
17774897
17774898
17774899
17774900
17774901
17774902
17774903
17774904
17774905
17774906
17774907
17774908
17774909
17774910
17774912
17774913
17774914
17774915
17774916
17774918
17774919
17774921
17774923
17774924
17774925
17774926
17774927
17774928
17774930
17774931
17774933
17774936
17774937
17774938
17774939
17774940
17774941
17774945
17774946
17774947
17774948
17774949
17774952
17774953
17774954
17774956
17774958
17774962
17774963
17774964
17774965
17774966
17774968
17774969
17774970
17774972
17774973
17774975
17774976
17774979
17774981
17774982
17774983
17774984
17774986
17774987
17774991
17774993
17774994
17774999
17775006
17775007
17775008
17775010
17775013
17775015
17775017
17775021
17775023
17775024
17775025
17775026
17775031
17775033
17775034
17775037
17775040
17775041
17775043
17775044
17775047
17775048
17775050
17775051
17775052
17775053
17775056
17775057
17775058
17775060
17775062
17775063
17775064
17775065
17775066
17775067
17775068
17775069
17775071
17775075
17775079
17775080
17775081
17775082
17775083
17775084
17775085
17775086
17775090
17775093
17775094
17775095
17775096
17775097
17775100
17775101
17775102
17775103
17775104
17775105
17775107
17775108
17775109
17775110
17775112
17775113
17775114
17775115
17775116
17775117
17775118
17775119
17775120
17775123
17775125
17775126
17775128
17775129
17775134
17775135
17775137
17775138
17775141
17775142
17775148
17775150
17775151
17775152
17775153
17775154
17775155
17775157
17775159
17775160
17775162
17775164
17775165
17775167
17775169
17775170
17775175
17775176
17775179
17775180
17775182
17775184
17775187
17775191
17775192
17775194
17775195
17775196
17775199
17775202
17775203
17775204
17775205
17775206
17775210
17775211
17775214
17775215
17775216
17775217
17775219
17775220
17775221
17775224
17775225
17775227
17775228
17775230
17775231
17775232
17775233
17775237
17775241
17775242
17775246
17775249
17775252
17775255
17775256
17775258
17775261
17775262
17775263
17775264
17775265
17775266
17775267
17775268
17775269
17775270
17775271
17775272
17775273
17775274
17775275
17775276
17775278
17775279
17775280
17775281
17775284
17775285
17775286
17775287
17775288
17775289
17775290
17775291
17775294
17775295
17775296
17775297
17775298
17775299
17775300
17775302
17775303
17775304
17775305
17775306
17775307
17775308
17775309
17775310
17775311
17775313
17775314
17775315
17775316
17775317
17775318
17775319
17775320
17775321
17775322
17775323
17775325
17775326
17775327
17775328
17775329
17775330
17775331
17775332
17775334
17775335
17775337
17775338
17775339
17775341
17775342
17775343
17775344
17775346
17775347
17775348
17775349
17775350
17775352
17775353
17775354
17775355
17775356
17775357
17775358
17775359
17775360
17775361
17775362
17775363
17775364
17775365
17775366
17775367
17775368
17775369
17775370
17775371
17775372
17775373
17775374
17775375
17775376
17775377
17775378
17775379
17775380
17775381
17775382
17775383
17775384
17775385
17775386
17775390
17775391
17775392
17775393
17775394
17775395
17775396
17775397
17775398
17775399
17775401
17775402
17775403
17775404
17775405
17775406
17775407
17775409
17775413
17775416
17775417
17775419
17775420
17775421
17775423
17775425
17775428
17775429
17775431
17775433
17775435
17775438
17775439
17775441
17775442
17775445
17775446
17775447
17775448
17775450
17775451
17775453
17775454
17775457
17775458
17775460
17775462
17775464
17775465
17775470
17775471
17775472
17775474
17775476
17775477
17775478
17775481
17775482
17775483
17775485
17775486
17775487
17775488
17775489
17775490
17775492
17775494
17775496
17775497
17775499
17775500
17775501
17775502
17775503
17775504
17775505
17775506
17775507
17775509
17775510
17775511
17775512
17775513
17775514
17775515
17775516
17775517
17775518
17775519
17775521
17775522
17775523
17775525
17775526
17775527
17775528
17775529
17775530
17775531
17775533
17775534
17775535
17775536
17775537
17775538
17775539
17775540
17775541
17775542
17775543
17775544
17775545
17775546
17775549
17775550
17775552
17775553
17775554
17775555
17775556
17775558
17775560
17775561
17775564
17775566
17775568
17775569
17775570
17775571
17775573
17775575
17775576
17775577
17775578
17775580
17775581
17775582
17775583
17775584
17775585
17775586
17775588
17775589
17775590
17775592
17775593
17775594
17775595
17775596
17775599
17775600
17775601
17775603
17775604
17775606
17775608
17775609
17775610
17775611
17775615
17775617
17775618
17775619
17775621
17775622
17775624
17775625
17775626
17775627
17775628
17775630
17775631
17775634
17775635
17775637
17775639
17775640
17775642
17775643
17775645
17775646
17775647
17775648
17775650
17775652
17775653
17775654
17775656
17775657
17775659
17775660
17775661
17775662
17775665
17775667
17775668
17775669
17775670
17775671
17775673
17775674
17775676
17775677
17775679
17775680
17775681
17775683
17775684
17775685
17775687
17775688
17775689
17775691
17775693
17775694
17775695
17775696
17775697
17775698
17775700
17775701
17775702
17775706
17775710
17775713
17775717
17775719
17775720
17775723
17775724
17775725
17775726
17775727
17775729
17775730
17775732
17775733
17775736
17775738
17775740
17775741
17775742
17775743
17775744
17775745
17775746
17775747
17775748
17775749
17775750
17775751
17775752
17775754
17775755
17775756
17775757
17775759
17775762
17775766
17775767
17775769
17775770
17775772
17775773
17775774
17775775
17775776
17775778
17775779
17775781
17775782
17775783
17775785
17775786
17775787
17775788
17775789
17775790
17775791
17775792
17775794
17775795
17775796
17775797
17775798
17775799
17775800
17775802
17775803
17775804
17775805
17775806
17775807
17775808
17775809
17775810
17775811
17775812
17775813
17775814
17775816
17775817
17775818
17775819
17775821
17775822
17775823
17775824
17775826
17775827
17775828
17775829
17775830
17775832
17775833
17775834
17775835
17775836
17775837
17775838
17775839
17775840
17775841
17775842
17775843
17775846
17775847
17775849
17775850
17775851
17775852
17775853
17775854
17775855
17775856
17775859
17775861
17775863
17775864
17775866
17775867
17775868
17775869
17775870
17775871
17775872
17775874
17775875
17775876
17775877
17775879
17775881
17775882
17775883
17775884
17775885
17775886
17775887
17775889
17775891
17775892
17775893
17775895
17775896
17775897
17775899
17775900
17775902
17775908
17775912
17775913
17775914
17775915
17775916
17775917
17775920
17775921
17775924
17775925
17775926
17775927
17775928
17775929
17775930
17775933
17775935
17775936
17775938
17775939
17775940
17775941
17775942
17775943
17775945
17775946
17775947
17775948
17775950
17775951
17775952
17775953
17775954
17775956
17775958
17775959
17775960
17775961
17775962
17775964
17775966
17775968
17775969
17775970
17775971
17775972
17775973
17775975
17775976
17775977
17775978
17775979
17775982
17775983
17775984
17775986
17775989
17775990
17775992
17775995
17775996
17775997
17775998
17775999
17776001
17776003
17776006
17776007
17776008
17776009
17776010
17776011
17776012
17776013
17776014
17776015
17776016
17776017
17776018
17776019
17776020
17776021
17776022
17776024
17776029
17776031
17776032
17776033
17776034
17776035
17776037
17776038
17776039
17776040
17776042
17776045
17776046
17776047
17776048
17776049
17776051
17776052
17776054
17776056
17776057
17776058
17776059
17776060
17776062
17776063
17776064
17776067
17776068
17776070
17776072
17776074
17776075
17776076
17776077
17776078
17776080
17776082
17776085
17776086
17776087
17776090
17776091
17776094
17776095
17776096
17776098
17776099
17776100
17776101
17776103
17776104
17776105
17776106
17776107
17776108
17776109
17776111
17776112
17776116
17776117
17776119
17776120
17776121
17776122
17776123
17776124
17776125
17776126
17776127
17776128
17776129
17776130
17776131
17776133
17776134
17776137
17776138
17776135
17776140
17776141
17776142
17776143
17776144
17776145
17776139
17776146
17776148
17776149
17776150
17776151
17776152
17776153
17776154
17776147
17776156
17776157
17776158
17776159
17776160
17776161
17776162
17776163
17776165
17776166
17776167
17776168
17776169
17776170
17776171
17776172
17776173
17776174
17776175
17776176
17776177
17776178
17776179
17776180
17776181
17776182
17776183
17776184
17776185
17776186
17776188
17776189
17776190
17776191
17776192
17776193
17776194
17776196
17776197
17776199
17776200
17776201
17776203
17776204
17776206
17776207
17776208
17776209
17776210
17776211
17776214
17776216
17776217
17776218
17776219
17776220
17776222
17776223
17776224
17776225
17776226
17776227
17776228
17776229
17776230
17776231
17776232
17776233
17776234
17776236
17776237
17776238
17776239
17776240
17776241
17776242
17776244
17776245
17776247
17776248
17776249
17776250
17776251
17776252
17776253
17776254
17776255
17776256
17776257
17776259
17776260
17776261
17776262
17776264
17776265
17776266
17776268
17776269
17776270
17776271
17776273
17776274
17776275
17776276
17776277
17776278
17776279
17776280
17776282
17776284
17776286
17776287
17776288
17776289
17776290
17776291
17776292
17776293
17776294
17776297
17776298
17776299
17776301
17776303
17776304
17776305
17776306
17776307
17776310
17776311
17776312
17776313
17776315
17776316
17776317
17776318
17776319
17776320
17776321
17776322
17776323
17776324
17776325
17776326
17776327
17776329
17776332
17776333
17776334
17776335
17776336
17776337
17776338
17776339
17776340
17776341
17776342
17776343
17776344
17776345
17776347
17776348
17776349
17776350
17776351
17776352
17776354
17776355
17776356
17776357
17776358
17776359
17776360
17776361
17776362
17776364
17776365
17776366
17776367
17776368
17776370
17776371
17776372
17776373
17776374
17776376
17776377
17776378
17776379
17776380
17776382
17776383
17776384
17776387
17776388
17776389
17776392
17776393
17776395
17776397
17776398
17776399
17776400
17776401
17776402
17776404
17776406
17776407
17776408
17776409
17776410
17776411
17776413
17776415
17776416
17776417
17776418
17776419
17776420
17776421
17776422
17776423
17776424
17776425
17776426
17776427
17776429
17776431
17776432
17776434
17776435
17776436
17776437
17776438
17776439
17776444
17776447
17776448
17776450
17776451
17776455
17776456
17776458
17776459
17776460
17776461
17776463
17776464
17776465
17776466
17776467
17776468
17776469
17776470
17776471
17776473
17776474
17776475
17776476
17776477
17776479
17776480
17776481
17776482
17776483
17776484
17776485
17776486
17776489
17776490
17776491
17776492
17776493
17776494
17776495
17776496
17776497
17776498
17776499
17776501
17776502
17776503
17776504
17776506
17776507
17776508
17776510
17776511
17776512
17776513
17776514
17776515
17776516
17776517
17776518
17776519
17776520
17776522
17776523
17776524
17776525
17776526
17776527
17776530
17776531
17776532
17776534
17776535
17776536
17776538
17776540
17776541
17776543
17776544
17776546
17776547
17776548
17776551
17776552
17776554
17776556
17776557
17776560
17776562
17776563
17776565
17776566
17776568
17776569
17776570
17776572
17776573
17776574
17776575
17776576
17776577
17776578
17776579
17776580
17776581
17776582
17776583
17776584
17776586
17776588
17776590
17776591
17776592
17776593
17776594
17776596
17776597
17776600
17776601
17776602
17776603
17776604
17776605
17776606
17776607
17776609
17776610
17776611
17776612
17776613
17776614
17776615
17776616
17776617
17776620
17776622
17776623
17776624
17776625
17776626
17776628
17776629
17776630
17776631
17776632
17776634
17776635
17776637
17776638
17776639
17776640
17776641
17776642
17776643
17776645
17776647
17776648
17776649
17776650
17776651
17776652
17776653
17776655
17776657
17776658
17776660
17776661
17776663
17776664
17776665
17776666
17776667
17776668
17776670
17776672
17776673
17776674
17776675
17776676
17776677
17776678
17776679
17776680
17776682
17776683
17776684
17776685
17776686
17776687
17776688
17776690
17776692
17776693
17776694
17776695
17776696
17776699
17776701
17776702
17776703
17776705
17776706
17776708
17776709
17776710
17776712
17776713
17776714
17776716
17776717
17776718
17776719
17776720
17776722
17776723
17776725
17776726
17776727
17776728
17776729
17776730
17776731
17776732
17776733
17776734
17776735
17776739
17776740
17776742
17776743
17776744
17776745
17776746
17776748
17776749
17776750
17776751
17776753
17776754
17776760
17776761
17776762
17776763
17776764
17776765
17776766
17776767
17776768
17776769
17776770
17776771
17776772
17776773
17776774
17776775
17776776
17776777
17776778
17776779
17776780
17776781
17776782
17776783
17776784
17776785
17776786
17776787
17776788
17776789
17776790
17776791
17776792
17776794
17776795
17776796
17776797
17776798
17776799
17776800
17776801
17776803
17776804
17776805
17776806
17776807
17776808
17776809
17776810
17776811
17776812
17776813
17776814
17776815
17776816
17776817
17776818
17776820
17776821
17776822
17776823
17776825
17776826
17776827
17776829
17776830
17776831
17776832
17776834
17776835
17776837
17776838
17776840
17776841
17776842
17776845
17776846
17776849
17776850
17776852
17776854
17776855
17776856
17776857
17776858
17776859
17776860
17776861
17776862
17776863
17776866
17776867
17776868
17776869
17776873
17776874
17776875
17776876
17776877
17776878
17776879
17776880
17776881
17776882
17776883
17776884
17776885
17776886
17776888
17776889
17776890
17776891
17776895
17776896
17776897
17776898