17660070
17660071
17660073
17660075
17660076
17660077
17660078
17660079
17660080
17660081
17660082
17660083
17660084
17660085
17660087
17660088
17660089
17660090
17660092
17660093
17660094
17660095
17660096
17660098
17660099
17660100
17660101
17660103
17660104
17660105
17660108
17660110
17660111
17660112
17660113
17660114
17660117
17660118
17660119
17660122
17660123
17660124
17660126
17660127
17660128
17660131
17660132
17660133
17660134
17660135
17660136
17660137
17660138
17660139
17660140
17660141
17660142
17660143
17660144
17660145
17660146
17660148
17660149
17660150
17660151
17660152
17660153
17660154
17660155
17660156
17660157
17660158
17660159
17660160
17660161
17660162
17660163
17660164
17660167
17660168
17660169
17660170
17660171
17660172
17660173
17660174
17660175
17660176
17660177
17660178
17660179
17660180
17660181
17660182
17660183
17660185
17660186
17660187
17660188
17660189
17660193
17660195
17660196
17660197
17660200
17660201
17660202
17660203
17660204
17660205
17660206
17660207
17660208
17660209
17660212
17660213
17660214
17660215
17660216
17660217
17660219
17660220
17660221
17660225
17660226
17660228
17660229
17660230
17660231
17660233
17660235
17660236
17660238
17660239
17660240
17660241
17660242
17660243
17660244
17660245
17660246
17660247
17660249
17660250
17660251
17660252
17660254
17660255
17660256
17660257
17660259
17660260
17660261
17660262
17660263
17660264
17660265
17660266
17660268
17660269
17660270
17660272
17660275
17660276
17660277
17660279
17660280
17660281
17660283
17660284
17660285
17660286
17660287
17660288
17660289
17660290
17660292
17660293
17660294
17660295
17660296
17660297
17660298
17660299
17660300
17660302
17660303
17660304
17660305
17660307
17660308
17660309
17660310
17660311
17660312
17660313
17660315
17660316
17660317
17660318
17660319
17660320
17660321
17660322
17660323
17660324
17660325
17660326
17660328
17660329
17660330
17660331
17660332
17660333
17660334
17660335
17660336
17660337
17660338
17660339
17660341
17660342
17660343
17660344
17660345
17660346
17660347
17660348
17660349
17660350
17660352
17660353
17660354
17660355
17660356
17660357
17660359
17660360
17660361
17660362
17660363
17660364
17660365
17660366
17660367
17660368
17660370
17660371
17660372
17660373
17660375
17660376
17660377
17660379
17660380
17660381
17660383
17660384
17660385
17660388
17660389
17660390
17660392
17660393
17660394
17660396
17660397
17660399
17660400
17660401
17660402
17660403
17660405
17660406
17660410
17660411
17660412
17660413
17660415
17660416
17660417
17660418
17660419
17660421
17660422
17660423
17660425
17660426
17660427
17660428
17660429
17660432
17660433
17660434
17660435
17660437
17660439
17660441
17660442
17660443
17660444
17660445
17660447
17660448
17660450
17660451
17660452
17660453
17660454
17660455
17660456
17660457
17660458
17660460
17660462
17660463
17660465
17660466
17660467
17660470
17660471
17660472
17660473
17660474
17660476
17660477
17660478
17660479
17660480
17660481
17660482
17660483
17660484
17660485
17660486
17660487
17660490
17660493
17660494
17660496
17660497
17660498
17660499
17660500
17660501
17660502
17660503
17660504
17660506
17660507
17660508
17660509
17660510
17660511
17660512
17660513
17660514
17660515
17660516
17660517
17660518
17660519
17660522
17660523
17660525
17660526
17660527
17660528
17660529
17660530
17660533
17660534
17660535
17660536
17660538
17660539
17660540
17660541
17660542
17660543
17660544
17660545
17660546
17660547
17660549
17660550
17660552
17660553
17660555
17660556
17660558
17660559
17660560
17660561
17660562
17660564
17660565
17660566
17660567
17660568
17660569
17660570
17660571
17660572
17660574
17660575
17660576
17660577
17660578
17660581
17660582
17660583
17660584
17660585
17660586
17660587
17660588
17660589
17660590
17660591
17660592
17660594
17660595
17660597
17660598
17660599
17660600
17660601
17660602
17660603
17660604
17660605
17660606
17660607
17660608
17660609
17660610
17660611
17660612
17660614
17660615
17660617
17660619
17660620
17660621
17660623
17660624
17660625
17660627
17660631
17660632
17660634
17660635
17660636
17660637
17660638
17660639
17660640
17660641
17660642
17660643
17660644
17660645
17660646
17660647
17660648
17660649
17660650
17660651
17660653
17660654
17660655
17660656
17660657
17660659
17660660
17660661
17660663
17660664
17660665
17660666
17660667
17660668
17660669
17660670
17660671
17660672
17660673
17660674
17660677
17660680
17660681
17660682
17660683
17660684
17660685
17660686
17660687
17660688
17660689
17660690
17660692
17660693
17660694
17660695
17660696
17660697
17660698
17660699
17660700
17660701
17660702
17660703
17660704
17660705
17660706
17660708
17660709
17660710
17660711
17660712
17660713
17660716
17660717
17660718
17660719
17660720
17660721
17660723
17660726
17660727
17660728
17660729
17660730
17660731
17660732
17660733
17660734
17660735
17660736
17660737
17660739
17660740
17660741
17660742
17660743
17660745
17660746
17660747
17660748
17660749
17660750
17660751
17660752
17660753
17660757
17660758
17660759
17660760
17660761
17660762
17660763
17660773
17660765
17660766
17660768
17660769
17660770
17660771
17660772
17660774
17660782
17660775
17660776
17660777
17660779
17660780
17660781
17660784
17660785
17660787
17660788
17660793
17660794
17660795
17660796
17660799
17660800
17660801
17660802
17660803
17660804
17660805
17660806
17660807
17660808
17660809
17660810
17660811
17660812
17660813
17660814
17660816
17660817
17660818
17660819
17660820
17660821
17660822
17660823
17660824
17660825
17660826
17660827
17660828
17660829
17660830
17660832
17660833
17660835
17660836
17660837
17660839
17660840
17660841
17660842
17660843
17660844
17660846
17660847
17660848
17660849
17660851
17660852
17660853
17660854
17660855
17660857
17660858
17660859
17660860
17660861
17660862
17660863
17660864
17660865
17660866
17660867
17660868
17660869
17660870
17660872
17660873
17660874
17660875
17660876
17660877
17660878
17660879
17660880
17660881
17660882
17660883
17660884
17660886
17660887
17660889
17660890
17660891
17660892
17660893
17660894
17660895
17660896
17660897
17660902
17660903
17660906
17660907
17660908
17660909
17660910
17660911
17660912
17660913
17660914
17660915
17660916
17660917
17660918
17660919
17660920
17660922
17660923
17660924
17660926
17660928
17660929
17660931
17660932
17660935
17660936
17660937
17660938
17660939
17660941
17660942
17660943
17660944
17660946
17660947
17660948
17660949
17660950
17660953
17660954
17660955
17660957
17660959
17660960
17660961
17660962
17660963
17660964
17660965
17660966
17660968
17660969
17660970
17660971
17660972
17660973
17660974
17660976
17660977
17660978
17660979
17660980
17660981
17660982
17660983
17660984
17660985
17660987
17660988
17660989
17660990
17660991
17660993
17660994
17660995
17660996
17660999
17661000
17661001
17661002
17661003
17661004
17661008
17661010
17661011
17661013
17661014
17661016
17661017
17661018
17661019
17661020
17661021
17661023
17661024
17661025
17661027
17661028
17661030
17661031
17661032
17661033
17661034
17661035
17661036
17661037
17661038
17661040
17661042
17661043
17661044
17661045
17661046
17661048
17661049
17661050
17661051
17661052
17661053
17661054
17661055
17661056
17661057
17661058
17661059
17661060
17661061
17661062
17661063
17661065
17661066
17661067
17661068
17661069
17661070
17661071
17661073
17661074
17661075
17661076
17661077
17661078
17661079
17661080
17661081
17661082
17661083
17661084
17661085
17661086
17661087
17661088
17661089
17661090
17661091
17661092
17661093
17661094
17661095
17661096
17661097
17661099
17661100
17661102
17661105
17661106
17661107
17661110
17661111
17661112
17661113
17661114
17661115
17661116
17661117
17661118
17661119
17661120
17661122
17661123
17661124
17661125
17661126
17661127
17661128
17661129
17661130
17661131
17661133
17661134
17661135
17661136
17661137
17661138
17661139
17661140
17661142
17661143
17661144
17661145
17661146
17661148
17661149
17661150
17661151
17661152
17661153
17661154
17661155
17661156
17661158
17661159
17661160
17661161
17661162
17661163
17661164
17661165
17661166
17661167
17661169
17661170
17661171
17661172
17661173
17661174
17661175
17661176
17661177
17661178
17661179
17661180
17661181
17661183
17661184
17661186
17661187
17661188
17661189
17661190
17661191
17661192
17661193
17661194
17661195
17661196
17661198
17661199
17661201
17661202
17661203
17661204
17661206
17661208
17661209
17661210
17661211
17661212
17661213
17661214
17661215
17661216
17661217
17661218
17661220
17661221
17661223
17661225
17661226
17661227
17661229
17661230
17661231
17661232
17661233
17661234
17661235
17661236
17661238
17661239
17661240
17661241
17661242
17661243
17661244
17661247
17661248
17661249
17661250
17661252
17661253
17661254
17661255
17661256
17661258
17661259
17661260
17661261
17661262
17661263
17661264
17661265
17661267
17661268
17661269
17661270
17661271
17661272
17661273
17661274
17661275
17661276
17661277
17661278
17661279
17661281
17661282
17661283
17661284
17661285
17661286
17661287
17661289
17661290
17661291
17661292
17661293
17661294
17661296
17661297
17661299
17661300
17661302
17661303
17661304
17661305
17661306
17661308
17661309
17661310
17661311
17661312
17661313
17661314
17661315
17661316
17661317
17661318
17661319
17661320
17661321
17661322
17661323
17661324
17661326
17661327
17661329
17661330
17661331
17661333
17661334
17661336
17661338
17661339
17661340
17661341
17661342
17661343
17661344
17661345
17661347
17661348
17661350
17661351
17661352
17661353
17661354
17661355
17661356
17661357
17661358
17661359
17661360
17661361
17661362
17661363
17661364
17661365
17661367
17661368
17661369
17661370
17661371
17661373
17661374
17661375
17661376
17661377
17661378
17661379
17661381
17661382
17661383
17661384
17661385
17661386
17661387
17661388
17661389
17661390
17661391
17661392
17661394
17661396
17661397
17661398
17661399
17661400
17661401
17661402
17661403
17661404
17661405
17661406
17661407
17661409
17661410
17661413
17661414
17661415
17661416
17661417
17661419
17661420
17661423
17661424
17661425
17661426
17661427
17661428
17661429
17661430
17661432
17661433
17661434
17661435
17661436
17661438
17661439
17661440
17661441
17661442
17661443
17661444
17661447
17661448
17661450
17661451
17661456
17661457
17661459
17661460
17661462
17661463
17661465
17661466
17661467
17661469
17661470
17661473
17661474
17661475
17661476
17661478
17661479
17661480
17661483
17661485
17661486
17661488
17661489
17661490
17661492
17661495
17661496
17661497
17661499
17661500
17661502
17661503
17661504
17661505
17661506
17661507
17661508
17661509
17661510
17661511
17661512
17661513
17661514
17661515
17661518
17661519
17661521
17661522
17661523
17661524
17661525
17661526
17661527
17661529
17661530
17661531
17661532
17661533
17661534
17661535
17661536
17661537
17661538
17661540
17661541
17661542
17661543
17661544
17661545
17661546
17661548
17661549
17661550
17661551
17661553
17661554
17661555
17661556
17661557
17661558
17661559
17661560
17661561
17661563
17661564
17661565
17661566
17661567
17661569
17661571
17661572
17661573
17661574
17661575
17661576
17661577
17661579
17661581
17661582
17661583
17661584
17661586
17661587
17661588
17661589
17661591
17661592
17661593
17661594
17661596
17661597
17661599
17661600
17661601
17661602
17661603
17661604
17661606
17661607
17661608
17661609
17661610
17661612
17661613
17661614
17661616
17661617
17661618
17661620
17661621
17661622
17661623
17661624
17661625
17661626
17661627
17661628
17661630
17661631
17661632
17661633
17661634
17661635
17661636
17661637
17661640
17661641
17661643
17661644
17661645
17661646
17661647
17661648
17661649
17661650
17661651
17661652
17661653
17661654
17661655
17661656
17661657
17661658
17661659
17661660
17661661
17661662
17661663
17661665
17661666
17661668
17661669
17661670
17661671
17661673
17661675
17661676
17661677
17661679
17661680
17661681
17661682
17661683
17661684
17661686
17661687
17661688
17661689
17661690
17661691
17661692
17661693
17661694
17661695
17661696
17661697
17661698
17661699
17661700
17661701
17661702
17661703
17661704
17661705
17661706
17661707
17661708
17661709
17661710
17661711
17661712
17661713
17661714
17661716
17661717
17661718
17661720
17661721
17661722
17661724
17661725
17661726
17661727
17661728
17661730
17661731
17661736
17661738
17661739
17661740
17661741
17661742
17661745
17661746
17661747
17661748
17661749
17661750
17661751
17661753
17661754
17661757
17661758
17661759
17661760
17661761
17661762
17661763
17661764
17661765
17661768
17661769
17661770
17661772
17661773
17661774
17661775
17661776
17661777
17661778
17661779
17661780
17661781
17661782
17661783
17661784
17661785
17661786
17661787
17661789
17661790
17661791
17661792
17661793
17661794
17661795
17661796
17661797
17661798
17661799
17661800
17661801
17661802
17661803
17661804
17661805
17661806
17661807
17661808
17661809
17661811
17661812
17661813
17661814
17661815
17661816
17661817
17661818
17661819
17661820
17661821
17661822
17661823
17661824
17661825
17661826
17661827
17661828
17661830
17661832
17661833
17661834
17661835
17661836
17661838
17661839
17661842
17661844
17661845
17661847
17661848
17661849
17661851
17661852
17661853
17661854
17661855
17661857
17661858
17661859
17661860
17661861
17661862
17661863
17661864
17661866
17661867
17661869
17661870
17661871
17661872
17661873
17661874
17661875
17661876
17661877
17661878
17661879
17661881
17661882
17661883
17661884
17661885
17661886
17661887
17661888
17661889
17661890
17661892
17661893
17661894
17661895
17661896
17661897
17661899
17661900
17661901
17661902
17661903
17661905
17661906
17661907
17661908
17661909
17661910
17661911
17661912
17661913
17661914
17661915
17661916
17661920
17661922
17661923
17661924
17661925
17661926
17661927
17661928
17661930
17661931
17661932
17661933
17661935
17661936
17661937
17661938
17661939
17661940
17661943
17661944
17661945
17661946
17661947
17661948
17661949
17661950
17661952
17661953
17661955
17661958
17661959
17661960
17661961
17661962
17661963
17661964
17661965
17661968
17661969
17661971
17661974
17661975
17661976
17661977
17661978
17661979
17661982
17661984
17661985
17661986
17661989
17661990
17661991
17661992
17661993
17661994
17661995
17661996
17661997
17661999
17662000
17662001
17662002
17662003
17662004
17662005
17662006
17662007
17662008
17662010
17662011
17662012
17662013
17662015
17662016
17662018
17662020
17662021
17662022
17662023
17662024
17662025
17662026
17662028
17662029
17662030
17662032
17662033
17662034
17662036
17662037
17662038
17662040
17662041
17662042
17662043
17662046
17662047
17662048
17662050
17662053
17662054
17662057
17662059
17662061
17662062
17662063
17662064
17662065
17662066
17662067
17662068
17662069
17662070
17662071
17662072
17662073
17662074
17662075
17662076
17662079
17662080
17662082
17662083
17662084
17662086
17662087
17662088
17662089
17662090
17662091
17662092
17662093
17662094
17662096
17662097
17662099
17662100
17662101
17662102
17662104
17662105
17662106
17662107
17662108
17662109
17662110
17662113
17662115
17662116
17662117
17662118
17662120
17662121
17662124
17662125
17662126
17662129
17662131
17662134
17662135
17662136
17662137
17662138
17662139
17662140
17662142
17662143
17662144
17662145
17662146
17662148
17662149
17662150
17662153
17662154
17662155
17662157
17662158
17662159
17662160
17662161
17662163
17662164
17662165
17662166
17662167
17662168
17662169
17662170
17662171
17662172
17662173
17662174
17662176
17662177
17662178
17662179
17662180
17662181
17662183
17662184
17662188
17662190
17662191
17662192
17662193
17662195
17662196
17662197
17662198
17662199
17662201
17662202
17662203
17662204
17662205
17662206
17662209
17662210
17662211
17662212
17662213
17662215
17662217
17662218
17662220
17662221
17662222
17662224
17662225
17662226
17662227
17662228
17662229
17662230
17662231
17662232
17662233
17662234
17662235
17662237
17662239
17662240
17662243
17662244
17662245
17662246
17662249
17662251
17662252
17662255
17662256
17662258
17662260
17662261
17662262
17662263
17662264
17662265
17662266
17662267
17662268
17662269
17662270
17662271
17662272
17662273
17662274
17662275
17662277
17662280
17662281
17662282
17662283
17662284
17662285
17662286
17662288
17662289
17662290
17662291
17662292
17662293
17662294
17662295
17662297
17662298
17662302
17662303
17662304
17662305
17662306
17662307
17662308
17662309
17662310
17662311
17662314
17662315
17662317
17662318
17662320
17662322
17662323
17662326
17662327
17662328
17662329
17662330
17662331
17662334
17662335
17662336
17662338
17662339
17662340
17662341
17662344
17662345
17662346
17662347
17662348
17662349
17662350
17662351
17662352
17662353
17662354
17662357
17662359
17662360
17662361
17662362
17662363
17662364
17662365
17662366
17662367
17662369
17662370
17662371
17662372
17662373
17662374
17662375
17662376
17662377
17662378
17662379
17662381
17662382
17662383
17662385
17662386
17662387
17662388
17662389
17662390
17662391
17662393
17662394
17662395
17662396
17662397
17662398
17662399
17662401
17662402
17662403
17662404
17662405
17662406
17662410
17662411
17662412
17662415
17662422
17662423
17662426
17662427
17662431
17662432
17662436
17662439
17662440
17662441
17662444
17662445
17662448
17662449
17662451
17662452
17662453
17662454
17662455
17662457
17662458
17662459
17662460
17662464
17662465
17662466
17662467
17662468
17662470
17662471
17662473
17662476
17662477
17662479
17662481
17662482
17662483
17662484
17662488
17662489
17662491
17662492
17662493
17662496
17662497
17662499
17662502
17662503
17662504
17662505
17662506
17662507
17662509
17662510
17662511
17662512
17662514
17662515
17662516
17662520
17662521
17662522
17662525
17662530
17662533
17662535
17662539
17662540
17662541
17662542
17662543
17662545
17662546
17662547
17662552
17662556
17662557
17662559
17662560
17662561
17662562
17662564
17662566
17662567
17662569
17662570
17662572
17662574
17662576
17662577
17662579
17662580
17662581
17662582
17662584
17662585
17662586
17662587
17662588
17662589
17662590
17662591
17662592
17662594
17662595
17662596
17662597
17662598
17662600
17662601
17662603
17662604
17662605
17662607
17662609
17662610
17662611
17662612
17662613
17662614
17662618
17662619
17662620
17662621
17662622
17662623
17662624
17662625
17662627
17662628
17662629
17662631
17662632
17662633
17662634
17662638
17662640
17662642
17662643
17662644
17662645
17662646
17662648
17662649
17662652
17662653
17662654
17662655
17662656
17662657
17662658
17662659
17662660
17662661
17662662
17662664
17662665
17662667
17662668
17662669
17662671
17662672
17662673
17662674
17662675
17662676
17662680
17662682
17662683
17662685
17662686
17662690
17662691
17662693
17662697
17662699
17662704
17662705
17662706
17662707
17662709
17662710
17662714
17662715
17662716
17662717
17662718
17662719
17662720
17662721
17662724
17662725
17662726
17662727
17662729
17662730
17662732
17662733
17662734
17662737
17662738
17662739
17662740
17662742
17662743
17662744
17662745
17662749
17662750
17662751
17662752
17662753
17662755
17662759
17662760
17662761
17662762
17662763
17662765
17662767
17662769
17662770
17662771
17662772
17662773
17662775
17662776
17662779
17662781
17662782
17662783
17662784
17662785
17662787
17662788
17662789
17662791
17662792
17662793
17662797
17662798
17662799
17662800
17662802
17662803
17662804
17662805
17662806
17662807
17662808
17662810
17662811
17662812
17662813
17662814
17662815
17662817
17662819
17662821
17662824
17662825
17662826
17662827
17662828
17662830
17662831
17662832
17662833
17662834
17662836
17662837
17662839
17662841
17662844
17662848
17662849
17662850
17662851
17662854
17662855
17662856
17662857
17662858
17662863
17662864
17662865
17662867
17662868
17662869
17662870
17662871
17662872
17662873
17662874
17662875
17662876
17662877
17662878
17662879
17662880
17662881
17662882
17662883
17662884
17662885
17662887
17662888
17662889
17662890
17662891
17662892
17662894
17662897
17662898
17662900
17662901
17662902
17662903
17662904
17662905
17662906
17662908
17662909
17662910
17662911
17662912
17662913
17662915
17662916
17662917
17662919
17662920
17662921
17662923
17662924
17662925
17662928
17662930
17662932
17662933
17662934
17662935
17662938
17662939
17662940
17662941
17662942
17662943
17662944
17662945
17662946
17662947
17662948
17662949
17662950
17662951
17662952
17662953
17662954
17662955
17662956
17662957
17662959
17662960
17662961
17662963
17662964
17662965
17662966
17662967
17662968
17662969
17662970
17662972
17662973
17662975
17662976
17662977
17662978
17662979
17662981
17662982
17662983
17662986
17662987
17662988
17662989
17662990
17662991
17662992
17662993
17662994
17662995
17662997
17662998
17662999
17663000
17663001
17663002
17663003
17663005
17663006
17663007
17663008
17663009
17663010
17663011
17663012
17663013
17663015
17663016
17663017
17663019
17663020
17663021
17663022
17663023
17663024
17663026
17663027
17663030
17663031
17663032
17663034
17663035
17663036
17663038
17663039
17663041
17663042
17663043
17663044
17663046
17663047
17663049
17663050
17663052
17663054
17663055
17663056
17663059
17663061
17663062
17663063
17663064
17663065
17663066
17663068
17663069
17663070
17663072
17663073
17663074
17663075
17663076
17663077
17663078
17663079
17663083
17663084
17663085
17663087
17663088
17663090
17663092
17663093
17663094
17663095
17663096
17663097
17663098
17663099
17663100
17663103
17663104
17663105
17663107
17663108
17663109
17663111
17663113
17663115
17663116
17663117
17663118
17663120
17663121
17663122
17663125
17663126
17663127
17663128
17663129
17663135
17663136
17663137
17663138
17663140
17663141
17663143
17663144
17663145
17663146
17663147
17663149
17663151
17663154
17663155
17663156
17663157
17663158
17663160
17663161
17663162
17663164
17663165
17663167
17663168
17663169
17663170
17663172
17663173
17663174
17663175
17663176
17663178
17663179
17663180
17663181
17663182
17663183
17663184
17663185
17663186
17663188
17663189
17663190
17663191
17663194
17663195
17663196
17663197
17663199
17663200
17663201
17663202
17663204
17663205
17663206
17663207
17663208
17663209
17663213
17663215
17663217
17663218
17663220
17663221
17663222
17663223
17663224
17663225
17663226
17663227
17663228
17663229
17663230
17663231
17663232
17663233
17663234
17663235
17663236
17663238
17663239
17663240
17663241
17663242
17663243
17663244
17663245
17663246
17663247
17663248
17663250
17663251
17663252
17663253
17663255
17663256
17663257
17663258
17663259
17663260
17663261
17663262
17663263
17663265
17663266
17663267
17663272
17663273
17663275
17663276
17663277
17663278
17663279
17663280
17663281
17663283
17663286
17663287
17663288
17663290
17663291
17663292
17663293
17663294
17663295
17663296
17663297
17663298
17663299
17663300
17663301
17663302
17663303
17663304
17663305
17663308
17663309
17663310
17663311
17663312
17663313
17663314
17663315
17663316
17663317
17663318
17663319
17663320
17663322
17663323
17663325
17663326
17663327
17663328
17663329
17663330
17663331
17663332
17663333
17663334
17663335
17663337
17663339
17663340
17663341
17663342
17663343
17663344
17663345
17663346
17663347
17663348
17663349
17663350
17663352
17663353
17663354
17663355
17663356
17663357
17663358
17663360
17663361
17663363
17663364
17663365
17663366
17663367
17663368
17663369
17663371
17663372
17663373
17663374
17663375
17663376
17663378
17663379
17663381
17663382
17663383
17663384
17663385
17663386
17663388
17663389
17663390
17663391
17663392
17663394
17663396
17663397
17663398
17663399
17663400
17663401
17663402
17663403
17663405
17663406
17663407
17663408
17663409
17663410
17663411
17663412
17663413
17663414
17663416
17663418
17663419
17663421
17663422
17663424
17663428
17663429
17663430
17663431
17663432
17663433
17663434
17663435
17663436
17663437
17663439
17663440
17663441
17663442
17663443
17663445
17663446
17663447
17663448
17663449
17663450
17663451
17663452
17663453
17663454
17663455
17663456
17663457
17663460
17663461
17663462
17663463
17663464
17663465
17663466
17663467
17663468
17663469
17663471
17663472
17663473
17663474
17663476
17663479
17663482
17663483
17663485
17663486
17663487
17663488
17663489
17663490
17663491
17663493
17663495
17663496
17663497
17663498
17663499
17663500
17663501
17663502
17663503
17663504
17663505
17663506
17663507
17663508
17663511
17663512
17663515
17663516
17663517
17663518
17663519
17663520
17663522
17663523
17663524
17663528
17663529
17663530
17663531
17663532
17663533
17663534
17663535
17663536
17663537
17663538
17663539
17663540
17663541
17663542
17663544
17663545
17663547
17663548
17663549
17663550
17663551
17663552
17663553
17663554
17663556
17663557
17663558
17663559
17663560
17663561
17663564
17663565
17663566
17663567
17663568
17660391
17660395
17660408
17660409
17660414
17660449
17660459
17660461
17660521
17660524
17660537
17660580
17660593
17660622
17660626
17660629
17660630
17660633
17660707
17660714
17660715
17660754
17660755
17660764