16882749
16882751
16882754
16882755
16882756
16882757
16882758
16882759
16882761
16882762
16882764
16882766
16882767
16882768
16882769
16882770
16882771
16882772
16882773
16882774
16882775
16882776
16882778
16882779
16882780
16882781
16882783
16882784
16882788
16882789
16882790
16882791
16882792
16882793
16882794
16882795
16882797
16882798
16882799
16882802
16882803
16882805
16882806
16882807
16882808
16882809
16882810
16882812
16882813
16882814
16882815
16882816
16882818
16882819
16882820
16882821
16882822
16882823
16882824
16882825
16882826
16882827
16882829
16882830
16882831
16882832
16882833
16882834
16882835
16882837
16882839
16882840
16882841
16882842
16882843
16882844
16882845
16882846
16882847
16882848
16882849
16882850
16882851
16882852
16882853
16882854
16882855
16882856
16882857
16882859
16882860
16882861
16882862
16882863
16882864
16882865
16882866
16882867
16882868
16882869
16882872
16882873
16882874
16882875
16882876
16882877
16882879
16882880
16882881
16882882
16882883
16882884
16882885
16882886
16882887
16882889
16882890
16882892
16882893
16882894
16882895
16882897
16882899
16882900
16882901
16882902
16882903
16882904
16882905
16882906
16882908
16882909
16882912
16882914
16882915
16882916
16882917
16882918
16882919
16882920
16882921
16882922
16882923
16882924
16882925
16882926
16882927
16882928
16882929
16882930
16882933
16882935
16882936
16882939
16882940
16882941
16882942
16882943
16882944
16882945
16882946
16882949
16882950
16882951
16882952
16882953
16882955
16882957
16882958
16882960
16882961
16882962
16882964
16882965
16882966
16882967
16882969
16882970
16882971
16882972
16882974
16882975
16882976
16882977
16882978
16882981
16882982
16882984
16882985
16882986
16882987
16882988
16882989
16882991
16882992
16882993
16882995
16882996
16882997
16882998
16882999
16883000
16883002
16883003
16883004
16883005
16883006
16883007
16883008
16883009
16883010
16883013
16883014
16883015
16883016
16883017
16883018
16883020
16883021
16883023
16883024
16883025
16883026
16883027
16883028
16883029
16883030
16883031
16883032
16883033
16883034
16883035
16883036
16883037
16883038
16883039
16883040
16883041
16883043
16883044
16883045
16883047
16883048
16883049
16883050
16883052
16883053
16883054
16883055
16883056
16883057
16883058
16883059
16883060
16883062
16883063
16883064
16883065
16883066
16883067
16883068
16883069
16883070
16883073
16883074
16883075
16883077
16883079
16883080
16883081
16883082
16883083
16883084
16883088
16883089
16883091
16883092
16883094
16883096
16883097
16883098
16883099
16883100
16883101
16883102
16883103
16883105
16883106
16883108
16883109
16883110
16883112
16883113
16883114
16883116
16883117
16883118
16883119
16883120
16883122
16883123
16883124
16883125
16883126
16883127
16883128
16883129
16883131
16883132
16883136
16883137
16883138
16883139
16883140
16883141
16883142
16883143
16883144
16883145
16883146
16883151
16883152
16883153
16883154
16883155
16883157
16883158
16883159
16883160
16883161
16883163
16883165
16883167
16883168
16883169
16883170
16883171
16883172
16883174
16883175
16883176
16883177
16883178
16883179
16883181
16883182
16883183
16883184
16883185
16883186
16883188
16883189
16883190
16883191
16883192
16883193
16883194
16883196
16883197
16883198
16883199
16883200
16883201
16883202
16883203
16883204
16883205
16883206
16883207
16883208
16883209
16883210
16883211
16883212
16883213
16883214
16883215
16883216
16883217
16883219
16883220
16883221
16883222
16883223
16883224
16883225
16883227
16883228
16883229
16883230
16883231
16883232
16883233
16883234
16883236
16883237
16883238
16883240
16883241
16883243
16883245
16883246
16883248
16883249
16883251
16883253
16883254
16883255
16883256
16883257
16883259
16883260
16883261
16883262
16883264
16883266
16883267
16883268
16883269
16883270
16883271
16883275
16883277
16883278
16883279
16883281
16883282
16883283
16883284
16883285
16883286
16883287
16883288
16883289
16883290
16883294
16883295
16883296
16883297
16883298
16883300
16883301
16883302
16883303
16883304
16883306
16883307
16883308
16883311
16883313
16883314
16883317
16883322
16883323
16883329
16883330
16883331
16883332
16883335
16883336
16883337
16883338
16883339
16883341
16883347
16883348
16883349
16883350
16883351
16883352
16883353
16883354
16883355
16883356
16883357
16883358
16883360
16883361
16883362
16883365
16883366
16883367
16883368
16883369
16883370
16883371
16883372
16883373
16883374
16883375
16883376
16883377
16883379
16883380
16883381
16883382
16883383
16883385
16883386
16883387
16883388
16883389
16883390
16883391
16883393
16883394
16883395
16883396
16883399
16883401
16883402
16883403
16883405
16883406
16883407
16883409
16883410
16883411
16883412
16883413
16883414
16883416
16883418
16883420
16883421
16883422
16883423
16883424
16883425
16883426
16883430
16883432
16883433
16883434
16883435
16883436
16883437
16883438
16883439
16883440
16883442
16883443
16883448
16883449
16883450
16883451
16883453
16883454
16883455
16883457
16883459
16883460
16883461
16883465
16883466
16883468
16883470
16883471
16883472
16883473
16883474
16883475
16883476
16883479
16883480
16883481
16883484
16883486
16883487
16883488
16883489
16883490
16883491
16883492
16883495
16883496
16883497
16883500
16883501
16883502
16883503
16883504
16883505
16883506
16883507
16883508
16883509
16883510
16883511
16883512
16883513
16883514
16883515
16883517
16883518
16883520
16883522
16883523
16883524
16883527
16883528
16883529
16883531
16883533
16883534
16883535
16883536
16883537
16883538
16883539
16883543
16883544
16883545
16883546
16883547
16883549
16883550
16883551
16883553
16883555
16883556
16883557
16883559
16883560
16883561
16883562
16883563
16883565
16883566
16883568
16883570
16883571
16883573
16883574
16883575
16883576
16883577
16883579
16883580
16883581
16883582
16883583
16883584
16883585
16883587
16883588
16883589
16883590
16883591
16883592
16883595
16883596
16883598
16883599
16883600
16883601
16883602
16883604
16883605
16883606
16883608
16883609
16883610
16883611
16883612
16883613
16883614
16883616
16883617
16883618
16883619
16883621
16883622
16883623
16883624
16883625
16883627
16883629
16883631
16883633
16883634
16883635
16883636
16883637
16883638
16883639
16883640
16883641
16883642
16883643
16883644
16883645
16883646
16883647
16883648
16883649
16883650
16883651
16883652
16883653
16883655
16883656
16883658
16883660
16883662
16883663
16883664
16883668
16883669
16883670
16883671
16883672
16883674
16883675
16883676
16883677
16883678
16883679
16883680
16883681
16883682
16883683
16883684
16883685
16883686
16883687
16883688
16883689
16883690
16883691
16883692
16883693
16883694
16883695
16883696
16883697
16883698
16883699
16883701
16883702
16883704
16883705
16883706
16883707
16883708
16883709
16883711
16883714
16883715
16883716
16883717
16883718
16883719
16883720
16883721
16883722
16883723
16883725
16883728
16883729
16883730
16883732
16883733
16883735
16883736
16883737
16883738
16883739
16883740
16883741
16883742
16883743
16883745
16883747
16883748
16883749
16883751
16883752
16883754
16883755
16883756
16883757
16883758
16883760
16883761
16883762
16883763
16883764
16883765
16883766
16883767
16883769
16883770
16883771
16883772
16883773
16883774
16883775
16883776
16883777
16883778
16883779
16883782
16883783
16883784
16883785
16883786
16883788
16883789
16883790
16883791
16883792
16883793
16883794
16883795
16883796
16883797
16883798
16883799
16883801
16883802
16883803
16883804
16883806
16883807
16883808
16883809
16883810
16883812
16883813
16883815
16883816
16883819
16883820
16883821
16883822
16883824
16883825
16883826
16883827
16883828
16883829
16883830
16883831
16883832
16883833
16883834
16883835
16883836
16883837
16883838
16883839
16883840
16883841
16883842
16883843
16883844
16883846
16883847
16883848
16883850
16883851
16883852
16883853
16883855
16883856
16883857
16883858
16883859
16883860
16883861
16883862
16883863
16883864
16883865
16883866
16883869
16883870
16883871
16883874
16883876
16883877
16883878
16883879
16883880
16883884
16883886
16883887
16883888
16883889
16883890
16883891
16883892
16883893
16883894
16883895
16883897
16883899
16883900
16883901
16883903
16883906
16883909
16883910
16883911
16883912
16883913
16883915
16883916
16883917
16883918
16883919
16883920
16883921
16883922
16883923
16883924
16883926
16883928
16883929
16883930
16883931
16883932
16883933
16883934
16883935
16883936
16883937
16883938
16883939
16883940
16883941
16883942
16883943
16883944
16883945
16883947
16883948
16883949
16883950
16883951
16883952
16883954
16883956
16883957
16883958
16883959
16883960
16883961
16883962
16883963
16883964
16883965
16883968
16883969
16883970
16883972
16883973
16883974
16883975
16883976
16883977
16883978
16883979
16883980
16883982
16883983
16883984
16883985
16883986
16883987
16883988
16883989
16883990
16883991
16883992
16883994
16883995
16883996
16883997
16883998
16883999
16884000
16884001
16884002
16884004
16884005
16884006
16884007
16884008
16884009
16884010
16884011
16884012
16884013
16884014
16884015
16884016
16884017
16884019
16884020
16884021
16884023
16884025
16884028
16884029
16884030
16884031
16884033
16884034
16884035
16884036
16884037
16884040
16884041
16884044
16884045
16884046
16884047
16884049
16884050
16884051
16884052
16884053
16884054
16884057
16884058
16884059
16884060
16884061
16884062
16884063
16884064
16884065
16884066
16884068
16884070
16884071
16884072
16884073
16884074
16884075
16884076
16884077
16884078
16884079
16884080
16884081
16884082
16884083
16884085
16884086
16884089
16884090
16884092
16884093
16884094
16884095
16884097
16884098
16884099
16884100
16884101
16884103
16884104
16884105
16884106
16884107
16884108
16884109
16884110
16884111
16884112
16884113
16884114
16884115
16884116
16884118
16884119
16884121
16884122
16884125
16884126
16884128
16884129
16884132
16884133
16884134
16884135
16884136
16884137
16884138
16884140
16884141
16884142
16884143
16884144
16884145
16884147
16884148
16884149
16884151
16884152
16884153
16884154
16884157
16884158
16884159
16884160
16884161
16884162
16884163
16884164
16884165
16884167
16884168
16884169
16884170
16884171
16884173
16884174
16884175
16884176
16884177
16884178
16884179
16884180
16884181
16884182
16884183
16884184
16884185
16884186
16884188
16884190
16884191
16884195
16884196
16884198
16884199
16884200
16884201
16884202
16884203
16884204
16884205
16884206
16884207
16884208
16884209
16884211
16884212
16884213
16884214
16884215
16884216
16884217
16884219
16884220
16884221
16884222
16884223
16884225
16884227
16884228
16884229
16884231
16884232
16884233
16884234
16884235
16884236
16884237
16884239
16884240
16884241
16884242
16884243
16884244
16884246
16884247
16884251
16884252
16884253
16884254
16884256
16884258
16884260
16884262
16884263
16884264
16884265
16884266
16884269
16884270
16884271
16884274
16884275
16884276
16884277
16884278
16884279
16884280
16884281
16884282
16884283
16884284
16884285
16884286
16884287
16884289
16884290
16884291
16884294
16884295
16884296
16884297
16884298
16884299
16884300
16884302
16884303
16884304
16884305
16884306
16884307
16884308
16884309
16884310
16884311
16884312
16884313
16884314
16884316
16884318
16884320
16884321
16884322
16884323
16884324
16884325
16884326
16884327
16884328
16884329
16884330
16884332
16884333
16884334
16884335
16884336
16884337
16884338
16884339
16884340
16884341
16884342
16884343
16884344
16884345
16884346
16884347
16884348
16884350
16884351
16884352
16884353
16884354
16884355
16884356
16884357
16884359
16884360
16884361
16884362
16884363
16884364
16884365
16884367
16884371
16884372
16884373
16884375
16884376
16884377
16884379
16884380
16884381
16884383
16884385
16884386
16884387
16884388
16884389
16884390
16884391
16884392
16884393
16884394
16884395
16884396
16884397
16884398
16884399
16884400
16884401
16884402
16884403
16884404
16884405
16884406
16884407
16884409
16884410
16884411
16884412
16884413
16884414
16884416
16884418
16884419
16884420
16884421
16884422
16884424
16884426
16884427
16884428
16884429
16884431
16884432
16884433
16884434
16884436
16884437
16884438
16884439
16884440
16884441
16884442
16884443
16884444
16884445
16884447
16884448
16884450
16884451
16884452
16884453
16884454
16884455
16884456
16884457
16884458
16884459
16884460
16884462
16884463
16884464
16884465
16884466
16884468
16884469
16884470
16884471
16884472
16884473
16884474
16884475
16884476
16884477
16884478
16884479
16884481
16884483
16884484
16884485
16884487
16884490
16884492
16884493
16884494
16884495
16884496
16884498
16884499
16884500
16884501
16884502
16884503
16884504
16884506
16884507
16884508
16884509
16884510
16884511
16884512
16884514
16884515
16884517
16884519
16884520
16884523
16884525
16884526
16884527
16884530
16884531
16884532
16884533
16884534
16884535
16884536
16884537
16884538
16884539
16884541
16884542
16884543
16884544
16884545
16884546
16884547
16884549
16884550
16884551
16884552
16884554
16884555
16884556
16884557
16884558
16884560
16884561
16884562
16884563
16884564
16884565
16884567
16884569
16884571
16884572
16884573
16884574
16884575
16884576
16884577
16884578
16884579
16884580
16884581
16884582
16884583
16884584
16884585
16884587
16884588
16884589
16884590
16884591
16884592
16884594
16884595
16884596
16884597
16884598
16884600
16884601
16884602
16884603
16884605
16884606
16884607
16884608
16884609
16884610
16884611
16884612
16884613
16884615
16884616
16884618
16884619
16884622
16884623
16884624
16884626
16884627
16884628
16884629
16884630
16884631
16884632
16884633
16884635
16884636
16884637
16884638
16884640
16884641
16884642
16884643
16884644
16884645
16884646
16884647
16884648
16884649
16884650
16884651
16884652
16884653
16884654
16884657
16884658
16884659
16884662
16884663
16884664
16884665
16884666
16884667
16884668
16884670
16884671
16884673
16884674
16884675
16884676
16884677
16884678
16884679
16884680
16884681
16884682
16884683
16884684
16884685
16884686
16884687
16884689
16884690
16884692
16884693
16884694
16884696
16884698
16884699
16884700
16884701
16884702
16884703
16884706
16884707
16884708
16884709
16884710
16884711
16884713
16884715
16884716
16884717
16884718
16884719
16884720
16884721
16884722
16884723
16884724
16884725
16884726
16884727
16884729
16884730
16884731
16884732
16884734
16884735
16884736
16884737
16884738
16884742
16884744
16884746
16884748
16884749
16884750
16884751
16884753
16884754
16884756
16884757
16884758
16884759
16884760
16884762
16884764
16884765
16884767
16884768
16884769
16884770
16884771
16884772
16884774
16884775
16884777
16884778
16884779
16884780
16884781
16884783
16884784
16884785
16884786
16884787
16884788
16884789
16884791
16884792
16884793
16884794
16884795
16884796
16884797
16884798
16884800
16884801
16884802
16884803
16884804
16884805
16884806
16884807
16884809
16884810
16884811
16884812
16884813
16884815
16884816
16884817
16884818
16884819
16884820
16884822
16884823
16884824
16884827
16884830
16884831
16884832
16884833
16884834
16884835
16884837
16884838
16884839
16884840
16884841
16884842
16884843
16884844
16884845
16884846
16884847
16884848
16884850
16884851
16884852
16884853
16884854
16884855
16884856
16884857
16884859
16884860
16884861
16884862
16884863
16884865
16884866
16884867
16884868
16884869
16884871
16884872
16884873
16884874
16884875
16884876
16884878
16884879
16884880
16884881
16884882
16884883
16884886
16884887
16884888
16884889
16884890
16884891
16884892
16884894
16884896
16884897
16884898
16884899
16884901
16884902
16884903
16884904
16884905
16884907
16884908
16884910
16884911
16884913
16884914
16884916
16884918
16884919
16884920
16884921
16884922
16884923
16884924
16884925
16884926
16884927
16884928
16884930
16884931
16884934
16884935
16884936
16884937
16884938
16884939
16884940
16884942
16884945
16884946
16884948
16884949
16884951
16884955
16884957
16884958
16884960
16884963
16884965
16884966
16884971
16884972
16884974
16884976
16884979
16884981
16884984
16884985
16884986
16884989
16884991
16884993
16884994
16884995
16884996
16884998
16885001
16885002
16885005
16885006
16885007
16885008
16885009
16885014
16885015
16885017
16885018
16885019
16885020
16885021
16885024
16885025
16885026
16885032
16885033
16885034
16885037
16885042
16885044
16885045
16885047
16885048
16885053
16885054
16885055
16885056
16885061
16885062
16885063
16885064
16885065
16885067
16885069
16885070
16885071
16885073
16885075
16885078
16885081
16885084
16885085
16885089
16885090
16885093
16885097
16885099
16885103
16885104
16885110
16885112
16885117
16885118
16885119
16885121
16885122
16885124
16885125
16885126
16885129
16885131
16885132
16885134
16885135
16885136
16885137
16885138
16885139
16885140
16885141
16885142
16885143
16885145
16885146
16885147
16885148
16885149
16885151
16885153
16885154
16885155
16885156
16885157
16885158
16885159
16885161
16885162
16885165
16885166
16885168
16885170
16885171
16885172
16885173
16885174
16885175
16885177
16885178
16885180
16885181
16885183
16885185
16885186
16885187
16885188
16885189
16885190
16885191
16885192
16885193
16885194
16885195
16885196
16885197
16885198
16885199
16885200
16885201
16885203
16885204
16885205
16885206
16885207
16885208
16885209
16885210
16885211
16885212
16885213
16885214
16885215
16885216
16885218
16885220
16885222
16885223
16885226
16885227
16885228
16885229
16885230
16885231
16885232
16885234
16885235
16885236
16885238
16885239
16885241
16885242
16885243
16885245
16885246
16885250
16885251
16885252
16885253
16885255
16885256
16885257
16885260
16885262
16885263
16885264
16885265
16885266
16885269
16885270
16885271
16885272
16885273
16885276
16885279
16885280
16885281
16885282
16885284
16885286
16885287
16885289
16885290
16885291
16885292
16885293
16885294
16885295
16885296
16885297
16885298
16885299
16885300
16885301
16885302
16885303
16885304
16885305
16885306
16885307
16885308
16885310
16885311
16885312
16885314
16885315
16885316
16885317
16885318
16885319
16885320
16885322
16885323
16885325
16885326
16885327
16885329
16885331
16885334
16885335
16885336
16885337
16885340
16885341
16885342
16885343
16885344
16885345
16885346
16885348
16885349
16885351
16885352
16885353
16885355
16885356
16885357
16885358
16885359
16885360
16885361
16885362
16885364
16885365
16885367
16885369
16885370
16885371
16885372
16885373
16885374
16885375
16885376
16885378
16885379
16885381
16885382
16885383
16885384
16885385
16885388
16885389
16885390
16885391
16885393
16885395
16885396
16885397
16885398
16885399
16885400
16885401
16885402
16885404
16885405
16885408
16885411
16885414
16885416
16885417
16885418
16885419
16885420
16885422
16885423
16885425
16885427
16885428
16885429
16885430
16885432
16885434
16885435
16885436
16885437
16885438
16885439
16885441
16885442
16885443
16885444
16885445
16885446
16885447
16885448
16885449
16885450
16885451
16885453
16885454
16885455
16885456
16885457
16885458
16885459
16885460
16885461
16885462
16885463
16885464
16885465
16885466
16885468
16885469
16885470
16885471
16885472
16885476
16885477
16885478
16885479
16885480
16885481
16885482
16885483
16885484
16885485
16885486
16885489
16885490
16885491
16885492
16885494
16885495
16885496
16885497
16885498
16885499
16885502
16885503
16885504
16885505
16885506
16885508
16885509
16885511
16885512
16885513
16885520
16885521
16885523
16885524
16885525
16885526
16885527
16885528
16885529
16885530
16885531
16885532
16885533
16885534
16885535
16885536
16885537
16885538
16885540
16885543
16885545
16885546
16885547
16885548
16885549
16885550
16885551
16885552
16885553
16885554
16885555
16885556
16885557
16885559
16885560
16885563
16885564
16885565
16885566
16885568
16885569
16885570
16885572
16885573
16885577
16885580
16885581
16885582
16885583
16885584
16885587
16885588
16885589
16885590
16885591
16885592
16885593
16885594
16885595
16885596
16885597
16885598
16885599
16885600
16885602
16885603
16885604
16885605
16885606
16885607
16885608
16885610
16885611
16885612
16885613
16885614
16885616
16885620
16885621
16885623
16885624
16885625
16885626
16885627
16885628
16885629
16885630
16885631
16885632
16885634
16885635
16885636
16885637
16885638
16885639
16885640
16885641
16885642
16885643
16885644
16885645
16885646
16885647
16885648
16885649
16885650
16885651
16885652
16885653
16885654
16885655
16885657
16885658
16885659
16885660
16885662
16885664
16885665
16885666
16885667
16885668
16885669
16885670
16885671
16885672
16885673
16885674
16885675
16885676
16885677
16885678
16885679
16885680
16885681
16885682
16885683
16885684
16885686
16885687
16885688
16885689
16885690
16885691
16885692
16885693
16885694
16885695
16885696
16885697
16885698
16885700
16885701
16885703
16885704
16885705
16885707
16885709
16885710
16885712
16885713
16885714
16885716
16885717
16885720
16885721
16885722
16885723
16885724
16885725
16885726
16885727
16885729
16885731
16885733
16885735
16885737
16885738
16885739
16885740
16885741
16885742
16885744
16885745
16885746
16885747
16885750
16885752
16885753
16885756
16885757
16885758
16885759
16885760
16885761
16885763
16885764
16885766
16885767
16885769
16885770
16885773
16885775
16885777
16885778
16885779
16885780
16885781
16885782
16885784
16885785
16885787
16885788
16885790
16885791
16885792
16885793
16885794
16885796
16885797
16885798
16885799
16885801
16885802
16885804
16885805
16885807
16885808
16885809
16885810
16885811
16885812
16885814
16885815
16885816
16885818
16885820
16885821
16885822
16885823
16885824
16885825
16885826
16885827
16885828
16885829
16885830
16885833
16885834
16885835
16885837
16885838
16885839
16885841
16885842
16885843
16885844
16885845
16885846
16885847
16885848
16885849
16885850
16885851
16885853
16885854
16885855
16885856
16885857
16885858
16885859
16885862
16885864
16885865
16885866
16885867
16885868
16885869
16885871
16885872
16885874
16885876
16885877
16885879
16885880
16885881
16885883
16885884
16885885
16885889
16885892
16885893
16885894
16885895
16885897
16885901
16885903
16885906
16885907
16885908
16885909
16885910
16885911
16885912
16885914
16885915
16885916
16885917
16885918
16885919
16885920
16885922
16885923
16885924
16885925
16885926
16885929
16885930
16885932
16885933
16885935
16885936
16885937
16885938
16885939
16885941
16885942
16885943
16885944
16885945
16885946
16885947
16885948
16885950
16885955
16885956
16885957
16885959
16885960
16885961
16885962
16885963
16885964
16885965
16885966
16885968
16885969
16885971
16885972
16885974
16885976
16885977
16885980
16885982
16885983
16885984
16885985
16885986
16885987
16885988
16885989
16885990
16885991
16885993
16885994
16885995
16885996
16885997
16885999
16886000
16886001
16886002
16886004
16886006
16886007
16886008
16886010
16886011
16886012
16886014
16886015
16886016
16886017
16886018
16886020
16886022
16886023
16886025
16886026
16886027
16886028
16886029
16886032
16886033
16886036
16886037
16886038
16886039
16886040
16886041
16886042
16886043
16886044
16886046
16886049
16886050
16886053
16886055
16886056
16886057
16886058
16886059
16886060
16886061
16886062
16886063
16886065
16886069
16886070
16886071
16886073
16886074
16886076
16886077
16886078
16886079
16886080
16886081
16886082
16886083
16886084
16886086
16886087
16886088
16886089
16886091
16886092
16886094
16886096
16886100
16886101
16886102
16886103
16886104
16886105
16886106
16886107
16886108
16886109
16886111
16886113
16886114
16886115
16886116
16886118
16886119
16886120
16886121
16886122
16886123
16886124
16886125
16886126
16886127
16886128
16886129
16886130
16886131
16886134
16886135
16886136
16886138
16886140
16886141
16886144
16886146
16886147
16886148
16886149
16886150