17148453
17147786
17148459
17147787
17148462
17148463
17148464
17147788
17148466
17147789
17148470
17148471
17147790
17148478
17148479
17147791
17148480
17148481
17148482
17148484
17147792
17148485
17148486
17148488
17147793
17148491
17148492
17147794
17148497
17148498
17147795
17148500
17147796
17148505
17148506
17147797
17148510
17148511
17147798
17148517
17148519
17147799
17148520
17148521
17148523
17148524
17147800
17148527
17148529
17148532
17148534
17148535
17147803
17148544
17147804
17148545
17148547
17148548
17147805
17148551
17148552
17148553
17148554
17147806
17148557
17148558
17147807
17148566
17148567
17148572
17148575
17147810
17148576
17148577
17148578
17148579
17148580
17148581
17148584
17148586
17148587
17148588
17148595
17147814
17148596
17148598
17148599
17148604
17148605
17148606
17148609
17148611
17148612
17148613
17147818
17148619
17148620
17148621
17148627
17148629
17147821
17148633
17148634
17147822
17148635
17148639
17147823
17148640
17148641
17148642
17147824
17148645
17148646
17148647
17148648
17148649
17147825
17148653
17147826
17148655
17148656
17147828
17148665
17148666
17147829
17147830
17148677
17148678
17148679
17148685
17148688
17148691
17147834
17148700
17148701
17148702
17148703
17148704
17148705
17148707
17148708
17148709
17148712
17148715
17148724
17147840
17148730
17148733
17148734
17148735
17148736
17147843
17148743
17148744
17147844
17148746
17148747
17148748
17148750
17148752
17148753
17148754
17148756
17148761
17148768
17148770
17148771
17148772
17148773
17148774
17147850
17148775
17148776
17148777
17148778
17148779
17148780
17148782
17148783
17148784
17148785
17148787
17148789
17147853
17148790
17148792
17147854
17148795
17148796
17149157
17148798
17148799
17147855
17148800
17148801
17148803
17148804
17148805
17148806
17148807
17148810
17148811
17148812
17148813
17148815
17148816
17148817
17148818
17148820
17148822
17148823
17148824
17148825
17148827
17148828
17148832
17148833
17148838
17148839
17148841
17148844
17147864
17148845
17148846
17148847
17148848
17147865
17148851
17148852
17148853
17148854
17147866
17148855
17148856
17148857
17148858
17148860
17149170
17148864
17148868
17148869
17148870
17148871
17148872
17148874
17147870
17148878
17148879
17147871
17148880
17148881
17148882
17148884
17148887
17149175
17148888
17148890
17147873
17148891
17148893
17148894
17147874
17148898
17148900
17147875
17148901
17148902
17148903
17147876
17148910
17148911
17148912
17148913
17147878
17148916
17148918
17148920
17147879
17148921
17148922
17148923
17148924
17148925
17147880
17148927
17148929
17147881
17148930
17148932
17148936
17147883
17147884
17148945
17148947
17148948
17148949
17147885
17148951
17148954
17147886
17148955
17148956
17148957
17147887
17148961
17148962
17148963
17147888
17148966
17148967
17148969
17147889
17148972
17148973
17147890
17148976
17148977
17148978
17148979
17147891
17148981
17148982
17148983
17148984
17147892
17148985
17148986
17148987
17148989
17147893
17148990
17148991
17148992
17148993
17147894
17148995
17147895
17149003
17147896
17149006
17149008
17147897
17149011
17149012
17149014
17147898
17149016
17149017
17147899
17149020
17149021
17149023
17147900
17149025
17149028
17147901
17147902
17149037
17149038
17149039
17147903
17149041
17149042
17147904
17149050
17147905
17147906
17147907
17147908
17147909
17147910
17147911
17147912
17147916
17147917
17147918
17147919
17147920
17147921
17147922
17149139
17149144
17147924
17149148
17147925
17149150
17147928
17149166
17147929
17149171
17147930
17147931
17149183
17147933
17147935
17147936
17147937
17147941
17147945
17147948
17147949
17147953
17147956
17147957
17147966
17147967
17147968
17147970
17147971
17147973
17147974
17147975
17147977
17147978
17147984
17147986
17147988
17147989
17147991
17147994
17147995
17147999
17148001
17148002
17148003
17148005
17148006
17148009
17148010
17148011
17148013
17148016
17148017
17148018
17148019
17148020
17148021
17148022
17148023
17148026
17148028
17148029
17149835
17146746
17146747
17146750
17146752
17146758
17146768
17146771
17146775
17146780
17146785
17146787
17146795
17146804
17146809
17146823
17146828
17146833
17146841
17146842
17146843
17146845
17146879
17146882
17146891
17146906
17146910
17146914
17146941
17146957
17146961
17146966
17146967
17146977
17146980
17146988
17146991
17146997
17146998
17147002
17147011
17147033
17147038
17147049
17147050
17147053
17147066
17147068
17147071
17147076
17147081
17147086
17147090
17147098
17147101
17147110
17147112
17147113
17147122
17147123
17147136
17147155
17147158
17147163
17147164
17147166
17147168
17147170
17147171
17147184
17147195
17147196
17147212
17147215
17147216
17147222
17147223
17147227
17147228
17147230
17147233
17147237
17147238
17147245
17147247
17147250
17147256
17147259
17147267
17147270
17147276
17147277
17147289
17147292
17147297
17147303
17147305
17147308
17147313
17147315
17147317
17147321
17147327
17147330
17147331
17147334
17147336
17147337
17147348
17147350
17147351
17147357
17147363
17147373
17147386
17147387
17147393
17147394
17147401
17147415
17147418
17147428
17147430
17147434
17147440
17147442
17147449
17147455
17147461
17147470
17147492
17147497
17147504
17147520
17147540
17147542
17147562
17147566
17147586
17147593
17147596
17147597
17147599
17147636
17147645
17147651
17148107
17148108
17148113
17148119
17148122
17148125
17148127
17148131
17148132
17148134
17148135
17148136
17148137
17148138
17148139
17148140
17148141
17148143
17148144
17148147
17148148
17148149
17148150
17148151
17148152
17148153
17148154
17148155
17148156
17148157
17148158
17148159
17148160
17148168
17148170
17148171
17148177
17148181
17148184
17148188
17148197
17148198
17148201
17148204
17148207
17148212
17148217
17148219
17148229
17148231
17148235
17148240
17148243
17148245
17148249
17148250
17148256
17148262
17148266
17148267
17148274
17148276
17148279
17148286
17148288
17148289
17148294
17148302
17148308
17148309
17148310
17148311
17148316
17148326
17148351
17148353
17148356
17148358
17148361
17148371
17148376
17148377
17148379
17148386
17148390
17148400
17148404
17148405
17148406
17148414
17148417
17148418
17148442
17148444
17148445
17148446
17148447
17148449
17148450
17148451
17148452
17148455
17148457
17148458
17148460
17148465
17148468
17148469
17148472
17148473
17148476
17148477
17148483
17148487
17148489
17148490
17148494
17148495
17148496
17148501
17148504
17148507
17148509
17148513
17148514
17148515
17148518
17148522
17148525
17148528
17148530
17148531
17148533
17148537
17148538
17148540
17148542
17148543
17148546
17148550
17148555
17148556
17148559
17148563
17148564
17148565
17148569
17148573
17148574
17148582
17148585
17148589
17148591
17148592
17148593
17148597
17148600
17148601
17148603
17148607
17148608
17148610
17148616
17148617
17148618
17148623
17148625
17148626
17148628
17148630
17148631
17148632
17148636
17148637
17148638
17148643
17148644
17148652
17147608
17148657
17148658
17148659
17148660
17148662
17148664
17148669
17148670
17148672
17148674
17148675
17148676
17148681
17148682
17148683
17148684
17148687
17148689
17148690
17148694
17148695
17148696
17148697
17148698
17148699
17148706
17148710
17148711
17148713
17148714
17148716
17148717
17148720
17148722
17148723
17148726
17148728
17148731
17148732
17148737
17148738
17148739
17148740
17148741
17148742
17148745
17148749
17148751
17148755
17148757
17148759
17148760
17148762
17148763
17148764
17148765
17148766
17148767
17148769
17148786
17148788
17148791
17148793
17148794
17148797
17148802
17148809
17148819
17148821
17148826
17148829
17148831
17148834
17148836
17148837
17148840
17148842
17148843
17148850
17148861
17148863
17148866
17148867
17148873
17148876
17148877
17148883
17148886
17148889
17148892
17148895
17148896
17148897
17148899
17147610
17148905
17148907
17148908
17148909
17148914
17148915
17148917
17148919
17148926
17148928
17148934
17148937
17148938
17148939
17148940
17148941
17148943
17148944
17148946
17148950
17148953
17148959
17148960
17148964
17148965
17148968
17148970
17148971
17148975
17148980
17148988
17148994
17148997
17148999
17149000
17149001
17149002
17149005
17149007
17149010
17149015
17149019
17149022
17149024
17149026
17149027
17149029
17149031
17149032
17149033
17149034
17149035
17149036
17149040
17149043
17149044
17149046
17149047
17149049
17149052
17149053
17149055
17149056
17149059
17149060
17149062
17149063
17149065
17149066
17149068
17149071
17149075
17149077
17149079
17149080
17149081
17149082
17149084
17149085
17149086
17149088
17149091
17149092
17149093
17149094
17149095
17149096
17149098
17149099
17149100
17149101
17149102
17149104
17149105
17149106
17149108
17149109
17149110
17149112
17149113
17149115
17149116
17149117
17149118
17149119
17149120
17149121
17149123
17149126
17149127
17149128
17149130
17149132
17149134
17149135
17149136
17149137
17149138
17149141
17149142
17149143
17149146
17149147
17149149
17149152
17149153
17149154
17149155
17149156
17149160
17149162
17149163
17149164
17149165
17149167
17149168
17149172
17149173
17149174
17149176
17149177
17149178
17149179
17149180
17149181
17149182
17149184
17149186
17149187
17149188
17149189
17149190
17149191
17149192
17149193
17149195
17149196
17149197
17149198
17149199
17149200
17149201
17149202
17149203
17149204
17149205
17149206
17149207
17149208
17149209
17149210
17149212
17149213
17149214
17149215
17149216
17149217
17149218
17149219
17149220
17149222
17149223
17149226
17149227
17149228
17149229
17149230
17149231
17149232
17149233
17149234
17149235
17149236
17149237
17149238
17149239
17149240
17149241
17149242
17149243
17149245
17149246
17149248
17149249
17149250
17149251
17149252
17149253
17149254
17149255
17149256
17149257
17149259
17149260
17149261
17149262
17149263
17149264
17149265
17149266
17149267
17149268
17149269
17149270
17149271
17149272
17149273
17149274
17149275
17149276
17149277
17149278
17149279
17149280
17149281
17149282
17149283
17149284
17149285
17149287
17149288
17149289
17149291
17149292
17149293
17149294
17149295
17149296
17149299
17149300
17149301
17149302
17149303
17149304
17149305
17149306
17149308
17149309
17149310
17149314
17149316
17149317
17149318
17149319
17149321
17149322
17149323
17149324
17149325
17149326
17149327
17149328
17149329
17149334
17149335
17149337
17149338
17149340
17149341
17149343
17149345
17149347
17149350
17149352
17149353
17149354
17149355
17149356
17149357
17149359
17149360
17149361
17149362
17149363
17149365
17149366
17149367
17149368
17149369
17149370
17149371
17149372
17149375
17149376
17149377
17149378
17149379
17149380
17149381
17149382
17149383
17149385
17149386
17149387
17149388
17149390
17149391
17149392
17149394
17149395
17149396
17149397
17149398
17149399
17149400
17149401
17149402
17149403
17149404
17149405
17149406
17149407
17149408
17149409
17149410
17149412
17149413
17149414
17149415
17149416
17149418
17149419
17149420
17149421
17149423
17149424
17149425
17149426
17149427
17149429
17149430
17149431
17149432
17149434
17149435
17149436
17149437
17149438
17149439
17149440
17149441
17149442
17149443
17149444
17149448
17149449
17149450
17149451
17149452
17149453
17149454
17149455
17149456
17149457
17149459
17149461
17149462
17149463
17149464
17149465
17149466
17149467
17149468
17149469
17149470
17149471
17149472
17149474
17149475
17149476
17149477
17149478
17149479
17149480
17149481
17149482
17149483
17149484
17149485
17149486
17149487
17149488
17149489
17149490
17149491
17149492
17149493
17149494
17149495
17149496
17149497
17149498
17149499
17149500
17149501
17149502
17149503
17149504
17149505
17149506
17149507
17149508
17149510
17149511
17149512
17149513
17149515
17149516
17149517
17149518
17149519
17149520
17149524
17149525
17149526
17149527
17149528
17149529
17149531
17149532
17149533
17149534
17149535
17149536
17149537
17149538
17149539
17149540
17149541
17149542
17149544
17149546
17149547
17149548
17149549
17149550
17149551
17149552
17149554
17149555
17149556
17149557
17149558
17149559
17149560
17149561
17149562
17149564
17149565
17149566
17149568
17149569
17149570
17149571
17149572
17149573
17149574
17149575
17149576
17149577
17149578
17149579
17149581
17149582
17149583
17149584
17149585
17149586
17149587
17149588
17149589
17149590
17149591
17149592
17149593
17149594
17149595
17149596
17149597
17149598
17149599
17149600
17149601
17149602
17149603
17149604
17149605
17149606
17149607
17149608
17149609
17149610
17149611
17149612
17149613
17149614
17149615
17149616
17149617
17149618
17149619
17149620
17149621
17149622
17149623
17149624
17149625
17149626
17149627
17149628
17149629
17149631
17149632
17149633
17149634
17149636
17149637
17149638
17149639
17149640
17149641
17149642
17149643
17149646
17149647
17149648
17149650
17149651
17149652
17149653
17149654
17149655
17149656
17149657
17149658
17149659
17149660
17149661
17149662
17149663
17149664
17149665
17149666
17149667
17149668
17149669
17149670
17149671
17149672
17149673
17149674
17149675
17149676
17149677
17149679
17149680
17149681
17149682
17149684
17149685
17149686
17149688
17149689
17149690
17149691
17149692
17149693
17149694
17149695
17149697
17149698
17149699
17149700
17149701
17149702
17149703
17149704
17149705
17149706
17149707
17149708
17149709
17149710
17149711
17149712
17149713
17149714
17149715
17149716
17149717
17149718
17149719
17149720
17149721
17149723
17149725
17149726
17149727
17149728
17149729
17149730
17149731
17149732
17149733
17149734
17149735
17149736
17149739
17149740
17149742
17149743
17149744
17149745
17149747
17149748
17149749
17149750
17149752
17149753
17149754
17149755
17149756
17149757
17149758
17149759
17149760
17149761
17149762
17149763
17149764
17149765
17149766
17149767
17149768
17149769
17149770
17149771
17149772
17149774
17149775
17149776
17149777
17149778
17149779
17149780
17149782
17149783
17149784
17149785
17149786
17149787
17149788
17149789
17149790
17149791
17149792
17149793
17149794
17149795
17149796
17149797
17149798
17149799
17149800
17149802
17149803
17149804
17149805
17149806
17149807
17149808
17149810
17149811
17149812
17149813
17149814
17149815
17149816
17149817
17149819
17149820
17149821
17149822
17149823
17149824
17149825
17149826
17149827
17149828
17149829
17149830
17149831
17149832
17149833
17149834
17149836
17149837
17149838
17149839
17149840
17149841
17149843
17149844
17149845
17149846
17149847
17149848
17149849
17149850
17149852
17149853
17149854
17149855
17149856
17149857
17149858
17149859
17149861
17149862
17149863
17149865
17149868
17149869
17149870
17149871
17149872
17149875
17149876
17149877
17149879
17149880
17149881
17149882
17149883
17149884
17149885
17149886
17147622
17147623
17147625
17147626
17147627
17147628
17147630
17147633
17147634
17147635
17147641
17147642
17147643
17148014
17147644
17147652
17147653
17147654
17147660
17147926
17147666
17147668
17147669
17147671
17147673
17147934
17147674
17147675
17147676
17147677
17147938
17147678
17147939
17147679
17147940
17147680
17147942
17147682
17147683
17147944
17147684
17147685
17147946
17147686
17147947
17147687
17147688
17147689
17147950
17147690
17147952
17147693
17147955
17147695
17147696
17147697
17147958
17147959
17147960
17147700
17147961
17147962
17148007
17147963
17147964
17147965
17147972
17146748
17146749
17146751
17146753
17146754
17146755
17146756
17146757
17146759
17146761
17146762
17146763
17146764
17146765
17146766
17146767
17146769
17146770
17146772
17146773
17146774
17146776
17146778
17146779
17146781
17146782
17146783
17146786
17146788
17146789
17146792
17146793
17146794
17146796
17146797
17146799
17146800
17146801
17146802
17146803
17146805
17146806
17146807
17146810
17146811
17146812
17146813
17146814
17147976
17146815
17146816
17146817
17146818
17146820
17146821
17146822
17146824
17146825
17146826
17146827
17146829
17146830
17146831
17146834
17146835
17146836
17146837
17146839
17146846
17146848
17146849
17146850
17146851
17146852
17146853
17146854
17146855
17146856
17146857
17146858
17146859
17146860
17146862
17146864
17146865
17146867
17146868
17146869
17146870
17146871
17146872
17146873
17146874
17146875
17146876
17146877
17146878
17146883
17146886
17146887
17146888
17147979
17146889
17146890
17146892
17146893
17146894
17146895
17146898
17146899
17146900
17146901
17146902
17146903
17146904
17146905
17146907
17146908
17146909
17146911
17146912
17146913
17147980
17146915
17146916
17146917
17146919
17146920
17146921
17146922
17146923
17146924
17146925
17146926
17146927
17146928
17146929
17146931
17146935
17146936
17146937
17146938
17147981
17146940
17146942
17146944
17146945
17146946
17146947
17146948
17146949
17146950
17146951
17146952
17146953
17146954
17146955
17146956
17146958
17146959
17146960
17146963
17147982
17146964
17146965
17146968
17146969
17146970
17146971
17146972
17146974
17146975
17146976
17146978
17146979
17146981
17146982
17146983
17146984
17146987
17146989
17146990
17146992
17146993
17146994
17146995
17146999
17147000
17147001
17147003
17147004
17147006
17147007
17147008
17147009
17147014
17147015
17147016
17147017
17147018
17147019
17147020
17147021
17147022
17147024
17147025
17147026
17147027
17147028
17147029
17147030
17147031
17147032
17147034
17147035
17147036
17147037
17147985
17147039
17147040
17147041
17147042
17147043
17147044
17147045
17147046
17147048
17147051
17147054
17147055
17147056
17147057
17147058
17147059
17147060
17147061
17147062
17147063
17147067
17147069
17147070
17147072
17147073
17147074
17147075
17147077
17147078
17147079
17147082
17147084
17147085
17147087
17147987
17147088
17147089
17147091
17147092
17147093
17147094
17147095
17147096
17147097
17147099
17147102
17147103
17147105
17147106
17147107
17147109
17147111
17147114
17147115
17147116
17147117
17147118
17147119
17147120
17147121
17147124
17147125
17147127
17147128
17147129
17147130
17147131
17147133
17147134
17147135
17147137
17147138
17147139
17147140
17147141
17147142
17147143
17147144
17147145
17147146
17147147
17147148
17147149
17147150
17147151
17147152
17147153
17147154
17147156
17147159
17147927
17147161
17147162
17147990
17147165
17147167
17147169
17147172
17147174
17147175
17147177
17147178
17147179
17147180
17147531
17147181
17147182
17147183
17147185
17147532
17147186
17147187
17147188
17147189
17147190
17147192
17147193
17147534
17147197
17147198
17147199
17147535
17147200
17147202
17147203
17147204
17147536
17147205
17147206
17147207
17147208
17147537
17147210
17147211
17147992
17147213
17147214
17147538
17147217
17147218
17147219
17147539
17147220
17147221
17147225
17147229
17147541
17147231
17147232
17147234
17147235
17147993
17147239
17147543
17147240
17147241
17147242
17147243
17147244
17147246
17147248
17147249
17147545
17147251
17147252
17147253
17147254
17147546
17147255
17147257
17147258
17147547
17147260
17147261
17147262
17147263
17147548
17147265
17147549
17147271
17147272
17147273
17147274
17147550
17147278
17147551
17147280
17147282
17147283
17147284
17147285
17147552
17147286
17147290
17147553
17147291
17147293
17147294
17147554
17147296
17147300
17147301
17147302
17147304
17147556
17147306
17147309
17147310
17147311
17147312
17147314
17147558
17147316
17147318
17147319
17147320
17147559
17147322
17147323
17147324
17147325
17147560
17147326
17147328
17147329
17147561
17147332
17147333
17147335
17147997
17147338
17147339
17147563
17147342
17147343
17147344
17147345
17147564
17147347
17147565
17147355
17147356
17147359
17147998
17147361
17147362
17147364
17147568
17147365
17147366
17147367
17147369
17147569
17147370
17147371
17147372
17147374
17147375
17147376
17147377
17147378
17147379
17147380
17147381
17147382
17147383
17147384
17147572
17147385
17147388
17147389
17147573
17147390
17147391
17147574
17147395
17147396
17147397
17147398
17147399
17147575
17147402
17147403
17147576
17147406
17147408
17147409
17147577
17147410
17147411
17147412
17147578
17148000
17147416
17147419
17147579
17147420
17147421
17147422
17147423
17147424
17147425
17147426
17147427
17147429
17147431
17147432
17147433
17147582
17147435
17147436
17147438
17147441
17147443
17147444
17147445
17147584
17147447
17147448
17147450
17147585
17147452
17147453
17147456
17147457
17147458
17147459
17147460
17147587
17147462
17147463
17147464
17147465
17147588
17147466
17147467
17147469
17147589
17147471
17147472
17147473
17147474
17147475
17147590
17147478
17147479
17147480
17147591
17147481
17147482
17147485
17147592
17147486
17147488
17147489
17147490
17147491
17147493
17147494
17147495
17147496
17147498
17147499
17147500
17147501
17147502
17147503
17147505
17147506
17147507
17147508
17147509
17147510
17147512
17147513
17147515
17147598
17147516
17147517
17147518
17147519
17147521
17147522
17147523
17147524
17147600
17147525
17147526
17147527
17147528
17147601
17147602
17147603
17147604
17147605
17147606
17147607
17147611
17147612
17147613
17147614
17147615
17147616
17147617
17147618
17147619
17147620
17147621
17147631
17147632
17147637
17147638
17147639
17147624
17147646
17147647
17147648
17147747
17147748
17147749
17147750
17147762
17147649
17147771
17147772
17147777
17147781
17147655
17147801
17147802
17147656
17147808
17147809
17147811
17147812
17147658
17147816
17147817
17147659
17147819
17147820
17147827
17147661
17147831
17147832
17147833
17147662
17147836
17147837
17147663
17147842
17147664
17147846
17147847
17147848
17147849
17147665
17147851
17147852
17147856
17147857
17147858
17147667
17147859
17147860
17147861
17147862
17147863
17147867
17147868
17147869
17147872
17147670
17147701
17148031
17148032
17148033
17148034
17148035
17148036
17148025
17148037
17148038
17148039
17147703
17148040
17148042
17148043
17147704
17148044
17148045
17148046
17148048
17147705
17148049
17148050
17148051
17148052
17148053
17147706
17148055
17148056
17148057
17147707
17148060
17148063
17148064
17148065
17148067
17148068
17148069
17148073
17148074
17148075
17148078
17148079
17147711
17148081
17148082
17148084
17148085
17147712
17148027
17148088
17148089
17147713
17148091
17148092
17148093
17148094
17148095
17147714
17148096
17148097
17148098
17148099
17148100
17147715
17148101
17148103
17148104
17148105
17147716
17148106
17148109
17147717
17148111
17148112
17148114
17148115
17147718
17148116
17148117
17148118
17148120
17147719
17148124
17148128
17148129
17147721
17147722
17147724
17147725
17147726
17147727
17148161
17148162
17148164
17147728
17148166
17148167
17147729
17148172
17148173
17148174
17147730
17148175
17148176
17148178
17148179
17147731
17148180
17148182
17148183
17147732
17148185
17148186
17148187
17148189
17147733
17148190
17148191
17148192
17148193
17148194
17147734
17148195
17148199
17147735
17148200
17148202
17148203
17147736
17148205
17147737
17148210
17148211
17148213
17148214
17147738
17148218
17147739
17148220
17148222
17148223
17147740
17148225
17148226
17147741
17148230
17148232
17148233
17148234
17147742
17148236
17148237
17148238
17148239
17148241
17148242
17148244
17147744
17148246
17148247
17147745
17148251
17148252
17148253
17148254
17148255
17147746
17148257
17148258
17148263
17148268
17148269
17148270
17148271
17148272
17148273
17148275
17148277
17148278
17148280
17147751
17148281
17148282
17148283
17148284
17148285
17147752
17148287
17147753
17148290
17148291
17148292
17148293
17147754
17148295
17148296
17148297
17147755
17148301
17148303
17148304
17147756
17148305
17147757
17148313
17148314
17147758
17148317
17148318
17148319
17147759
17148320
17148323
17148324
17147760
17148325
17148327
17148328
17148329
17147761
17148332
17148335
17148336
17148338
17148339
17147763
17148342
17148344
17147764
17148346
17148347
17148348
17147765
17148352
17147766
17148359
17148362
17148363
17148364
17148365
17148367
17148368
17148369
17147769
17148372
17148373
17148374
17147770
17148375
17148378
17148380
17148381
17148382
17148383
17148385
17148388
17148389
17148391
17148393
17148394
17147774
17148396
17148397
17148398
17148399
17147775
17148401
17148407
17148409
17148410
17148411
17148412
17148413
17148415
17147778
17148416
17148420
17147779
17148422
17148423
17148424
17147780
17148426
17148427
17148428
17148429
17148430
17148431
17148432
17148433
17148434
17148435
17147782
17148436
17148437
17148438
17148439
17148440
17147783
17148441
17148443
17147784
17148448
17147785