17179391
17179392
17179393
17179394
17179395
17179396
17179397
17179399
17179400
17179401
17179402
17179403
17179404
17179407
17179408
17179409
17179410
17179411
17179413
17179414
17179415
17179416
17179417
17179418
17179419
17179421
17179422
17179423
17179424
17179425
17179426
17179427
17179428
17179429
17179430
17179431
17179432
17179433
17179434
17179435
17179437
17179438
17179439
17179440
17179441
17179442
17179444
17179445
17179446
17179447
17179448
17179449
17179451
17179452
17179453
17179454
17179455
17179456
17179457
17179458
17179460
17179461
17179462
17179464
17179465
17179466
17179467
17179468
17179470
17179471
17179472
17179474
17179475
17179476
17179477
17179478
17179479
17179480
17179481
17179482
17179483
17179486
17179487
17179490
17179491
17179494
17179496
17179497
17179498
17179499
17179500
17179501
17179502
17179503
17179504
17179505
17179506
17179507
17179508
17179509
17179510
17179511
17179512
17179513
17179514
17179516
17179518
17179521
17179523
17179524
17179525
17179526
17179527
17179528
17179530
17179532
17179535
17179536
17179537
17179538
17179539
17179540
17179541
17179542
17179543
17179544
17179546
17179547
17179549
17179550
17179551
17179552
17179553
17179554
17179555
17179556
17179557
17179558
17179559
17179560
17179561
17179562
17179564
17179566
17179567
17179568
17179569
17179570
17179571
17179572
17179574
17179575
17179576
17179577
17179578
17179579
17179580
17179581
17179582
17179583
17179584
17179585
17179587
17179588
17179590
17179591
17179592
17179593
17179597
17179599
17179600
17179601
17179602
17179604
17179605
17179606
17179608
17179609
17179610
17179613
17179614
17179615
17179616
17179617
17179618
17179619
17179620
17179621
17179622
17179623
17179624
17179625
17179626
17179627
17179628
17179629
17179630
17179631
17179633
17179635
17179636
17179637
17179638
17179639
17179640
17179642
17179643
17179645
17179647
17179648
17179649
17179651
17179652
17179653
17179654
17179655
17179657
17179658
17179659
17179663
17179664
17179665
17179667
17179668
17179669
17179670
17179671
17179672
17179673
17179674
17179675
17179676
17179677
17179678
17179679
17179680
17179681
17179682
17179684
17179685
17179686
17179687
17179688
17179690
17179691
17179692
17179693
17179694
17179695
17179696
17179698
17179699
17179700
17179701
17179703
17179705
17179706
17179707
17179708
17179709
17179710
17179711
17179712
17179713
17179715
17179718
17179719
17179720
17179721
17179723
17179724
17179725
17179726
17179727
17179728
17179729
17179731
17179732
17179733
17179734
17179735
17179736
17179737
17179738
17179739
17179740
17179742
17179743
17179746
17179747
17179749
17179750
17179751
17179752
17179753
17179754
17179755
17179756
17179757
17179759
17179760
17179761
17179764
17179765
17179766
17179767
17179768
17179769
17179771
17179772
17179773
17179774
17179775
17179776
17179777
17179779
17179780
17179781
17179782
17179783
17179784
17179786
17179788
17179789
17179790
17179792
17179793
17179796
17179797
17179798
17179799
17179800
17179801
17179802
17179804
17179805
17179806
17179807
17179809
17179810
17179811
17179812
17179813
17179814
17179815
17179820
17179821
17179822
17179823
17179824
17179826
17179827
17179828
17179830
17179831
17179832
17179833
17179834
17179835
17179836
17179837
17179838
17179839
17179840
17179841
17179843
17179845
17179846
17179847
17179848
17179849
17179850
17179851
17179852
17179854
17179855
17179856
17179857
17179858
17179859
17179860
17179861
17179864
17179865
17179866
17179867
17179868
17179869
17179870
17179871
17179872
17179873
17179874
17179875
17179876
17179877
17179878
17179879
17179881
17179882
17179883
17179884
17179885
17179886
17179887
17179888
17179891
17179892
17179893
17179894
17179895
17179896
17179899
17179900
17179901
17179902
17179903
17179904
17179906
17179908
17179909
17179910
17179911
17179912
17179913
17179914
17179915
17179916
17179917
17179918
17179919
17179920
17179921
17179922
17179926
17179927
17179928
17179929
17179932
17179933
17179934
17179935
17179936
17179937
17179938
17179939
17179940
17179941
17179942
17179943
17179944
17179945
17179948
17179949
17179950
17179951
17179953
17179954
17179955
17179957
17179959
17179960
17179961
17179963
17179964
17179966
17179967
17179970
17179971
17179972
17179973
17179975
17179976
17179978
17179979
17179980
17179981
17179982
17179983
17179984
17179985
17179987
17179989
17179991
17179992
17179993
17179994
17179995
17179996
17179997
17179998
17179999
17180000
17180003
17180004
17180005
17180006
17180008
17180009
17180010
17180011
17180013
17180015
17180016
17180017
17180018
17180019
17180020
17180021
17180022
17180023
17180024
17180025
17180026
17180027
17180028
17180029
17180030
17180031
17180032
17180033
17180034
17180035
17180036
17180037
17180038
17180039
17180041
17180042
17180043
17180044
17180047
17180048
17180049
17180050
17180051
17180053
17180054
17180055
17180057
17180060
17180062
17180063
17180064
17180066
17180067
17180068
17180069
17180070
17180073
17180074
17180075
17180078
17180079
17180081
17180083
17180084
17180085
17180086
17180087
17180089
17180090
17180091
17180092
17180093
17180096
17180097
17180098
17180099
17180100
17180101
17180102
17180104
17180105
17180106
17180107
17180108
17180110
17180111
17180112
17180114
17180115
17180116
17180117
17180118
17180119
17180120
17180121
17180122
17180123
17180124
17180125
17180126
17180127
17180128
17180129
17180130
17180131
17180132
17180133
17180134
17180135
17180136
17180137
17180138
17180139
17180140
17180141
17180143
17180144
17180145
17180146
17180147
17180154
17180148
17180149
17180151
17180152
17180153
17180160
17180155
17180156
17180157
17180158
17180170
17180171
17180172
17180174
17180175
17180176
17180177
17180178
17180179
17180181
17180182
17180184
17180187
17180188
17180189
17180194
17180195
17180191
17180192
17180193
17180197
17180198
17180199
17180200
17180201
17180202
17180204
17180205
17180206
17180207
17180208
17180209
17180210
17180211
17180212
17180213
17180214
17180217
17180218
17180219
17180220
17180223
17180230
17180235
17180237
17180238
17180240
17180241
17180243
17180244
17180247
17180249
17180250
17180252
17180253
17180254
17180255
17180260
17180267
17180270
17180277
17180278
17180284
17180282
17180292
17180293
17180294
17180296
17180297
17180298
17180299
17180301
17180302
17180307
17180308
17180310
17180311
17180313
17180315
17180316
17180319
17180320
17180321
17180322
17180323
17180324
17180325
17180326
17180327
17180328
17180329
17180330
17180331
17180332
17180333
17180335
17180336
17180337
17180338
17180339
17180340
17180342
17180346
17180347
17180348
17180350
17180351
17180352
17180353
17180354
17180355
17180356
17180357
17180358
17180359
17180360
17180361
17180363
17180364
17180365
17180366
17180367
17180368
17180369
17180370
17180371
17180372
17180373
17180374
17180375
17180377
17180378
17180379
17180380
17180381
17180382
17180383
17180384
17180385
17180386
17180387
17180388
17180389
17180390
17180391
17180392
17180394
17180395
17180396
17180397
17180398
17180401
17180402
17180404
17180407
17180408
17180409
17180412
17180413
17180414
17180416
17180418
17180419
17180420
17180421
17180422
17180423
17180424
17180425
17180428
17180430
17180431
17180432
17180433
17180435
17180436
17180438
17180439
17180440
17180442
17180443
17180445
17180446
17180447
17180448
17180449
17180450
17180453
17180454
17180455
17180456
17180459
17180461
17180462
17180463
17180464
17180466
17180467
17180468
17180469
17180470
17180471
17180472
17180473
17180474
17180475
17180477
17180478
17180479
17180480
17180481
17180483
17180485
17180486
17180487
17180488
17180489
17180490
17180491
17180492
17180493
17180494
17180495
17180496
17180497
17180498
17180499
17180500
17180502
17180503
17180505
17180506
17180507
17180508
17180509
17180510
17180511
17180513
17180514
17180515
17180516
17180517
17180518
17180521
17180523
17180524
17180525
17180528
17180529
17180530
17180531
17180532
17180533
17180535
17180536
17180537
17180538
17180539
17180540
17180541
17180542
17180545
17180546
17180547
17180548
17180549
17180550
17180551
17180552
17180553
17180555
17180556
17180558
17180559
17180560
17180563
17180566
17180567
17180568
17180569
17180570
17180572
17180573
17180574
17180575
17180576
17180577
17180578
17180580
17180581
17180582
17180583
17180584
17180586
17180587
17180590
17180593
17180594
17180595
17180596
17180597
17180598
17180599
17180600
17180601
17180602
17180603
17180604
17180605
17180606
17180607
17180608
17180609
17180610
17180611
17180613
17180614
17180616
17180617
17180619
17180620
17180621
17180623
17180624
17180625
17180626
17180627
17180629
17180631
17180633
17180634
17180635
17180636
17180637
17180638
17180639
17180640
17180641
17180643
17180646
17180648
17180649
17180650
17180651
17180652
17180653
17180654
17180655
17180656
17180657
17180658
17180659
17180660
17180661
17180662
17180663
17180664
17180665
17180666
17180667
17180668
17180670
17180671
17180672
17180673
17180674
17180675
17180676
17180677
17180678
17180679
17180680
17180681
17180682
17180683
17180686
17180687
17180688
17180689
17180690
17180691
17180692
17180693
17180694
17180695
17180696
17180697
17180698
17180699
17180700
17180703
17180704
17180706
17180707
17180710
17180711
17180712
17180713
17180714
17180715
17180716
17180717
17180718
17180720
17180721
17180723
17180724
17180725
17180726
17180727
17180728
17180729
17180730
17180731
17180733
17180734
17180735
17180736
17180737
17180740
17180741
17180742
17180743
17180744
17180745
17180746
17180747
17180750
17180751
17180752
17180754
17180755
17180757
17180758
17180759
17180760
17180761
17180762
17180763
17180764
17180765
17180766
17180767
17180768
17180769
17180770
17180771
17180772
17180773
17180774
17180775
17180776
17180777
17180778
17180779
17180781
17180782
17180783
17180785
17180787
17180788
17180789
17180790
17180791
17180792
17180794
17180796
17180798
17180800
17180801
17180802
17180803
17180806
17180807
17180808
17180809
17180810
17180811
17180812
17180813
17180814
17180815
17180816
17180819
17180820
17180821
17180824
17180825
17180826
17180827
17180828
17180829
17180830
17180831
17180833
17180834
17180835
17180836
17180837
17180838
17180839
17180840
17180843
17180844
17180845
17180846
17180848
17180849
17180850
17180851
17180852
17180853
17180854
17180855
17180856
17180857
17180858
17180859
17180860
17180861
17180862
17180864
17180865
17180867
17180868
17180869
17180870
17180871
17180872
17180874
17180876
17180877
17180879
17180880
17180881
17180882
17180883
17180884
17180885
17180886
17180888
17180892
17180894
17180895
17180896
17180903
17180904
17180905
17180906
17180907
17180908
17180909
17180910
17180911
17180913
17180914
17180915
17180916
17180917
17180918
17180919
17180920
17180921
17180922
17180923
17180924
17180925
17180926
17180927
17180929
17180930
17180931
17180932
17180934
17180936
17180937
17180938
17180939
17180940
17180941
17180942
17180943
17180944
17180945
17180946
17180948
17180949
17180950
17180951
17180952
17180953
17180954
17180956
17180957
17180960
17180961
17180962
17180963
17180964
17180967
17180968
17180969
17180971
17180972
17180973
17180974
17180976
17180977
17180978
17180979
17180980
17180983
17180986
17180988
17180989
17180990
17180991
17180992
17180993
17180995
17180996
17180997
17180998
17180999
17181000
17181001
17181003
17181004
17181005
17181006
17181007
17181008
17181009
17181010
17181011
17181012
17181013
17181016
17181017
17181018
17181019
17181020
17181021
17181022
17181023
17181024
17181026
17181027
17181029
17181030
17181031
17181032
17181033
17181034
17181035
17181036
17181037
17181038
17181039
17181040
17181041
17181042
17181044
17181045
17181046
17181048
17181049
17181050
17181051
17181052
17181053
17181054
17181056
17181057
17181058
17181059
17181060
17181061
17181062
17181064
17181065
17181066
17181068
17181069
17181070
17181071
17181072
17181073
17181074
17181075
17181076
17181077
17181079
17181080
17181082
17181083
17181084
17181085
17181086
17181087
17181088
17181090
17181091
17181092
17181093
17181095
17181096
17181098
17181100
17181102
17181103
17181105
17181106
17181107
17181108
17181109
17181110
17181111
17181112
17181113
17181114
17181115
17181116
17181117
17181118
17181119
17181120
17181121
17181122
17181123
17181124
17181126
17181127
17181128
17181129
17181130
17181131
17181132
17181133
17181134
17181135
17181137
17181138
17181139
17181141
17181142
17181143
17181144
17181145
17181146
17181147
17181148
17181149
17181150
17181152
17181153
17181155
17181156
17181157
17181158
17181160
17181161
17181162
17181163
17181165
17181166
17181167
17181168
17181169
17181172
17181175
17181176
17181177
17181178
17181179
17181180
17181181
17181182
17181184
17181185
17181186
17181188
17181189
17181190
17181192
17181193
17181195
17181198
17181200
17181201
17181203
17181205
17181206
17181208
17181210
17181212
17181213
17181216
17181217
17181218
17181221
17181223
17181224
17181225
17181228
17181229
17181230
17181231
17181232
17181233
17181234
17181235
17181236
17181237
17181239
17181240
17181241
17181242
17181243
17181245
17181246
17181247
17181248
17181249
17181251
17181252
17181253
17181254
17181255
17181256
17181259
17181260
17181261
17181263
17181264
17181265
17181266
17181267
17181268
17181269
17181270
17181271
17181272
17181273
17181275
17181276
17181277
17181278
17181279
17181280
17181282
17181283
17181284
17181285
17181286
17181288
17181289
17181291
17181292
17181293
17181295
17181298
17181299
17181302
17181303
17181305
17181306
17181308
17181309
17181310
17181311
17181313
17181314
17181317
17181318
17181319
17181320
17181321
17181322
17181323
17181324
17181325
17181326
17181327
17181329
17181330
17181331
17181332
17181333
17181334
17181335
17181337
17181338
17181339
17181340
17181341
17181343
17181344
17181345
17181346
17181347
17181348
17181349
17181350
17181351
17181352
17181353
17181354
17181355
17181356
17181357
17181359
17181360
17181362
17181363
17181364
17181365
17181366
17181367
17181368
17181369
17181370
17181371
17181372
17181373
17181374
17181375
17181377
17181378
17181379
17181380
17181381
17181382
17181383
17181384
17181385
17181386
17181387
17181389
17181390
17181391
17181395
17181396
17181398
17181399
17181401
17181402
17181405
17181407
17181408
17181409
17181410
17181411
17181412
17181413
17181414
17181415
17181416
17181417
17181418
17181419
17181423
17181424
17181426
17181428
17181429
17181432
17181433
17181434
17181435
17181436
17181437
17181438
17181439
17181440
17181441
17181444
17181445
17181446
17181447
17181448
17181450
17181451
17181453
17181456
17181458
17181459
17181460
17181461
17181462
17181463
17181465
17181466
17181467
17181468
17181469
17181471
17181472
17181473
17181475
17181476
17181477
17181479
17181480
17181481
17181482
17181483
17181485
17181486
17181487
17181488
17181490
17181491
17181493
17181494
17181495
17181496
17181497
17181498
17181500
17181501
17181502
17181503
17181508
17181509
17181510
17181511
17181513
17181514
17181515
17181516
17181517
17181518
17181519
17181521
17181522
17181523
17181525
17181526
17181527
17181528
17181529
17181530
17181531
17181532
17181533
17181534
17181536
17181537
17181538
17181539
17181540
17181541
17181542
17181544
17181545
17181547
17181548
17181549
17181550
17181551
17181552
17181554
17181555
17181556
17181557
17181558
17181560
17181561
17181563
17181564
17181565
17181566
17181569
17181570
17181571
17181572
17181574
17181575
17181576
17181577
17181578
17181579
17181581
17181582
17181583
17181584
17181587
17181588
17181589
17181590
17181591
17181592
17181593
17181594
17181595
17181598
17181599
17181600
17181601
17181603
17181604
17181605
17181606
17181607
17181608
17181609
17181610
17181611
17181612
17181613
17181615
17181616
17181619
17181620
17181621
17181622
17181623
17181624
17181625
17181626
17181627
17181628
17181629
17181630
17181631
17181632
17181635
17181636
17181637
17181638
17181639
17181640
17181641
17181642
17181643
17181645
17181646
17181649
17181650
17181653
17181654
17181655
17181657
17181658
17181660
17181661
17181662
17181663
17181665
17181667
17181668
17181669
17181670
17181671
17181672
17181673
17181675
17181676
17181677
17181678
17181679
17181680
17181681
17181682
17181683
17181684
17181685
17181687
17181688
17181689
17181690
17181691
17181692
17181693
17181694
17181695
17181696
17181697
17181698
17181699
17181700
17181702
17181703
17181705
17181706
17181708
17181709
17181710
17181711
17181712
17181714
17181715
17181718
17181719
17181720
17181721
17181722
17181723
17181724
17181725
17181726
17181727
17181728
17181729
17181730
17181731
17181733
17181735
17181736
17181737
17181738
17181739
17181740
17181742
17181743
17181744
17181745
17181746
17181747
17181748
17181750
17181751
17181752
17181753
17181754
17181755
17181756
17181757
17181759
17181761
17181762
17181763
17181764
17181765
17181767
17181768
17181769
17181770
17181771
17181773
17181774
17181775
17181778
17181779
17181780
17181781
17181782
17181783
17181784
17181785
17181786
17181787
17181788
17181790
17181791
17181792
17181793
17181794
17181795
17181797
17181799
17181801
17181802
17181803
17181804
17181805
17181806
17181807
17181809
17181810
17181811
17181812
17181814
17181815
17181816
17181818
17181819
17181820
17181822
17181823
17181824
17181826
17181827
17181828
17181829
17181831
17181832
17181836
17181837
17181838
17181839
17181840
17181841
17181842
17181843
17181845
17181846
17181847
17181848
17181849
17181850
17181851
17181853
17181854
17181855
17181856
17181857
17181858
17181859
17181860
17181862
17181863
17181864
17181865
17181867
17181868
17181869
17181870
17181872
17181873
17181874
17181875
17181876
17181877
17181878
17181879
17181880
17181881
17181882
17181883
17181885
17181887
17181888
17181890
17181891
17181892
17181895
17181896
17181898
17181899
17181900
17181901
17181902
17181903
17181906
17181907
17181908
17181909
17181910
17181911
17181912
17181913
17181914
17181915
17181916
17181917
17181918
17181919
17181920
17181921
17181924
17181925
17181926
17181928
17181929
17181930
17181932
17181933
17181935
17181936
17181937
17181938
17181939
17181940
17181943
17181944
17181945
17181946
17181949
17181951
17181952
17181953
17181954
17181955
17181956
17181957
17181958
17181959
17181960
17181961
17181962
17181963
17181964
17181965
17181966
17181967
17181968
17181969
17181970
17181971
17181972
17181973
17181974
17181975
17181977
17181978
17181979
17181980
17181982
17181983
17181984
17181985
17181986
17181987
17181988
17181990
17181991
17181992
17181993
17181995
17181996
17181997
17181998
17181999
17182000
17182002
17182003
17182005
17182007
17182008
17182009
17182010
17182011
17182012
17182013
17182014
17182015
17182016
17182017
17182018
17182019
17182020
17182022
17182023
17182025
17182026
17182027
17182028
17182030
17182031
17182032
17182033
17182034
17182035
17182036
17182038
17182040
17182041
17182042
17182043
17182044
17182045
17182046
17182047
17182048
17182050
17182051
17182052
17182054
17182055
17182056
17182058
17182060
17182062
17182063
17182064
17182065
17182066
17182067
17182068
17182070
17182071
17182072
17182073
17182074
17182075
17182077
17182079
17182080
17182081
17182082
17182083
17182085
17182086
17182087
17182088
17182090
17182091
17182092
17182093
17182094
17182096
17182097
17182098
17182099
17182100
17182101
17182102
17182103
17182104
17182105
17182107
17182109
17182110
17182111
17182112
17182115
17182116
17182117
17182118
17182119
17182120
17182122
17182123
17182125
17182126
17182127
17182128
17182130
17182131
17182132
17182133
17182134
17182135
17182138
17182139
17182140
17182141
17182142
17182143
17182144
17182145
17182146
17182147
17182149
17182150
17182151
17182153
17182154
17182155
17182156
17182158
17182160
17182161
17182162
17182163
17182164
17182165
17182167
17182168
17182169
17182170
17182171
17182172
17182173
17182174
17182176
17182177
17182178
17182179
17182180
17182182
17182183
17182185
17182186
17182187
17182188
17182189
17182191
17182192
17182193
17182194
17182195
17182196
17182197
17182200
17182201
17182203
17182204
17182207
17182208
17182210
17182211
17182212
17182213
17182214
17182215
17182217
17182218
17182219
17182220
17182221
17182222
17182223
17182224
17182225
17182226
17182227
17182228
17182229
17182230
17182231
17182232
17182233
17182234
17182235
17182236
17182237
17182238
17182239
17182243
17182245
17182246
17182248
17182249
17182250
17182251
17182252
17182255
17182256
17182257
17182258
17182259
17182261
17182263
17182264
17182265
17182266
17182267
17182268
17182269
17182270
17182271
17182272
17182273
17182274
17182275
17182276
17182277
17182279
17182280
17182281
17182282
17182283
17182285
17182286
17182287
17182288
17182290
17182291
17182292
17182293
17182294
17182295
17182296
17182297
17182298
17182299
17182300
17182301
17182303
17182304
17182305
17182306
17182308
17182309
17182310
17182311
17182312
17182313
17182314
17182315
17182316
17182317
17182319
17182320
17182321
17182322
17182325
17182326
17182327
17182328
17182329
17182330
17182331
17182333
17182335
17182336
17182337
17182338
17182340
17182341
17182342
17182343
17182345
17182346
17182347
17182349
17182351
17182352
17182353
17182354
17182355
17182356
17182357
17182358
17182359
17182360
17182362
17182363
17182364
17182365
17182366
17182368
17182369
17182370
17182371
17182372
17182373
17182374
17182376
17182377
17182378
17182379
17182381
17182382
17182385
17182386
17182387
17182388
17182389
17182391
17182392
17182394
17182395
17182396
17182398
17182399
17182400
17182401
17182402
17182403
17182404
17182405
17182406
17182407
17182409
17182410
17182411
17182412
17182413
17182414
17182416
17182417
17182418
17182419
17182420
17182423
17182424
17182425
17182426
17182427
17182428
17182429
17182430
17182431
17182432
17182433
17182434
17182435
17182436
17182438
17182439
17182440
17182441
17182442
17182443
17182444
17182445
17182446
17182448
17182449
17182450
17182452
17182454
17182456
17182457
17182458
17182460
17182461
17182462
17182463
17182464
17182465
17182466
17182468
17182469
17182470
17182471
17182472
17182473
17182474
17182475
17182476
17182477
17182478
17182479
17182480
17182481
17182482
17182483
17182484
17182485
17182486
17182487
17182489
17182490
17182491
17182492
17182494
17182495
17182497
17182498
17182499
17182500
17182501
17182502
17182503
17182505
17182506
17182508
17182509
17182510
17182511
17182512
17182513
17182514
17182518
17182519
17182520
17182521
17182522
17182524
17182526
17182527
17182528
17182529
17182530
17182531
17182532
17182533
17182534
17182537
17182538
17182539
17182540
17182541
17182542
17182543
17182545
17182546
17182547
17182548
17182549
17182550
17182551
17182552
17182554
17182555
17182556
17182557
17182558
17182559
17182560
17182561
17182562
17182564
17182565
17182567
17182568
17182569
17182570
17182571
17182572
17182573
17182574
17182575
17182576
17182577
17182578
17182579
17182580
17182581
17182583
17182584
17182585
17182586
17182587
17182588
17182589
17182590
17182591
17182592
17182593
17182594
17182595
17182596
17182597
17182598
17182599
17182600
17182601
17182602
17182603
17182604
17182605
17182606
17182607
17182608
17182609
17182610
17182611
17182612
17182614
17182615
17182616
17182617
17182618
17182620
17182621
17182622
17182623
17182625
17182626
17182627
17182628
17182629
17182630
17182631
17182632
17182633
17182634
17182635
17182637
17182638
17182639
17182640
17182641
17182642
17182643
17182644
17182645
17182646
17182648
17182650
17182651
17182652
17182653
17182654
17182655
17182656
17182658
17182660
17182662
17182664
17182666
17182667
17182669
17182671
17182672
17182673
17182674
17182675
17182676
17182677
17182678
17182679
17182680
17182683
17182684
17182685
17182686
17182687
17182688
17182689
17182690
17182691
17182692
17182693
17182694
17182695
17182696
17182697
17182698
17182699
17182700
17182701
17182702
17182704
17182705
17182707
17182708
17182709
17182710
17182711
17182713
17182715
17182717
17182719
17182721
17182722
17182723
17182724
17182725
17182726
17182727
17182728
17182729
17182730
17182731
17182732
17182733
17182734
17182735
17182736
17182737
17182738
17182740
17182741
17182743
17182744
17182745
17182746
17182747
17182748
17182749
17182750
17182751
17182752
17182753
17182754
17182755
17182756
17182757
17182758
17182759
17182760
17182761
17182762
17182763
17182764
17182765
17182766
17182768
17182769
17182771
17182772
17182773
17182775
17182777
17182778
17182780
17182781
17182783
17182784
17182785
17182786
17182787
17182788
17182790
17182792
17182793
17182794
17182795
17182796
17182801
17182803
17182804
17182806
17182807
17182808
17182809
17182810
17182811
17182812
17182814
17182815
17182818
17182819
17182820
17182821
17182822
17182823
17182824
17182826
17182827
17182828
17182829
17182830
17182831
17182832
17182833
17182834
17182835
17182836
17182837
17182838
17182839
17182840
17182841
17182842
17182844
17182845
17182847
17182848
17182849
17182850
17182851
17182852
17182854
17182857
17182859
17182860
17182864
17182865
17182866
17182867
17182868
17182869
17182870
17182871
17182873
17182874
17182875
17182876
17182877
17182878
17182879
17182880
17182881
17182882
17182885
17182886
17182887
17182888
17182889
17182890
17182891
17182892
17182893
17182894
17182895
17182896
17182898
17182899
17182901
17182902
17182904
17182905
17182906
17182908
17182910
17182913
17182914
17182915
17182916
17182917
17182919
17182920
17182921
17182922
17182923
17182924
17182925
17182926
17182927
17182928
17182929
17182930
17182931
17182933
17182935
17182936
17182937
17182938
17182939
17182940
17182941
17182942
17182943
17182944
17182945
17182946
17182947
17182948
17182949
17182950
17182951
17182952
17182955
17182956
17182957
17182958
17182961
17182963
17182965
17182967
17182968
17182969
17182970
17182971
17182973
17182974
17182975
17182977
17182978
17182979
17182980
17182981
17182983
17182984
17182985
17182986
17182989
17182990
17182992
17182993
17182995
17182996
17182997
17182998
17182999
17183000
17183001
17183002
17183003
17183004
17183005
17183006
17183007
17183008
17183009
17183010
17183011
17183012
17183014
17183015
17183017
17183018
17183019
17183021
17183022
17183023
17183024
17183025
17183026
17183027
17183028
17183029
17183030
17183031
17183032
17183033
17183034
17183035
17183036
17183037
17183038
17183039
17183040
17183041
17183042
17183043
17183044
17183045
17183046
17183047
17183048
17183049
17183050
17183052
17183053
17183054
17183055
17183057
17183058
17183059
17183060
17183061
17183062
17183063
17183064
17183065
17183066
17183067
17183068
17183069
17183070
17183071
17183072
17183073
17183074
17183075
17183076
17183077
17183078
17183079
17183080
17183082
17183083
17183084
17183086
17183087
17183088
17183090
17183091
17183092
17183094
17183095
17183096
17183097
17183098
17183100
17183102
17183103
17183104
17183105
17183106
17183107
17183108
17183109
17183110
17183111
17183112
17183113
17183114
17183115
17183116
17183117
17183119
17183122
17183123
17183126
17183127
17183128
17183129
17183130
17183131
17183132
17183133
17183135
17183136
17183137
17183138
17183139
17183140
17183141
17183144
17183145
17183146
17183148
17183149
17183150
17183151
17183152
17183153
17183154
17183155
17180161
17180162
17180163
17180164
17180165
17180166
17180167
17180168
17180169
17180173
17180221
17180225
17180226
17180227
17180228
17180229
17180231
17180232
17180233
17180234
17180245
17180256
17180257
17180258
17180259
17180262
17180263
17180264
17180265
17180266
17180271
17180272
17180274
17180275
17180279
17180283
17180285
17180286
17180288
17180289
17180290
17180291
17180295
17180300
17180304
17180305
17180309
17180312
17180314