17676689
17676691
17676692
17676693
17676694
17676695
17676699
17676700
17676701
17676702
17676703
17676705
17676706
17676707
17676708
17676709
17676710
17676711
17676712
17676713
17676714
17676716
17676717
17676718
17676720
17676722
17676723
17676724
17676726
17676727
17676728
17676729
17676730
17676731
17676732
17676733
17676734
17676735
17676736
17676737
17676738
17676739
17676740
17676741
17676743
17676744
17676745
17676746
17676747
17676748
17676749
17676750
17676751
17676752
17676753
17676755
17676756
17676757
17676758
17676759
17676760
17676761
17676762
17676763
17676764
17676765
17676766
17676767
17676768
17676769
17676770
17676771
17676772
17676774
17676775
17676776
17676778
17676779
17676780
17676781
17676783
17676787
17676789
17676790
17676791
17676793
17676794
17676795
17676796
17676797
17676798
17676799
17676800
17676801
17676802
17676803
17676808
17676812
17676813
17676815
17676816
17676817
17676818
17676820
17676821
17676823
17676824
17676825
17676826
17676827
17676828
17676829
17676830
17676831
17676832
17676833
17676835
17676836
17676837
17676838
17676839
17676840
17676842
17676843
17676844
17676845
17676846
17676847
17676848
17676850
17676851
17676852
17676853
17676854
17676855
17676856
17676857
17676858
17676859
17676860
17676861
17676862
17676863
17676864
17676865
17676866
17676867
17676868
17676869
17676870
17676872
17676873
17676874
17676876
17676877
17676878
17676879
17676880
17676881
17676882
17676883
17676884
17676885
17676886
17676887
17676888
17676889
17676890
17676892
17676893
17676894
17676896
17676897
17676899
17676900
17676901
17676902
17676903
17676904
17676905
17676906
17676907
17676908
17676909
17676910
17676911
17676912
17676913
17676915
17676916
17676917
17676918
17676919
17676920
17676921
17676922
17676923
17676924
17676925
17676926
17676927
17676928
17676929
17676930
17676933
17676934
17676935
17676936
17676938
17676939
17676940
17676941
17676944
17676947
17676949
17676950
17676952
17676953
17676954
17676956
17676957
17676958
17676960
17676961
17676962
17676963
17676965
17676966
17676967
17676968
17676970
17676971
17676972
17676973
17676974
17676975
17676976
17676977
17676978
17676979
17676981
17676982
17676984
17676985
17676987
17676988
17676989
17676990
17676991
17676992
17676993
17676994
17676995
17676996
17676997
17676998
17676999
17677000
17677001
17677002
17677003
17677004
17677005
17677006
17677007
17677009
17677010
17677012
17677013
17677014
17677015
17677016
17677017
17677018
17677019
17677020
17677021
17677022
17677023
17677025
17677026
17677027
17677028
17677029
17677030
17677031
17677032
17677033
17677034
17677035
17677036
17677037
17677038
17677039
17677040
17677041
17677042
17677043
17677044
17677045
17677046
17677047
17677048
17677049
17677050
17677051
17677052
17677055
17677056
17677057
17677059
17677060
17677061
17677062
17677063
17677064
17677065
17677066
17677067
17677068
17677069
17677070
17677071
17677072
17677073
17677074
17677075
17677076
17677077
17677078
17677079
17677080
17677081
17677083
17677084
17677085
17677086
17677087
17677088
17677089
17677090
17677091
17677093
17677095
17677097
17677098
17677099
17677100
17677101
17677102
17677103
17677104
17677105
17677106
17677107
17677108
17677109
17677110
17677111
17677112
17677113
17677114
17677115
17677116
17677117
17677118
17677119
17677120
17677121
17677122
17677123
17677124
17677125
17677126
17677127
17677128
17677129
17677130
17677131
17677132
17677134
17677135
17677136
17677137
17677138
17677139
17677140
17677141
17677142
17677143
17677145
17677146
17677147
17677148
17677149
17677150
17677151
17677153
17677154
17677155
17677156
17677157
17677158
17677159
17677160
17677161
17677162
17677163
17677164
17677165
17677166
17677167
17677168
17677169
17677170
17677171
17677172
17677173
17677174
17677175
17677177
17677179
17677180
17677181
17677182
17677183
17677184
17677186
17677188
17677189
17677190
17677191
17677192
17677193
17677194
17677195
17677196
17677197
17677198
17677199
17677200
17677201
17677203
17677204
17677205
17677206
17677207
17677208
17677209
17677210
17677211
17677212
17677213
17677214
17677215
17677216
17677217
17677218
17677219
17677220
17677221
17677222
17677223
17677224
17677225
17677226
17677227
17677228
17677229
17677230
17677231
17677232
17677233
17677234
17677237
17677239
17677240
17677242
17677243
17677245
17677246
17677247
17677248
17677249
17677250
17677251
17677253
17677254
17677255
17677256
17677257
17677258
17677261
17677262
17677263
17677264
17677265
17677266
17677269
17677270
17677271
17677272
17677273
17677276
17677277
17677278
17677279
17677280
17677281
17677283
17677284
17677285
17677287
17677288
17677289
17677290
17677291
17677293
17677294
17677297
17677299
17677300
17677301
17677302
17677303
17677304
17677306
17677307
17677308
17677309
17677310
17677311
17677312
17677313
17677314
17677315
17677316
17677317
17677318
17677319
17677320
17677321
17677322
17677323
17677324
17677325
17677326
17677327
17677328
17677329
17677330
17677331
17677332
17677333
17677334
17677335
17677336
17677337
17677338
17677339
17677341
17677342
17677343
17677344
17677345
17677346
17677347
17677348
17677349
17677350
17677352
17677353
17677355
17677356
17677357
17677358
17677359
17677360
17677361
17677362
17677363
17677364
17677365
17677366
17677367
17677368
17677369
17677370
17677371
17677372
17677373
17677374
17677375
17677376
17677377
17677378
17677379
17677380
17677381
17677382
17677383
17677384
17677385
17677386
17677387
17677388
17677389
17677391
17677392
17677393
17677394
17677395
17677396
17677397
17677398
17677399
17677400
17677401
17677402
17677404
17677405
17677406
17677407
17677408
17677409
17677410
17677411
17677412
17677413
17677414
17677415
17677416
17677417
17677419
17677420
17677421
17677422
17677423
17677424
17677425
17677427
17677428
17677430
17677431
17677432
17677433
17677434
17677435
17677436
17677437
17677438
17677439
17677440
17677441
17677442
17677444
17677445
17677446
17677447
17677448
17677449
17677450
17677451
17677452
17677453
17677454
17677455
17677456
17677457
17677459
17677460
17677461
17677462
17677463
17677464
17677465
17677466
17677467
17677468
17677470
17677471
17677472
17677473
17677474
17677475
17677476
17677477
17677478
17677480
17677481
17677482
17677483
17677485
17677486
17677487
17677488
17677489
17677490
17677493
17677494
17677495
17677496
17677497
17677498
17677499
17677500
17677501
17677502
17677503
17677504
17677505
17677506
17677507
17677508
17677509
17677510
17677511
17677512
17677513
17677515
17677516
17677517
17677518
17677520
17677521
17677522
17677523
17677525
17677526
17677527
17677528
17677529
17677530
17677531
17677533
17677534
17677535
17677537
17677538
17677539
17677540
17677543
17677544
17677545
17677546
17677547
17677548
17677549
17677550
17677551
17677552
17677553
17677554
17677556
17677557
17677558
17677559
17677560
17677561
17677562
17677563
17677564
17677566
17677567
17677569
17677570
17677571
17677572
17677573
17677574
17677575
17677576
17677577
17677578
17677579
17677580
17677581
17677582
17677584
17677585
17677586
17677587
17677588
17677589
17677590
17677591
17677593
17677594
17677595
17677596
17677597
17677598
17677600
17677602
17677603
17677604
17677605
17677607
17677608
17677609
17677611
17677612
17677615
17677616
17677617
17677618
17677619
17677620
17677621
17677623
17677624
17677625
17677627
17677628
17677629
17677630
17677632
17677633
17677634
17677635
17677636
17677637
17677638
17677639
17677640
17677641
17677642
17677643
17677644
17677646
17677647
17677648
17677649
17677651
17677652
17677654
17677655
17677657
17677660
17677662
17677663
17677664
17677665
17677666
17677667
17677668
17677669
17677671
17677672
17677673
17677674
17677675
17677679
17677680
17677682
17677683
17677684
17677685
17677687
17677688
17677689
17677690
17677691
17677692
17677693
17677694
17677695
17677696
17677698
17677699
17677700
17677701
17677702
17677704
17677705
17677706
17677707
17677708
17677709
17677710
17677711
17677712
17677713
17677715
17677716
17677717
17677718
17677719
17677720
17677721
17677722
17677723
17677724
17677727
17677729
17677730
17677733
17677734
17677735
17677736
17677737
17677739
17677740
17677741
17677742
17677743
17677744
17677745
17677746
17677749
17677750
17677751
17677752
17677753
17677754
17677755
17677756
17677757
17677758
17677759
17677760
17677761
17677763
17677764
17677765
17677766
17677767
17677768
17677769
17677770
17677772
17677775
17677777
17677779
17677780
17677781
17677782
17677783
17677784
17677786
17677787
17677788
17677789
17677790
17677791
17677792
17677793
17677794
17677795
17677796
17677797
17677798
17677799
17677800
17677801
17677802
17677803
17677804
17677805
17677807
17677808
17677809
17677810
17677811
17677812
17677813
17677814
17677815
17677816
17677817
17677819
17677820
17677821
17677822
17677823
17677824
17677826
17677827
17677828
17677830
17677832
17677833
17677834
17677836
17677837
17677839
17677840
17677841
17677842
17677843
17677844
17677845
17677846
17677847
17677848
17677849
17677852
17677853
17677854
17677855
17677858
17677860
17677861
17677862
17677863
17677864
17677865
17677866
17677867
17677868
17677869
17677871
17677873
17677875
17677877
17677878
17677880
17677881
17677882
17677883
17677884
17677885
17677886
17677887
17677888
17677889
17677890
17677893
17677894
17677897
17677898
17677899
17677903
17677904
17677906
17677908
17677909
17677910
17677911
17677912
17677913
17677914
17677915
17677916
17677917
17677918
17677919
17677920
17677921
17677923
17677924
17677925
17677926
17677928
17677929
17677932
17677934
17677935
17677937
17677938
17677939
17677940
17677941
17677942
17677943
17677944
17677945
17677946
17677947
17677948
17677949
17677950
17677951
17677953
17677954
17677955
17677956
17677957
17677958
17677959
17677960
17677961
17677962
17677964
17677965
17677966
17677967
17677968
17677969
17677970
17677971
17677974
17677975
17677977
17677978
17677979
17677981
17677982
17677983
17677985
17677986
17677987
17677988
17677990
17677992
17677993
17677994
17677995
17677996
17677997
17677998
17677999
17678001
17678002
17678003
17678004
17678005
17678008
17678009
17678011
17678012
17678013
17678014
17678015
17678017
17678018
17678019
17678020
17678022
17678023
17678024
17678026
17678027
17678028
17678029
17678030
17678032
17678033
17678034
17678035
17678036
17678037
17678038
17678039
17678040
17678041
17678042
17678043
17678044
17678047
17678048
17678049
17678050
17678051
17678052
17678053
17678054
17678056
17678057
17678058
17678059
17678061
17678062
17678064
17678066
17678067
17678069
17678070
17678072
17678073
17678075
17678076
17678077
17678078
17678079
17678081
17678082
17678083
17678085
17678086
17678087
17678089
17678090
17678091
17678092
17678093
17678094
17678095
17678096
17678098
17678099
17678100
17678101
17678102
17678103
17678104
17678105
17678106
17678108
17678109
17678110
17678111
17678112
17678113
17678114
17678115
17678117
17678118
17678119
17678120
17678121
17678122
17678123
17678124
17678125
17678126
17678127
17678128
17678129
17678130
17678131
17678132
17678133
17678134
17678135
17678136
17678137
17678138
17678139
17678140
17678141
17678142
17678143
17678144
17678145
17678146
17678147
17678148
17678149
17678151
17678152
17678154
17678155
17678156
17678157
17678158
17678159
17678160
17678161
17678163
17678164
17678165
17678166
17678167
17678168
17678169
17678170
17678171
17678172
17678173
17678174
17678175
17678177
17678178
17678179
17678180
17678181
17678182
17678183
17678185
17678186
17678190
17678192
17678193
17678194
17678195
17678196
17678197
17678198
17678200
17678202
17678203
17678204
17678205
17678206
17678207
17678208
17678211
17678212
17678214
17678216
17678217
17678218
17678219
17678220
17678221
17678222
17678226
17678227
17678229
17678230
17678231
17678233
17678234
17678237
17678238
17678239
17678240
17678241
17678242
17678244
17678246
17678247
17678249
17678250
17678251
17678252
17678253
17678254
17678255
17678257
17678259
17678260
17678261
17678262
17678263
17678264
17678265
17678266
17678267
17678268
17678269
17678270
17678272
17678273
17678274
17678275
17678276
17678277
17678278
17678279
17678280
17678281
17678282
17678284
17678286
17678288
17678291
17678292
17678294
17678295
17678296
17678297
17678298
17678299
17678300
17678301
17678303
17678304
17678305
17678309
17678310
17678311
17678312
17678313
17678314
17678315
17678316
17678317
17678319
17678321
17678322
17678323
17678325
17678326
17678327
17678328
17678331
17678332
17678333
17678334
17678338
17678339
17678340
17678341
17678343
17678344
17678345
17678346
17678347
17678348
17678349
17678351
17678352
17678353
17678356
17678357
17678359
17678360
17678361
17678362
17678363
17678364
17678365
17678366
17678367
17678368
17678371
17678372
17678373
17678374
17678375
17678376
17678377
17678378
17678379
17678380
17678382
17678383
17678384
17678385
17678386
17678387
17678388
17678389
17678390
17678391
17678392
17678393
17678394
17678396
17678397
17678399
17678400
17678401
17678402
17678403
17678404
17678406
17678407
17678408
17678409
17678410
17678411
17678412
17678414
17678416
17678418
17678420
17678421
17678422
17678423
17678424
17678425
17678426
17678427
17678429
17678430
17678432
17678433
17678434
17678435
17678436
17678437
17678438
17678440
17678441
17678442
17678443
17678444
17678447
17678448
17678450
17678452
17678453
17678454
17678455
17678456
17678458
17678459
17678460
17678461
17678462
17678463
17678464
17678466
17678467
17678468
17678469
17678470
17678471
17678472
17678473
17678475
17678476
17678477
17678479
17678480
17678481
17678482
17678483
17678485
17678486
17678488
17678489
17678490
17678491
17678492
17678493
17678494
17678495
17678496
17678497
17678498
17678499
17678500
17678501
17678503
17678504
17678505
17678506
17678507
17678509
17678510
17678511
17678513
17678514
17678515
17678516
17678518
17678519
17678520
17678521
17678523
17678524
17678525
17678526
17678527
17678528
17678529
17678530
17678531
17678532
17678533
17678534
17678535
17678536
17678537
17678538
17678539
17678540
17678541
17678544
17678545
17678546
17678547
17678548
17678549
17678550
17678552
17678553
17678554
17678555
17678556
17678557
17678558
17678559
17678560
17678563
17678564
17678565
17678566
17678567
17678569
17678570
17678571
17678572
17678573
17678575
17678578
17678579
17678580
17678581
17678582
17678583
17678586
17678587
17678588
17678591
17678592
17678594
17678595
17678597
17678598
17678599
17678600
17678601
17678603
17678604
17678605
17678606
17678607
17678608
17678609
17678610
17678611
17678612
17678613
17678614
17678615
17678616
17678617
17678618
17678619
17678620
17678621
17678622
17678623
17678624
17678625
17678627
17678628
17678629
17678631
17678632
17678633
17678634
17678635
17678636
17678637
17678638
17678639
17678640
17678641
17678642
17678643
17678644
17678645
17678646
17678647
17678648
17678650
17678651
17678652
17678653
17678654
17678655
17678656
17678657
17678658
17678659
17678660
17678661
17678662
17678663
17678664
17678665
17678666
17678667
17678668
17678669
17678670
17678671
17678673
17678674
17678676
17678677
17678678
17678679
17678680
17678681
17678682
17678684
17678686
17678687
17678688
17678689
17678690
17678691
17678692
17678693
17678695
17678696
17678697
17678698
17678700
17678701
17678702
17678703
17678704
17678705
17678707
17678708
17678709
17678710
17678711
17678715
17678717
17678718
17678720
17678721
17678722
17678723
17678724
17678725
17678726
17678727
17678728
17678730
17678731
17678734
17678735
17678736
17678737
17678738
17678739
17678740
17678741
17678743
17678744
17678745
17678746
17678747
17678748
17678749
17678750
17678751
17678752
17678753
17678754
17678755
17678758
17678760
17678761
17678762
17678763
17678764
17678765
17678766
17678767
17678768
17678769
17678770
17678772
17678773
17678774
17678775
17678777
17678778
17678779
17678780
17678781
17678782
17678783
17678784
17678785
17678786
17678787
17678788
17678789
17678790
17678791
17678793
17678794
17678795
17678796
17678797
17678798
17678799
17678801
17678802
17678805
17678807
17678808
17678809
17678810
17678811
17678812
17678814
17678816
17678817
17678818
17678819
17678820
17678821
17678822
17678823
17678824
17678825
17678826
17678827
17678828
17678829
17678830
17678831
17678832
17678833
17678835
17678836
17678837
17678838
17678839
17678840
17678841
17678842
17678843
17678844
17678845
17678846
17678848
17678849
17678851
17678852
17678853
17678855
17678856
17678857
17678858
17678859
17678860
17678861
17678864
17678865
17678866
17678867
17678868
17678869
17678870
17678871
17678872
17678873
17678874
17678875
17678876
17678877
17678878
17678880
17678881
17678882
17678884
17678885
17678886
17678887
17678888
17678889
17678890
17678893
17678894
17678898
17678899
17678902
17678904
17678906
17678907
17678908
17678909
17678910
17678911
17678912
17678913
17678914
17678915
17678917
17678918
17678920
17678921
17678922
17678923
17678925
17678926
17678927
17678928
17678929
17678930
17678931
17678932
17678933
17678934
17678935
17678936
17678937
17678938
17678939
17678940
17678941
17678942
17678943
17678944
17678945
17678946
17678949
17678950
17678951
17678952
17678953
17678954
17678955
17678956
17678957
17678958
17678959
17678960
17678961
17678962
17678963
17678964
17678965
17678967
17678968
17678969
17678970
17678972
17678975
17678976
17678978
17678980
17678981
17678982
17678984
17678985
17678986
17678987
17678988
17678989
17678990
17678991
17678993
17678994
17678995
17678996
17678998
17678999
17679001
17679002
17679003
17679006
17679007
17679010
17679013
17679014
17679015
17679017
17679018
17679019
17679020
17679021
17679022
17679023
17679024
17679025
17679027
17679028
17679029
17679030
17679031
17679032
17679033
17679034
17679036
17679037
17679038
17679039
17679040
17679041
17679042
17679044
17679045
17679046
17679048
17679049
17679050
17679051
17679052
17679053
17679054
17679055
17679056
17679057
17679058
17679060
17679061
17679062
17679063
17679064
17679065
17679066
17679067
17679068
17679069
17679070
17679071
17679072
17679073
17679074
17679075
17679076
17679077
17679078
17679079
17679080
17679081
17679082
17679083
17679084
17679085
17679087
17679088
17679091
17679092
17679093
17679094
17679095
17679096
17679097
17679098
17679099
17679100
17679102
17679103
17679104
17679105
17679106
17679107
17679108
17679109
17679110
17679111
17679112
17679113
17679114
17679115
17679116
17679117
17679118
17679120
17679121
17679122
17679124
17679125
17679126
17679127
17679128
17679129
17679130
17679131
17679132
17679133
17679135
17679139
17679140
17679141
17679142
17679143
17679144
17679145
17679147
17679148
17679149
17679150
17679151
17679152
17679153
17679154
17679155
17679156
17679158
17679159
17679160
17679161
17679162
17679163
17679164
17679165
17679166
17679167
17679168
17679169
17679170
17679173
17679175
17679176
17679177
17679178
17679179
17679180
17679181
17679182
17679183
17679184
17679185
17679186
17679187
17679189
17679191
17679192
17679194
17679195
17679196
17679197
17679198
17679199
17679200
17679201
17679202
17679203
17679204
17679207
17679208
17679210
17679211
17679212
17679214
17679215
17679216
17679217
17679219
17679220
17679221
17679223
17679225
17679226
17679227
17679228
17679229
17679230
17679231
17679233
17679234
17679236
17679237
17679238
17679239
17679240
17679241
17679242
17679243
17679244
17679245
17679246
17679247
17679249
17679250
17679251
17679252
17679253
17679254
17679255
17679256
17679258
17679260
17679262
17679263
17679264
17679265
17679266
17679267
17679268
17679269
17679270
17679271
17679272
17679273
17679274
17679275
17679276
17679277
17679279
17679280
17679281
17679282
17679283
17679284
17679285
17679286
17679288
17679289
17679290
17679292
17679293
17679294
17679295
17679296
17679297
17679298
17679299
17679300
17679301
17679302
17679303
17679304
17679305
17679306
17679307
17679309
17679310
17679311
17679312
17679313
17679314
17679315
17679316
17679317
17679319
17679320
17679321
17679323
17679324
17679325
17679326
17679327
17679328
17679329
17679330
17679331
17679332
17679333
17679334
17679335
17679336
17679337
17679338
17679339
17679340
17679341
17679342
17679343
17679344
17679346
17679347
17679349
17679350
17679351
17679352
17679354
17679355
17679356
17679358
17679359
17679360
17679361
17679362
17679363
17679364
17679365
17679366
17679368
17679369
17679371
17679372
17679373
17679374
17679375
17679376
17679377
17679378
17679380
17679381
17679383
17679384
17679385
17679386
17679387
17679388
17679390
17679391
17679392
17679393
17679394
17679395
17679397
17679398
17679399
17679400
17679401
17679402
17679403
17679405
17679407
17679408
17679409
17679410
17679412
17679413
17679416
17679418
17679420
17679421
17679422
17679423
17679424
17679425
17679426
17679427
17679428
17679429
17679430
17679432
17679433
17679434
17679435
17679437
17679438
17679441
17679442
17679443
17679444
17679445
17679446
17679448
17679449
17679451
17679452
17679453
17679454
17679456
17679457
17679458
17679459
17679460
17679461
17679462
17679463
17679465
17679466
17679467
17679468
17679469
17679470
17679471
17679472
17679474
17679475
17679476
17679477
17679478
17679479
17679480
17679481
17679482
17679483
17679485
17679486
17679487
17679488
17679489
17679491
17679492
17679493
17679494
17679497
17679498
17679499
17679500
17679501
17679503
17679504
17679505
17679507
17679508
17679509
17679510
17679511
17679512
17679513
17679514
17679515
17679516
17679517
17679518
17679519
17679520
17679522
17679523
17679524
17679525
17679527
17679528
17679530
17679531
17679533
17679534
17679535
17679536
17679538
17679539
17679540
17679541
17679542
17679543
17679545
17679546
17679547
17679548
17679549
17679550
17679551
17679552
17679553
17679554
17679555
17679557
17679558
17679559
17679560
17679561
17679563
17679564
17679565
17679566
17679568
17679569
17679570
17679571
17679572
17679573
17679576
17679577
17679578
17679579
17679580
17679581
17679582
17679583
17679584
17679585
17679587
17679588
17679589
17679590
17679591
17679594
17679595
17679596
17679597
17679599
17679600
17679601
17679602
17679603
17679604
17679605
17679606
17679607
17679608
17679609
17679610
17679612
17679613
17679614
17679616
17679617
17679618
17679619
17679620
17679621
17679622
17679623
17679625
17679626
17679627
17679630
17679631
17679632
17679634
17679636
17679637
17679638
17679639
17679640
17679641
17679642
17679643
17679644
17679645
17679646
17679647
17679648
17679649
17679650
17679651
17679653
17679654
17679655
17679657
17679658
17679659
17679661
17679662
17679663
17679664
17679665
17679666
17679667
17679668
17679669
17679670
17679671
17679672
17679673
17679674
17679675
17679676
17679677
17679678
17679679
17679680
17679681
17679682
17679683
17679684
17679685
17679686
17679688
17679689
17679691
17679692
17679693
17679694
17679695
17679696
17679697
17679698
17679699
17679700
17679701
17679702
17679703
17679704
17679707
17679708
17679709
17679710
17679711
17679712
17679714
17679716
17679717
17679718
17679719
17679720
17679721
17679722
17679723
17679724
17679725
17679726
17679727
17679728
17679729
17679730
17679731
17679732
17679733
17679735
17679736
17679737
17679738
17679740
17679741
17679742
17679744
17679745
17679747
17679748
17679749
17679750
17679751
17679752
17679753
17679754
17679755
17679756
17679757
17679758
17679759
17679760
17679761
17679762
17679763
17679764
17679765
17679766
17679767
17679769
17679770
17679771
17679772
17679773
17679774
17679775
17679777
17679778
17679779
17679782
17679783
17679784
17679785
17679786
17679787
17679788
17679789
17679790
17679792
17679794
17679795
17679796
17679797
17679799
17679800
17679802
17679803
17679805
17679806
17679807
17679810
17679811
17679812
17679813
17679815
17679816
17679817
17679818
17679820
17679821
17679822
17679823
17679824
17679826
17679827
17679828
17679829
17679830
17679831
17679833
17679834
17679836
17679837
17679838
17679839
17679840
17679841
17679842
17679843
17679844
17679845
17679847
17679848
17679849
17679850
17679851
17679852
17679853
17679854
17679855
17679857
17679858
17679860
17679861
17679862
17679863
17679864
17679866
17679867
17679868
17679869
17679870
17679871
17679872
17679874
17679875
17679876
17679877
17679879
17679881
17679883
17679884
17679886
17679887
17679888
17679889
17679890
17679891
17679892
17679893
17679894
17679895
17679896
17679897
17679900
17679903
17679904
17679905
17679907
17679908
17679910
17679912
17679913
17679914
17679915
17679916
17679917
17679918
17679919
17679920
17679921
17679922
17679923
17679925
17679926
17679927
17679928
17679929
17679931
17679933
17679934
17679935
17679936
17679937
17679938
17679940
17679941
17679942
17679943
17679944
17679945
17679946
17679947
17679948
17679949
17679950
17679951
17679952
17679953
17679954
17679955
17679956
17679957
17679958
17679960
17679961
17679962
17679963
17679964
17679965
17679966
17679967
17679968
17679969
17679971
17679972
17679973
17679974
17679975
17679976
17679977
17679978
17679979
17679980
17679981
17679982
17679983
17679984
17679985
17679986
17679988
17679989
17679990
17679991
17679992
17679993
17679994
17679995
17679996
17679997
17679998
17679999
17680000
17680001
17680002
17680003
17680005
17680006
17680007
17680008
17680009
17680010
17680011
17680012
17680013
17680014
17680015
17680017
17680018
17680019
17680020
17680021
17680023
17680024
17680025
17680026
17680027
17680029
17680030
17680031
17680032
17680033
17680034
17680035
17680037
17680039
17680040
17680041
17680042
17680043
17680044
17680045
17680046
17680047
17680048
17680049
17680051
17680052
17680054
17680055
17680056
17680057
17680058
17680060
17680061
17680062
17680063
17680064
17680065
17680067
17680069
17680070
17680071
17680072
17680073
17680074
17680076
17680077
17680078
17680079
17680080
17680081
17680082
17680083
17680084
17680085
17680086
17680087
17680088
17680089
17680090
17680092
17680093
17680094
17680095
17680096
17680097
17680098
17680099
17680101
17680102
17680103
17680104
17680106
17680107
17680108
17680109
17680110
17680111
17680112
17680113
17680118
17680119
17680120
17680122
17680123
17680124
17680125
17680126
17680127
17680128
17680130
17680131
17680132
17680133
17680134
17680136
17680137
17680138
17680139
17680140
17680142
17680143
17680144
17680146
17680147
17680148
17680149
17680150
17680153
17680154
17680155
17680156
17680157