18257992
18257993
18257994
18257995
18257996
18257997
18257998
18258000
18258002
18258003
18258004
18258006
18258007
18258008
18258009
18258010
18258011
18258012
18258014
18258015
18258016
18258017
18258018
18258019
18258021
18258023
18258024
18258025
18258026
18258027
18258030
18258031
18258032
18258033
18258034
18258036
18258037
18258038
18258039
18258040
18258041
18258042
18258044
18258045
18258046
18258047
18258049
18258050
18258051
18258052
18258053
18258054
18258055
18258056
18258057
18258058
18258060
18258061
18258062
18258063
18258064
18258065
18258066
18258067
18258068
18258069
18258070
18258071
18258072
18258073
18258074
18258075
18258076
18258077
18258078
18258079
18258082
18258084
18258085
18258086
18258087
18258088
18258089
18258091
18258092
18258093
18258094
18258095
18258096
18258097
18258098
18258099
18258100
18258101
18258102
18258103
18258104
18258105
18258106
18258107
18258108
18258109
18258110
18258112
18258114
18258115
18258116
18258117
18258118
18258119
18258120
18258121
18258122
18258123
18258125
18258126
18258127
18258128
18258129
18258130
18258131
18258132
18258134
18258136
18258137
18258138
18258139
18258140
18258141
18258142
18258143
18258144
18258145
18258147
18258148
18258149
18258150
18258151
18258152
18258153
18258154
18258155
18258156
18258157
18258159
18258160
18258162
18258163
18258164
18258165
18258166
18258168
18258169
18258170
18258171
18258172
18258173
18258175
18258176
18258177
18258178
18258179
18258180
18258181
18258182
18258183
18258184
18258185
18258187
18258188
18258189
18258190
18258191
18258193
18258194
18258196
18258198
18258199
18258201
18258202
18258204
18258205
18258206
18258207
18258208
18258209
18258210
18258211
18258212
18258213
18258214
18258215
18258216
18258217
18258218
18258219
18258220
18258221
18258222
18258223
18258224
18258225
18258226
18258227
18258228
18258229
18258230
18258231
18258232
18258233
18258234
18258235
18258236
18258238
18258239
18258240
18258241
18258244
18258245
18258246
18258247
18258248
18258249
18258250
18258251
18258252
18258253
18258255
18258256
18258257
18258258
18258259
18258260
18258261
18258262
18258263
18258264
18258265
18258266
18258267
18258270
18258271
18258272
18258273
18258274
18258275
18258277
18258278
18258279
18258280
18258282
18258283
18258284
18258285
18258286
18258287
18258288
18258289
18258291
18258292
18258293
18258294
18258296
18258297
18258298
18258299
18258300
18258301
18258304
18258305
18258307
18258308
18258309
18258311
18258312
18258313
18258314
18258315
18258316
18258317
18258318
18258319
18258320
18258321
18258322
18258323
18258324
18258325
18258326
18258327
18258328
18258329
18258330
18258331
18258332
18258333
18258334
18258335
18258337
18258338
18258339
18258340
18258341
18258343
18258344
18258345
18258346
18258347
18258348
18258349
18258350
18258351
18258353
18258354
18258355
18258357
18258358
18258359
18258360
18258361
18258362
18258363
18258364
18258365
18258366
18258368
18258371
18258372
18258373
18258374
18258375
18258376
18258377
18258378
18258379
18258380
18258381
18258382
18258383
18258385
18258387
18258388
18258390
18258392
18258393
18258394
18258395
18258396
18258397
18258398
18258399
18258400
18258401
18258402
18258403
18258404
18258405
18258406
18258407
18258408
18258409
18258410
18258411
18258412
18258413
18258414
18258415
18258416
18258418
18258419
18258420
18258421
18258422
18258423
18258424
18258425
18258426
18258427
18258428
18258429
18258430
18258431
18258432
18258433
18258435
18258436
18258437
18258438
18258439
18258440
18258441
18258443
18258444
18258445
18258446
18258448
18258449
18258450
18258451
18258452
18258453
18258454
18258455
18258456
18258457
18258458
18258460
18258461
18258462
18258463
18258464
18258465
18258466
18258468
18258469
18258470
18258471
18258472
18258473
18258474
18258475
18258476
18258477
18258479
18258480
18258481
18258482
18258483
18258484
18258485
18258487
18258488
18258489
18258490
18258491
18258492
18258493
18258494
18258495
18258496
18258497
18258498
18258500
18258502
18258503
18258504
18258505
18258506
18258507
18258508
18258509
18258510
18258511
18258512
18258514
18258517
18258518
18258519
18258520
18258523
18258527
18258529
18258532
18258533
18258535
18258536
18258538
18258540
18258541
18258543
18258545
18258547
18258548
18258551
18258553
18258555
18258556
18258557
18258558
18258559
18258560
18258561
18258564
18258565
18258566
18258567
18258568
18258569
18258570
18258571
18258572
18258573
18258575
18258576
18258577
18258578
18258579
18258581
18258582
18258583
18258584
18258586
18258587
18258588
18258591
18258593
18258594
18258596
18258597
18258598
18258600
18258601
18258602
18258603
18258604
18258605
18258606
18258607
18258611
18258613
18258614
18258615
18258617
18258619
18258620
18258621
18258624
18258625
18258627
18258628
18258629
18258630
18258631
18258632
18258633
18258634
18258635
18258636
18258637
18258638
18258639
18258640
18258641
18258642
18258643
18258644
18258648
18258650
18258651
18258652
18258654
18258655
18258656
18258657
18258658
18258659
18258660
18258661
18258662
18258663
18258664
18258665
18258666
18258667
18258668
18258669
18258671
18258674
18258675
18258676
18258678
18258679
18258681
18258684
18258685
18258686
18258687
18258688
18258689
18258690
18258693
18258694
18258695
18258697
18258698
18258699
18258700
18258701
18258702
18258703
18258704
18258705
18258706
18258707
18258708
18258709
18258710
18258711
18258712
18258713
18258714
18258716
18258717
18258718
18258719
18258720
18258721
18258722
18258723
18258726
18258727
18258728
18258729
18258730
18258731
18258733
18258734
18258735
18258736
18258737
18258738
18258740
18258741
18258742
18258743
18258744
18258745
18258746
18258747
18258748
18258749
18258750
18258752
18258753
18258754
18258755
18258756
18258757
18258758
18258759
18258762
18258766
18258768
18258769
18258771
18258772
18258773
18258774
18258776
18258777
18258778
18258779
18258780
18258782
18258784
18258785
18258786
18258788
18258789
18258790
18258791
18258792
18258793
18258794
18258796
18258797
18258798
18258799
18258800
18258801
18258803
18258804
18258806
18258807
18258808
18258809
18258811
18258812
18258814
18258815
18258816
18258817
18258818
18258819
18258820
18258821
18258822
18258823
18258824
18258825
18258826
18258827
18258828
18258829
18258830
18258831
18258832
18258833
18258834
18258835
18258836
18258838
18258839
18258840
18258841
18258843
18258844
18258845
18258846
18258847
18258848
18258849
18258850
18258851
18258853
18258854
18258855
18258857
18258858
18258859
18258860
18258861
18258863
18258864
18258865
18258866
18258867
18258869
18258870
18258871
18258872
18258873
18258874
18258875
18258876
18258877
18258878
18258879
18258881
18258882
18258883
18258885
18258886
18258887
18258888
18258889
18258890
18258891
18258892
18258893
18258894
18258895
18258896
18258897
18258898
18258899
18258900
18258901
18258903
18258904
18258906
18258907
18258909
18258910
18258912
18258914
18258915
18258916
18258917
18258918
18258919
18258923
18258924
18258925
18258926
18258927
18258928
18258931
18258932
18258937
18258938
18258940
18258942
18258944
18258945
18258946
18258947
18258949
18258951
18258953
18258954
18258955
18258958
18258960
18258962
18258964
18258970
18258972
18258973
18258975
18258976
18258978
18258979
18258981
18258982
18258983
18258985
18258986
18258987
18258988
18258989
18258991
18258992
18258993
18258995
18258996
18258997
18259001
18259002
18259003
18259004
18259005
18259006
18259007
18259008
18259009
18259011
18259012
18259013
18259014
18259015
18259016
18259017
18259018
18259019
18259020
18259021
18259022
18259024
18259026
18259027
18259028
18259029
18259030
18259031
18259032
18259034
18259037
18259039
18259040
18259043
18259044
18259047
18259049
18259050
18259051
18259053
18259054
18259056
18259057
18259058
18259059
18259060
18259061
18259062
18259063
18259064
18259065
18259066
18259067
18259068
18259069
18259070
18259071
18259072
18259073
18259074
18259075
18259077
18259078
18259079
18259080
18259081
18259083
18259084
18259085
18259086
18259087
18259089
18259090
18259091
18259092
18259093
18259095
18259096
18259098
18259099
18259100
18259101
18259102
18259103
18259105
18259106
18259109
18259110
18259111
18259113
18259114
18259115
18259116
18259117
18259118
18259119
18259121
18259122
18259123
18259124
18259125
18259127
18259128
18259129
18259130
18259131
18259132
18259133
18259134
18259135
18259137
18259138
18259139
18259140
18259142
18259143
18259144
18259145
18259146
18259147
18259148
18259150
18259151
18259152
18259153
18259154
18259155
18259156
18259157
18259158
18259159
18259160
18259161
18259162
18259163
18259165
18259166
18259167
18259168
18259169
18259170
18259171
18259172
18259173
18259174
18259175
18259176
18259177
18259178
18259180
18259181
18259182
18259183
18259184
18259185
18259186
18259187
18259188
18259189
18259190
18259191
18259192
18259194
18259195
18259196
18259197
18259198
18259200
18259201
18259202
18259203
18259204
18259205
18259206
18259207
18259208
18259209
18259210
18259211
18259212
18259213
18259214
18259215
18259217
18259218
18259220
18259222
18259223
18259224
18259225
18259226
18259227
18259228
18259229
18259230
18259231
18259232
18259233
18259234
18259236
18259239
18259240
18259241
18259242
18259243
18259244
18259245
18259246
18259247
18259248
18259249
18259250
18259251
18259252
18259253
18259254
18259256
18259257
18259259
18259260
18259262
18259263
18259264
18259265
18259266
18259267
18259268
18259270
18259271
18259273
18259275
18259278
18259279
18259280
18259282
18259283
18259284
18259285
18259286
18259287
18259289
18259290
18259291
18259293
18259294
18259295
18259296
18259297
18259298
18259299
18259300
18259301
18259304
18259305
18259306
18259307
18259308
18259309
18259310
18259311
18259312
18259314
18259318
18259319
18259320
18259321
18259322
18259324
18259325
18259326
18259328
18259329
18259330
18259331
18259332
18259333
18259334
18259335
18259336
18259337
18259338
18259339
18259340
18259341
18259343
18259344
18259345
18259346
18259347
18259348
18259349
18259352
18259353
18259354
18259355
18259356
18259357
18259359
18259360
18259361
18259362
18259363
18259365
18259366
18259367
18259368
18259370
18259371
18259372
18259373
18259376
18259377
18259378
18259379
18259381
18259382
18259383
18259384
18259385
18259386
18259394
18259395
18259399
18259400
18259401
18259402
18259404
18259406
18259407
18259408
18259412
18259413
18259414
18259416
18259417
18259418
18259421
18259422
18259424
18259429
18259430
18259431
18259433
18259434
18259436
18259437
18259439
18259440
18259442
18259443
18259444
18259445
18259446
18259448
18259449
18259450
18259452
18259458
18259459
18259461
18259464
18259470
18259471
18259472
18259473
18259474
18259476
18259477
18259478
18259479
18259481
18259483
18259486
18259487
18259488
18259489
18259490
18259491
18259493
18259495
18259496
18259498
18259499
18259501
18259502
18259503
18259504
18259505
18259506
18259507
18259509
18259510
18259511
18259512
18259513
18259514
18259515
18259519
18259520
18259522
18259524
18259525
18259528
18259529
18259530
18259531
18259533
18259534
18259535
18259536
18259538
18259539
18259541
18259542
18259543
18259544
18259545
18259546
18259547
18259548
18259549
18259550
18259552
18259555
18259556
18259558
18259559
18259561
18259564
18259565
18259566
18259568
18259569
18259570
18259571
18259572
18259574
18259575
18259576
18259577
18259578
18259579
18259580
18259581
18259582
18259583
18259584
18259586
18259588
18259589
18259590
18259591
18259593
18259594
18259595
18259596
18259597
18259598
18259600
18259601
18259602
18259603
18259604
18259607
18259609
18259610
18259613
18259614
18259615
18259616
18259617
18259618
18259619
18259620
18259621
18259622
18259625
18259627
18259628
18259629
18259630
18259631
18259632
18259633
18259634
18259636
18259637
18259638
18259639
18259640
18259641
18259642
18259643
18259644
18259645
18259646
18259647
18259648
18259649
18259650
18259652
18259653
18259655
18259656
18259657
18259658
18259659
18259661
18259662
18259663
18259664
18259665
18259666
18259667
18259668
18259669
18259670
18259671
18259672
18259675
18259677
18259678
18259679
18259680
18259681
18259682
18259683
18259684
18259685
18259686
18259687
18259688
18259691
18259692
18259693
18259694
18259695
18259696
18259698
18259701
18259702
18259703
18259704
18259705
18259706
18259707
18259708
18259709
18259710
18259711
18259712
18259713
18259715
18259716
18259717
18259718
18259719
18259720
18259722
18259723
18259724
18259725
18259727
18259728
18259729
18259731
18259732
18259733
18259734
18259735
18259737
18259739
18259740
18259741
18259742
18259744
18259745
18259746
18259747
18259748
18259749
18259750
18259751
18259752
18259753
18259754
18259755
18259756
18259757
18259758
18259759
18259760
18259761
18259762
18259763
18259764
18259765
18259766
18259767
18259769
18259770
18259773
18259776
18259779
18259780
18259781
18259783
18259785
18259786
18259787
18259788
18259789
18259790
18259792
18259793
18259795
18259796
18259797
18259798
18259799
18259800
18259804
18259805
18259807
18259808
18259809
18259810
18259813
18259814
18259816
18259817
18259819
18259820
18259821
18259823
18259825
18259826
18259828
18259831
18259832
18259833
18259836
18259837
18259838
18259840
18259842
18259844
18259845
18259846
18259847
18259848
18259849
18259850
18259851
18259852
18259853
18259854
18259855
18259856
18259857
18259858
18259859
18259862
18259864
18259865
18259866
18259869
18259871
18259872
18259874
18259875
18259878
18259879
18259881
18259882
18259883
18259884
18259885
18259887
18259888
18259889
18259890
18259891
18259892
18259893
18259895
18259896
18259898
18259901
18259902
18259903
18259904
18259905
18259906
18259907
18259908
18259910
18259911
18259912
18259913
18259915
18259916
18259917
18259918
18259919
18259920
18259921
18259922
18259923
18259924
18259925
18259926
18259927
18259929
18259931
18259932
18259933
18259934
18259935
18259936
18259937
18259938
18259939
18259940
18259941
18259942
18259943
18259944
18259945
18259946
18259947
18259948
18259949
18259950
18259951
18259952
18259953
18259954
18259955
18259956
18259957
18259959
18259960
18259963
18259964
18259965
18259966
18259967
18259968
18259970
18259971
18259972
18259973
18259974
18259976
18259977
18259978
18259979
18259980
18259981
18259983
18259984
18259985
18259986
18259987
18259989
18259991
18259992
18259993
18259994
18259995
18259996
18259999
18260000
18260001
18260002
18260004
18260005
18260006
18260007
18260010
18260011
18260012
18260014
18260015
18260016
18260017
18260018
18260019
18260020
18260022
18260023
18260024
18260025
18260026
18260027
18260028
18260029
18260031
18260032
18260033
18260034
18260035
18260036
18260037
18260038
18260039
18260040
18260041
18260042
18260043
18260044
18260045
18260046
18260049
18260050
18260052
18260053
18260054
18260056
18260058
18260060
18260062
18260063
18260064
18260065
18260067
18260068
18260069
18260070
18260073
18260074
18260075
18260076
18260077
18260078
18260079
18260080
18260083
18260085
18260086
18260088
18260089
18260090
18260091
18260092
18260093
18260097
18260098
18260099
18260100
18260101
18260102
18260103
18260105
18260106
18260107
18260108
18260109
18260110
18260111
18260112
18260113
18260114
18260119
18260121
18260123
18260124
18260125
18260126
18260127
18260128
18260129
18260130
18260132
18260133
18260134
18260135
18260136
18260137
18260139
18260140
18260142
18260143
18260146
18260147
18260148
18260151
18260152
18260153
18260154
18260155
18260156
18260157
18260158
18260159
18260162
18260164
18260166
18260167
18260168
18260170
18260171
18260172
18260174
18260175
18260176
18260177
18260179
18260180
18260181
18260182
18260183
18260184
18260185
18260187
18260188
18260189
18260190
18260191
18260192
18260193
18260194
18260195
18260196
18260197
18260198
18260199
18260200
18260202
18260204
18260206
18260207
18260208
18260209
18260210
18260212
18260213
18260214
18260215
18260216
18260217
18260219
18260220
18260221
18260223
18260224
18260226
18260227
18260228
18260229
18260230
18260231
18260232
18260233
18260234
18260235
18260236
18260237
18260238
18260239
18260240
18260241
18260242
18260243
18260244
18260245
18260246
18260247
18260248
18260250
18260251
18260252
18260253
18260254
18260255
18260256
18260257
18260258
18260259
18260260
18260262
18260263
18260264
18260265
18260266
18260267
18260268
18260269
18260270
18260273
18260274
18260275
18260278
18260280
18260281
18260282
18260283
18260285
18260286
18260289
18260290
18260291
18260292
18260293
18260294
18260296
18260298
18260299
18260300
18260301
18260302
18260304
18260305
18260306
18260307
18260308
18260309
18260311
18260312
18260313
18260314
18260315
18260316
18260317
18260318
18260319
18260320
18260322
18260323
18260324
18260325
18260327
18260328
18260330
18260331
18260332
18260333
18260334
18260336
18260337
18260338
18260339
18260341
18260344
18260345
18260346
18260347
18260348
18260350
18260351
18260353
18260356
18260358
18260360
18260361
18260362
18260363
18260365
18260366
18260367
18260368
18260369
18260370
18260376
18260377
18260380
18260382
18260383
18260384
18260385
18260386
18260387
18260388
18260391
18260392
18260393
18260394
18260395
18260396
18260397
18260398
18260399
18260401
18260403
18260404
18260405
18260406
18260407
18260408
18260409
18260410
18260411
18260412
18260414
18260415
18260418
18260419
18260420
18260421
18260422
18260423
18260424
18260425
18260426
18260427
18260428
18260430
18260432
18260435
18260437
18260438
18260439
18260440
18260441
18260442
18260443
18260444
18260447
18260448
18260450
18260451
18260452
18260453
18260454
18260455
18260456
18260457
18260458
18260461
18260462
18260463
18260464
18260466
18260468
18260469
18260470
18260472
18260473
18260474
18260476
18260477
18260479
18260482
18260483
18260487
18260489
18260490
18260492
18260494
18260495
18260496
18260497
18260498
18260499
18260501
18260503
18260508
18260509
18260510
18260511
18260512
18260515
18260516
18260517
18260518
18260519
18260520
18260521
18260523
18260524
18260526
18260527
18260528
18260529
18260530
18260531
18260532
18260533
18260535
18260536
18260539
18260540
18260541
18260542
18260543
18260546
18260547
18260548
18260549
18260553
18260554
18260555
18260556
18260557
18260558
18260559
18260562
18260563
18260564
18260565
18260566
18260567
18260568
18260570
18260571
18260572
18260573
18260575
18260576
18260577
18260578
18260580
18260581
18260582
18260583
18260584
18260585
18260586
18260588
18260589
18260590
18260591
18260592
18260593
18260594
18260595
18260596
18260597
18260600
18260601
18260602
18260603
18260604
18260605
18260606
18260608
18260610
18260613
18260614
18260616
18260617
18260618
18260619
18260620
18260621
18260622
18260623
18260624
18260625
18260626
18260627
18260628
18260629
18260630
18260631
18260633
18260635
18260636
18260637
18260639
18260640
18260641
18260642
18260644
18260645
18260646
18260648
18260649
18260650
18260652
18260654
18260656
18260658
18260659
18260661
18260662
18260663
18260664
18260666
18260668
18260669
18260670
18260671
18260673
18260675
18260677
18260679
18260680
18260681
18260682
18260683
18260684
18260685
18260687
18260689
18260690
18260692
18260693
18260694
18260695
18260696
18260697
18260698
18260699
18260701
18260702
18260703
18260704
18260706
18260707
18260708
18260710
18260711
18260712
18260714
18260715
18260716
18260717
18260718
18260719
18260720
18260721
18260722
18260723
18260724
18260725
18260727
18260728
18260729
18260731
18260732
18260733
18260734
18260735
18260736
18260737
18260738
18260739
18260740
18260741
18260742
18260743
18260745
18260746
18260747
18260748
18260750
18260751
18260752
18260753
18260755
18260756
18260757
18260758
18260759
18260760
18260761
18260763
18260764
18260765
18260769
18260770
18260771
18260773
18260775
18260776
18260777
18260778
18260779
18260781
18260783
18260784
18260785
18260786
18260787
18260789
18260790
18260791
18260793
18260794
18260795
18260797
18260798
18260800
18260801
18260803
18260806
18260808
18260810
18260811
18260812
18260813
18260814
18260815
18260816
18260817
18260818
18260819
18260820
18260821
18260822
18260824
18260825
18260826
18260828
18260829
18260830
18260831
18260832
18260833
18260834
18260836
18260838
18260839
18260841
18260843
18260844
18260846
18260847
18260848
18260849
18260851
18260852
18260854
18260856
18260857
18260860
18260861
18260862
18260863
18260864
18260866
18260867
18260869
18260870
18260871
18260873
18260874
18260875
18260876
18260877
18260878
18260879
18260880
18260882
18260884
18260885
18260886
18260887
18260888
18260889
18260890
18260891
18260892
18260894
18260895
18260896
18260897
18260898
18260899
18260901
18260903
18260904
18260905
18260907
18260908
18260909
18260911
18260912
18260913
18260914
18260915
18260916
18260917
18260918
18260919
18260921
18260922
18260923
18260924
18260925
18260926
18260929
18260930
18260931
18260932
18260933
18260934
18260936
18260937
18260938
18260939
18260940
18260943
18260945
18260946
18260947
18260949
18260950
18260951
18260952
18260954
18260956
18260957
18260958
18260959
18260960
18260961
18260962
18260963
18260964
18260965
18260966
18260967
18260968
18260969
18260970
18260972
18260973
18260974
18260975
18260976
18260977
18260978
18260979
18260980
18260981
18260982
18260983
18260984
18260985
18260986
18260987
18260988
18260989
18260990
18260991
18260992
18260993
18260994
18260996
18260998
18261000
18261001
18261002
18261003
18261004
18261006
18261007
18261008
18261009
18261010
18261011
18261012
18261013
18261014
18261015
18261016
18261017
18261018
18261019
18261020
18261021
18261022
18261023
18261024
18261025
18261026
18261027
18261029
18261031
18261033
18261035
18261036
18261037
18261039
18261040
18261041
18261042
18261043
18261045
18261046
18261047
18261048
18261049
18261051
18261052
18261053
18261056
18261057
18261058
18261060
18261061
18261062
18261063
18261064
18261065
18261067
18261068
18261070
18261071
18261072
18261073
18261074
18261075
18261077
18261078
18261079
18261080
18261081
18261082
18261084
18261085
18261086
18261087
18261088
18261089
18261090
18261091
18261092
18261094
18261095
18261096
18261097
18261099
18261100
18261101
18261102
18261104
18261105
18261106
18261107
18261108
18261109
18261111
18261112
18261113
18261114
18261115
18261116
18261117
18261119
18261120
18261121
18261123
18261124
18261125
18261126
18261127
18261128
18261129
18261130
18261131
18261132
18261133
18261134
18261135
18261136
18261137
18261138
18261139
18261140
18261141
18261142
18261143
18261144
18261145
18261146
18261147
18261148
18261149
18261150
18261151
18261152
18261154
18261155
18261156
18261157
18261158
18261159
18261160
18261161
18261162
18261163
18261164
18261165
18261167
18261168
18261169
18261172
18261173
18261175
18261176
18261177
18261178
18261179
18261180
18261181
18261183
18261184
18261185
18261187
18261188
18261190
18261192
18261193
18261194
18261197
18261199
18261200
18261201
18261202
18261203
18261204
18261205
18261206
18261207
18261208
18261209
18261212
18261213
18261215
18261216
18261217
18261218
18261219
18261221
18261222
18261223
18261224
18261225
18261226
18261227
18261228
18261229
18261231
18261232
18261233
18261235
18261236
18261237
18261239
18261240
18261242
18261243
18261244
18261245
18261246
18261247
18261248
18261249
18261251
18261252
18261254
18261255
18261256
18261257
18261258
18261259
18261260
18261261
18261262
18261264
18261265
18261266
18261268
18261270
18261271
18261272
18261273
18261274
18261276
18261277
18261278
18261279
18261280
18261281
18261284
18261285
18261286
18261287
18261291
18261292
18261293
18261294
18261295
18261296
18261300
18261301
18261302
18261303
18261304
18261306
18261307
18261308
18261310
18261311
18261312
18261313
18261314
18261315
18261317
18261319
18261320
18261321
18261322
18261323
18261325
18261326
18261327
18261328
18261329
18261330
18261331
18261332
18261333
18261334
18261335
18261336
18261337
18261338
18261339
18261340
18261341
18261343
18261344
18261347
18261348
18261350
18261351
18261352
18261353
18261354
18261355
18261356
18261358
18261359
18261360
18261362
18261363
18261364
18261365
18261366
18261368
18261369
18261371
18261373
18261374
18261375
18261376
18261378
18261380
18261381
18261382
18261383
18261384
18261385
18261386
18261387
18261388
18261389
18261390
18261391
18261392
18261393
18261394
18261395
18261396
18261398
18261399
18261400
18261401
18261403
18261404
18261406
18261407
18261408
18261409
18261411
18261412
18261413
18261414
18261416
18261417
18261418
18261419
18261420
18261421
18261422
18261423
18261424
18261425
18261426
18261427
18261428
18261430
18261431
18261432
18261433
18261434
18261436
18261437
18261438
18261439
18261440
18261441
18261442
18261443
18261444
18261445
18261447
18261448
18261449
18261450
18261451
18261452
18261454
18261455
18261456
18261457
18261459
18261462
18261463
18261464
18261465
18261466
18261468
18261469
18261470
18261471
18261472
18261474
18261475
18261477
18261478
18261479
18261480
18261481
18261483
18261484
18261485
18261486
18261487
18261488
18261489
18261490
18261491
18261492
18261493
18261494
18261495
18261496
18261497
18261498
18261499
18261500
18261501
18261502
18261503
18261504
18261505
18261506
18261507
18261508
18261509
18261510
18261511
18261512
18261513
18261514
18261516
18261517
18261518
18261519
18261520
18261521
18261522
18261523
18261524
18261525
18261526
18261527
18261528
18261529
18261530
18261531
18261532
18261533
18261534
18261535
18261537
18261539
18261540
18261541
18261542
18261543
18261544
18261545
18261546
18261547
18261548
18261549
18261550
18261551
18261552
18261553
18261554
18261555
18261557
18261558
18261559
18261560
18261562
18261563
18261565
18261566
18261568
18261569
18261571
18261572
18261574
18261577
18261579
18261580
18261581
18261583
18261584
18261585
18261586
18261587
18261588
18261589
18261590
18261592
18261593
18261594
18261596
18261597
18261600
18261601
18261603
18261604
18261605
18261606
18261607
18261609
18261614
18261615
18261616
18261617
18261618
18261619
18261620
18261621
18261622
18261623
18261624
18261625
18261626
18261627
18261628
18261629
18261630
18261631
18261632
18261633
18261634
18261635
18261636
18261638
18261639
18261641
18261642
18261643
18261644
18261646
18261647
18261648
18261649
18261650
18261651
18261652
18261655
18261656
18261657
18261658
18261659
18261660
18261661
18261662
18261663
18261664
18261665
18261667
18261668
18261669
18261670
18261671
18261672
18261673
18261674
18261676
18261677
18261678
18261679
18261680
18261682
18261683
18261684
18261685
18261686
18261687
18261689
18261691
18261694
18261695
18261697
18261698
18261699
18261701
18261702
18261703
18261705
18261707
18261710
18261711
18261712
18261714
18261716
18261717
18261718
18261720
18261721
18261723
18261724
18261725
18261726
18261727
18261729
18261730
18261731
18261732
18261733
18261734
18261735
18261737
18261738
18261739
18261740
18261741
18261743
18261744
18261745
18261746
18261747
18261749
18261750
18261751
18261752
18261753
18261754
18261755
18261756
18261757
18261758
18261759
18261760
18261761
18261762
18261763
18261765
18261766
18261767
18261769
18261770
18261771
18261772
18261773
18261774
18261775
18261776
18261778
18261779
18261780
18261782
18261784
18261785
18261787
18261788
18261789
18261790
18261791
18261792
18261793
18261795
18261796
18261798
18261800
18261802
18261804
18261805
18261807
18261808
18261809
18261811
18261812
18261813
18261815
18261817
18261818
18261819
18261820
18261821
18261822
18261823
18261825
18261826
18261827
18261828
18261830
18261831
18261832
18261833
18261834
18261836
18261837
18261838
18261839
18261841
18261842
18261844
18261845
18261846
18261847
18261848
18261851
18261852
18261853
18261854
18261855
18261857
18261858
18261859
18261860
18261862
18261863
18261864
18261866
18261867
18261868
18261870
18261871
18261873
18261874
18261875
18261876
18261877
18261878
18261879
18261881
18261882
18261883
18261884
18261885
18261886
18261887
18261888
18261889
18261890
18261891
18261892
18261894
18261895
18261896
18261897
18261898
18261899
18261900
18261901
18261902
18261903
18261904
18261905
18261906
18261907
18261908
18261909
18261910
18261911
18261913
18261914
18261915
18261916
18261918
18261919
18261920
18261921
18261922
18261923
18261924
18261925
18261927
18261929
18261930
18261932
18261933
18261934
18261935
18261937
18261938
18261939
18261940
18261941
18261942
18261944
18261945
18261946
18261947
18261948
18261949
18261950
18261951
18261952
18261955
18261959
18261960
18261961
18261962
18261964
18261965
18261966
18261967
18261968
18261969
18261970
18261971
18261972
18261974
18261975
18261976
18261978
18261979
18261980
18261981
18261982
18261983
18261985
18261986
18261987
18261988
18261989
18261991
18261992
18261993
18261994
18261995
18261996
18261998
18261999
18262000
18262004
18262005
18262006
18262007
18262008
18262009
18262010
18262011
18262012
18262013
18262014
18262015
18262017
18262018
18262019
18262021
18262022
18262024
18262025
18262026
18262027
18262028
18262029
18262030
18262031
18262032
18262033
18262034
18262035
18262036
18262037
18262038
18262039
18262040
18262041
18262042
18262043
18262044
18262045
18262046
18262047
18262048
18262049
18262050
18262052
18262053
18262055
18262056
18262057
18262060
18262062
18262063
18262064
18262065
18262066
18262068
18262069
18262070
18262072
18262073
18262074
18262075
18262076
18262077
18262078
18262079
18262081
18262082
18262083
18262084
18262085
18262087
18262088
18262089
18262090
18262093
18262095
18262096
18262097
18262098
18262099
18262100
18262101
18262103
18262104
18262105
18262106
18262107
18262108
18262110
18262111
18262113
18262115
18262116
18262117
18262118
18262119
18262120
18262121
18262123
18262124
18262125
18262126
18262127
18262128
18262129
18262130
18262132
18262133
18262134
18262135
18262136
18262137
18262138
18262139
18262141
18262143
18262144
18262145
18262146
18262147
18262148
18262149
18262150
18262151
18262152
18262154
18262155
18262156
18262157
18262158
18262159
18262160
18262161
18262162
18262163
18262164
18262165
18262166
18262168
18262169
18262170
18262171
18262172
18262173
18262174
18262176
18262177
18262178
18262180
18262181
18262183
18262186
18262187
18262188
18262189
18262190
18262192
18262193
18262194
18262195
18262197
18262198
18262199
18262201
18262202
18262203
18262204
18262205
18262206
18262207
18262208
18262209
18262210
18262211
18262212
18262213
18262214
18262215
18262218
18262219
18262220
18262221
18262222
18262225
18262232
18262233
18262235
18262237
18262238
18262239
18262243
18262244
18262245
18262246
18262248
18262249
18262250
18262251
18262252
18262254
18262256
18262257
18262258
18262260
18262261
18262262
18262263
18262264
18262265
18262267
18262268
18262269
18262270
18262271
18262272
18262273
18262274
18262275
18262276
18262277
18262278
18262279
18262280
18262284
18262285
18262286
18262287
18262289
18262290
18262292
18262293
18262294
18262295
18262296
18262297
18262299
18262300
18262302
18262303
18262305
18262306
18262307
18262308
18262310
18262311
18262312
18262313
18262315
18262316
18262317
18262318
18262319
18262320
18262321
18262322
18262323
18262324
18262327
18262328
18262329
18262330
18262331
18262332
18262333
18262334
18262335
18262336
18262338
18262341
18262342
18262343
18262344
18262347
18262348
18262349
18262350
18262351
18262352
18262353
18262354
18262356
18262357
18262358
18262359
18262360
18262362
18262363
18262364
18262365
18262366
18262367
18262368
18262369
18262370
18262371
18262372
18262373
18262374
18262375
18262376
18262377
18262378
18262379
18262380
18262381
18262383
18262385
18262387
18262388
18262390
18262391
18262392
18262394
18262396
18262397
18262398
18262399
18262400
18262401
18262402
18262403
18262404
18262405
18262408
18262409
18262410
18262411
18262414
18262415
18262416
18262417
18262418
18262419
18262420
18262421
18262422
18262423
18262424
18262425
18262426
18262427
18262429
18262430
18262432
18262433
18262434
18262435
18262436
18262437
18262438
18262439
18262440
18262443
18262444
18262445
18262446
18262447
18262448
18262449
18262450
18262451
18262452
18262453
18262454
18262455
18262457
18262459
18262460
18262461
18262462
18262463
18262464
18262465
18262466
18262467
18262469
18262470
18262473
18262474
18262475
18262476
18262477
18262478
18262479
18262480
18262482
18262483
18262484
18262485
18262486
18262488
18262489
18262490
18262491
18262492
18262493
18262494
18262496
18262497
18262498
18262499
18262500
18262501
18262502
18262503
18262504
18262505
18262506
18262507
18262508
18262509
18262510
18262511
18262512
18262513
18262515
18262517
18262518
18262519
18262520
18262521
18262522
18262523
18262524
18262525
18262526
18262528
18262529
18262530
18262531
18262532
18262533
18262534
18262535
18262536
18262537
18262538
18262540
18262541
18262542
18262544
18262545
18262546
18262547
18262548
18262549
18262550
18262551
18262552
18262553
18262554
18262557
18262558
18262559
18262560
18262561
18262562
18262563
18262564
18262565
18262567
18262568
18262569
18262570
18262571
18262572
18262574
18262575
18262576
18262577
18262578
18262579
18262580
18262581
18262582
18262583
18262584
18262585
18262587
18262588
18262589
18262590
18262591
18262592
18262594
18262595
18262596
18262597
18262598
18262599
18262600
18262602
18262603
18262605
18262606
18262607
18262608
18262609
18262610
18262611
18262613
18262614
18262615
18262616
18262618
18262619
18262620
18262621
18262622
18262623
18262624
18262626
18262627
18262629
18262631
18262632
18262633
18262634
18262635
18262638
18262639
18262640
18262641
18262642
18262644
18262645
18262646
18262647
18262648
18262649
18262650
18262651
18262652
18262653
18262654
18262655
18262656
18262658
18262659
18262660
18262661
18262662
18262663
18262664
18262665
18262666
18262667
18262668
18262669
18262670
18262671
18262672
18262674
18262675
18262676
18262677
18262678
18262680
18262681
18262682
18262683
18262684
18262685
18262686
18262687
18262689
18262690
18262691
18262692
18262693
18262695
18262696
18262697
18262698
18262699
18262701
18262702
18262703
18262704
18262705
18262706
18262709
18262711
18262712
18262713
18262714
18262715
18262716
18262717
18262718
18262719
18262720
18262721
18262722
18262723
18262724
18262725
18262727
18262730
18262731
18262732
18262734
18262735
18262736
18262737
18262739
18262742
18262743
18262744
18262745
18262746
18262747
18262748
18262749
18262752
18262753
18262754
18262756
18262758
18262759
18262760
18262761
18262762
18262764
18262765
18262766
18262767
18262768
18262769
18262771
18262772
18262773
18262774
18262776
18262777
18262778
18262780
18262782
18262783
18262785
18262786
18262787
18262788
18262789
18262791
18262792
18262793
18262794
18262795
18262796
18262797
18262798
18262799
18262800
18262801
18262802
18262803
18262804
18262805
18262806
18262807
18262808
18262809
18262810
18262812
18262814
18262815
18262817
18262818
18262819
18262820
18262822
18262823
18262824
18262825
18262826
18262827
18262828
18262829
18262832
18262833
18262834
18262835
18262836
18262837
18262838
18262839
18262840
18262842
18262843
18262844
18262845
18262846
18262847
18262848
18262849
18262850
18262851
18262852
18262853
18262855
18262856
18262857
18262858
18262859
18262860
18262861
18262862
18262863
18262864
18262865
18262866
18262867
18262868
18262869
18262871
18262872
18262873
18262874
18262875
18262876
18262877
18262878
18262879
18262880
18262881
18262882
18262883
18262884
18262885
18262886
18262888
18262889
18262890
18262891
18262892
18262893
18262894
18262895
18262897
18262898
18262899
18262901
18262902
18262903
18262904
18262905
18262906
18262908
18262909
18262910
18262911
18262912
18262914
18262915
18262916
18262917
18262918
18262919
18262920
18262921
18262922
18262923
18262924
18262925
18262926
18262927
18262928
18262929
18262930
18262931
18262933
18262935
18262936
18262937
18262938
18262939
18262941
18262942
18262943
18262944
18262945
18262946
18262947
18262948
18262949
18262950
18262951
18262953
18262955
18262957
18262958
18262959
18262960
18262961
18262962
18262963
18262964
18262965
18262966
18262967
18262968
18262969
18262970
18262971
18262972
18262973
18262974
18262976
18262977
18262978
18262979
18262980
18262981
18262982
18262984
18262986
18262987
18262988
18262989
18262990
18262991
18262994
18262995
18262996
18262997
18262998
18262999
18263000
18263001
18263002
18263004
18263005
18263006
18263007
18263008
18263009
18263010
18263011
18263013
18263014
18263015
18263017
18263019
18263020
18263021
18263022
18263023
18263024
18263025
18263026
18263027
18263028
18263030
18263031
18263033
18263035
18263036
18263037
18263039
18263040
18263041
18263042
18263043
18263044
18263045
18263046
18263047
18263048
18263049
18263050
18263051
18263053
18263055
18263056
18263058
18263059
18263060
18263062
18263064
18263065
18263066
18263067
18263070
18263071
18263072
18263073
18263074
18263075
18263076
18263077
18263078
18263079
18263080
18263081
18263082
18263083
18263084
18263086
18263088
18263090
18263091
18263092
18263093
18263094
18263096
18263097
18263099
18263100
18263101
18263103
18263104
18263106
18263107
18263111
18263112
18263113
18263114
18263115
18263116
18263118
18263121
18263122
18263123
18263124
18263126
18263127
18263130
18263131
18263132
18263133
18263135
18263136
18263137
18263138
18263139
18263142
18263143
18263144
18263145
18263146
18263147
18263148
18263149
18263150
18263151
18263152
18263154
18263156
18263157
18263158
18263159
18263160
18263161
18263162
18263163
18263165
18263166
18263167
18263168
18263169
18263170
18263171
18263173
18263174
18263177
18263179
18263180
18263181
18263182
18263183
18263184
18263187
18263188
18263189
18263190
18263191
18263193
18263195
18263196
18263197
18263198
18263199
18263200
18263201
18263203
18263204
18263205
18263207
18263209
18263212
18263213
18263214
18263215
18263216
18263217
18263218
18263219
18263221
18263222
18263223
18263225
18263226
18263228
18263229
18263231
18263232
18263233
18263234
18263235
18263236
18263237
18263239
18263240
18263241
18263242
18263243
18263244
18263245
18263246
18263247
18263248
18263250
18263251
18263253
18263254
18263256
18263258
18263261
18263262
18263263
18263264
18263265
18263266
18263267
18263268
18263269
18263271
18263272
18263273
18263274
18263275
18263276
18263278
18263279
18263280
18263282
18263283
18263284
18263285
18263287
18263290
18263291
18263294
18263296
18263297
18263298
18263300
18263301
18263302
18263303
18263304
18263306
18263309
18263310
18263311
18263313
18263315
18263316
18263318
18263320
18263322
18263323
18263325
18263327
18263328
18263329
18263330
18263331
18263333
18263335
18263336
18263337
18263338
18263341
18263342
18263343
18263344
18263345
18263347
18263348
18263349
18263350
18263351
18263352
18263353
18263354
18263355
18263356
18263357
18263359
18263361
18263362
18263363
18263364
18263365
18263366
18263367
18263369
18263370
18263372
18263373
18263374
18263375
18263376
18263377
18263378
18263381
18263382
18263383
18263384
18263386
18263387
18263388
18263389
18263390
18263392
18263393
18263394
18263395
18263396
18263397
18263399
18263400
18263401
18263402
18263403
18263404
18263405
18263406
18263407
18263408
18263409
18263410
18263411
18263412
18263413
18263414
18263415
18263416
18263417
18263418
18263419
18263420
18263421
18263423
18263424
18263425
18263426
18263427
18263428
18263430
18263432
18263433
18263434
18263435
18263436
18263437
18263438
18263439
18263441
18263442
18263443
18263444
18263445
18263447
18263449
18263450
18263451
18263452
18263453
18263454
18263455
18263456
18263457
18263458
18263459
18263460
18263461
18263462
18263464
18263465
18263466
18263467
18263468
18263470
18263471
18263472
18263473
18263474
18263475
18263476
18263477
18263478
18263479
18263481
18263482
18263483
18263484
18263485
18263486
18263487
18263488
18263489
18263490
18263491
18263492
18263494
18263496
18263498
18263500
18263501
18263502
18263503
18263504
18263505
18263507
18263509
18263511
18263513
18263515
18263516
18263517
18263518
18263520
18263521
18263522
18263523
18263524
18263526
18263527
18263528
18263529
18263530
18263531
18263532
18263533
18263534
18263535
18263536
18263537
18263538
18263539
18263540
18263541
18263542
18263547
18263548
18263549
18263550
18263551
18263552
18263553
18263554
18263555
18263557
18263558
18263559
18263560
18263562
18263563
18263564
18263565
18263568
18263569
18263570
18263571
18263572
18263573
18263574
18263576
18263577
18263578
18263579
18263580
18263582
18263584
18263585
18263586
18263588
18263589
18263591
18263593
18263594
18263595
18263597
18263598
18263599
18263600
18263601
18263602
18263605
18263606
18263607
18263608
18263609
18263610
18263611
18263612
18263613
18263614
18263615
18263616
18263617
18263618
18263619
18263620
18263621