18054273
18054275
18054277
18054278
18054283
18054284
18054285
18054294
18054298
18054299
18054303
18054304
18054306
18054313
18054314
18054317
18054322
18054323
18054325
18054331
18054332
18054333
18054334
18054336
18054337
18054356
18054365
18054368
18054369
18054370
18054371
18054373
18054375
18054378
18054385
18054386
18054388
18054392
18054397
18054406
18054407
18054412
18054413
18054418
18054419
18054422
18054429
18054430
18054437
18054438
18054440
18054448
18054451
18054457
18054458
18054462
18054465
18054467
18054474
18054475
18054479
18054480
18054481
18054490
18054491
18054499
18054500
18054502
18054503
18054510
18054511
18054512
18054513
18054515
18054517
18054519
18054526
18054529
18054530
18054531
18054536
18059633
18059640
18059680
18054280
18054282
18054286
18054288
18054289
18054290
18054292
18054293
18054296
18054300
18054308
18054311
18054315
18054316
18054319
18054329
18054335
18054338
18054339
18054341
18054342
18054343
18054346
18054347
18054351
18054352
18054354
18054355
18054357
18054358
18054362
18054363
18054364
18054367
18054376
18054390
18054394
18054395
18054396
18054399
18054403
18054404
18054405
18054409
18054410
18054415
18054420
18054431
18054432
18054434
18054439
18054441
18054442
18054443
18054445
18054452
18054454
18054455
18054456
18054460
18054469
18054470
18054471
18054472
18054476
18054482
18054484
18054487
18054504
18054508
18054509
18054516
18054521
18054522
18054523
18054524
18054528
18054327
18054360
18054361
18054374
18054380
18054381
18054384
18054402
18054416
18054436
18054447
18054450
18054453
18054485
18054488
18054495
18054497
18054532
18054537
18054538
18054539
18054540
18054542
18054544
18054545
18054547
18054549
18054550
18054551
18054552
18054553
18054555
18054557
18054558
18054559
18054560
18054561
18054562
18054564
18054565
18054567
18054568
18054569
18054570
18054571
18054572
18054576
18054579
18054580
18054581
18054582
18054583
18054584
18054585
18054586
18054587
18054588
18054589
18054590
18054592
18054593
18054595
18054596
18054597
18054598
18054599
18054600
18054601
18054602
18054604
18054605
18054606
18054607
18054608
18054609
18054612
18054613
18054614
18054615
18054616
18054617
18054618
18054619
18054620
18054621
18054622
18054623
18054624
18054625
18054626
18054627
18054628
18054629
18054630
18054631
18054633
18054634
18054635
18054636
18054637
18054638
18054640
18054641
18054642
18054643
18054644
18054646
18054647
18054650
18054651
18054652
18054656
18054657
18054659
18054661
18054664
18054666
18054671
18054674
18054676
18054677
18054678
18054680
18054681
18054682
18054683
18054684
18054687
18054688
18054693
18054695
18054696
18054702
18054703
18054707
18054709
18054710
18054713
18054714
18054715
18054720
18054723
18054729
18054732
18054733
18054735
18054737
18054739
18054741
18054743
18054744
18054745
18054746
18054748
18054749
18054751
18054752
18054753
18054755
18054756
18054758
18054760
18054764
18054765
18054768
18054772
18054773
18054774
18054775
18054778
18054780
18054781
18054783
18054784
18054786
18054787
18054788
18054792
18054793
18054795
18054798
18054799
18054800
18054803
18054804
18054808
18054809
18054811
18054812
18054819
18054826
18054827
18054832
18054837
18054842
18054844
18054854
18054855
18054859
18054863
18054864
18054867
18054876
18054878
18054879
18054880
18054884
18054886
18054887
18054888
18054890
18054891
18054893
18054894
18054895
18054896
18054898
18054901
18054902
18054904
18054908
18054909
18054910
18054912
18054913
18054915
18054922
18054923
18054924
18054925
18054926
18054927
18054928
18054929
18054930
18054931
18054932
18054933
18054935
18054937
18054939
18054941
18054942
18054944
18054945
18054947
18054949
18054951
18054952
18054954
18054955
18054956
18054958
18054959
18054961
18054962
18054963
18054964
18054966
18054967
18054969
18054970
18054971
18054974
18054978
18054979
18054980
18054981
18054982
18054983
18054984
18054986
18054988
18054989
18054990
18054992
18054993
18054994
18054996
18054998
18054999
18055003
18055005
18055006
18055007
18055010
18055011
18055012
18055014
18055016
18055018
18055019
18055020
18055021
18055022
18055023
18055024
18055025
18055026
18055027
18055028
18055029
18055030
18055031
18055032
18055033
18055035
18055036
18055038
18055039
18055040
18055042
18055043
18055044
18055045
18055046
18055047
18055048
18055049
18055051
18055052
18055053
18055054
18055055
18055056
18055057
18055060
18055063
18055064
18055066
18055069
18055071
18055074
18055075
18055079
18055080
18055081
18055083
18055084
18055086
18055087
18055088
18055089
18055090
18055092
18055093
18055095
18055096
18055097
18055098
18055100
18055101
18055102
18055103
18055104
18055106
18055108
18055111
18055112
18055115
18055116
18055117
18055119
18055120
18055121
18055122
18055123
18055125
18055126
18055127
18055128
18055129
18055130
18055132
18055135
18055136
18055139
18055141
18055143
18055146
18055147
18055148
18055149
18055151
18055152
18055153
18055154
18055155
18055156
18055160
18055163
18055164
18055165
18055166
18055167
18055168
18055169
18055170
18055171
18055172
18055174
18055175
18055179
18055180
18055181
18055183
18055184
18055185
18055187
18055189
18055191
18055192
18055193
18055194
18055195
18055196
18055197
18055199
18055200
18055201
18055202
18055203
18055204
18055205
18055206
18055207
18055208
18055209
18055210
18055211
18055213
18055216
18055217
18055218
18055219
18055220
18055221
18055222
18055223
18055225
18055226
18055227
18055228
18055229
18055231
18055232
18055233
18055234
18055235
18055236
18055237
18055238
18055239
18055240
18055241
18055243
18055244
18055245
18055246
18055248
18055249
18055250
18055251
18055252
18055253
18055254
18055257
18055258
18055259
18055260
18055261
18055264
18055265
18055266
18055267
18055268
18055269
18055270
18055274
18055275
18055277
18055278
18055279
18055281
18055282
18055283
18055285
18055286
18055287
18055288
18055289
18055290
18055293
18055294
18055295
18055296
18055298
18055299
18055300
18055301
18055302
18055303
18055304
18055305
18055306
18055308
18055309
18055310
18055311
18055312
18055314
18055316
18055318
18055319
18055320
18055321
18055322
18055323
18055324
18055325
18055326
18055327
18055328
18055330
18055332
18055335
18055336
18055337
18055338
18055339
18055340
18055341
18055342
18055343
18055344
18055347
18055348
18055350
18055353
18055354
18055355
18055356
18055357
18055360
18055361
18055362
18055364
18055365
18055366
18055367
18055368
18055369
18055370
18055371
18055372
18055373
18055374
18055375
18055376
18055378
18055379
18055380
18055381
18055382
18055383
18055384
18055385
18055386
18055388
18055389
18055390
18055391
18055392
18055394
18055396
18055397
18055401
18055402
18055404
18055407
18055409
18055411
18055412
18055413
18055414
18055415
18055416
18055417
18055418
18055419
18055420
18055422
18055424
18055425
18055426
18055428
18055429
18055431
18055432
18055433
18055434
18055435
18055436
18055437
18055439
18055440
18055441
18055442
18055443
18055444
18055445
18055446
18055447
18055448
18055450
18055452
18055453
18055454
18055455
18055456
18055457
18055458
18055460
18055462
18055464
18055466
18055467
18055468
18055469
18055470
18055471
18055472
18055473
18055474
18055475
18055476
18055477
18055478
18055479
18055480
18055481
18055482
18055483
18055484
18055485
18055486
18055487
18055488
18055490
18055492
18055493
18055494
18055495
18055496
18055499
18055500
18055504
18055505
18055506
18055511
18055513
18055516
18055520
18055521
18055522
18055524
18055527
18055528
18055529
18055532
18055533
18055534
18055536
18055538
18055539
18055540
18055541
18055542
18055543
18055544
18055545
18055546
18055547
18055548
18055549
18055550
18055551
18055552
18055553
18055555
18055556
18055557
18055558
18055559
18055563
18055565
18055566
18055568
18055570
18055572
18055574
18055575
18055576
18055577
18055579
18055580
18055581
18055585
18055586
18055587
18055588
18055589
18055591
18055592
18055594
18055598
18055599
18055600
18055601
18055604
18055607
18055608
18055609
18055610
18055612
18055613
18055614
18055615
18055618
18055619
18055623
18055626
18055629
18055631
18055633
18055637
18055638
18055639
18055640
18055642
18055645
18055647
18055649
18055652
18055654
18055659
18055663
18055667
18055668
18055671
18055672
18055674
18055675
18055677
18055678
18055679
18055681
18055683
18055684
18055686
18055688
18055689
18055690
18055691
18055692
18055695
18055696
18055697
18055698
18055701
18055702
18055703
18055704
18055706
18055709
18055710
18055711
18055713
18055715
18055716
18055718
18055719
18055720
18055724
18055725
18055726
18055727
18055728
18055729
18055732
18055733
18055735
18055736
18055737
18055739
18055740
18055742
18055746
18055747
18055748
18055749
18055750
18055751
18055752
18055753
18055754
18055756
18055757
18055758
18055759
18055763
18055764
18055765
18055766
18055768
18055769
18055771
18055772
18055773
18055774
18055775
18055777
18055779
18055782
18055783
18055784
18055785
18055786
18055788
18055790
18055791
18055792
18055793
18055795
18055796
18055797
18055799
18055800
18055801
18055802
18055803
18055804
18055805
18055807
18055809
18055810
18055811
18055812
18055813
18055814
18055815
18055816
18055817
18055819
18055820
18055821
18055822
18055823
18055824
18055825
18055827
18055829
18055830
18055831
18055832
18055833
18055836
18055837
18055839
18055841
18055842
18055843
18055844
18055848
18055850
18055851
18055852
18055853
18055854
18055855
18055857
18055858
18055861
18055862
18055865
18055866
18055867
18055868
18055869
18055870
18055871
18055872
18055873
18055875
18055876
18055877
18055878
18055880
18055881
18055884
18055885
18055886
18055888
18055889
18055890
18055891
18055892
18055893
18055895
18055896
18055897
18055898
18055900
18055901
18055902
18055903
18055904
18055905
18055906
18055910
18055911
18055912
18055915
18055916
18055917
18055918
18055919
18055920
18055921
18055922
18055923
18055924
18055925
18055926
18055928
18055929
18055930
18055932
18055933
18055934
18055935
18055936
18055937
18055938
18055939
18055940
18055941
18055942
18055943
18055944
18055945
18055946
18055947
18055948
18055950
18055951
18055952
18055953
18055956
18055957
18055958
18055959
18055960
18055961
18055962
18055963
18055964
18055965
18055966
18055967
18055968
18055970
18055971
18055972
18055973
18055974
18055975
18055977
18055978
18055979
18055980
18055981
18055982
18055983
18055986
18055988
18055989
18055990
18055992
18055993
18055994
18055995
18055996
18055997
18055998
18055999
18056000
18056001
18056003
18056004
18056005
18056006
18056007
18056008
18056009
18056010
18056011
18056013
18056015
18056016
18056019
18056022
18056023
18056025
18056027
18056030
18056031
18056032
18056033
18056034
18056035
18056036
18056037
18056038
18056039
18056040
18056041
18056043
18056045
18056046
18056047
18056048
18056049
18056050
18056051
18056052
18056053
18056054
18056055
18056058
18056060
18056061
18056062
18056064
18056065
18056066
18056067
18056068
18056070
18056071
18056072
18056073
18056074
18056077
18056078
18056080
18056084
18056091
18056095
18056099
18056101
18056111
18056114
18056115
18056117
18056118
18056123
18056124
18056125
18056126
18056127
18056128
18056129
18056130
18056131
18056132
18056133
18056134
18056135
18056136
18056137
18056138
18056141
18056142
18056143
18056144
18056146
18056147
18056150
18056151
18056152
18056153
18056155
18056157
18056158
18056159
18056160
18056161
18056162
18056163
18056164
18056165
18056166
18056167
18056168
18056169
18056170
18056172
18056174
18056175
18056177
18056178
18056179
18056181
18056184
18056185
18056188
18056190
18056193
18056194
18056195
18056197
18056198
18056204
18056205
18056207
18056208
18056209
18056211
18056214
18056215
18056216
18056217
18056221
18056222
18056223
18056224
18056225
18056228
18056229
18056231
18056232
18056233
18056234
18056235
18056236
18056237
18056238
18056239
18056240
18056241
18056244
18056246
18056247
18056249
18056250
18056251
18056253
18056254
18056256
18056257
18056258
18056259
18056260
18056262
18056263
18056264
18056267
18056271
18056273
18056274
18056275
18056276
18056278
18056279
18056280
18056281
18056282
18056283
18056285
18056286
18056287
18056288
18056291
18056292
18056293
18056294
18056295
18056296
18056298
18056299
18056301
18056304
18056305
18056307
18056309
18056310
18056311
18056312
18056313
18056314
18056315
18056316
18056318
18056319
18056320
18056321
18056322
18056323
18056325
18056327
18056328
18056330
18056331
18056332
18056333
18056334
18056336
18056337
18056338
18056339
18056340
18056341
18056343
18056346
18056347
18056350
18056352
18056355
18056356
18056357
18056358
18056360
18056361
18056363
18056366
18056367
18056371
18056372
18056373
18056374
18056376
18056378
18056380
18056381
18056382
18056384
18056386
18056387
18056388
18056391
18056392
18056395
18056396
18056399
18056401
18056403
18056406
18056409
18056411
18056412
18056413
18056414
18056417
18056418
18056419
18056420
18056421
18056422
18056424
18056426
18056427
18056428
18056429
18056431
18056432
18056435
18056436
18056437
18056438
18056439
18056440
18056442
18056443
18056444
18056445
18056446
18056447
18056448
18056449
18056450
18056451
18056453
18056454
18056456
18056458
18056460
18056461
18056462
18056463
18056465
18056466
18056467
18056470
18056472
18056473
18056476
18056478
18056483
18056484
18056485
18056486
18056488
18056490
18056492
18056493
18056494
18056495
18056496
18056497
18056498
18056500
18056501
18056502
18056503
18056505
18056506
18056508
18056509
18056510
18056511
18056513
18056515
18056516
18056517
18056518
18056519
18056525
18056527
18056530
18056532
18056533
18056535
18056536
18056538
18056539
18056540
18056541
18056542
18056543
18056544
18056545
18056546
18056547
18056548
18056549
18056552
18056553
18056554
18056555
18056556
18056560
18056561
18056563
18056565
18056566
18056567
18056568
18056569
18056570
18056571
18056572
18056573
18056575
18056577
18056578
18056582
18056584
18056585
18056587
18056590
18056592
18056593
18056594
18056595
18056597
18056598
18056602
18056604
18056605
18056606
18056607
18056608
18056610
18056611
18056612
18056613
18056614
18056615
18056616
18056618
18056619
18056620
18056621
18056623
18056624
18056625
18056626
18056627
18056628
18056629
18056630
18056632
18056633
18056634
18056637
18056638
18056639
18056641
18056643
18056644
18056645
18056646
18056647
18056649
18056650
18056651
18056652
18056653
18056654
18056656
18056657
18056658
18056659
18056660
18056661
18056662
18056664
18056665
18056666
18056667
18056668
18056669
18056670
18056673
18056676
18056678
18056681
18056682
18056683
18056684
18056686
18056687
18056688
18056689
18056690
18056696
18056697
18056698
18056699
18056700
18056701
18056702
18056703
18056705
18056706
18056709
18056710
18056712
18056715
18056717
18056718
18056719
18056720
18056721
18056722
18056723
18056724
18056725
18056727
18056729
18056730
18056731
18056732
18056733
18056735
18056736
18056737
18056739
18056740
18056743
18056744
18056745
18056747
18056748
18056749
18056750
18056751
18056752
18056753
18056754
18056756
18056757
18056758
18056759
18056760
18056770
18056771
18056773
18056774
18056776
18056778
18056779
18056780
18056781
18056782
18056783
18056784
18056785
18056786
18056788
18056790
18056793
18056794
18056797
18056798
18056799
18056800
18056801
18056802
18056804
18056805
18056807
18056808
18056809
18056810
18056813
18056814
18056816
18056819
18056820
18056821
18056822
18056824
18056825
18056826
18056827
18056828
18056829
18056830
18056831
18056834
18056836
18056840
18056842
18056843
18056844
18056845
18056846
18056847
18056848
18056849
18056851
18056852
18056854
18056855
18056856
18056857
18056859
18056860
18056862
18056863
18056865
18056866
18056868
18056870
18056871
18056872
18056873
18056875
18056876
18056877
18056878
18056879
18056880
18056882
18056883
18056885
18056886
18056887
18056888
18056890
18056892
18056894
18056896
18056898
18056899
18056900
18056901
18056905
18056906
18056907
18056908
18056918
18056919
18056924
18056925
18056927
18056928
18056930
18056932
18056937
18056938
18056939
18056940
18056942
18056943
18056944
18056947
18056948
18056949
18056951
18056952
18056953
18056955
18056957
18056960
18056962
18056963
18056964
18056965
18056966
18056971
18056972
18056973
18056975
18056976
18056982
18056983
18056984
18056985
18056987
18056989
18056990
18056992
18056993
18056996
18056997
18056998
18056999
18057003
18057006
18057007
18057009
18057010
18057011
18057012
18057013
18057014
18057015
18057016
18057017
18057018
18057019
18057020
18057021
18057022
18057025
18057026
18057028
18057030
18057031
18057033
18057034
18057035
18057036
18057037
18057038
18057039
18057040
18057041
18057042
18057043
18057044
18057045
18057046
18057047
18057049
18057050
18057052
18057056
18057057
18057059
18057061
18057063
18057064
18057065
18057066
18057067
18057068
18057069
18057071
18057072
18057073
18057074
18057078
18057080
18057081
18057084
18057085
18057086
18057087
18057088
18057089
18057091
18057092
18057093
18057096
18057098
18057099
18057100
18057101
18057103
18057108
18057110
18057111
18057112
18057113
18057117
18057120
18057122
18057123
18057125
18057126
18057127
18057128
18057129
18057130
18057131
18057132
18057133
18057134
18057135
18057136
18057137
18057138
18057139
18057141
18057143
18057144
18057145
18057146
18057148
18057149
18057150
18057151
18057152
18057153
18057154
18057156
18057157
18057158
18057159
18057160
18057161
18057162
18057166
18057167
18057168
18057169
18057170
18057171
18057173
18057174
18057176
18057178
18057179
18057180
18057181
18057183
18057184
18057185
18057186
18057187
18057188
18057190
18057191
18057192
18057195
18057197
18057199
18057200
18057201
18057202
18057203
18057206
18057207
18057208
18057209
18057212
18057213
18057214
18057216
18057217
18057218
18057219
18057221
18057222
18057223
18057224
18057225
18057226
18057227
18057228
18057230
18057231
18057233
18057234
18057235
18057236
18057237
18057238
18057242
18057243
18057244
18057245
18057247
18057249
18057250
18057251
18057254
18057255
18057256
18057257
18057258
18057259
18057260
18057261
18057262
18057263
18057265
18057266
18057267
18057268
18057269
18057272
18057273
18057274
18057275
18057276
18057279
18057280
18057281
18057282
18057283
18057284
18057286
18057288
18057291
18057292
18057293
18057294
18057297
18057298
18057299
18057300
18057301
18057302
18057304
18057310
18057312
18057313
18057316
18057321
18057322
18057324
18057325
18057326
18057327
18057329
18057330
18057332
18057333
18057336
18057337
18057338
18057339
18057341
18057343
18057344
18057345
18057348
18057349
18057354
18057358
18057359
18057361
18057362
18057364
18057367
18057369
18057370
18057371
18057372
18057373
18057374
18057375
18057376
18057377
18057378
18057379
18057380
18057384
18057386
18057387
18057389
18057390
18057391
18057392
18057393
18057394
18057395
18057396
18057397
18057399
18057401
18057402
18057403
18057404
18057405
18057406
18057408
18057409
18057411
18057412
18057414
18057415
18057416
18057417
18057419
18057423
18057424
18057425
18057426
18057427
18057429
18057430
18057431
18057434
18057435
18057436
18057438
18057440
18057442
18057444
18057446
18057447
18057448
18057451
18057453
18057454
18057455
18057458
18057459
18057461
18057462
18057463
18057464
18057465
18057466
18057469
18057471
18057472
18057473
18057474
18057476
18057477
18057481
18057482
18057483
18057485
18057489
18057490
18057491
18057492
18057493
18057495
18057498
18057502
18057503
18057506
18057507
18057508
18057509
18057510
18057511
18057513
18057514
18057515
18057517
18057518
18057520
18057521
18057523
18057525
18057526
18057527
18057528
18057530
18057531
18057532
18057533
18057534
18057535
18057537
18057540
18057541
18057544
18057546
18057549
18057550
18057551
18057552
18057553
18057554
18057555
18057556
18057558
18057562
18057563
18057565
18057566
18057571
18057572
18057575
18057576
18057577
18057578
18057579
18057580
18057581
18057582
18057583
18057588
18057589
18057590
18057592
18057594
18057596
18057597
18057598
18057600
18057605
18057607
18057609
18057610
18057611
18057613
18057615
18057616
18057618
18057621
18057625
18057626
18057629
18057630
18057631
18057632
18057633
18057634
18057636
18057638
18057639
18057640
18057641
18057642
18057643
18057645
18057647
18057648
18057649
18057650
18057652
18057653
18057657
18057662
18057663
18057665
18057666
18057668
18057672
18057674
18057677
18057678
18057682
18057683
18057686
18057687
18057688
18057689
18057690
18057691
18057692
18057693
18057694
18057695
18057697
18057700
18057706
18057707
18057708
18057712
18057716
18057717
18057718
18057719
18057721
18057722
18057724
18057725
18057726
18057727
18057730
18057737
18057738
18057742
18057744
18057746
18057752
18057753
18057754
18057756
18057758
18057760
18057763
18057765
18057767
18057769
18057773
18057776
18057777
18057779
18057780
18057782
18057783
18057784
18057785
18057786
18057789
18057791
18057793
18057794
18057795
18057797
18057798
18057799
18057800
18057804
18057805
18057807
18057809
18057810
18057811
18057812
18057815
18057818
18057820
18057821
18057822
18057823
18057826
18057827
18057828
18057831
18057832
18057833
18057835
18057836
18057837
18057839
18057844
18057847
18057848
18057851
18057854
18057856
18057857
18057858
18057862
18057864
18057865
18057866
18057867
18057871
18057873
18057875
18057876
18057877
18057878
18057879
18057880
18057881
18057882
18057883
18057884
18057887
18057888
18057891
18057892
18057894
18057895
18057897
18057899
18057900
18057901
18057902
18057903
18057904
18057908
18057912
18057914
18057917
18057919
18057920
18057921
18057923
18057926
18057927
18057928
18057929
18057930
18057931
18057934
18057935
18057936
18057937
18057938
18057939
18057940
18057941
18057943
18057944
18057946
18057948
18057953
18057954
18057955
18057956
18057957
18057958
18057959
18057960
18057963
18057964
18057965
18057966
18057968
18057969
18057970
18057971
18057972
18057974
18057975
18057976
18057977
18057978
18057980
18057981
18057982
18057983
18057984
18057985
18057987
18057991
18057992
18057993
18057994
18057997
18057998
18057999
18058001
18058002
18058003
18058007
18058010
18058011
18058013
18058015
18058016
18058019
18058020
18058021
18058024
18058026
18058027
18058030
18058031
18058032
18058033
18058036
18058037
18058038
18058039
18058040
18058041
18058045
18058050
18058051
18058052
18058054
18058055
18058056
18058057
18058059
18058062
18058063
18058064
18058065
18058066
18058067
18058068
18058069
18058070
18058071
18058074
18058076
18058077
18058078
18058079
18058080
18058081
18058082
18058083
18058084
18058085
18058087
18058088
18058093
18058095
18058097
18058098
18058099
18058100
18058102
18058103
18058104
18058105
18058106
18058108
18058109
18058110
18058111
18058112
18058113
18058114
18058117
18058118
18058121
18058122
18058124
18058125
18058126
18058127
18058128
18058129
18058130
18058131
18058132
18058133
18058134
18058135
18058136
18058137
18058140
18058141
18058144
18058147
18058148
18058149
18058150
18058151
18058154
18058155
18058156
18058159
18058162
18058163
18058164
18058165
18058166
18058167
18058168
18058170
18058171
18058172
18058173
18058174
18058176
18058178
18058180
18058181
18058182
18058185
18058188
18058189
18058191
18058192
18058193
18058194
18058195
18058196
18058197
18058198
18058199
18058202
18058204
18058206
18058208
18058209
18058211
18058212
18058213
18058214
18058215
18058216
18058217
18058219
18058220
18058221
18058223
18058224
18058226
18058227
18058228
18058229
18058230
18058233
18058234
18058235
18058236
18058238
18058241
18058242
18058243
18058244
18058247
18058248
18058249
18058250
18058251
18058253
18058254
18058255
18058257
18058258
18058260
18058261
18058263
18058267
18058268
18058270
18058272
18058276
18058277
18058278
18058281
18058283
18058284
18058285
18058286
18058287
18058288
18058290
18058291
18058292
18058293
18058294
18058295
18058296
18058297
18058300
18058302
18058304
18058305
18058306
18058307
18058308
18058309
18058311
18058312
18058313
18058314
18058316
18058317
18058318
18058320
18058321
18058322
18058323
18058326
18058327
18058329
18058331
18058332
18058333
18058334
18058335
18058337
18058338
18058340
18058341
18058342
18058344
18058345
18058347
18058348
18058349
18058351
18058352
18058353
18058355
18058357
18058359
18058361
18058362
18058363
18058365
18058366
18058367
18058368
18058369
18058371
18058372
18058373
18058374
18058375
18058376
18058377
18058378
18058381
18058383
18058384
18058386
18058387
18058390
18058391
18058392
18058394
18058395
18058396
18058397
18058401
18058402
18058403
18058404
18058405
18058406
18058411
18058412
18058413
18058414
18058417
18058418
18058421
18058422
18058423
18058424
18058425
18058426
18058427
18058428
18058429
18058430
18058432
18058434
18058436
18058440
18058442
18058443
18058444
18058445
18058446
18058447
18058448
18058449
18058450
18058453
18058454
18058455
18058456
18058457
18058468
18058469
18058471
18058472
18058473
18058476
18058477
18058480
18058481
18058482
18058483
18058484
18058486
18058489
18058490
18058491
18058492
18058494
18058498
18058499
18058500
18058502
18058503
18058504
18058505
18058509
18058510
18058511
18058512
18058513
18058517
18058519
18058521
18058524
18058525
18058526
18058527
18058528
18058530
18058531
18058532
18058533
18058534
18058541
18058542
18058543
18058544
18058545
18058549
18058550
18058551
18058552
18058553
18058554
18058555
18058556
18058557
18058558
18058562
18058563
18058564
18058566
18058567
18058568
18058571
18058577
18058578
18058579
18058580
18058582
18058584
18058586
18058587
18058588
18058589
18058591
18058594
18058595
18058596
18058597
18058598
18058601
18058602
18058603
18058605
18058607
18058608
18058609
18058610
18058611
18058615
18058616
18058620
18058621
18058622
18058623
18058624
18058626
18058627
18058628
18058630
18058632
18058633
18058635
18058636
18058637
18058638
18058639
18058640
18058641
18058643
18058644
18058645
18058646
18058650
18058653
18058654
18058655
18058657
18058658
18058660
18058661
18058663
18058665
18058666
18058667
18058668
18058670
18058673
18058674
18058675
18058677
18058678
18058679
18058680
18058682
18058683
18058685
18058686
18058687
18058689
18058690
18058691
18058693
18058694
18058696
18058697
18058698
18058699
18058702
18058703
18058704
18058706
18058709
18058711
18058713
18058717
18058718
18058720
18058721
18058724
18058726
18058727
18058729
18058730
18058731
18058733
18058734
18058735
18058737
18058738
18058744
18058746
18058747
18058748
18058750
18058751
18058753
18058754
18058755
18058756
18058757
18058758
18058759
18058760
18058763
18058764
18058766
18058767
18058768
18058769
18058770
18058771
18058772
18058774
18058775
18058776
18058777
18058780
18058781
18058782
18058783
18058784
18058785
18058786
18058788
18058789
18058790
18058791
18058792
18058793
18058794
18058795
18058797
18058799
18058800
18058802
18058803
18058804
18058807
18058808
18058809
18058810
18058811
18058813
18058815
18058816
18058817
18058818
18058819
18058820
18058821
18058822
18058823
18058825
18058826
18058827
18058828
18058830
18058834
18058835
18058839
18058840
18058841
18058843
18058845
18058846
18058847
18058848
18058849
18058850
18058851
18058852
18058853
18058854
18058856
18058858
18058859
18058860
18058861
18058862
18058863
18058864
18058866
18058867
18058869
18058870
18058871
18058874
18058875
18058876
18058877
18058880
18058881
18058882
18058885
18058886
18058890
18058891
18058892
18058893
18058894
18058895
18058896
18058897
18058898
18058899
18058900
18058902
18058904
18058905
18058906
18058907
18058908
18058909
18058910
18058911
18058913
18058914
18058915
18058916
18058920
18058922
18058923
18058924
18058927
18058928
18058929
18058930
18058933
18058934
18058935
18058936
18058937
18058938
18058939
18058940
18058941
18058943
18058944
18058946
18058948
18058949
18058950
18058953
18058956
18058957
18058958
18058960
18058964
18058966
18058967
18058968
18058969
18058971
18058973
18058974
18058975
18058976
18058977
18058978
18058979
18058980
18058986
18058990
18058992
18058995
18058996
18058997
18058998
18058999
18059003
18059006
18059008
18059009
18059010
18059011
18059014
18059015
18059016
18059019
18059021
18059022
18059024
18059026
18059027
18059029
18059030
18059031
18059032
18059033
18059036
18059037
18059038
18059039
18059040
18059041
18059042
18059043
18059044
18059045
18059047
18059048
18059049
18059050
18059053
18059057
18059061
18059064
18059066
18059067
18059068
18059072
18059073
18059074
18059075
18059078
18059079
18059082
18059084
18059086
18059088
18059089
18059092
18059095
18059096
18059097
18059098
18059102
18059104
18059105
18059106
18059108
18059112
18059113
18059115
18059117
18059118
18059120
18059121
18059122
18059124
18059126
18059127
18059128
18059129
18059131
18059132
18059134
18059135
18059137
18059138
18059140
18059142
18059143
18059145
18059150
18059151
18059152
18059153
18059155
18059157
18059158
18059159
18059160
18059161
18059162
18059163
18059164
18059166
18059167
18059168
18059169
18059170
18059171
18059172
18059173
18059174
18059175
18059176
18059177
18059178
18059180
18059181
18059182
18059183
18059184
18059186
18059187
18059188
18059189
18059192
18059193
18059194
18059195
18059196
18059197
18059199
18059200
18059201
18059202
18059203
18059204
18059205
18059206
18059208
18059209
18059210
18059211
18059212
18059213
18059214
18059215
18059218
18059220
18059221
18059222
18059223
18059224
18059225
18059227
18059229
18059231
18059232
18059233
18059234
18059235
18059236
18059237
18059238
18059239
18059242
18059243
18059244
18059245
18059246
18059247
18059248
18059249
18059250
18059252
18059253
18059254
18059256
18059257
18059258
18059260
18059261
18059262
18059263
18059264
18059265
18059266
18059267
18059270
18059271
18059272
18059275
18059276
18059277
18059278
18059279
18059280
18059282
18059283
18059284
18059285
18059287
18059288
18059289
18059290
18059292
18059293
18059294
18059296
18059297
18059298
18059299
18059300
18059301
18059302
18059303
18059304
18059305
18059306
18059308
18059309
18059310
18059311
18059312
18059313
18059314
18059315
18059316
18059317
18059318
18059320
18059321
18059322
18059324
18059325
18059326
18059327
18059328
18059330
18059331
18059332
18059333
18059334
18059337
18059338
18059341
18059342
18059343
18059344
18059345
18059346
18059347
18059348
18059349
18059350
18059351
18059352
18059353
18059356
18059359
18059360
18059361
18059362
18059363
18059364
18059366
18059367
18059368
18059369
18059370
18059371
18059372
18059373
18059374
18059375
18059376
18059377
18059378
18059379
18059380
18059382
18059383
18059384
18059385
18059386
18059387
18059388
18059389
18059390
18059391
18059392
18059393
18059394
18059396
18059397
18059398
18059399
18059400
18059401
18059402
18059403
18059404
18059405
18059406
18059407
18059409
18059411
18059412
18059413
18059415
18059416
18059417
18059419
18059420
18059421
18059422
18059423
18059425
18059426
18059427
18059428
18059429
18059430
18059431
18059432
18059433
18059434
18059435
18059436
18059437
18059438
18059439
18059440
18059441
18059442
18059443
18059445
18059446
18059447
18059449
18059450
18059451
18059452
18059453
18059454
18059457
18059459
18059460
18059462
18059463
18059464
18059465
18059466
18059467
18059468
18059469
18059471
18059473
18059474
18059476
18059479
18059480
18059481
18059482
18059483
18059484
18059485
18059486
18059488
18059489
18059490
18059491
18059492
18059493
18059495
18059497
18059498
18059499
18059500
18059501
18059502
18059503
18059505
18059506
18059508
18059509
18059510
18059511
18059513
18059514
18059515
18059517
18059518
18059519
18059520
18059521
18059522
18059524
18059525
18059526
18059527
18059528
18059530
18059531
18059533
18059534
18059536
18059537
18059538
18059541
18059542
18059543
18059544
18059546
18059547
18059549
18059550
18059552
18059553
18059554
18059555
18059556
18059557
18059558
18059559
18059561
18059564
18059565
18059566
18059568
18059569
18059571
18059572
18059573
18059575
18059576
18059577
18059579
18059580
18059581
18059582
18059583
18059585
18059586
18059588
18059590
18059592
18059593
18059594
18059595
18059598
18059599
18059600
18059601
18059602
18059604
18059605
18059606
18059607
18059608
18059609
18059610
18059612
18059614
18059615
18059617
18059618
18059619
18059620
18059621
18059622
18059623
18059625
18059626
18059627
18059628
18059630
18059631
18059632
18059634
18059635
18059636
18059638
18059639
18059644
18059646
18059647
18059648
18059651
18059652
18059653
18059656
18059657
18059658
18059659
18059660
18059661
18059662
18059663
18059664
18059665
18059666
18059667
18059668
18059669
18059670
18059671
18059672
18059673
18059674
18059676
18059677
18059678
18059679
18059682
18059683
18059684
18059686
18059687
18059688
18059689
18059690
18059692
18059693
18059695
18059696
18059698
18059699
18059701
18059704
18059705
18059707
18059708
18059709
18059710
18059711
18059712
18059714
18059715
18059716
18059718
18059719
18059720
18059722
18059723
18059725
18059726
18059727
18059728
18059729
18059730
18059732
18059733
18059734
18059736
18059737
18059742
18059743
18059744
18059747
18059750
18059751
18059752
18059753
18059754
18059755
18059756
18059757
18059758
18059759
18059761
18059762
18059763
18059764
18059765
18059767
18059768
18059769
18059770
18059771
18059772
18059773
18059774
18059775
18059777
18059780
18059783
18059784
18059785
18059786
18059787
18059788
18059789
18059790
18059791
18059793
18059794
18059795
18059796
18059797
18059798
18059799
18059800
18059801
18059802
18059803
18059805
18059808
18059809
18059810
18059811
18059812
18059814
18059815
18059816
18059817
18059818
18059819
18059820
18059821
18059822
18059823
18059824
18059828
18059829
18059833
18059834
18059835
18059836
18059838
18059839
18059840
18059841
18059842
18059844
18059845
18059846
18059848
18059849
18059851
18059852
18059853
18059855
18059857
18059858
18059859
18059860
18059861
18059862
18059864
18059866
18059867
18059868
18059869
18059870
18059872
18059875
18059876
18059877
18059878
18059879
18059880
18059881
18059882
18059883
18059885
18059886
18059887
18059888
18059889
18059890
18059891
18059892
18059893
18059894
18059895
18059896
18059897
18059898
18059899
18059900
18059903
18059904
18059906
18059907
18059908
18059909
18059911
18059913
18059915
18059916
18059917
18059918
18059919
18059921
18059922
18059924
18059927
18059929
18059930
18059932
18059933
18059934
18059935
18059936
18059938
18059939
18059941
18059942
18059943
18059946
18059947
18059948
18059949
18059950
18059952
18059953
18059954
18059956
18059957
18059958
18059961
18059962
18059964
18059967
18059968
18059969
18059970
18059972
18059973
18059975
18059976
18059977
18059979
18059980
18059981
18059982
18059983
18059984
18059986
18059987
18059989
18059990
18059992
18059993
18059994
18059995
18059996
18059997
18060000
18060001
18060003
18060004
18060005
18060008
18060009
18060011
18060012
18060014
18060015
18060016
18060017
18060019
18060025
18060027
18060028
18060029
18060030
18060031
18060032
18060034
18060035
18060036
18060038
18060040
18060041
18060042
18060043
18060044
18060045
18060048
18060049
18060050
18060051
18060052
18060053
18060054
18060055
18060056
18060057
18060059
18060060
18060061
18060062
18060063
18060064
18060065
18060066
18060067
18060068
18060069
18060070
18060072
18060073
18060074
18060075
18060076
18060077
18060078
18060079
18060080
18060081
18060082
18060085
18060086
18060087
18060088
18060089
18060090
18060092
18060095
18060096
18060098
18060099
18060100
18060101
18060102
18060104
18060105
18060106
18060108
18060109
18060110
18060111
18060113
18060115
18060116
18060118
18060119
18060122
18060123
18060124
18060125
18060127
18060128
18060129
18060133
18060134
18060135
18060137
18060138
18060140
18060143
18060144
18060145
18060146
18060147
18060148
18060150
18060151
18060152
18060153
18060154
18060156
18060157
18060158
18060160
18060161
18060163
18060164
18060165
18060167
18060168
18060169
18060171
18060172
18060175
18060177
18060178
18060180
18060183
18060184
18060186
18060187
18060188
18060191
18060192
18060193
18060194
18060200
18060201
18060203
18060204
18060205
18060206
18060207
18060208
18060209
18060210
18060211
18060212
18060217
18060218
18060219
18060220
18060221
18060223
18060226
18060228
18060229
18060230
18060234
18060235
18060236
18060237
18060239
18060241
18060243
18060244
18060245
18060246
18060248
18060249
18060250
18060251
18060253
18060256
18060257
18060258
18060259
18060262
18060265
18060266
18060267
18060268
18060271
18060272
18060273
18060274
18060278
18060279
18060281
18060282
18060283
18060284
18060286
18060288
18060289
18060291
18060292
18060296
18060297
18060298
18060303
18060304
18060307
18060308
18060310
18060314
18060316
18060317
18060320
18060322
18060326
18060328
18060329
18060330
18060331
18060332
18060333
18060334
18060336
18060338
18060340
18060341
18060342
18060343
18060346
18060347
18060349
18060350
18060352
18060353
18060354
18060355
18060356
18060357
18060358
18060360
18060362
18060363
18060365
18060366
18060368
18060370
18060372
18060374
18060375
18060377
18060378
18060379
18060382
18060383
18060385
18060387
18060389
18060390
18060392
18060393
18060398
18060399
18060400
18060402
18060403
18060405
18060407
18060410
18060411
18060412
18060413
18060414
18060415
18060416
18060417
18060418
18060419
18060421
18060423
18060425
18060426
18060427
18060428
18060429
18060430
18060431
18060434
18060440
18060441
18060442
18060445
18060446
18060451
18060452
18060454
18060455
18060456
18060458
18060459
18060460
18060463
18060464
18060465
18060468
18060469
18060470
18060472
18060473
18060474
18060475
18060476
18060478
18060480
18060481
18060482
18060484
18060485
18060486
18060487
18060490
18060491
18060492
18060495
18060496
18060498
18060501
18060503
18060504
18060505
18060506
18060507
18060508
18060509
18060511
18060512
18060513
18060515
18060517
18060518
18060519
18060520
18060521
18060522
18060524
18060526
18060528
18060529
18060530
18060531
18060532
18060533
18060534
18060535
18060536
18060537
18060539
18060541
18060542
18060543
18060545
18060546
18060547
18060548
18060549
18060550
18060551
18060553
18060554
18060555
18060561
18060564
18060565
18060566
18060567
18060568
18060569
18060571
18060572
18060574
18060575
18060576
18060577
18060578
18060579
18060580
18060581
18060582
18060584
18060585
18060588
18060592
18060594
18060595
18060596
18060598
18060599
18060600
18060601
18060602
18060603
18060605
18060606
18060607
18060608
18060609
18060610
18060612
18060613
18060617
18060618
18060620
18060622
18060623
18060624
18060625
18060626
18060627
18060628
18060629
18060630
18060631