6786843
6786844
6786845
6786847
6786850
6786851
6786853
6786854
6786855
6786857
6786858
6786859
6786860
6786861
6786862
6786865
6786866
6786867
6786868
6786869
6786870
6786871
6786872
6786873
6786875
6786876
6786878
6786879
6786880
6786881
6786882
6786883
6786884
6786885
6786886
6786888
6786889
6786890
6786892
6786895
6786896
6786897
6786898
6786900
6786901
6786902
6786903
6786904
6786905
6786907
6786909
6786910
6786911
6786912
6786913
6786914
6786915
6786916
6786917
6786918
6786919
6786920
6786921
6786922
6786923
6786924
6786925
6786927
6786928
6786929
6786930
6786931
6786932
6786933
6786934
6786935
6786936
6786939
6786940
6786942
6786943
6786944
6786946
6786947
6786948
6786949
6786951
6786952
6786953
6786955
6786956
6786957
6786958
6786959
6786960
6786961
6786962
6786963
6786964
6786966
6786967
6786968
6786969
6786970
6786971
6786972
6786974
6786976
6786977
6786978
6786980
6786982
6786984
6786986
6786988
6786990
6786991
6786992
6786995
6786996
6786998
6787000
6787001
6787002
6787003
6787004
6787005
6787006
6787007
6787008
6787009
6787010
6787011
6787012
6787013
6787014
6787015
6787016
6787017
6787018
6787019
6787020
6787021
6787022
6787023
6787024
6787025
6787026
6787028
6787029
6787030
6787031
6787032
6787033
6787034
6787035
6787036
6787037
6787038
6787039
6787040
6787041
6787042
6787043
6787044
6787045
6787046
6787047
6787048
6787049
6787051
6787052
6787053
6787054
6787056
6787059
6787060
6787061
6787064
6787066
6787067
6787068
6787069
6787070
6787071
6787072
6787073
6787074
6787075
6787076
6787077
6787078
6787079
6787080
6787081
6787082
6787083
6787084
6787086
6787087
6787088
6787089
6787090
6787091
6787092
6787094
6787095
6787096
6787097
6787098
6787099
6787100
6787101
6787102
6787103
6787104
6787105
6787106
6787107
6787108
6787109
6787110
6787111
6787112
6787113
6787114
6787115
6787116
6787117
6787118
6787119
6787120
6787121
6787122
6787123
6787124
6787125
6787126
6787127
6787128
6787129
6787130
6787131
6787132
6787133
6787134
6787135
6787136
6787137
6787138
6787139
6787140
6787142
6787143
6787144
6787146
6787147
6787148
6787149
6787150
6787151
6787152
6787153
6787154
6787155
6787156
6787157
6787158
6787159
6787160
6787161
6787162
6787163
6787164
6787165
6787166
6787167
6787168
6787169
6787170
6787171
6787172
6787173
6787174
6787175
6787176
6787177
6787178
6787179
6787180
6787181
6787182
6787183
6787184
6787185
6787187
6787188
6787189
6787190
6787191
6787194
6787195
6787196
6787197
6787198
6787199
6787201
6787202
6787203
6787204
6787205
6787206
6787207
6787208
6787209
6787210
6787212
6787213
6787214
6787215
6787216
6787218
6787220
6787221
6787223
6787226
6787227
6787228
6787229
6787230
6787234
6787235
6787236
6787237
6787238
6787239
6787240
6787241
6787242
6787243
6787244
6787245
6787246
6787247
6787248
6787250
6787251
6787252
6787253
6787255
6787256
6787257
6787258
6787259
6787260
6787262
6787264
6787265
6787268
6787269
6787270
6787271
6787272
6787274
6787275
6787276
6787277
6787278
6787279
6787280
6787281
6787282
6787284
6787285
6787286
6787287
6787288
6787289
6787290
6787292
6787293
6787294
6787295
6787296
6787297
6787298
6787299
6787300
6787301
6787302
6787304
6787306
6787307
6787308
6787310
6787311
6787313
6787314
6787315
6787316
6787317
6787318
6787319
6787320
6787321
6787322
6787323
6787324
6787326
6787327
6787328
6787329
6787332
6787334
6787335
6787336
6787337
6787338
6787339
6787340
6787341
6787342
6787343
6787344
6787345
6787346
6787348
6787351
6787352
6787353
6787354
6787355
6787356
6787358
6787359
6787360
6787361
6787363
6787364
6787365
6787366
6787367
6787368
6787370
6787372
6787373
6787374
6787377
6787379
6787380
6787384
6787385
6787386
6787387
6787390
6787392
6787393
6787395
6787397
6787399
6787403
6787406
6787408
6787409
6787410
6787411
6787413
6787415
6787416
6787417
6787418
6787420
6787421
6787422
6787423
6787424
6787425
6787426
6787428
6787429
6787430
6787431
6787432
6787433
6787434
6787435
6787436
6787437
6787438
6787439
6787440
6787441
6787442
6787443
6787445
6787446
6787447
6787448
6787449
6787452
6787453
6787454
6787455
6787456
6787457
6787458
6787459
6787460
6787461
6787462
6787463
6787464
6787465
6787466
6787467
6787468
6787469
6787471
6787473
6787474
6787477
6787478
6787479
6787481
6787482
6787483
6787484
6787485
6787486
6787487
6787488
6787489
6787491
6787492
6787493
6787494
6787495
6787496
6787497
6787498
6787499
6787500
6787501
6787502
6787503
6787504
6787505
6787506
6787507
6787508
6787509
6787510
6787511
6787512
6787513
6787514
6787516
6787517
6787518
6787519
6787520
6787524
6787525
6787526
6787527
6787528
6787529
6787530
6787531
6787532
6787533
6787534
6787535
6787536
6787537
6787538
6787539
6787540
6787541
6787542
6787543
6787544
6787545
6787546
6787547
6787548
6787549
6787550
6787551
6787552
6787553
6787554
6787555
6787557
6787558
6787559
6787561
6787562
6787563
6787565
6787566
6787567
6787568
6787569
6787570
6787571
6787573
6787574
6787575
6787576
6787577
6787578
6787579
6787580
6787581
6787582
6787583
6787584
6787585
6787587
6787588
6787590
6787592
6787593
6787594
6787595
6787596
6787597
6787598
6787599
6787600
6787602
6787603
6787604
6787605
6787606
6787607
6787608
6787609
6787610
6787611
6787614
6787615
6787616
6787617
6787618
6787619
6787620
6787621
6787623
6787624
6787625
6787626
6787627
6787628
6787629
6787630
6787631
6787632
6787633
6787634
6787635
6787637
6787638
6787639
6787640
6787642
6787643
6787644
6787645
6787646
6787647
6787648
6787649
6787650
6787651
6787652
6787653
6787654
6787655
6787656
6787657
6787658
6787659
6787660
6787661
6787662
6787663
6787664
6787665
6787666
6787667
6787668
6787669
6787670
6787671
6787672
6787673
6787674
6787675
6787676
6787677
6787678
6787679
6787680
6787681
6787683
6787684
6787685
6787687
6787688
6787689
6787690
6787691
6787692
6787693
6787694
6787695
6787696
6787697
6787698
6787699
6787700
6787701
6787702
6787703
6787704
6787705
6787707
6787708
6787709
6787710
6787711
6787712
6787713
6787715
6787716
6787717
6787718
6787719
6787720
6787721
6787722
6787723
6787724
6787725
6787726
6787727
6787728
6787729
6787730
6787731
6787732
6787733
6787734
6787735
6787736
6787737
6787738
6787739
6787740
6787741
6787742
6787743
6787744
6787745
6787746
6787747
6787748
6787750
6787751
6787752
6787753
6787754
6787755
6787756
6787757
6787758
6787759
6787760
6787762
6787763
6787765
6787766
6787767
6787768
6787769
6787770
6787773
6787774
6787775
6787776
6787778
6787779
6787780
6787781
6787782
6787784
6787785
6787786
6787787
6787788
6787789
6787790
6787791
6787792
6787793
6787794
6787795
6787796
6787797
6787798
6787799
6787800
6787801
6787802
6787803
6787804
6787805
6787806
6787807
6787808
6787809
6787810
6787811
6787812
6787813
6787814
6787815
6787816
6787817
6787818
6787819
6787820
6787821
6787823
6787824
6787825
6787826
6787827
6787828
6787830
6787831
6787833
6787834
6787835
6787836
6787837
6787838
6787839
6787841
6787842
6787843
6787844
6787845
6787846
6787847
6787848
6787849
6787850
6787851
6787853
6787854
6787855
6787856
6787857
6787858
6787859
6787860
6787861
6787862
6787863
6787864
6787865
6787866
6787867
6787868
6787869
6787870
6787872
6787873
6787874
6787875
6787876
6787877
6787878
6787879
6787881
6787882
6787884
6787887
6787888
6787889
6787890
6787891
6787892
6787893
6787894
6787896
6787897
6787898
6787899
6787900
6787901
6787902
6787903
6787904
6787905
6787906
6787907
6787908
6787910
6787911
6787912
6787913
6787914
6787915
6787917
6787919
6787920
6787921
6787923
6787924
6787925
6787926
6787927
6787928
6787929
6787930
6787931
6787932
6787933
6787934
6787935
6787936
6787938
6787939
6787940
6787941
6787942
6787943
6787944
6787945
6787946
6787947
6787948
6787949
6787950
6787951
6787952
6787953
6787954
6787956
6787957
6787958
6787959
6787960
6787961
6787962
6787964
6787965
6787966
6787967
6787968
6787969
6787970
6787972
6787973
6787974
6787975
6787976
6787977
6787978
6787979
6787980
6787981
6787982
6787983
6787984
6787985
6787986
6787987
6787988
6787989
6787990
6787991
6787993
6787994
6787995
6787996
6787998
6787999
6788000
6788002
6788003
6788006
6788007
6788008
6788009
6788010
6788012
6788013
6788014
6788015
6788016
6788017
6788018
6788019
6788021
6788022
6788023
6788024
6788025
6788026
6788027
6788028
6788031
6788032
6788033
6788034
6788035
6788036
6788037
6788038
6788039
6788040
6788041
6788042
6788043
6788044
6788045
6788046
6788048
6788049
6788050
6788051
6788052
6788053
6788054
6788055
6788056
6788057
6788059
6788060
6788062
6788063
6788066
6788068
6788069
6788071
6788072
6788073
6788074
6788075
6788076
6788077
6788078
6788080
6788081
6788082
6788083
6788084
6788085
6788087
6788088
6788089
6788091
6788092
6788093
6788094
6788095
6788096
6788097
6788098
6788099
6788100
6788101
6788102
6788103
6788104
6788105
6788106
6788109
6788110
6788111
6788112
6788113
6788114
6788115
6788116
6788117
6788118
6788119
6788120
6788121
6788122
6788123
6788124
6788125
6788127
6788128
6788129
6788130
6788131
6788132
6788134
6788135
6788136
6788138
6788139
6788142
6788143
6788144
6788145
6788147
6788148
6788149
6788150
6788151
6788152
6788153
6788154
6788155
6788156
6788157
6788158
6788160
6788161
6788162
6788163
6788164
6788165
6788166
6788167
6788168
6788169
6788170
6788171
6788172
6788173
6788174
6788175
6788177
6788179
6788180
6788181
6788182
6788183
6788184
6788185
6788186
6788187
6788188
6788189
6788190
6788191
6788192
6788193
6788194
6788195
6788196
6788197
6788198
6788200
6788201
6788203
6788204
6788205
6788206
6788207
6788208
6788209
6788210
6788211
6788212
6788214
6788216
6788217
6788218
6788219
6788220
6788221
6788222
6788223
6788224
6788227
6788228
6788229
6788231
6788232
6788233
6788234
6788235
6788236
6788237
6788238
6788240
6788242
6788244
6788245
6788246
6788247
6788248
6788249
6788250
6788251
6788252
6788254
6788255
6788256
6788257
6788258
6788259
6788260
6788261
6788262
6788263
6788264
6788266
6788267
6788268
6788269
6788270
6788271
6788273
6788275
6788276
6788277
6788278
6788279
6788280
6788284
6788285
6788286
6788287
6788291
6788292
6788293
6788295
6788296
6788297
6788298
6788299
6788300
6788302
6788303
6788304
6788305
6788306
6788309
6788310
6788313
6788320
6788321
6788323
6788328
6788330
6788331
6788333
6788335
6788337
6788338
6788340
6788341
6788342
6788343
6788344
6788345
6788347
6788348
6788354
6788355
6788356
6788357
6788360
6788362
6788363
6788364
6788366
6788368
6788369
6788370
6788371
6788373
6788374
6788375
6788376
6788377
6788379
6788380
6788381
6788382
6788383
6788385
6788386
6788387
6788388
6788389
6788390
6788391
6788392
6788393
6788394
6788395
6788396
6788398
6788400
6788402
6788403
6788404
6788405
6788406
6788407
6788408
6788409
6788411
6788412
6788413
6788414
6788419
6788420
6788421
6788423
6788424
6788425
6788426
6788427
6788428
6788429
6788430
6788431
6788432
6788433
6788434
6788438
6788439
6788440
6788441
6788442
6788443
6788444
6788445
6788447
6788448
6788449
6788450
6788451
6788452
6788453
6788454
6788456
6788457
6788458
6788459
6788460
6788461
6788462
6788463
6788464
6788466
6788467
6788469
6788470
6788471
6788472
6788474
6788475
6788476
6788477
6788479
6788480
6788481
6788483
6788484
6788485
6788486
6788487
6788488
6788489
6788490
6788492
6788493
6788494
6788496
6788497
6788498
6788499
6788500
6788501
6788502
6788503
6788505
6788506
6788507
6788508
6788510
6788512
6788513
6788516
6788517
6788518
6788519
6788520
6788522
6788523
6788524
6788525
6788526
6788527
6788528
6788531
6788532
6788533
6788534
6788535
6788536
6788537
6788538
6788539
6788541
6788542
6788543
6788544
6788545
6788546
6788547
6788550
6788551
6788552
6788554
6788555
6788556
6788557
6788560
6788562
6788563
6788564
6788565
6788566
6788567
6788568
6788570
6788571
6788572
6788573
6788574
6788575
6788576
6788577
6788578
6788579
6788580
6788581
6788583
6788584
6788585
6788586
6788587
6788588
6788591
6788592
6788593
6788594
6788595
6788596
6788597
6788599
6788600
6788601
6788603
6788604
6788605
6788606
6788607
6788608
6788609
6788610
6788611
6788612
6788613
6788614
6788615
6788616
6788617
6788618
6788619
6788620
6788621
6788623
6788624
6788625
6788626
6788627
6788628
6788629
6788630
6788631
6788632
6788633
6788634
6788635
6788636
6788637
6788638
6788639
6788640
6788641
6788642
6788643
6788644
6788645
6788646
6788647
6788648
6788649
6788650
6788652
6788653
6788654
6788655
6788657
6788658
6788659
6788660
6788661
6788663
6788664
6788665
6788666
6788667
6788668
6788669
6788671
6788672
6788673
6788674
6788675
6788676
6788678
6788680
6788681
6788683
6788684
6788685
6788687
6788688
6788689
6788690
6788691
6788692
6788693
6788694
6788695
6788696
6788697
6788698
6788699
6788700
6788701
6788702
6788704
6788705
6788706
6788707
6788709
6788710
6788712
6788713
6788714
6788715
6788716
6788717
6788719
6788720
6788721
6788722
6788723
6788724
6788725
6788726
6788727
6788728
6788729
6788730
6788731
6788732
6788733
6788734
6788735
6788736
6788737
6788738
6788739
6788740
6788741
6788742
6788744
6788745
6788746
6788747
6788748
6788749
6788750
6788751
6788752
6788753
6788754
6788755
6788756
6788757
6788758
6788761
6788762
6788766
6788767
6788768
6788769
6788770
6788771
6788772
6788773
6788774
6788775
6788776
6788777
6788778
6788779
6788780
6788781
6788782
6788783
6788784
6788785
6788786
6788787
6788788
6788789
6788790
6788791
6788792
6788793
6788794
6788795
6788796
6788797
6788798
6788799
6788801
6788802
6788803
6788804
6788805
6788806
6788807
6788808
6788809
6788810
6788811
6788812
6788813
6788814
6788815
6788816
6788817
6788818
6788819
6788820
6788821
6788822
6788823
6788824
6788826
6788827
6788828
6788829
6788830
6788831
6788832
6788834
6788835
6788837
6788838
6788839
6788840
6788841
6788842
6788843
6788845
6788846
6788847
6788848
6788849
6788850
6788851
6788852
6788853
6788854
6788855
6788856
6788858
6788859
6788860
6788861
6788862
6788863
6788865
6788866
6788867
6788868
6788869
6788870
6788871
6788872
6788873
6788874
6788875
6788876
6788878
6788879
6788880
6788882
6788883
6788884
6788885
6788886
6788887
6788888
6788889
6788890
6788891
6788893
6788894
6788896
6788897
6788898
6788899
6788900
6788901
6788903
6788904
6788905
6788906
6788907
6788908
6788909
6788910
6788912
6788913
6788914
6788915
6788916
6788917
6788918
6788919
6788920
6788923
6788924
6788925
6788926
6788927
6788928
6788929
6788930
6788931
6788933
6788934
6788935
6788937
6788938
6788939
6788940
6788941
6788942
6788943
6788944
6788945
6788946
6788947
6788948
6788949
6788950
6788951
6788952
6788953
6788954
6788955
6788956
6788958
6788959
6788960
6788962
6788964
6788965
6788966
6788967
6788968
6788969
6788970
6788971
6788973
6788974
6788975
6788976
6788977
6788978
6788979
6788981
6788982
6788983
6788984
6788985
6788986
6788987
6788988
6788989
6788990
6788991
6788992
6788993
6788994
6788997
6788998
6788999
6789000
6789002
6789003
6789004
6789005
6789006
6789007
6789009
6789010
6789011
6789012
6789013
6789014
6789015
6789016
6789017
6789018
6789019
6789020
6789021
6789023
6789024
6789025
6789026
6789027
6789028
6789029
6789030
6789031
6789033
6789035
6789036
6789037
6789038
6789039
6789040
6789041
6789042
6789043
6789044
6789045
6789046
6789047
6789048
6789049
6789050
6789051
6789052
6789053
6789054
6789055
6789056
6789057
6789058
6789059
6789060
6789061
6789062
6789063
6789064
6789065
6789066
6789067
6789068
6789069
6789070
6789071
6789072
6789073
6789074
6789075
6789076
6789077
6789078
6789079
6789080
6789081
6789082
6789083
6789084
6789085
6789086
6789087
6789088
6789089
6789090
6789091
6789092
6789093
6789094
6789095
6789097
6789099
6789100
6789101
6789103
6789104
6789105
6789106
6789107
6789108
6789109
6789110
6789111
6789112
6789113
6789114
6789115
6789117
6789118
6789119
6789120
6789122
6789123
6789124
6789125
6789126
6789127
6789128
6789130
6789131
6789132
6789133
6789134
6789135
6789136
6789139
6789141
6789142
6789144
6789145
6789146
6789147
6789148
6789149
6789150
6789151
6789152
6789153
6789154
6789155
6789158
6789160
6789161
6789162
6789163
6789164
6789165
6789166
6789167
6789168
6789169
6789170
6789171
6789173
6789174
6789175
6789176
6789177
6789178
6789179
6789184
6789185
6789186
6789187
6789188
6789189
6789191
6789192
6789193
6789194
6789195
6789196
6789197
6789198
6789199
6789200
6789201
6789202
6789203
6789204
6789205
6789208
6789209
6789210
6789211
6789212
6789213
6789214
6789215
6789216
6789218
6789219
6789220
6789221
6789222
6789223
6789224
6789225
6789226
6789227
6789228
6789229
6789230
6789231
6789233
6789235
6789236
6789237
6789238
6789240
6789241
6789242
6789244
6789245
6789246
6789247
6789248
6789249
6789250
6789251
6789252
6789253
6789254
6789255
6789256
6789257
6789258
6789259
6789260
6789261
6789263
6789265
6789266
6789267
6789268
6789269
6789270
6789272
6789273
6789274
6789275
6789276
6789277
6789278
6789279
6789280
6789281
6789282
6789283
6789285
6789286
6789287
6789288
6789291
6789292
6789294
6789295
6789297
6789298
6789299
6789300
6789301
6789302
6789303
6789304
6789305
6789306
6789307
6789308
6789309
6789310
6789311
6789312
6789313
6789314
6789315
6789316
6789317
6789319
6789320
6789321
6789322
6789323
6789324
6789325
6789326
6789327
6789328
6789329
6789331
6789332
6789333
6789334
6789336
6789337
6789338
6789339
6789341
6789342
6789343
6789344
6789345
6789346
6789347
6789348
6789349
6789351
6789352
6789353
6789354
6789355
6789356
6789357
6789358
6789359
6789360
6789361
6789362
6789363
6789364
6789365
6789366
6789368
6789369
6789370
6789371
6789372
6789373
6789374
6789375
6789376
6789377
6789378
6789379
6789380
6789381
6789382
6789383
6789384
6789385
6789386
6789387
6789388
6789389
6789390
6789392
6789393
6789395
6789397
6789398
6789399
6789400
6789401
6789402
6789403
6789404
6789405
6789406
6789408
6789409
6789410
6789412
6789413
6789414
6789415
6789416
6789417
6789418
6789419
6789421
6789423
6789424
6789425
6789426
6789427
6789429
6789430
6789431
6789434
6789435
6789436
6789437
6789438
6789439
6789440
6789441
6789442
6789444
6789445
6789446
6789447
6789448
6789451
6789452
6789454
6789455
6789456
6789457
6789459
6789460
6789461
6789462
6789463
6789464
6789465
6789466
6789468
6789469
6789470
6789471
6789472
6789473
6789474
6789475
6789477
6789478
6789479
6789480
6789481
6789483
6789484
6789487
6789488
6789489
6789491
6789493
6789494
6789495
6789496
6789499
6789500
6789501
6789502
6789503
6789504
6789505
6789506
6789507
6789508
6789510
6789511
6789513
6789514
6789516
6789517
6789518
6789519
6789520
6789522
6789523
6789525
6789528
6789529
6789530
6789531
6789534
6789535
6789536
6789539
6789540
6789541
6789543
6789544
6789545
6789546
6789547
6789548
6789549
6789551
6789552
6789553
6789554
6789555
6789556
6789557
6789558
6789559
6789560
6789561
6789562
6789563
6789564
6789566
6789567
6789568
6789569
6789570
6789571
6789573
6789574
6789575
6789577
6789579
6789580
6789581
6789583
6789585
6789587
6789588
6789589
6789592
6789593
6789594
6789595
6789596
6789597
6789598
6789599
6789602
6789605
6789606
6789608
6789609
6789612
6789613
6789614
6789615
6789616
6789617
6789618
6789620
6789621
6789622
6789624
6789625
6789626
6789627
6789628
6789629
6789631
6789632
6789634
6789635
6789636
6789637
6789638
6789639
6789640
6789641
6789642
6789643
6789644
6789645
6789646
6789648
6789649
6789650
6789651
6789652
6789653
6789654
6789656
6789657
6789658
6789659
6789660
6789661
6789662
6789663
6789664
6789665
6789666
6789667
6789668
6789669
6789670
6789672
6789673
6789674
6789676
6789677
6789678
6789679
6789680
6789681
6789682
6789684
6789685
6789687
6789688
6789689
6789691
6789692
6789693
6789694
6789695
6789696
6789698
6789699
6789700
6789702
6789703
6789704
6789705
6789706
6789707
6789708
6789709
6789710
6789711
6789713
6789714
6789715
6789716
6789719
6789720
6789721
6789722
6789723
6789724
6789725
6789727
6789729
6789730
6789731
6789732
6789733
6789734
6789735
6789736
6789737
6789738
6789739
6789740
6789741
6789742
6789744
6789745
6789746
6789747
6789748
6789749
6789750
6789751
6789752
6789753
6789754
6789755
6789757
6789759
6789760
6789761
6789762
6789763
6789764
6789765
6789766
6789767
6789768
6789769
6789770
6789771
6789772
6789773
6789774
6789777
6789778
6789779
6789780
6789781
6789783
6789784
6789785
6789787
6789789
6789791
6789793
6789794
6789795
6789796
6789798
6789800
6789801
6789802
6789803
6789804
6789805
6789806
6789807
6789808
6789809
6789810
6789811
6789812
6789813
6789814
6789816
6789817
6789818
6789819
6789820
6789821
6789822
6789823
6789824
6789825
6789826
6789827
6789828
6789830
6789831
6789832
6789833
6789834
6789835
6789836
6789837
6789838
6789840
6789842
6789843
6789844
6789845
6789846
6789847
6789848
6789849
6789850
6789852
6789853
6789854
6789856
6789857
6789858
6789859
6789860
6789861
6789862
6789863
6789867
6789868
6789869
6789870
6789871
6789872
6789873
6789875
6789876
6789877
6789878
6789879
6789880
6789881
6789882
6789883
6789885
6789887
6789889
6789890
6789891
6789892
6789894
6789895
6789896
6789899
6789901
6789904
6789905
6789906
6789908
6789909
6789910
6789911
6789912
6789913
6789914
6789915
6789916
6789917
6789918
6789919
6789920
6789921
6789922
6789923
6789924
6789925
6789926
6789928
6789930
6789931
6789932
6789933
6789934
6789935
6789936
6789937
6789938
6789939
6789940
6789941
6789942
6789943
6789944
6789945
6789946
6789948
6789949
6789950
6789951
6789952
6789953
6789954
6789955
6789956
6789957
6789958
6789959
6789960
6789962
6789963
6789964
6789965
6789966
6789967
6789968
6789969
6789970
6789971
6789972
6789974
6789975
6789976
6789977
6789978
6789979
6789980
6789981
6789982
6789983
6789984
6789985
6789986
6789989
6789990
6789991
6789992
6789993
6789994
6789995
6789996
6789997
6789998
6789999
6790000
6790002
6790003
6790005
6790006
6790007
6790008
6790009
6790010
6790011
6790012
6790013
6790015
6790016
6790017
6790018
6790020
6790021
6790022
6790023
6790024
6790025
6790026
6790027
6790028
6790029
6790030
6790031
6790032
6790034
6790035
6790036
6790037
6790038
6790039
6790040
6790041
6790043
6790044
6790045
6790047
6790048
6790049
6790050
6790051
6790052
6790053
6790054
6790055
6790057
6790058
6790059
6790060
6790061
6790062
6790064
6790065
6790066
6790067
6790068
6790069
6790070
6790071
6790072
6790073
6790074
6790075
6790076
6790078
6790079
6790080
6790081
6790082
6790083
6790084
6790086
6790087
6790088
6790089
6790090
6790091
6790092
6790093
6790094
6790095
6790096
6790097
6790099
6790100
6790101
6790102
6790103
6790104
6790105
6790106
6790107
6790108
6790109
6790110
6790111
6790112
6790113
6790114
6790115
6790116
6790118
6790119
6790120
6790122
6790123
6790124
6790125
6790126
6790127
6790128
6790129
6790130
6790131
6790132
6790133
6790134
6790135
6790136
6790137
6790138
6790139
6790141
6790142
6790143
6790144
6790145
6790146
6790148
6790149
6790150
6790151
6790152
6790153
6790154
6790155
6790156
6790157
6790158
6790159
6790160
6790161
6790162
6790164
6790165
6790166
6790167
6790168
6790169
6790171
6790173
6790174
6790175
6790176
6790177
6790178
6790180
6790181
6790183
6790185
6790186
6790187
6790188
6790189
6790190
6790191
6790192
6790193
6790194
6790196
6790197
6790198
6790199
6790200
6790201
6790202
6790203
6790204
6790206
6790207
6790208
6790209
6790210
6790211
6790212
6790214
6790215
6790216
6790217
6790218
6790219
6790220
6790221
6790222
6790223
6790225
6790226
6790227
6790229
6790230
6790231
6790233
6790234
6790235
6790236
6790237
6790238
6790239
6790240
6790242
6790243
6790244
6790245
6790246
6790248
6790250
6790251
6790252
6790253
6790254
6790255
6790256
6790257
6790258
6790260
6790261
6790262
6790263
6790264
6790265
6790266
6790267
6790269
6790270
6790271
6790272
6790274
6790275
6790277
6790278
6790279
6790280
6790281
6790282
6790284
6790285
6790286
6790287
6790289
6790291
6790292
6790293
6790294
6790295
6790296
6790297
6790299
6790300
6790301
6790302
6790304
6790305
6790306
6790308
6790309
6790311
6790312
6790313
6790316
6790319
6790320
6790321
6790322
6790326
6790328
6790329
6790330
6790331
6790332
6790333
6790334
6790335
6790336
6790337
6790338
6790339
6790340
6790341
6790342
6790343
6790344
6790345
6790346
6790347
6790348
6790349
6790350
6790351
6790352
6790353
6790354
6790355
6790356
6790357
6790358
6790359
6790360
6790361
6790362
6790363
6790364
6790365
6790366
6790367
6790368
6790369
6790370
6790371
6790372
6790373
6790374
6790376
6790377
6790378
6790379
6790380
6790381
6790382
6790383
6790384
6790385
6790386
6790387
6790389
6790390
6790391
6790392
6790393
6790394
6790395
6790396
6790397
6790398
6790399
6790400
6790401
6790402
6790404
6790405
6790406
6790407
6790408
6790409
6790410
6790411
6790412
6790413
6790414
6790415
6790416
6790417
6790418
6790419
6790421
6790423
6790424
6790425
6790426
6790427
6790428
6790429
6790430
6790431
6790432
6790433
6790434
6790435
6790436
6790438
6790439
6790442
6790444
6790445
6790446
6790447
6790448
6790449
6790450
6790452
6790453
6790454
6790455
6790456
6790457
6790459
6790460
6790461
6790462
6790464
6790465
6790466
6790467
6790470
6790471
6790472
6790473
6790474
6790475
6790476
6790477
6790478
6790479
6790480
6790481
6790482
6790483
6790485
6790487
6790488
6790489
6790490
6790491
6790492
6790493
6790494
6790495
6790496
6790497
6790498
6790500
6790501
6790503
6790504
6790505
6790507
6790508
6790510
6790511
6790513
6790514
6790515
6790516
6790518
6790519
6790523
6790524
6790526
6790527
6790528
6790530
6790531
6790532
6790533
6790534
6790535
6790536
6790537
6790539
6790540
6790541
6790542
6790543
6790545
6790547
6790549
6790550