7112736
7112737
7112738
7112739
7112740
7112742
7112743
7112744
7112745
7112747
7112748
7112749
7112750
7112751
7112752
7112753
7112754
7112755
7112756
7112757
7112758
7112759
7112760
7112761
7112762
7112763
7112764
7112765
7112766
7112767
7112768
7112769
7112770
7112771
7112772
7112773
7112774
7112775
7112776
7112777
7112778
7112780
7112781
7112782
7112783
7112784
7112785
7112786
7112787
7112788
7112789
7112790
7112791
7112792
7112793
7112794
7112795
7112796
7112797
7112799
7112800
7112801
7112802
7112803
7112804
7112805
7112806
7112807
7112808
7112809
7112810
7112811
7112812
7112813
7112814
7112815
7112816
7112818
7112819
7112820
7112821
7112822
7112823
7112824
7112825
7112826
7112827
7112828
7112829
7112830
7112831
7112832
7112833
7112834
7112835
7112836
7112837
7112838
7112839
7112841
7112842
7112843
7112844
7112845
7112846
7112847
7112848
7112849
7112850
7112851
7112852
7112853
7112855
7112856
7112857
7112858
7112859
7112860
7112861
7112862
7112863
7112865
7112867
7112868
7112870
7112871
7112872
7112873
7112874
7112875
7112876
7112877
7112878
7112879
7112880
7112881
7112882
7112883
7112884
7112885
7112886
7112887
7112888
7112889
7112890
7112891
7112892
7112893
7112894
7112895
7112898
7112899
7112900
7112901
7112902
7112903
7112904
7112905
7112906
7112907
7112908
7112909
7112910
7112911
7112912
7112913
7112914
7112915
7112916
7112917
7112918
7112919
7112920
7112921
7112922
7112923
7112924
7112925
7112926
7112927
7112928
7112929
7112930
7112932
7112933
7112934
7112935
7112936
7112937
7112938
7112939
7112940
7112941
7112942
7112943
7112944
7112945
7112946
7112947
7112948
7112949
7112950
7112951
7112952
7112953
7112954
7112955
7112956
7112957
7112958
7112959
7112960
7112961
7112962
7112963
7112964
7112965
7112966
7112967
7112968
7112969
7112970
7112972
7112973
7112974
7112975
7112976
7112977
7112978
7112979
7112981
7112982
7112983
7112984
7112985
7112986
7112987
7112988
7112989
7112990
7112991
7112992
7112993
7112994
7112995
7112996
7112997
7112998
7112999
7113000
7113001
7113002
7113003
7113004
7113005
7113006
7113007
7113008
7113009
7113010
7113011
7113012
7113013
7113014
7113015
7113016
7113017
7113018
7113019
7113020
7113021
7113022
7113023
7113024
7113025
7113026
7113027
7113028
7113029
7113030
7113033
7113034
7113035
7113036
7113037
7113038
7113039
7113040
7113041
7113042
7113043
7113044
7113045
7113046
7113047
7113048
7113049
7113050
7113051
7113052
7113053
7113054
7113057
7113058
7113059
7113060
7113061
7113062
7113063
7113064
7113065
7113066
7113067
7113068
7113069
7113070
7113071
7113072
7113073
7113074
7113075
7113076
7113077
7113078
7113079
7113080
7113081
7113082
7113083
7113084
7113085
7113086
7113087
7113088
7113089
7113090
7113091
7113093
7113094
7113095
7113096
7113097
7113098
7113099
7113100
7113101
7113102
7113103
7113104
7113105
7113107
7113108
7113110
7113111
7113112
7113113
7113114
7113115
7113116
7113117
7113120
7113121
7113122
7113123
7113124
7113125
7113126
7113128
7113129
7113130
7113131
7113132
7113133
7113134
7113135
7113136
7113137
7113138
7113139
7113141
7113142
7113143
7113145
7113146
7113147
7113148
7113149
7113150
7113151
7113152
7113153
7113155
7113156
7113157
7113158
7113159
7113162
7113163
7113165
7113166
7113167
7113168
7113169
7113171
7113172
7113174
7113175
7113176
7113178
7113179
7113180
7113181
7113182
7113183
7113184
7113185
7113187
7113188
7113189
7113190
7113191
7113192
7113193
7113194
7113195
7113196
7113197
7113198
7113199
7113200
7113201
7113202
7113203
7113205
7113206
7113207
7113208
7113209
7113210
7113211
7113212
7113214
7113215
7113216
7113217
7113218
7113219
7113220
7113223
7113224
7113225
7113226
7113227
7113228
7113229
7113231
7113232
7113233
7113234
7113235
7113237
7113238
7113240
7113242
7113243
7113244
7113245
7113247
7113248
7113249
7113250
7113251
7113252
7113254
7113255
7113256
7113257
7113258
7113259
7113260
7113262
7113263
7113264
7113265
7113267
7113268
7113269
7113271
7113272
7113273
7113274
7113276
7113277
7113278
7113279
7113280
7113281
7113282
7113283
7113284
7113285
7113286
7113287
7113288
7113289
7113290
7113291
7113292
7113293
7113294
7113295
7113296
7113297
7113298
7113299
7113300
7113301
7113302
7113303
7113304
7113305
7113306
7113307
7113308
7113309
7113310
7113311
7113312
7113313
7113314
7113316
7113317
7113318
7113319
7113320
7113321
7113322
7113323
7113324
7113325
7113326
7113327
7113328
7113330
7113331
7113332
7113333
7113334
7113335
7113337
7113338
7113339
7113340
7113341
7113343
7113344
7113346
7113347
7113348
7113349
7113350
7113351
7113352
7113353
7113354
7113357
7113359
7113360
7113361
7113362
7113363
7113364
7113365
7113366
7113367
7113369
7113371
7113372
7113373
7113374
7113377
7113378
7113379
7113380
7113381
7113383
7113384
7113385
7113386
7113387
7113388
7113389
7113390
7113391
7113392
7113393
7113394
7113395
7113396
7113397
7113398
7113399
7113400
7113401
7113402
7113403
7113404
7113405
7113406
7113407
7113408
7113409
7113410
7113411
7113414
7113415
7113416
7113417
7113418
7113419
7113420
7113421
7113422
7113423
7113424
7113425
7113426
7113427
7113428
7113429
7113430
7113431
7113432
7113433
7113434
7113435
7113436
7113437
7113439
7113440
7113441
7113442
7113445
7113447
7113449
7113450
7113451
7113452
7113453
7113456
7113457
7113458
7113459
7113460
7113462
7113463
7113464
7113465
7113466
7113467
7113468
7113469
7113471
7113472
7113473
7113474
7113476
7113477
7113479
7113480
7113481
7113482
7113483
7113484
7113485
7113486
7113487
7113488
7113489
7113490
7113493
7113494
7113495
7113496
7113497
7113499
7113500
7113501
7113502
7113503
7113504
7113505
7113506
7113507
7113508
7113509
7113512
7113513
7113514
7113515
7113516
7113517
7113518
7113519
7113520
7113521
7113522
7113523
7113524
7113525
7113526
7113527
7113528
7113529
7113530
7113531
7113532
7113533
7113534
7113535
7113536
7113537
7113538
7113539
7113540
7113542
7113543
7113544
7113545
7113546
7113547
7113548
7113549
7113550
7113552
7113553
7113555
7113556
7113557
7113558
7113559
7113560
7113561
7113562
7113563
7113564
7113565
7113566
7113567
7113568
7113569
7113570
7113571
7113572
7113573
7113576
7113577
7113578
7113579
7113580
7113581
7113582
7113583
7113585
7113586
7113587
7113588
7113589
7113590
7113591
7113592
7113593
7113594
7113596
7113597
7113598
7113599
7113601
7113602
7113603
7113604
7113605
7113606
7113607
7113608
7113609
7113610
7113611
7113612
7113613
7113614
7113615
7113616
7113617
7113618
7113619
7113620
7113621
7113623
7113625
7113626
7113627
7113628
7113629
7113630
7113631
7113632
7113633
7113634
7113636
7113637
7113638
7113639
7113640
7113641
7113642
7113643
7113644
7113645
7113646
7113647
7113648
7113649
7113650
7113651
7113652
7113653
7113654
7113655
7113656
7113657
7113658
7113659
7113660
7113661
7113662
7113663
7113664
7113665
7113666
7113667
7113668
7113669
7113670
7113671
7113672
7113673
7113674
7113675
7113676
7113677
7113678
7113679
7113680
7113681
7113682
7113683
7113684
7113685
7113686
7113687
7113688
7113689
7113690
7113691
7113692
7113693
7113694
7113695
7113696
7113697
7113698
7113699
7113700
7113701
7113702
7113703
7113705
7113706
7113708
7113709
7113710
7113712
7113713
7113714
7113715
7113716
7113717
7113718
7113719
7113720
7113721
7113722
7113723
7113724
7113725
7113726
7113728
7113729
7113730
7113731
7113732
7113733
7113734
7113735
7113736
7113737
7113738
7113739
7113740
7113741
7113742
7113743
7113744
7113745
7113746
7113747
7113748
7113749
7113750
7113751
7113752
7113753
7113754
7113755
7113756
7113757
7113758
7113759
7113760
7113761
7113762
7113763
7113764
7113765
7113766
7113767
7113769
7113770
7113771
7113772
7113773
7113774
7113775
7113776
7113778
7113779
7113780
7113781
7113782
7113783
7113784
7113785
7113786
7113787
7113788
7113789
7113790
7113791
7113792
7113793
7113794
7113795
7113796
7113797
7113798
7113799
7113800
7113801
7113802
7113804
7113805
7113807
7113808
7113809
7113810
7113811
7113813
7113815
7113816
7113817
7113818
7113819
7113820
7113821
7113822
7113823
7113824
7113825
7113827
7113828
7113829
7113831
7113832
7113833
7113834
7113835
7113836
7113837
7113838
7113839
7113840
7113842
7113843
7113844
7113846
7113847
7113848
7113849
7113850
7113851
7113852
7113853
7113854
7113855
7113856
7113857
7113858
7113859
7113860
7113861
7113862
7113863
7113864
7113865
7113866
7113867
7113868
7113869
7113870
7113871
7113872
7113873
7113874
7113875
7113876
7113877
7113878
7113879
7113880
7113881
7113882
7113883
7113884
7113885
7113886
7113887
7113888
7113889
7113890
7113891
7113892
7113893
7113894
7113896
7113897
7113898
7113899
7113900
7113901
7113902
7113904
7113905
7113906
7113907
7113908
7113909
7113910
7113912
7113913
7113914
7113915
7113917
7113918
7113919
7113920
7113921
7113922
7113923
7113924
7113925
7113926
7113927
7113928
7113929
7113930
7113931
7113932
7113933
7113934
7113935
7113936
7113937
7113938
7113939
7113940
7113941
7113942
7113943
7113944
7113945
7113946
7113947
7113948
7113949
7113950
7113951
7113952
7113953
7113954
7113955
7113956
7113957
7113958
7113959
7113960
7113961
7113962
7113963
7113964
7113965
7113966
7113967
7113968
7113969
7113970
7113971
7113972
7113973
7113974
7113975
7113976
7113977
7113978
7113979
7113980
7113981
7113982
7113983
7113984
7113985
7113986
7113987
7113988
7113989
7113990
7113991
7113992
7113993
7113994
7113995
7113996
7113997
7113998
7113999
7114000
7114001
7114002
7114004
7114005
7114006
7114007
7114008
7114009
7114011
7114012
7114013
7114014
7114015
7114016
7114017
7114018
7114019
7114020
7114021
7114022
7114023
7114024
7114025
7114026
7114027
7114028
7114029
7114030
7114031
7114032
7114033
7114034
7114035
7114036
7114037
7114038
7114041
7114042
7114043
7114044
7114045
7114046
7114047
7114048
7114049
7114050
7114051
7114052
7114053
7114056
7114057
7114058
7114059
7114060
7114061
7114062
7114063
7114064
7114065
7114066
7114067
7114068
7114070
7114072
7114073
7114074
7114075
7114076
7114077
7114078
7114079
7114080
7114081
7114082
7114083
7114084
7114085
7114086
7114087
7114088
7114089
7114090
7114091
7114092
7114094
7114095
7114096
7114097
7114098
7114099
7114100
7114102
7114103
7114104
7114105
7114106
7114107
7114108
7114109
7114111
7114112
7114113
7114114
7114115
7114116
7114117
7114118
7114119
7114120
7114121
7114123
7114124
7114125
7114126
7114127
7114128
7114129
7114130
7114132
7114133
7114134
7114135
7114136
7114137
7114138
7114139
7114140
7114141
7114142
7114143
7114144
7114145
7114146
7114147
7114148
7114149
7114150
7114151
7114152
7114153
7114154
7114155
7114156
7114157
7114158
7114159
7114160
7114161
7114162
7114163
7114164
7114165
7114166
7114167
7114168
7114169
7114170
7114171
7114172
7114173
7114174
7114175
7114176
7114178
7114179
7114180
7114181
7114182
7114183
7114184
7114185
7114186
7114187
7114188
7114190
7114191
7114192
7114193
7114194
7114196
7114197
7114198
7114199
7114200
7114201
7114203
7114204
7114205
7114206
7114207
7114208
7114209
7114210
7114211
7114212
7114213
7114214
7114215
7114216
7114217
7114218
7114219
7114220
7114221
7114222
7114223
7114224
7114225
7114226
7114227
7114228
7114229
7114231
7114232
7114233
7114234
7114235
7114236
7114237
7114238
7114239
7114240
7114241
7114242
7114243
7114244
7114246
7114247
7114248
7114249
7114250
7114252
7114253
7114255
7114256
7114257
7114258
7114259
7114261
7114262
7114264
7114267
7114268
7114269
7114270
7114271
7114272
7114273
7114274
7114275
7114277
7114279
7114280
7114281
7114282
7114283
7114284
7114285
7114286
7114287
7114288
7114289
7114294
7114295
7114297
7114298
7114299
7114300
7114303
7114304
7114306
7114307
7114308
7114309
7114310
7114311
7114313
7114314
7114315
7114316
7114321
7114322
7114324
7114326
7114327
7114329
7114330
7114331
7114333
7114334
7114337
7114338
7114339
7114340
7114343
7114344
7114346
7114347
7114349
7114350
7114351
7114353
7114354
7114355
7114358
7114359
7114360
7114361
7114362
7114363
7114364
7114365
7114366
7114367
7114369
7114373
7114374
7114375
7114376
7114377
7114378
7114379
7114380
7114381
7114382
7114383
7114384
7114387
7114388
7114389
7114390
7114391
7114392
7114393
7114395
7114396
7114397
7114398
7114400
7114401
7114402
7114404
7114405
7114406
7114407
7114408
7114411
7114412
7114413
7114414
7114415
7114417
7114418
7114419
7114420
7114422
7114423
7114424
7114425
7114427
7114428
7114429
7114430
7114431
7114432
7114433
7114434
7114436
7114437
7114438
7114439
7114440
7114441
7114442
7114443
7114444
7114445
7114447
7114448
7114449
7114450
7114451
7114452
7114453
7114454
7114455
7114456
7114457
7114458
7114459
7114460
7114461
7114463
7114465
7114466
7114467
7114468
7114470
7114471
7114473
7114474
7114475
7114477
7114478
7114481
7114482
7114483
7114486
7114490
7114491
7114492
7114493
7114496
7114497
7114498
7114499
7114500
7114504
7114506
7114507
7114508
7114509
7114510
7114512
7114513
7114514
7114515
7114516
7114517
7114519
7114520
7114522
7114523
7114525
7114526
7114527
7114528
7114531
7114532
7114533
7114537
7114538
7114541
7114544
7114545
7114548
7114550
7114551
7114552
7114553
7114554
7114555
7114556
7114557
7114558
7114559
7114560
7114561
7114562
7114563
7114564
7114565
7114567
7114568
7114569
7114571
7114572
7114573
7114574
7114575
7114576
7114577
7114578
7114579
7114581
7114582
7114583
7114586
7114587
7114588
7114590
7114591
7114592
7114593
7114594
7114595
7114597
7114598
7114599
7114600
7114603
7114606
7114607
7114608
7114609
7114610
7114611
7114612
7114613
7114614
7114615
7114616
7114617
7114618
7114620
7114622
7114623
7114624
7114625
7114626
7114628
7114629
7114630
7114631
7114632
7114633
7114634
7114636
7114637
7114638
7114639
7114640
7114641
7114642
7114643
7114644
7114645
7114646
7114647
7114648
7114649
7114650
7114653
7114656
7114657
7114658
7114659
7114660
7114661
7114663
7114665
7114667
7114669
7114670
7114671
7114672
7114675
7114676
7114677
7114678
7114679
7114680
7114681
7114682
7114683
7114684
7114685
7114686
7114687
7114688
7114689
7114690
7114692
7114693
7114694
7114696
7114697
7114700
7114701
7114702
7114703
7114704
7114705
7114707
7114708
7114709
7114710
7114714
7114716
7114718
7114721
7114723
7114724
7114726
7114727
7114728
7114729
7114732
7114734
7114736
7114740
7114744
7114747
7114753
7114755
7114756
7114757
7114758
7114759
7114761
7114762
7114763
7114764
7114765
7114767
7114768
7114769
7114771
7114772
7114773
7114774
7114775
7114776
7114777
7114778
7114779
7114780
7114781
7114782
7114783
7114784
7114785
7114786
7114787
7114788
7114789
7114790
7114791
7114792
7114794
7114795
7114796
7114798
7114801
7114802
7114806
7114807
7114808
7114809
7114810
7114811
7114812
7114813
7114814
7114815
7114816
7114817
7114818
7114819
7114820
7114821
7114822
7114824
7114825
7114830
7114831
7114832
7114833
7114834
7114835
7114836
7114837
7114838
7114839
7114840
7114841
7114842
7114843
7114844
7114845
7114846
7114847
7114849
7114850
7114851
7114852
7114853
7114855
7114856
7114857
7114858
7114859
7114860
7114861
7114862
7114863
7114864
7114865
7114866
7114867
7114868
7114869
7114870
7114871
7114872
7114873
7114874
7114875
7114876
7114878
7114879
7114880
7114881
7114882
7114884
7114887
7114888
7114889
7114890
7114891
7114892
7114893
7114894
7114896
7114897
7114898
7114899
7114900
7114901
7114902
7114903
7114904
7114905
7114906
7114907
7114908
7114909
7114910
7114912
7114914
7114915
7114916
7114917
7114918
7114920
7114922
7114923
7114925
7114926
7114927
7114928
7114929
7114930
7114931
7114932
7114933
7114935
7114936
7114937
7114938
7114939
7114940
7114941
7114942
7114943
7114944
7114945
7114946
7114947
7114948
7114949
7114950
7114951
7114952
7114953
7114954
7114955
7114956
7114957
7114958
7114959
7114960
7114961
7114962
7114963
7114964
7114965
7114966
7114967
7114968
7114969
7114970
7114971
7114972
7114973
7114974
7114975
7114976
7114977
7114978
7114979
7114980
7114981
7114983
7114984
7114986
7114987
7114988
7114989
7114990
7114991
7114992
7114993
7114994
7114996
7114998
7114999
7115000
7115001
7115002
7115003
7115004
7115005
7115006
7115008
7115009
7115010
7115011
7115012
7115013
7115014
7115015
7115016
7115017
7115018
7115019
7115020
7115021
7115022
7115023
7115025
7115027
7115028
7115029
7115030
7115031
7115032
7115033
7115034
7115035
7115036
7115037
7115038
7115039
7115040
7115041
7115042
7115045
7115046
7115049
7115051
7115052
7115055
7115057
7115058
7115062
7115064
7115066
7115069
7115070
7115071
7115072
7115073
7115074
7115075
7115076
7115077
7115078
7115080
7115081
7115082
7115083
7115085
7115086
7115087
7115088
7115089
7115090
7115091
7115093
7115094
7115095
7115096
7115097
7115098
7115099
7115100
7115101
7115103
7115104
7115105
7115106
7115107
7115108
7115109
7115110
7115111
7115112
7115114
7115115
7115116
7115117
7115118
7115119
7115121
7115124
7115126
7115127
7115128
7115129
7115130
7115131
7115132
7115135
7115136
7115138
7115140
7115141
7115142
7115143
7115144
7115145
7115147
7115148
7115149
7115150
7115151
7115152
7115153
7115154
7115155
7115156
7115157
7115159
7115160
7115161
7115162
7115163
7115164
7115165
7115166
7115167
7115168
7115170
7115171
7115172
7115174
7115175
7115176
7115177
7115179
7115181
7115182
7115183
7115184
7115185
7115187
7115188
7115189
7115190
7115192
7115193
7115194
7115195
7115196
7115197
7115198
7115199
7115200
7115201
7115202
7115203
7115204
7115205
7115206
7115208
7115209
7115210
7115211
7115212
7115213
7115214
7115215
7115216
7115217
7115218
7115220
7115222
7115225
7115226
7115227
7115228
7115229
7115230
7115231
7115233
7115234
7115235
7115237
7115238
7115239
7115240
7115241
7115242
7115243
7115244
7115245
7115246
7115247
7115248
7115249
7115250
7115251
7115252
7115254
7115256
7115257
7115258
7115260
7115261
7115262
7115263
7115265
7115266
7115267
7115268
7115269
7115271
7115272
7115273
7115274
7115276
7115277
7115279
7115281
7115287
7115288
7115289
7115290
7115291
7115292
7115293
7115294
7115295
7115296
7115297
7115298
7115300
7115301
7115302
7115303
7115304
7115305
7115306
7115307
7115308
7115309
7115310
7115311
7115312
7115314
7115315
7115316
7115317
7115318
7115319
7115320
7115321
7115322
7115323
7115324
7115326
7115327
7115328
7115329
7115331
7115332
7115333
7115334
7115335
7115336
7115337
7115338
7115339
7115340
7115341
7115342
7115345
7115348
7115350
7115351
7115353
7115356
7115357
7115359
7115360
7115361
7115362
7115364
7115365
7115366
7115367
7115369
7115494
7115496
7115553
7115594
7115598
7115599
7115600
7115601
7115605
7115649
7115658
7115659
7115663
7115667
7115669
7115671
7115675
7115677
7115681
7115685
7115703
7115705
7115706
7115707
7115708
7115712
7115714
7115716
7115734
7115735
7115738
7115743
7115744
7115745
7115746
7115747
7115748
7115752
7115753
7115754
7115756
7115757
7115759
7115764
7115766
7115767
7115768
7115769
7115773
7115778
7115779
7115781
7115782
7115783
7115784
7115788
7115789
7115790
7115791
7115792
7115793
7115794
7115795
7115797
7115798
7115799
7115800
7115801
7115803
7115805
7115806
7115807
7115808
7115809
7115810
7115811
7115812
7115813
7115814
7115815
7115816
7115817
7115819
7115820
7115821
7115822
7115824
7115825
7115826
7115827
7115828
7115830
7115831
7115832
7115833
7115834
7115835
7115836
7115837
7115838
7115839
7115840
7115842
7115843
7115844
7115845
7115847
7115848
7115849
7115850
7115851
7115852
7115853
7115855
7115856
7115857
7115858
7115859
7115862
7115863
7115864
7115868
7115870
7115871
7115874
7115884
7115885
7115887
7115889
7115896
7115898
7115899
7115900
7115904
7115906
7115909
7115910
7115911
7115912
7115913
7115922
7115941
7115942
7115943
7115944
7115946
7115947
7115951
7115952
7115959
7115963
7115964
7115965
7115966
7115973
7115976
7115977
7115979
7115982
7115983
7115984
7115988
7115989
7115991
7115992
7115993
7115995
7116002
7116003
7116004
7116005
7116006
7116007
7116008
7116009
7116011
7116012
7116013
7116015
7116016
7116019
7116021
7116023
7116024
7116025
7116026
7116027
7116028
7116044
7116050
7116051
7116052
7116053
7116055
7116056
7116057
7116058
7116059
7116062
7116064
7116066
7116067
7116068
7116069
7116070
7116071
7116072
7116073
7116074
7116075
7116076
7116078
7116079
7116081
7116085
7116087
7116088
7116089
7116090
7116092
7116093
7116094
7116096
7116097
7116098
7116103
7116104
7116106
7116107
7116108
7116109
7116110
7116111
7116112
7116114
7116116
7116118
7116119
7116120
7116121
7116122
7116123
7116124
7116125
7116126
7116127
7116128
7116129
7116131
7116132
7116133
7116134
7116136
7116137
7116138
7116140
7116141
7116142
7116143
7116146
7116148
7116153
7116156
7116157
7116158
7116159
7116160
7116162
7116163
7116168
7116169
7116170
7115370
7115372
7115373
7115374
7115375
7115376
7115378
7115379
7115380
7115381
7115382
7115383
7115384
7115387
7115389
7115390
7115392
7115393
7115394
7115396
7115397
7115398
7115399
7115400
7115401
7115402
7115403
7115405
7115406
7115407
7115408
7115409
7115410
7115411
7115412
7115413
7115414
7115415
7115416
7115417
7115418
7115419
7115420
7115422
7115423
7115424
7115425
7115426
7115427
7115428
7115429
7115430
7115431
7115432
7115433
7115434
7115435
7115436
7115438
7115439
7115440
7115441
7115442
7115443
7115444
7115445
7115446
7115447
7115448
7115449
7115450
7115451
7115452
7115453
7115455
7115456
7115457
7115458
7115459
7115460
7115461
7115462
7115463
7115464
7115465
7115466
7115467
7115468
7115469
7115470
7115471
7115472
7115473
7115474
7115475
7115476
7115477
7115478
7115479
7115480
7115481
7115482
7115483
7115484
7115485
7115486
7115487
7115488
7115489
7115490
7115491
7115492
7115493
7115497
7115498
7115499
7115502
7115503
7115504
7115505
7115506
7115507
7115508
7115509
7115510
7115511
7115512
7115513
7115515
7115516
7115517
7115518
7115519
7115520
7115521
7115523
7115524
7115525
7115526
7115527
7115528
7115530
7115531
7115532
7115533
7115534
7115535
7115536
7115537
7115538
7115539
7115540
7115541
7115542
7115543
7115544
7115545
7115546
7115547
7115548
7115549
7115550
7115551
7115552
7115554
7115555
7115556
7115557
7115558
7115559
7115560
7115561
7115562
7115563
7115564
7115565
7115566
7115567
7115568
7115569
7115570
7115571
7115572
7115573
7115574
7115575
7115576
7115577
7115578
7115579
7115580
7115581
7115584
7115585
7115586
7115587
7115588
7115589
7115591
7115592
7115593
7115595
7115596
7115597
7115602
7115603
7115604
7115606
7115608
7115609
7115610
7115611
7115612
7115613
7115614
7115615
7115616
7115617
7115618
7115619
7115620
7115621
7115622
7115623
7115624
7115626
7115628
7115629
7115630
7115631
7115632
7115633
7115635
7115636
7115637
7115638
7115639
7115641
7115642
7115643
7115644
7115645
7115646
7115647
7115648
7115650
7115651
7115652
7115654
7115655
7115656
7115657
7115660
7115661
7115662
7115664
7115668
7115672
7115674
7115678
7115679
7115680
7115682
7115683
7115686
7115687
7115688
7115689
7115691
7115692
7115693
7115694
7115695
7115696
7115697
7115698
7115699
7115700
7115701
7115702
7115709
7115710
7115711
7115713
7115715
7115717
7115718
7115719
7115720
7115721
7115722
7115723
7115724
7115725
7115726
7115727
7115728
7115729
7115730
7115731
7115732
7115733
7115739
7115740
7115741
7115742
7115749
7115750
7115751
7115758
7115760
7115761
7115762
7115763
7115765
7115770
7115771
7115772
7115774
7115775
7115776
7115777
7115785
7115786
7115787
7115860
7115861
7115866
7115867
7115872
7115875
7115876
7115877
7115878
7115879
7115880
7115881
7115883
7115886
7115888
7115890
7115891
7115892
7115893
7115894
7115895
7115901
7115902
7115903
7115905
7115907
7115908
7115914
7115915
7115916
7115917
7115918
7115919
7115920
7115921
7115923
7115924
7115925
7115926
7115927
7115928
7115929
7115930
7115931
7115932
7115933
7115934
7115935
7115937
7115938
7115939
7115940
7115945
7115948
7115949
7115953
7115954
7115956
7115960
7115961
7115962
7115967
7115968
7115969
7115970
7115971
7115972
7115974
7115975
7115978
7115980
7115981
7115985
7115986
7115987
7115990
7115994
7115996
7115997
7115998
7115999
7116000
7116001
7116010
7116014
7116017
7116018
7116020
7116022
7116029
7116030
7116031
7116032
7116034
7116035
7116037
7116038
7116039
7116040
7116041
7116045
7116047
7116048
7116049
7116054
7116060
7116061
7116063
7116065
7116077
7116080
7116083
7116084
7116086
7116099
7116100
7116101
7116102
7116105
7116113
7116135
7116139
7116144
7116145
7116147
7116149
7116150
7116151
7116152
7116154
7116155
7116164
7116165
7116166
7116167
7116171