7258242
7258252
7256838
7256843
7256849
7256854
7256869
7256879
7256884
7256889
7256909
7256914
7256919
7256939
7256949
7256954
7256964
7256974
7256984
7256989
7257015
7257020
7257025
7257035
7257040
7257045
7257070
7257080
7257085
7257095
7257100
7257105
7257110
7257115
7257125
7257130
7257135
7257140
7257145
7257181
7257196
7257211
7257216
7257226
7257231
7257271
7257286
7257291
7257296
7257306
7257311
7257316
7257352
7257357
7257362
7257377
7257397
7258096
7257407
7257412
7257417
7257422
7257427
7257533
7257593
7257603
7257618
7257623
7257638
7257643
7257659
7257684
7257689
7257694
7257704
7257709
7257714
7257764
7258172
7257804
7257809
7257815
7257930
7257935
7258202
7257940
7257955
7257960
7257970
7257976
7257991
7258016
7258021
7258036
7258066
7258071
7255373
7255374
7255375
7255376
7255377
7255378
7255379
7255380
7255381
7255382
7255383
7255385
7255386
7255387
7255388
7255389
7255390
7255391
7255392
7255393
7255394
7255395
7255396
7255397
7258081
7255399
7255400
7255401
7255402
7255403
7255404
7255405
7255406
7255407
7255408
7255409
7255411
7255412
7255413
7255414
7255415
7255416
7255417
7255418
7255419
7255420
7255421
7255422
7255423
7258086
7255425
7255426
7255427
7255428
7255429
7255430
7255431
7255433
7255434
7255435
7255436
7255437
7255438
7255439
7255440
7255441
7255442
7255443
7255444
7255445
7255446
7255447
7258091
7255449
7255450
7255451
7255452
7255453
7255454
7255455
7255456
7255457
7255458
7255459
7255460
7255461
7255462
7255463
7255464
7255466
7255467
7255468
7255469
7255470
7255471
7255472
7255473
7255474
7255475
7255476
7255477
7255478
7255479
7255480
7255481
7255483
7255484
7255486
7255487
7255489
7255490
7255491
7255492
7255493
7255495
7255496
7255497
7255498
7258101
7255500
7255502
7255503
7255504
7255505
7255507
7255508
7255510
7255512
7255514
7255515
7255516
7255517
7255518
7255519
7255520
7255521
7255522
7255523
7255524
7255525
7255526
7258106
7255528
7255529
7255530
7255531
7255532
7255533
7255534
7255535
7255536
7255538
7255539
7255541
7255543
7255544
7255545
7255546
7255547
7255549
7255550
7255551
7255552
7255554
7255556
7255557
7255558
7255560
7255561
7255562
7255563
7255566
7255567
7255568
7255569
7255570
7255571
7255572
7255575
7255576
7255577
7255578
7255579
7255580
7255581
7255582
7255583
7255584
7255585
7255586
7255587
7255588
7255589
7255591
7255592
7255593
7255594
7255596
7255597
7255598
7255599
7258121
7255601
7255602
7255603
7255604
7255605
7255606
7255607
7255608
7255609
7255610
7255611
7255612
7255614
7255615
7255616
7255617
7255618
7255619
7255620
7255621
7255622
7255623
7255624
7255625
7255626
7255627
7255628
7255629
7255630
7255632
7255633
7255634
7255635
7255636
7255637
7255638
7255639
7255640
7255641
7255642
7255643
7255644
7255646
7255647
7255648
7255649
7255650
7255651
7255652
7255653
7255654
7255655
7255656
7255657
7255658
7255659
7255660
7255661
7255662
7255663
7255664
7255665
7255666
7255667
7255668
7255669
7255670
7255672
7255673
7255674
7255675
7255676
7255677
7255678
7255679
7255680
7255681
7255682
7255683
7255684
7255685
7255686
7255687
7255688
7255689
7255690
7255691
7255692
7255694
7255695
7255699
7255700
7255702
7255706
7255711
7255714
7255715
7255716
7255723
7255724
7255725
7255726
7255727
7255728
7255729
7255730
7255731
7255732
7255733
7255734
7255735
7255737
7255738
7255741
7255742
7255743
7255746
7255747
7255748
7255749
7255750
7255751
7255752
7255753
7258152
7255756
7255757
7255758
7255761
7255763
7255765
7255767
7255768
7255770
7255771
7255772
7255773
7255774
7255775
7255778
7255781
7255782
7255783
7255785
7255787
7255789
7255791
7255792
7255795
7255797
7255798
7255799
7255800
7255803
7255804
7255805
7255806
7255807
7255808
7255809
7255811
7255812
7255813
7255814
7255815
7255816
7255818
7255819
7255820
7255821
7255822
7255823
7255824
7255826
7255828
7255829
7255830
7255831
7255832
7255833
7255834
7255835
7255836
7255839
7255840
7255841
7255842
7255843
7255844
7255846
7255847
7255848
7255849
7255850
7255851
7255852
7255853
7255854
7255855
7255856
7255857
7255858
7255859
7255860
7255861
7255862
7255863
7255864
7255865
7255866
7255867
7255868
7255869
7255870
7255871
7255872
7255877
7255879
7255880
7255881
7255882
7255883
7255884
7258177
7255888
7255889
7255891
7255892
7255893
7255894
7255897
7255899
7255901
7255902
7255903
7255904
7255905
7255906
7258182
7255908
7255909
7255910
7255911
7255913
7255914
7255915
7255916
7255920
7255921
7255922
7255923
7255924
7255925
7255926
7255927
7255928
7255929
7255930
7258187
7255932
7255933
7255934
7255935
7255936
7255937
7255938
7255939
7255940
7255942
7255943
7255944
7255947
7255948
7255949
7255950
7255951
7255952
7255953
7255954
7258192
7255956
7255957
7255959
7255960
7255961
7255962
7255963
7255965
7255966
7255967
7255968
7255970
7255971
7255972
7255973
7255974
7255975
7255977
7255979
7258197
7255981
7255982
7255983
7255984
7255985
7255986
7255990
7255991
7255995
7255996
7255997
7255998
7255999
7256000
7256001
7256002
7256003
7256004
7256005
7256006
7256007
7256008
7256009
7256010
7256011
7256012
7256013
7256014
7256015
7256016
7256017
7256018
7256019
7256020
7256021
7256022
7256024
7256025
7256027
7256028
7256029
7258207
7256031
7256032
7256033
7256035
7256036
7256037
7256038
7256039
7256040
7256041
7256042
7256044
7256045
7256046
7256047
7256048
7256049
7256050
7256051
7256052
7256053
7258212
7256057
7256059
7256060
7256062
7256064
7256066
7256068
7256070
7256072
7256073
7256076
7256077
7256078
7256079
7256080
7256081
7256082
7256083
7256084
7256085
7258217
7256091
7256097
7256100
7256102
7256103
7256104
7256105
7256106
7256108
7256109
7256111
7256112
7256113
7256114
7256115
7256116
7256117
7256119
7256120
7256121
7256122
7256123
7256124
7256125
7256126
7256127
7256128
7256129
7256130
7256131
7256132
7256133
7256134
7256135
7256136
7256137
7256138
7256139
7256140
7256141
7256142
7256143
7256144
7256145
7256146
7256147
7256148
7256149
7256150
7256151
7256152
7256153
7256154
7256155
7256156
7256157
7256158
7256161
7256162
7256163
7256164
7256165
7256166
7256167
7256168
7256169
7256170
7256172
7256173
7256174
7256175
7256177
7256178
7256179
7256180
7256181
7256182
7256183
7256184
7256185
7258237
7256187
7256188
7256189
7256190
7256191
7256192
7256193
7256194
7256196
7256197
7256198
7256199
7256200
7256202
7256203
7256204
7256205
7256207
7256208
7256209
7256210
7256211
7256212
7256213
7256214
7256215
7256216
7256218
7256220
7256221
7256222
7256223
7256224
7256225
7256227
7256228
7256229
7256230
7256232
7256233
7256234
7256235
7256236
7256237
7256239
7256240
7256241
7256242
7256243
7256244
7256245
7256246
7256247
7256248
7256249
7256250
7256251
7256252
7256253
7256254
7256255
7256256
7256257
7256258
7256259
7256260
7256261
7256262
7256263
7256264
7256265
7256266
7256267
7256269
7256270
7256271
7256272
7256274
7256276
7256277
7256278
7256279
7256280
7256281
7256282
7258257
7256284
7256285
7256286
7256287
7256288
7256289
7256290
7256291
7256292
7256293
7256294
7256295
7256296
7256297
7256298
7256299
7256300
7256301
7256302
7256303
7256304
7256305
7256306
7256307
7256308
7256309
7256310
7256311
7256312
7256314
7256316
7256317
7256318
7256319
7256320
7256322
7256323
7256324
7256325
7256326
7256327
7256328
7256329
7256330
7256331
7258323
7256333
7256334
7256335
7256336
7256337
7256339
7256340
7256341
7256344
7256345
7256346
7256347
7256348
7256349
7256350
7256351
7256352
7256353
7256354
7256355
7256356
7256357
7256358
7256359
7256361
7256362
7256363
7256364
7256365
7256366
7256367
7256369
7256370
7256371
7256372
7256373
7256374
7256375
7256376
7256377
7256378
7256379
7256380
7256381
7256382
7256384
7256385
7256387
7256388
7256389
7256390
7256391
7256392
7256393
7256394
7256395
7256396
7256397
7256398
7256399
7256400
7256401
7256402
7256403
7256404
7256405
7256407
7256408
7256409
7256411
7256412
7256413
7256414
7256415
7256416
7256417
7256418
7256419
7256420
7256421
7256422
7256423
7256424
7256425
7256426
7256427
7256428
7256429
7256431
7256432
7256433
7256434
7256435
7256436
7256437
7256438
7256439
7256440
7256441
7256442
7256444
7256446
7256447
7256448
7256449
7256450
7256451
7256452
7256453
7256454
7256455
7256456
7256457
7256458
7256459
7256460
7256461
7256463
7256464
7256465
7256466
7256467
7256468
7256469
7256470
7256471
7256472
7256473
7256474
7256475
7256477
7256478
7256479
7256480
7256481
7256482
7256483
7256484
7256485
7256486
7256487
7256488
7256489
7256490
7256491
7256492
7256493
7256494
7256495
7256496
7258298
7256498
7256499
7256500
7256501
7256502
7256503
7256504
7256505
7256506
7256507
7256508
7256510
7256511
7256513
7256514
7256515
7256516
7256517
7258303
7256519
7256520
7256521
7256522
7256523
7256524
7256527
7256528
7256529
7256532
7256533
7256535
7256536
7256538
7256539
7256540
7256541
7256542
7256543
7256544
7256545
7256546
7256547
7258308
7256549
7256550
7256551
7256552
7256553
7256554
7256555
7256556
7256557
7256558
7256559
7256560
7256561
7256562
7256563
7256564
7256565
7256566
7256567
7256568
7256569
7258313
7256572
7256573
7256574
7256575
7256576
7256577
7256578
7256579
7256581
7256582
7256583
7256584
7256586
7256587
7256588
7256589
7256590
7258318
7256592
7256593
7256594
7256595
7256596
7256597
7256598
7256600
7256601
7256603
7256604
7256605
7256607
7256608
7256610
7256612
7256613
7256614
7256615
7256616
7256617
7256618
7256619
7256620
7256622
7256624
7256625
7256626
7256627
7256628
7256633
7256635
7256636
7256638
7258328
7256642
7256643
7256644
7256645
7256646
7256647
7256648
7256649
7256650
7256651
7256652
7256653
7256655
7256656
7256657
7256659
7256660
7256661
7256662
7256663
7256664
7256665
7256666
7256667
7256668
7256669
7256670
7256671
7256672
7256673
7256675
7256676
7256678
7256679
7256680
7256681
7256683
7256685
7256687
7256688
7256689
7256690
7256691
7256692
7256693
7256694
7258338
7256696
7256697
7256698
7256699
7256700
7256701
7256703
7256704
7256705
7256706
7256707
7256708
7256710
7256711
7256712
7256713
7256714
7256715
7256716
7256717
7256718
7256719
7256720
7256721
7256722
7256723
7256724
7256725
7256726
7256727
7256728
7256731
7256732
7256733
7256734
7256735
7256736
7256738
7256739
7256741
7256742
7256743
7256744
7256745
7256746
7256747
7256748
7256749
7256750
7256751
7256752
7256753
7256754
7256755
7256756
7256758
7256759
7256760
7256761
7256762
7256763
7256764
7256765
7256766
7256768
7256769
7256770
7256771
7256772
7256773
7256774
7256775
7256776
7256777
7256778
7256779
7256780
7256781
7256782
7256783
7256784
7256785
7256786
7256787
7256788
7256789
7256790
7256791
7256792
7256793
7256794
7256795
7256796
7256797
7256798
7256799
7256800
7256801
7256802
7256803
7256804
7256805
7256806
7256807
7256808
7256809
7256810
7256811
7256812
7256813
7256814
7256815
7256816
7256817
7256818
7256819
7256820
7256821
7256822
7256823
7256824
7256825
7256826
7256827
7256828
7256829
7256830
7256831
7256832
7256833
7256834
7256835
7256836
7256837
7256839
7256840
7256841
7256842
7256844
7256845
7256846
7256847
7256848
7256850
7256851
7256852
7256853
7256855
7256856
7256857
7256859
7256860
7256861
7256862
7256863
7256864
7256865
7256866
7256867
7256868
7256870
7256871
7256872
7256873
7256874
7256875
7256876
7256877
7256878
7256880
7256881
7256882
7256883
7256885
7256886
7256887
7256888
7256890
7256891
7256892
7256893
7256895
7256896
7256897
7256898
7256899
7256900
7256902
7256903
7256904
7256905
7256906
7256907
7256908
7256910
7256911
7256912
7256913
7256915
7256916
7256917
7256918
7256920
7256921
7256922
7256924
7256925
7256926
7256927
7256928
7256929
7256930
7256931
7256932
7256933
7256934
7256935
7256936
7256937
7256938
7256941
7256942
7256943
7256944
7256945
7256946
7256947
7256948
7256950
7256951
7256952
7256953
7256955
7256956
7256957
7256958
7256959
7256960
7256961
7256962
7256963
7256966
7256967
7256968
7256969
7256970
7256971
7256972
7256973
7256975
7256976
7256978
7256979
7256980
7256981
7256982
7256983
7256985
7256986
7256987
7256988
7256990
7256992
7256993
7256994
7256995
7256996
7256997
7256998
7256999
7257000
7257002
7257003
7257004
7257005
7257006
7257007
7257009
7257010
7257011
7257012
7257013
7257014
7257016
7257017
7257018
7257019
7257021
7257022
7257023
7257024
7257026
7257027
7257028
7257029
7257030
7257031
7257032
7257033
7257034
7257036
7257037
7257038
7257039
7257041
7257042
7257043
7257044
7257046
7257047
7257049
7257050
7257051
7257052
7257053
7257054
7257055
7257058
7257059
7257060
7257061
7257062
7257063
7257064
7257065
7257066
7257067
7257068
7257069
7257071
7257072
7257073
7257074
7257075
7257076
7257077
7257078
7257079
7257081
7257082
7257083
7257084
7257086
7257087
7257089
7257090
7257091
7257092
7257093
7257094
7257096
7257097
7257098
7257099
7257101
7257102
7257103
7257104
7257106
7257107
7257108
7257109
7257111
7257112
7257113
7257114
7257116
7257117
7257118
7257119
7257120
7257121
7257122
7257123
7257124
7257126
7257127
7257128
7257129
7257131
7257132
7257133
7257134
7257136
7257137
7257138
7257139
7257141
7257142
7257143
7257144
7257146
7257147
7257148
7257149
7257150
7257151
7257152
7257153
7257154
7257155
7257156
7257157
7257158
7257159
7257160
7257161
7257162
7257164
7257165
7257166
7257167
7257168
7257169
7257170
7257171
7257172
7257174
7257175
7257176
7257177
7257178
7257179
7257180
7257183
7257184
7257185
7257186
7257187
7257188
7257189
7257190
7257191
7257192
7257193
7257194
7257195
7257197
7257198
7257199
7257201
7257202
7257203
7257204
7257206
7257207
7257208
7257209
7257210
7257212
7257213
7257214
7257215
7257217
7257218
7257219
7257221
7257222
7257223
7257224
7257225
7257227
7257228
7257229
7257230
7257232
7257233
7257234
7257235
7257236
7257239
7257241
7257242
7257243
7257244
7257245
7257246
7257247
7257248
7257249
7257250
7257251
7257252
7257254
7257255
7257256
7257257
7257258
7257259
7257260
7257261
7257262
7257263
7257264
7257266
7257267
7257268
7257269
7257270
7257272
7257273
7257274
7257275
7257278
7257279
7257280
7257281
7257282
7257283
7257284
7257285
7257287
7257288
7257289
7257290
7257292
7257293
7257294
7257295
7257298
7257299
7257300
7257301
7257302
7257303
7257304
7257305
7257307
7257308
7257309
7257310
7257312
7257313
7257314
7257315
7257317
7257319
7257320
7257321
7257322
7257323
7257325
7257326
7257327
7257328
7257329
7257330
7257331
7257332
7257333
7257334
7257335
7257336
7257338
7257339
7257340
7257341
7257342
7257343
7257344
7257345
7257346
7257348
7257349
7257350
7257351
7257353
7257354
7257355
7257356
7257358
7257359
7257360
7257361
7257363
7257364
7257365
7257366
7257367
7257368
7257369
7257370
7257371
7257372
7257373
7257374
7257375
7257376
7257378
7257379
7257381
7257382
7257384
7257385
7257386
7257387
7257388
7257389
7257390
7257391
7257392
7257393
7257394
7257395
7257396
7257398
7257399
7257401
7257402
7257403
7257404
7257405
7257406
7257408
7257409
7257410
7257411
7257413
7257414
7257415
7257416
7257418
7257419
7257420
7257421
7257423
7257424
7257425
7257426
7257428
7257429
7257430
7257431
7257433
7257435
7257438
7257439
7257440
7257441
7257442
7257443
7257445
7257446
7257447
7257448
7257451
7257452
7257453
7257454
7257455
7257456
7257459
7257460
7257462
7257463
7257464
7257465
7257466
7257467
7257468
7257470
7257471
7257472
7257473
7257474
7257475
7257476
7257477
7257478
7257479
7257480
7257481
7257482
7257483
7257485
7257486
7257487
7257488
7257489
7257490
7257491
7257492
7257493
7257494
7257495
7257497
7257498
7257499
7257500
7257501
7257502
7257503
7257504
7257505
7257507
7257508
7257509
7257510
7257511
7257512
7257513
7257514
7257515
7257516
7257517
7257518
7257519
7257520
7257521
7257522
7257523
7257524
7257525
7257526
7257527
7257528
7257529
7257530
7257531
7257532
7257534
7257536
7257537
7257538
7257539
7257540
7257541
7257542
7257543
7257544
7257545
7257546
7257548
7257549
7257550
7257551
7257552
7257553
7257554
7257555
7257556
7257557
7257558
7257560
7257561
7257562
7257564
7257565
7257567
7257568
7257569
7257571
7257572
7257573
7257574
7257575
7257576
7257577
7257578
7257579
7257580
7257581
7257582
7257583
7257584
7257585
7257586
7257587
7257588
7257589
7257590
7257591
7257592
7257594
7257595
7257597
7257598
7257599
7257600
7257601
7257602
7257604
7257606
7257607
7257608
7257609
7257610
7257611
7257612
7257613
7257614
7257615
7257616
7257617
7257619
7257620
7257621
7257622
7257624
7257625
7257626
7257627
7257628
7257629
7257630
7257631
7257632
7257634
7257635
7257636
7257637
7257639
7257640
7257641
7257642
7257644
7257646
7257647
7257648
7257649
7257650
7257651
7257652
7257653
7257655
7257656
7257657
7257658
7257660
7257661
7257662
7257664
7257665
7257666
7257667
7257668
7257672
7257673
7257674
7257675
7257676
7257677
7257678
7257679
7257680
7257681
7257682
7257683
7257685
7257686
7257687
7257688
7257690
7257691
7257692
7257693
7257695
7257696
7257697
7257698
7257700
7257701
7257702
7257703
7257705
7257706
7257707
7257708
7257710
7257711
7257712
7257713
7257715
7257717
7257718
7257719
7257720
7257721
7257722
7257723
7257724
7257725
7257726
7257727
7257728
7257729
7257731
7257732
7257733
7257734
7257735
7257736
7257737
7257738
7257739
7257740
7257741
7257742
7257743
7257744
7257745
7257746
7257748
7257749
7257750
7257751
7257752
7257754
7257755
7257756
7257757
7257758
7257759
7257760
7257761
7257762
7257763
7257767
7257768
7257769
7257771
7257772
7257773
7257774
7257775
7257777
7257778
7257779
7257780
7257781
7257782
7257783
7257784
7257785
7257786
7257787
7257788
7257789
7257790
7257791
7257793
7257794
7257795
7257796
7257797
7257798
7257799
7257800
7257801
7257802
7257803
7257805
7257806
7257807
7257808
7257810
7257811
7257812
7257813
7257814
7257816
7257817
7257818
7257820
7257821
7257824
7257825
7257826
7257827
7257828
7257830
7257831
7257832
7257834
7257835
7257836
7257837
7257838
7257839
7257841
7257843
7257844
7257845
7257846
7257847
7257848
7257849
7257851
7257852
7257853
7257854
7257855
7257856
7257857
7257858
7257859
7257860
7257863
7257864
7257867
7257868
7257870
7257871
7257872
7257873
7257874
7257875
7257876
7257877
7257878
7257879
7257880
7257881
7257882
7257883
7257884
7257885
7257886
7257887
7257888
7257889
7257890
7257891
7257892
7257893
7257894
7257895
7257896
7257897
7257898
7257899
7257900
7257901
7257902
7257903
7257904
7257906
7257907
7257908
7257909
7257911
7257912
7257913
7257914
7257915
7257916
7257917
7257918
7257919
7257920
7257922
7257923
7257924
7257925
7257926
7257927
7257928
7257929
7257931
7257932
7257933
7257934
7257936
7257937
7257938
7257939
7257941
7257942
7257943
7257944
7257945
7257946
7257947
7257948
7257950
7257951
7257952
7257953
7257954
7257956
7257957
7257958
7257959
7257962
7257963
7257964
7257965
7257966
7257967
7257968
7257969
7257971
7257972
7257973
7257974
7257975
7257977
7257978
7257979
7257980
7257982
7257983
7257984
7257985
7257986
7257987
7257988
7257989
7257990
7257992
7257993
7257994
7257995
7257996
7257997
7257998
7257999
7258000
7258001
7258002
7258003
7258004
7258005
7258007
7258008
7258009
7258011
7258012
7258013
7258014
7258015
7258017
7258018
7258019
7258020
7258023
7258024
7258025
7258026
7258027
7258028
7258029
7258030
7258032
7258033
7258034
7258035
7258037
7258038
7258039
7258041
7258043
7258045
7258046
7258048
7258049
7258050
7258051
7258052
7258053
7258054
7258055
7258056
7258057
7258058
7258059
7258060
7258061
7258062
7258063
7258064
7258065
7258067
7258068
7258069
7258070
7258072
7258073
7258074
7258075
7258076
7258077
7258078
7258079
7258080
7258082
7258083
7258084
7258085
7258087
7258088
7258089
7258090
7258092
7258093
7258094
7258095
7258097
7258098
7258099
7258100
7258102
7258103
7258104
7258105
7258108
7258109
7258111
7258112
7258113
7258114
7258115
7258116
7258117
7258118
7258119
7258120
7258122
7258123
7258124
7258125
7258126
7258127
7258129
7258130
7258131
7258132
7258133
7258134
7258135
7258136
7258137
7258139
7258140
7258141
7258142
7258143
7258144
7258146
7258147
7258148
7258149
7258150
7258151
7258153
7258154
7258156
7258157
7258158
7258159
7258161
7258163
7258164
7258165
7258166
7258167
7258168
7258169
7258170
7258171
7258173
7258174
7258175
7258176
7258178
7258179
7258180
7258181
7258183
7258184
7258185
7258186
7258188
7258189
7258190
7258191
7258193
7258194
7258195
7258196
7258198
7258199
7258200
7258201
7258203
7258204
7258205
7258206
7258208
7258209
7258210
7258211
7258213
7258214
7258215
7258216
7258218
7258219
7258220
7258221
7258222
7258224
7258225
7258226
7258227
7258228
7258229
7258230
7258231
7258233
7258234
7258235
7258236
7258238
7258239
7258240
7258241
7258243
7258244
7258245
7258246
7258247
7258248
7258249
7258250
7258251
7258253
7258254
7258255
7258256
7258258
7258259
7258260
7258261
7258262
7258263
7258264
7258265
7258266
7258267
7258268
7258271
7258272
7258273
7258274
7258275
7258276
7258277
7258278
7258279
7258280
7258281
7258282
7258283
7258284
7258285
7258286
7258287
7258288
7258289
7258290
7258291
7258292
7258293
7258294
7258295
7258296
7258297
7258299
7258300
7258301
7258302
7258304
7258305
7258306
7258307
7258309
7258310
7258311
7258312
7258314
7258315
7258316
7258317
7258319
7258320
7258321
7258322
7258324
7258325
7258326
7258327
7258329
7258330
7258331
7258332
7258334
7258335
7258336
7258337
7258339
7258340
7258341
7258342
7258344
7258346
7258347
7258348
7258349
7258350
7258351
7258353
7258354
7258355
7258356
7258357
7258358
7258359
7258360
7258361
7258362
7258363
7258364
7258365
7258366
7258367
7258370
7258371
7258372
7258373
7258374
7258375
7258376
7258377
7258379
7258380
7258381
7258382
7258385
7258386
7258387
7258388
7258389
7258390
7258391
7258392
7258394
7258395
7258397
7258398
7258399
7258400
7258401
7258402
7258403
7258404
7258405
7258406
7258407
7258409
7258410
7258411
7258412
7258414
7258415
7258416
7258417
7258419
7258420
7258421
7258422
7258424
7258425
7258426
7258427
7258430
7258431
7258432
7258433
7258434
7258435
7258436
7258437
7258439
7258441
7258442
7258443
7258445
7258446
7258447
7258448
7258449
7258450
7258451
7258452
7258454
7258455
7258456
7258457
7258458
7258459
7258460
7258461
7258462
7258463
7258465
7258466
7258467
7258468
7258470
7258471
7258472
7258473
7258476
7258477
7258478
7258479
7258480
7258481
7258482
7258483
7258486
7258488
7258489
7258491
7258492
7258493
7258494
7258495
7258496
7258497
7258498
7258499
7258500
7258501
7258503
7258504
7258505
7258506
7258507
7258508
7258509
7258510
7258511
7258512
7258513
7258515
7258516
7258517
7258518
7258520
7258521
7258522
7258523
7258525
7258526
7258527
7258528
7258529
7258530
7258531
7258532
7258533
7258534
7258536
7258537
7258538
7258539
7258540
7258541
7258542
7258543
7258544
7258545
7258546
7258547
7258548
7258550
7258551
7258552
7258553
7258554
7258555
7258556
7258557
7258558
7258560
7258561
7258562
7258563
7258565
7258566
7258568
7258569
7258571
7258573
7258574
7258575
7258576
7258577
7258578
7258580
7258581
7258582
7258583
7258584
7258585
7258586
7258587
7258589
7258590
7258591
7258592
7258593
7258594
7258595
7258596
7258597
7258598
7258600
7258601
7258602
7258603
7258605
7258606
7258607
7258608
7258609
7258610
7258611
7258612
7258613
7258615
7258616
7258617
7258618
7258619
7258621
7258622
7258623
7258624
7258626
7258627
7258628
7258629
7258631
7258632
7258633
7258634
7258635
7258636
7258637
7258638
7258639
7258641
7258642
7258643
7258644
7258646
7258647
7258648
7258649
7258651
7258652
7258653
7258654
7258657
7258658
7258661
7258662
7258663
7258664
7258665
7258666
7258667
7258668
7258669
7258670
7258671
7258672
7258673
7258674
7258675
7258676
7258677
7258678
7258679
7258681
7258682
7258683
7258684
7258685
7258686
7258687
7258688
7258689
7258691
7258693
7258694
7258697
7258699
7258700
7258701
7258702
7258703
7258704
7258705
7258706
7258707
7258708
7258709
7258710
7258711
7258712
7258713
7258714
7258716
7258717
7258718
7258719
7258721
7258722
7258723
7258724
7258726
7258727
7258728
7258729
7258731
7258732
7258734
7258735
7258736
7258737
7258738
7258739
7258742
7258743
7258744
7258745
7258746
7258747
7258748
7258749
7258751
7258752
7258750
7258754
7258756
7258757
7258758
7258759
7258762
7258763
7258764
7258765
7258766
7258767
7258769
7258753
7258771
7258772
7258773
7258774
7258776
7258777
7258778
7258755
7258780
7258782
7258783
7258784
7258785
7258786
7258787
7258788
7258789
7258791
7258792
7258793
7258794
7258795
7258797
7258798
7258799
7258801
7258804
7258806
7258760
7258807
7258808
7258809
7258811
7258812
7258814
7258815
7258816
7258817
7258819
7258820
7258821
7258822
7258823
7258824
7258825
7258826
7258827
7258829
7258830
7258831
7258832
7258833
7258835
7258836
7258837
7258368
7258838
7258840
7258841
7258842
7258843
7258844
7258343
7258847
7258848
7258849
7258850
7258852
7258853
7258770
7258856
7258857
7258858
7258859
7258860
7258862
7258863
7258864
7258865
7258867
7258868
7258870
7258871
7258872
7258873
7258874
7258875
7258877
7258878
7258775
7258880
7258781
7258796
7258378
7258383
7258846
7258851
7258854
7258861
7258866
7258876
7258879
7258881
7258393
7258418
7258423
7258428
7258438
7258453
7258464
7258469
7258474
7258484
7258514
7258519
7258524
7258549
7258559
7258564
7258599
7258604
7258614
7258625
7258630
7258640
7258645
7258650
7258655
7258680
7258690
7258413
7258720
7258725
7258730
7258740