6743967
6743968
6743969
6743970
6743971
6743972
6743973
6743974
6743975
6743976
6743977
6743978
6743980
6743981
6743982
6743983
6743984
6743985
6743986
6743987
6743988
6743989
6743990
6743991
6743992
6743993
6743994
6743995
6743998
6743999
6744000
6744001
6744002
6744003
6744004
6744005
6744006
6744007
6744008
6744009
6744010
6744011
6744012
6744013
6744015
6744019
6744021
6744022
6744023
6744024
6744025
6744026
6744027
6744028
6744029
6744030
6744031
6744032
6744033
6744034
6744035
6744037
6744038
6744039
6744040
6744041
6744043
6744044
6744045
6744046
6744047
6744048
6744049
6744050
6744051
6744052
6744053
6744054
6744055
6744056
6744057
6744058
6744059
6744060
6744061
6744062
6744063
6744064
6744065
6744066
6744068
6744069
6744070
6744071
6744072
6744073
6744074
6744075
6744076
6744077
6744078
6744080
6744082
6744083
6744085
6744087
6744088
6744089
6744090
6744091
6744092
6744094
6744095
6744097
6744098
6744099
6744100
6744101
6744102
6744103
6744104
6744105
6744106
6744108
6744109
6744110
6744111
6744112
6744113
6744114
6744115
6744116
6744117
6744118
6744122
6744124
6744128
6744129
6744131
6744132
6744133
6744134
6744135
6744136
6744137
6744138
6744139
6744140
6744141
6744142
6744143
6744144
6744145
6744146
6744147
6744148
6744149
6744150
6744151
6744152
6744153
6744154
6744155
6744156
6744157
6744158
6744159
6744160
6744161
6744162
6744163
6744164
6744165
6744166
6744167
6744168
6744169
6744170
6744171
6744172
6744173
6744174
6744175
6744177
6744178
6744179
6744180
6744181
6744182
6744183
6744184
6744185
6744186
6744187
6744188
6744189
6744190
6744191
6744192
6744193
6744194
6744195
6744196
6744197
6744198
6744199
6744200
6744201
6744202
6744203
6744204
6744205
6744206
6744207
6744208
6744209
6744210
6744211
6744212
6744213
6744214
6744215
6744216
6744217
6744218
6744219
6744220
6744221
6744222
6744223
6744224
6744225
6744226
6744227
6744228
6744229
6744230
6744231
6744232
6744234
6744235
6744236
6744237
6744238
6744239
6744240
6744241
6744242
6744243
6744244
6744245
6744246
6744247
6744248
6744249
6744250
6744251
6744252
6744253
6744255
6744256
6744257
6744258
6744259
6744260
6744261
6744262
6744263
6744264
6744265
6744266
6744267
6744268
6744269
6744270
6744271
6744272
6744273
6744274
6744275
6744276
6744277
6744278
6744279
6744280
6744281
6744282
6744283
6744284
6744285
6744287
6744288
6744289
6744290
6744291
6744292
6744293
6744294
6744295
6744296
6744297
6744298
6744299
6744300
6744301
6744302
6744303
6744304
6744305
6744306
6744307
6744308
6744309
6744310
6744311
6744312
6744313
6744314
6744315
6744316
6744317
6744318
6744319
6744321
6744322
6744323
6744324
6744325
6744326
6744327
6744328
6744329
6744330
6744331
6744332
6744333
6744334
6744335
6744336
6744337
6744338
6744339
6744340
6744341
6744342
6744343
6744345
6744346
6744347
6744348
6744349
6744350
6744351
6744352
6744353
6744354
6744355
6744356
6744357
6744358
6744359
6744360
6744361
6744362
6744364
6744365
6744366
6744367
6744368
6744369
6744370
6744371
6744372
6744373
6744374
6744375
6744376
6744377
6744378
6744379
6744380
6744381
6744382
6744383
6744384
6744385
6744386
6744387
6744388
6744389
6744390
6744391
6744392
6744393
6744394
6744395
6744396
6744398
6744399
6744400
6744401
6744402
6744404
6744405
6744406
6744407
6744408
6744409
6744410
6744411
6744412
6744413
6744414
6744415
6744416
6744417
6744418
6744419
6744420
6744421
6744422
6744423
6744424
6744425
6744426
6744427
6744428
6744429
6744430
6744432
6744433
6744434
6744435
6744437
6744438
6744439
6744440
6744441
6744442
6744443
6744444
6744445
6744446
6744447
6744449
6744450
6744451
6744452
6744453
6744454
6744455
6744456
6744457
6744458
6744459
6744461
6744462
6744464
6744465
6744466
6744467
6744468
6744469
6744470
6744471
6744472
6744473
6744474
6744475
6744476
6744477
6744478
6744479
6744480
6744481
6744482
6744483
6744484
6744485
6744486
6744487
6744489
6744490
6744491
6744492
6744493
6744494
6744495
6744496
6744497
6744498
6744499
6744500
6744501
6744502
6744505
6744506
6744507
6744508
6744509
6744510
6744511
6744512
6744513
6744514
6744515
6744516
6744517
6744518
6744519
6744520
6744521
6744522
6744523
6744525
6744526
6744527
6744529
6744530
6744531
6744532
6744533
6744534
6744535
6744536
6744537
6744538
6744539
6744541
6744542
6744544
6744545
6744546
6744547
6744548
6744549
6744550
6744551
6744552
6744553
6744554
6744556
6744557
6744558
6744559
6744560
6744561
6744562
6744563
6744564
6744565
6744566
6744567
6744568
6744569
6744570
6744571
6744572
6744573
6744574
6744576
6744577
6744578
6744579
6744580
6744581
6744582
6744583
6744584
6744585
6744586
6744587
6744588
6744589
6744590
6744591
6744593
6744594
6744595
6744596
6744597
6744598
6744599
6744600
6744601
6744602
6744603
6744604
6744605
6744608
6744610
6744611
6744612
6744613
6744614
6744615
6744616
6744617
6744618
6744619
6744620
6744621
6744622
6744623
6744625
6744626
6744627
6744628
6744629
6744630
6744631
6744632
6744633
6744634
6744635
6744636
6744637
6744638
6744639
6744640
6744641
6744642
6744643
6744644
6744645
6744646
6744647
6744648
6744649
6744650
6744651
6744652
6744653
6744654
6744655
6744656
6744657
6744658
6744659
6744660
6744661
6744662
6744663
6744664
6744665
6744666
6744667
6744668
6744669
6744670
6744671
6744672
6744673
6744674
6744675
6744676
6744677
6744678
6744679
6744680
6744681
6744682
6744683
6744684
6744685
6744686
6744687
6744688
6744689
6744690
6744691
6744692
6744693
6744694
6744697
6744698
6744699
6744700
6744702
6744703
6744704
6744705
6744706
6744707
6744708
6744709
6744710
6744711
6744712
6744713
6744714
6744715
6744716
6744717
6744718
6744719
6744720
6744721
6744722
6744723
6744724
6744725
6744726
6744727
6744728
6744729
6744730
6744731
6744732
6744733
6744734
6744735
6744736
6744737
6744738
6744739
6744740
6744741
6744742
6744743
6744744
6744745
6744746
6744747
6744748
6744749
6744750
6744751
6744753
6744754
6744755
6744756
6744758
6744759
6744760
6744761
6744762
6744763
6744764
6744765
6744766
6744767
6744768
6744769
6744770
6744771
6744772
6744773
6744774
6744775
6744776
6744777
6744778
6744779
6744780
6744781
6744782
6744783
6744784
6744785
6744786
6744787
6744788
6744790
6744791
6744792
6744793
6744794
6744795
6744796
6744797
6744798
6744799
6744800
6744801
6744802
6744803
6744804
6744805
6744806
6744807
6744808
6744809
6744810
6744811
6744812
6744813
6744814
6744815
6744816
6744819
6744820
6744821
6744822
6744823
6744824
6744825
6744826
6744827
6744828
6744829
6744830
6744831
6744832
6744833
6744835
6744836
6744837
6744838
6744839
6744840
6744841
6744842
6744843
6744844
6744845
6744846
6744847
6744848
6744849
6744850
6744851
6744852
6744853
6744854
6744855
6744856
6744857
6744858
6744859
6744860
6744861
6744862
6744863
6744864
6744865
6744866
6744867
6744868
6744869
6744870
6744871
6744872
6744873
6744874
6744875
6744876
6744877
6744878
6744879
6744880
6744881
6744882
6744883
6744884
6744885
6744886
6744887
6744888
6744889
6744890
6744891
6744892
6744893
6744894
6744895
6744896
6744897
6744898
6744899
6744900
6744901
6744902
6744905
6744906
6744907
6744908
6744909
6744911
6744912
6744914
6744915
6744916
6744917
6744918
6744919
6744920
6744921
6744922
6744923
6744924
6744925
6744926
6744927
6744928
6744929
6744930
6744931
6744932
6744933
6744934
6744935
6744936
6744937
6744938
6744940
6744941
6744942
6744943
6744944
6744945
6744946
6744947
6744948
6744949
6744950
6744951
6744952
6744953
6744954
6744955
6744957
6744958
6744959
6744960
6744961
6744962
6744963
6744964
6744965
6744966
6744967
6744968
6744969
6744970
6744971
6744972
6744973
6744974
6744975
6744976
6744977
6744978
6744979
6744980
6744981
6744982
6744983
6744984
6744985
6744986
6744987
6744988
6744989
6744990
6744991
6744992
6744993
6744994
6744995
6744996
6744997
6744998
6744999
6745000
6745001
6745002
6745003
6745004
6745005
6745006
6745008
6745009
6745010
6745012
6745013
6745014
6745015
6745016
6745017
6745018
6745019
6745020
6745021
6745023
6745024
6745025
6745026
6745027
6745028
6745029
6745030
6745031
6745032
6745033
6745034
6745035
6745036
6745037
6745038
6745039
6745040
6745041
6745042
6745043
6745044
6745045
6745046
6745047
6745048
6745049
6745050
6745051
6745052
6745053
6745054
6745055
6745056
6745057
6745058
6745059
6745060
6745061
6745062
6745063
6745064
6745065
6745066
6745067
6745068
6745070
6745071
6745072
6745073
6745074
6745075
6745076
6745077
6745078
6745079
6745080
6745081
6745082
6745083
6745084
6745085
6745086
6745087
6745088
6745089
6745090
6745091
6745092
6745093
6745094
6745095
6745096
6745097
6745098
6745099
6745100
6745101
6745102
6745103
6745104
6745105
6745106
6745107
6745108
6745109
6745110
6745111
6745112
6745113
6745114
6745115
6745116
6745117
6745118
6745119
6745120
6745122
6745123
6745124
6745126
6745127
6745128
6745129
6745130
6745131
6745132
6745133
6745134
6745135
6745139
6745142
6745143
6745144
6745145
6745148
6745149
6745150
6745151
6745152
6745155
6745156
6745157
6745159
6745160
6745161
6745162
6745164
6745165
6745166
6745167
6745168
6745169
6745170
6745171
6745172
6745173
6745174
6745176
6745177
6745178
6745179
6745180
6745182
6745183
6745185
6745186
6745187
6745188
6745189
6745190
6745191
6745192
6745193
6745194
6745195
6745196
6745197
6745198
6745199
6745200
6745201
6745202
6745203
6745204
6745205
6745206
6745207
6745208
6745209
6745211
6745212
6745213
6745214
6745215
6745216
6745217
6745218
6745220
6745221
6745222
6745223
6745224
6745225
6745226
6745227
6745228
6745229
6745230
6745231
6745232
6745233
6745234
6745235
6745236
6745237
6745238
6745239
6745240
6745241
6745242
6745243
6745244
6745245
6745246
6745247
6745248
6745249
6745250
6745252
6745253
6745255
6745258
6745259
6745260
6745261
6745262
6745264
6745265
6745266
6745268
6745269
6745270
6745272
6745273
6745276
6745277
6745279
6745280
6745281
6745282
6745283
6745284
6745285
6745287
6745288
6745289
6745290
6745291
6745292
6745294
6745295
6745296
6745297
6745298
6745299
6745300
6745301
6745302
6745303
6745304
6745305
6745306
6745307
6745308
6745309
6745310
6745311
6745312
6745313
6745314
6745315
6745316
6745317
6745318
6745319
6745320
6745321
6745322
6745324
6745325
6745326
6745327
6745328
6745330
6745331
6745332
6745333
6745334
6745335
6745336
6745337
6745338
6745339
6745340
6745341
6745342
6745344
6745345
6745346
6745347
6745348
6745349
6745350
6745351
6745352
6745353
6745354
6745355
6745356
6745357
6745358
6745359
6745360
6745361
6745362
6745363
6745364
6745365
6745366
6745367
6745368
6745369
6745370
6745371
6745372
6745373
6745374
6745375
6745376
6745377
6745378
6745379
6745380
6745381
6745382
6745383
6745384
6745385
6745386
6745387
6745388
6745389
6745390
6745391
6745392
6745394
6745395
6745396
6745397
6745398
6745399
6745400
6745401
6745402
6745404
6745405
6745408
6745409
6745410
6745411
6745412
6745413
6745414
6745415
6745416
6745417
6745418
6745419
6745420
6745421
6745422
6745423
6745424
6745425
6745426
6745427
6745428
6745429
6745430
6745431
6745432
6745433
6745434
6745435
6745436
6745437
6745438
6745439
6745440
6745442
6745443
6745444
6745445
6745446
6745447
6745448
6745450
6745451
6745452
6745453
6745454
6745456
6745457
6745458
6745459
6745460
6745461
6745463
6745464
6745465
6745467
6745468
6745469
6745470
6745471
6745472
6745473
6745474
6745475
6745476
6745477
6745478
6745480
6745481
6745482
6745483
6745484
6745485
6745486
6745487
6745488
6745489
6745490
6745491
6745492
6745493
6745494
6745495
6745496
6745497
6745498
6745499
6745500
6745501
6745502
6745503
6745504
6745505
6745506
6745507
6745508
6745509
6745510
6745511
6745512
6745513
6745514
6745515
6745516
6745517
6745518
6745519
6745520
6745521
6745522
6745523
6745524
6745525
6745526
6745527
6745528
6745529
6745530
6745531
6745532
6745533
6745534
6745535
6745536
6745537
6745538
6745539
6745540
6745541
6745542
6745543
6745544
6745545
6745546
6745547
6745548
6745549
6745550
6745551
6745552
6745553
6745554
6745555
6745556
6745558
6745559
6745560
6745561
6745562
6745563
6745564
6745565
6745566
6745568
6745569
6745570
6745571
6745572
6745573
6745574
6745575
6745576
6745577
6745578
6745579
6745580
6745581
6745582
6745584
6745585
6745587
6745588
6745589
6745590
6745591
6745593
6745594
6745595
6745596
6745599
6745600
6745601
6745602
6745604
6745605
6745606
6745607
6745608
6745609
6745610
6745611
6745612
6745613
6745614
6745615
6745617
6745618
6745619
6745620
6745621
6745622
6745623
6745624
6745625
6745626
6745627
6745628
6745629
6745630
6745631
6745632
6745633
6745634
6745635
6745636
6745637
6745638
6745639
6745640
6745643
6745644
6745645
6745647
6745648
6745649
6745650
6745651
6745652
6745653
6745654
6745657
6745658
6745659
6745660
6745661
6745663
6745664
6745665
6745666
6745667
6745668
6745669
6745670
6745671
6745672
6745673
6745674
6745675
6745676
6745677
6745678
6745679
6745680
6745681
6745682
6745683
6745684
6745685
6745686
6745687
6745688
6745689
6745690
6745691
6745692
6745693
6745694
6745695
6745696
6745697
6745699
6745701
6745702
6745703
6745704
6745705
6745706
6745707
6745708
6745709
6745710
6745711
6745712
6745713
6745714
6745715
6745716
6745717
6745718
6745719
6745720
6745721
6745722
6745723
6745724
6745725
6745726
6745727
6745728
6745729
6745730
6745731
6745732
6745733
6745734
6745735
6745736
6745737
6745738
6745739
6745740
6745742
6745743
6745744
6745745
6745746
6745747
6745748
6745749
6745750
6745751
6745752
6745753
6745754
6745756
6745757
6745758
6745759
6745760
6745761
6745762
6745763
6745764
6745765
6745766
6745767
6745768
6745769
6745770
6745771
6745773
6745774
6745775
6745776
6745777
6745778
6745779
6745781
6745782
6745783
6745784
6745785
6745786
6745787
6745788
6745790
6745791
6745793
6745794
6745795
6745796
6745797
6745798
6745799
6745801
6745802
6745803
6745804
6745806
6745807
6745808
6745809
6745810
6745811
6745812
6745813
6745814
6745815
6745816
6745817
6745818
6745819
6745820
6745821
6745822
6745823
6745824
6745825
6745826
6745827
6745828
6745829
6745830
6745831
6745832
6745833
6745834
6745835
6745836
6745837
6745838
6745839
6745840
6745841
6745842
6745843
6745844
6745845
6745846
6745847
6745848
6745849
6745850
6745851
6745852
6745853
6745854
6745855
6745857
6745858
6745859
6745860
6745861
6745863
6745864
6745865
6745866
6745867
6745868
6745869
6745870
6745871
6745872
6745873
6745874
6745875
6745876
6745877
6745878
6745879
6745880
6745881
6745882
6745883
6745884
6745885
6745886
6745887
6745889
6745890
6745891
6745892
6745893
6745894
6745895
6745896
6745897
6745899
6745900
6745901
6745902
6745903
6745904
6745905
6745906
6745907
6745908
6745909
6745910
6745911
6745912
6745913
6745914
6745915
6745916
6745917
6745918
6745919
6745921
6745922
6745923
6745924
6745925
6745926
6745927
6745928
6745929
6745930
6745931
6745932
6745933
6745934
6745935
6745936
6745937
6745938
6745939
6745940
6745941
6745942
6745943
6745944
6745945
6745946
6745947
6745949
6745950
6745951
6745952
6745953
6745954
6745955
6745956
6745957
6745958
6745959
6745960
6745961
6745962
6745963
6745964
6745965
6745966
6745967
6745968
6745969
6745970
6745971
6745973
6745975
6745976
6745977
6745978
6745979
6745980
6745981
6745982
6745983
6745984
6745985
6745986
6745987
6745988
6745990
6745991
6745992
6745993
6745994
6745995
6745996
6745997
6745998
6745999
6746000
6746001
6746002
6746003
6746004
6746005
6746006
6746007
6746008
6746009
6746010
6746011
6746012
6746013
6746014
6746015
6746017
6746018
6746019
6746020
6746021
6746022
6746023
6746024
6746026
6746027
6746029
6746030
6746031
6746033
6746034
6746036
6746037
6746038
6746039
6746040
6746041
6746042
6746044
6746045
6746046
6746047
6746048
6746049
6746050
6746051
6746052
6746053
6746054
6746055
6746056
6746057
6746058
6746059
6746061
6746062
6746064
6746065
6746066
6746067
6746068
6746069
6746070
6746071
6746073
6746074
6746075
6746076
6746078
6746079
6746082
6746083
6746084
6746085
6746086
6746088
6746089
6746090
6746091
6746092
6746093
6746094
6746095
6746096
6746097
6746098
6746099
6746100
6746103
6746104
6746105
6746106
6746107
6746110
6746111
6746112
6746113
6746114
6746115
6746116
6746117
6746118
6746119
6746120
6746121
6746122
6746123
6746124
6746125
6746126
6746127
6746128
6746129
6746130
6746132
6746133
6746134
6746136
6746138
6746140
6746141
6746142
6746143
6746144
6746145
6746146
6746147
6746148
6746149
6746151
6746154
6746156
6746157
6746158
6746159
6746160
6746161
6746162
6746163
6746164
6746165
6746166
6746167
6746169
6746170
6746172
6746173
6746174
6746175
6746176
6746177
6746178
6746179
6746180
6746181
6746182
6746183
6746185
6746186
6746188
6746189
6746190
6746191
6746192
6746193
6746194
6746195
6746196
6746197
6746198
6746199
6746200
6746201
6746202
6746203
6746204
6746205
6746206
6746207
6746208
6746209
6746210
6746211
6746212
6746213
6746214
6746215
6746216
6746217
6746219
6746220
6746221
6746222
6746224
6746225
6746226
6746227
6746228
6746229
6746230
6746231
6746232
6746233
6746234
6746235
6746236
6746237
6746238
6746240
6746241
6746242
6746243
6746244
6746245
6746246
6746247
6746249
6746250
6746251
6746253
6746254
6746255
6746257
6746258
6746259
6746260
6746261
6746262
6746263
6746266
6746267
6746268
6746269
6746270
6746271
6746272
6746273
6746274
6746275
6746276
6746277
6746278
6746279
6746280
6746281
6746282
6746283
6746284
6746285
6746286
6746287
6746288
6746289
6746290
6746291
6746292
6746293
6746294
6746295
6746296
6746297
6746298
6746299
6746300
6746301
6746302
6746304
6746305
6746306
6746308
6746309
6746310
6746312
6746313
6746314
6746315
6746316
6746317
6746319
6746320
6746321
6746322
6746323
6746324
6746325
6746326
6746327
6746328
6746330
6746331
6746332
6746333
6746334
6746335
6746336
6746337
6746338
6746339
6746340
6746341
6746342
6746343
6746344
6746345
6746346
6746347
6746348
6746350
6746351
6746352
6746353
6746354
6746355
6746356
6746358
6746359
6746360
6746361
6746364
6746365
6746366
6746367
6746368
6746369
6746370
6746371
6746372
6746373
6746374
6746376
6746377
6746378
6746379
6746380
6746381
6746382
6746384
6746385
6746386
6746387
6746388
6746389
6746390
6746391
6746392
6746393
6746394
6746396
6746397
6746398
6746399
6746400
6746401
6746402
6746403
6746405
6746406
6746407
6746408
6746409
6746410
6746412
6746413
6746414
6746415
6746416
6746417
6746418
6746420
6746421
6746422
6746423
6746425
6746427
6746428
6746430
6746431
6746432
6746433
6746434
6746435
6746436
6746437
6746438
6746439
6746440
6746441
6746442
6746443
6746444
6746445
6746446
6746447
6746448
6746449
6746450
6746451
6746452
6746453
6746455
6746456
6746457
6746458
6746459
6746460
6746461
6746462
6746463
6746464
6746465
6746466
6746467
6746468
6746469
6746470
6746471
6746472
6746474
6746475
6746476
6746477
6746478
6746479
6746480
6746481
6746482
6746483
6746484
6746485
6746486
6746487
6746488
6746489
6746490
6746491
6746492
6746493
6746494
6746495
6746496
6746497
6746498
6746499
6746500
6746501
6746502
6746503
6746504
6746505
6746506
6746507
6746508
6746509
6746510
6746511
6746512
6746513
6746514
6746515
6746516
6746517
6746519
6746520
6746521
6746522
6746523
6746524
6746525
6746526
6746527
6746528
6746529
6746530
6746531
6746532
6746534
6746535
6746536
6746537
6746538
6746539
6746540
6746541
6746542
6746543
6746544
6746545
6746546
6746547
6746548
6746549
6746550
6746551
6746552
6746553
6746554
6746555
6746556
6746557
6746558
6746559
6746560
6746561
6746562
6746563
6746564
6746565
6746566
6746568
6746569
6746570
6746571
6746572
6746573
6746575
6746576
6746577
6746578
6746579
6746580
6746581
6746582
6746584
6746585
6746586
6746587
6746588
6746589
6746590
6746591
6746593
6746594
6746595
6746596
6746597
6746598
6746599
6746600
6746602
6746603
6746604
6746605
6746608
6746609
6746611
6746612
6746613
6746614
6746617
6746618
6746619
6746620
6746621
6746622
6746623
6746625
6746626
6746627
6746628
6746629
6746631
6746632
6746634
6746635
6746636
6746638
6746639
6746640
6746641
6746642
6746643
6746645
6746646
6746647
6746648
6746649
6746650
6746651
6746652
6746653
6746654
6746656
6746657
6746658
6746659
6746660
6746661
6746662
6746663
6746664
6746665
6746666
6746667
6746668
6746669
6746670
6746671
6746673
6746674
6746675
6746677
6746678
6746679
6746680
6746681
6746682
6746684
6746686
6746688
6746689
6746690
6746691
6746692
6746693
6746694
6746695
6746696
6746697
6746698
6746699
6746700
6746701
6746702
6746703
6746704
6746705
6746706
6746707
6746708
6746709
6746710
6746711
6746713
6746714
6746715
6746717
6746718
6746720
6746722
6746723
6746724
6746725
6746726
6746727
6746728
6746729
6746730
6746731
6746732
6746733
6746734
6746735
6746736
6746737
6746738
6746739
6746740
6746741
6746742
6746743
6746744
6746745
6746746
6746747
6746748
6746749
6746750
6746751
6746752
6746753
6746754
6746755
6746756
6746757
6746758
6746759
6746760
6746761
6746762
6746763
6746764
6746765
6746766
6746767
6746768
6746770
6746771
6746772
6746773
6746774
6746775
6746776
6746777
6746778
6746779
6746780
6746781
6746783
6746784
6746785
6746787
6746788
6746789
6746790
6746791
6746792
6746793
6746794
6746795
6746796
6746797
6746798
6746799
6746800
6746801
6746802
6746803
6746804
6746805
6746806
6746807
6746808
6746809
6746810
6746811
6746812
6746813
6746814
6746815
6746816
6746817
6746818
6746819
6746820
6746821
6746822
6746823
6746824
6746825
6746826
6746827
6746828
6746829
6746830
6746831
6746832
6746833
6746834
6746835
6746836
6746837
6746838
6746839
6746840
6746841
6746843
6746844
6746845
6746846
6746847
6746848
6746849
6746850
6746851
6746852
6746854
6746855
6746856
6746857
6746858
6746859
6746860
6746861
6746863
6746864
6746867
6746868
6746869
6746870
6746871
6746872
6746873
6746874
6746875
6746876
6746877
6746879
6746880
6746881
6746882
6746883
6746884
6746885
6746886
6746887
6746888
6746889
6746890
6746891
6746892
6746893
6746894
6746895
6746896
6746897
6746898
6746900
6746901
6746903
6746904
6746905
6746906
6746907
6746908
6746909
6746910
6746911
6746912
6746913
6746914
6746916
6746917
6746918
6746919
6746920
6746921
6746922
6746923
6746924
6746925
6746926
6746927
6746928
6746929
6746930
6746931
6746932
6746933
6746934
6746935
6746936
6746937
6746940
6746941
6746942
6746943
6746944
6746945
6746946
6746947
6746948
6746949
6746950
6746951
6746952
6746953
6746954
6746955
6746956
6746957
6746958
6746959
6746960
6746961
6746962
6746963
6746964
6746965
6746966
6746967
6746968
6746969
6746970
6746971
6746972
6746973
6746974
6746975
6746977
6746978
6746979
6746980
6746981
6746982
6746983
6746984
6746985
6746986
6746987
6746988
6746989
6746990
6746991
6746992
6746993
6746994
6746995
6746996
6746997
6746998
6746999
6747000
6747001
6747002
6747003
6747004
6747005
6747006
6747007
6747008
6747009
6747010
6747011
6747012
6747013
6747014
6747015
6747016
6747017
6747018
6747019
6747021
6747022
6747023
6747024
6747025
6747026
6747027
6747028
6747029
6747031
6747032
6747033
6747034
6747035
6747036
6747037
6747038
6747039
6747040
6747041
6747042
6747044
6747045
6747047
6747048
6747050
6747052
6747053
6747055
6747056
6747057
6747058
6747059
6747060
6747061
6747062
6747063
6747064
6747065
6747066
6747067
6747068
6747069
6747071
6747073
6747074
6747075
6747076
6747077
6747078
6747079
6747080
6747081
6747082
6747084
6747085
6747086
6747087
6747088
6747089
6747090
6747091
6747092
6747093
6747094
6747095
6747096
6747097
6747098
6747099
6747100
6747101
6747102
6747103
6747104
6747105
6747106
6747107
6747108
6747109
6747110
6747111
6747112
6747113
6747114
6747115
6747116
6747117
6747118
6747119
6747120
6747122
6747123
6747124
6747126
6747129
6747130
6747131
6747132
6747133
6747134
6747135
6747136
6747137
6747138
6747139
6747140
6747141
6747142
6747143
6747144
6747145
6747146
6747147
6747149
6747150
6747151
6747152
6747153
6747154
6747155
6747156
6747157
6747158
6747159
6747160
6747161
6747162
6747163
6747164
6747166
6747167
6747168
6747169
6747170
6747171
6747172
6747173
6747174
6747175
6747176
6747177
6747178
6747179
6747180
6747181
6747182
6747183
6747184
6747185
6747186
6747187
6747188
6747189
6747190
6747191
6747193
6747194
6747195
6747196
6747197
6747198
6747199
6747200
6747201
6747202
6747203
6747204
6747205
6747206
6747207
6747208
6747209
6747210
6747211
6747212
6747213
6747214
6747215
6747216
6747217
6747219
6747220
6747221
6747222
6747223
6747224
6747225
6747226
6747227
6747228
6747230
6747231
6747232
6747234
6747235
6747236
6747237
6747238
6747240
6747241
6747242
6747243
6747244
6747245
6747246
6747247
6747248
6747249
6747250
6747251
6747252
6747253
6747254
6747255
6747256
6747257
6747258
6747259
6747260
6747261
6747262
6747263
6747264
6747265
6747266
6747267
6747268
6747269
6747270
6747271
6747272
6747273
6747274
6747275
6747276
6747277
6747278
6747279
6747280
6747281
6747282
6747283
6747284
6747285
6747286
6747287
6747288
6747289
6747290
6747291
6747292
6747293
6747294
6747295
6747297
6747298
6747299
6747300
6747301
6747302
6747303
6747304
6747305
6747306
6747308
6747309
6747310
6747311
6747312
6747313
6747314
6747315
6747316
6747318
6747319
6747320
6747321
6747322
6747323
6747324
6747325
6747326
6747327
6747328
6747329
6747330
6747331
6747332
6747333
6747334
6747337
6747338
6747339
6747340
6747341
6747342
6747343
6747344
6747345
6747346
6747347
6747348
6747349
6747350
6747351
6747352
6747353
6747354
6747355
6747356
6747357
6747358
6747359
6747360
6747362
6747363
6747364
6747365
6747366
6747367
6747368
6747369
6747370
6747371
6747372
6747373
6747374
6747375
6747376
6747378
6747379
6747380
6747381
6747382
6747384
6747385
6747386
6747387
6747388
6747389
6747390
6747391
6747392
6747393
6747394
6747395
6747396
6747397
6747398
6747399
6747400
6747401
6747402
6747403
6747404
6747405
6747406
6747407
6747408
6747409
6747410
6747411
6747412
6747413
6747414
6747415
6747416
6747417
6747418
6747419
6747420
6747421
6747422
6747423
6747425
6747426
6747427
6747428
6747429
6747431
6747432
6747433
6747434
6747435
6747436
6747438
6747439
6747441
6747442
6747443
6747444
6747445
6747446
6747447
6747448
6747450
6747451
6747452
6747453
6747454
6747455
6747456
6747458
6747459
6747461
6747462
6747463
6747464
6747466
6747467
6747468
6747469
6747470
6747471
6747472
6747473
6747475
6747476
6747477
6747478
6747479
6747480
6747481
6747484
6747485
6747486
6747487
6747488
6747489
6747490
6747491
6747492
6747493
6747494
6747495
6747496
6747497
6747498
6747499
6747500
6747501
6747503
6747504
6747505
6747506
6747508
6747509
6747510
6747511
6747512
6747513
6747514
6747515
6747516
6747517
6747518
6747519
6747520
6747521
6747522
6747523
6747524
6747525
6747527
6747529
6747530
6747531
6747532
6747533
6747534
6747535
6747536
6747537
6747538
6747539
6747540
6747541
6747542
6747543
6747544
6747545
6747546
6747547
6747548
6747549
6747550
6747551
6747552
6747553
6747554
6747555
6747556
6747557
6747558
6747559
6747560
6747561
6747562
6747563
6747564
6747565
6747567
6747568
6747569
6747570
6747571
6747572
6747573
6747574
6747575
6747576
6747577
6747578
6747579
6747580
6747581
6747582
6747583
6747584
6747585
6747586
6747587
6747588
6747589
6747590
6747591
6747592
6747593
6747594
6747595
6747596
6747597
6747598
6747599
6747600
6747601
6747602
6747603
6747604
6747605
6747606
6747607
6747608
6747609
6747610
6747611
6747612
6747613
6747614
6747615
6747616
6747617
6747618
6747619
6747620
6747623
6747624
6747625
6747626
6747627
6747630
6747631
6747632
6747633
6747634
6747635
6747636
6747637
6747638
6747639
6747640
6747642
6747643
6747644
6747645
6747646
6747647
6747648
6747649
6747650
6747651
6747652
6747653
6747654
6747655
6747656
6747657
6747658
6747659
6747660
6747661
6747662
6747663
6747664
6747665
6747666
6747667
6747668
6747669
6747670
6747671
6747672
6747674
6747675
6747676
6747677
6747678
6747679
6747680
6747681
6747682
6747683
6747684
6747685
6747686
6747687
6747688
6747689
6747690
6747691
6747692
6747693
6747694
6747695
6747696
6747697
6747698
6747699
6747700
6747701
6747702
6747703
6747704
6747705
6747706
6747707
6747708
6747709
6747710
6747711
6747712
6747713
6747714
6747715
6747716
6747717
6747718
6747719
6747720
6747721
6747722
6747723
6747724
6747725
6747726
6747728
6747729
6747730
6747731
6747732
6747733
6747734
6747735
6747736
6747737
6747738
6747739
6747740
6747741
6747742
6747745
6747746
6747747
6747748
6747749
6747750
6747751
6747753
6747754
6747755
6747756
6747757
6747758
6747759
6747760
6747761
6747762
6747763
6747764
6747765
6747766
6747767
6747768
6747769
6747770
6747771
6747772
6747773
6747774
6747775
6747776
6747777
6747778
6747780
6747781
6747782
6747783
6747784
6747785
6747786
6747787
6747788
6747789
6747790
6747792
6747793
6747794
6747795
6747796
6747797
6747798
6747799
6747800
6747801
6747802
6747803
6747804
6747805
6747806
6747807
6747808
6747809
6747810
6747811
6747812
6747813
6747814
6747815
6747816
6747817
6747818
6747819
6747820
6747821
6747822
6747823
6747824
6747825
6747826
6747827
6747828
6747829
6747830
6747831
6747832
6747833
6747835
6747836
6747837
6747838
6747839
6747842
6747843
6747844
6747846
6747847
6747848
6747849
6747850
6747851
6747852
6747853
6747854
6747855
6747856
6747857
6747858
6747859
6747860
6747861
6747862
6747863
6747864
6747865
6747866
6747867
6747868
6747869
6747871
6747872
6747873
6747874
6747875
6747876
6747877
6747878
6747879
6747880
6747881
6747882
6747883
6747884
6747885
6747886
6747887
6747888
6747889
6747890
6747891
6747892
6747893
6747894
6747897
6747899
6747900
6747901
6747902
6747903
6747904
6747905
6747906
6747907
6747908
6747909
6747910
6747911
6747912
6747913
6747914
6747915
6747916
6747917
6747918
6747919
6747920
6747921
6747922
6747923
6747925
6747926
6747928
6747929
6747930
6747931
6747932
6747933
6747934
6747935
6747936
6747937
6747938
6747939
6747940
6747941
6747942
6747943
6747944
6747945
6747946
6747947
6747948
6747949
6747950
6747951
6747952
6747953
6747954
6747955
6747956
6747957
6747958
6747959
6747960
6747961
6747962
6747963
6747964
6747965
6747966
6747967
6747968
6747969
6747971
6747972
6747973