6924832
6924836
6924837
6924838
6924842
6924844
6924845
6924846
6924866
6925013
6925016
6925017
6923182
6923183
6923184
6923185
6923186
6923187
6923189
6923190
6923191
6923192
6923193
6923194
6923195
6923196
6923197
6923198
6923200
6923201
6923202
6923204
6923205
6923206
6923207
6923208
6923209
6923210
6923211
6923212
6923214
6923215
6923217
6923218
6923219
6923220
6923222
6923223
6923224
6923225
6923227
6923229
6923230
6923231
6923233
6923234
6923235
6923236
6923237
6923238
6923239
6923240
6923241
6923242
6923243
6923244
6923245
6923246
6923247
6923248
6923249
6923250
6923251
6923252
6923253
6923254
6923255
6923256
6923257
6923258
6923259
6923260
6923261
6923263
6923264
6923265
6923266
6923267
6923268
6923269
6923270
6923271
6923272
6923273
6923274
6923275
6923276
6923277
6923279
6923280
6923281
6923282
6923283
6923284
6923285
6923286
6923287
6923288
6923289
6923290
6923291
6923292
6923293
6923294
6923295
6923296
6923297
6923298
6923299
6923300
6923301
6923302
6923303
6923304
6923305
6923306
6923307
6923308
6923309
6923310
6923311
6923312
6923313
6923314
6923315
6923316
6923317
6923318
6923320
6923321
6923322
6923323
6923324
6923325
6923326
6923327
6923328
6923329
6923330
6923331
6923332
6923333
6923334
6923335
6923336
6923337
6923338
6923339
6923341
6923342
6923343
6923344
6923345
6923346
6923347
6923348
6923349
6923350
6923351
6923352
6923353
6923354
6923355
6923356
6923357
6923358
6923359
6923360
6923361
6923364
6923367
6923368
6923370
6923371
6923372
6923373
6923374
6923375
6923376
6923377
6923378
6923380
6923381
6923382
6923383
6923384
6923385
6923386
6923387
6923388
6923390
6923391
6923392
6923393
6923394
6923395
6923396
6923397
6923398
6923399
6923400
6923401
6923402
6923403
6923404
6923405
6923406
6923407
6923408
6923409
6923410
6923412
6923413
6923414
6923415
6923416
6923417
6923418
6923420
6923421
6923422
6923425
6923427
6923428
6923430
6923432
6923433
6923434
6923436
6923437
6923438
6923439
6923440
6923441
6923442
6923443
6923444
6923445
6923447
6923448
6923449
6923450
6923451
6923452
6923453
6923455
6923456
6923457
6923458
6923459
6923460
6923461
6923462
6923464
6923465
6923466
6923468
6923471
6923472
6923473
6923474
6923475
6923477
6923478
6923479
6923480
6923481
6923482
6923483
6923484
6923485
6923486
6923487
6923488
6923489
6923490
6923491
6923492
6923493
6923494
6923495
6923496
6923497
6923498
6923499
6923500
6923501
6923502
6923503
6923504
6923505
6923506
6923507
6923508
6923509
6923510
6923511
6923512
6923513
6923514
6923515
6923516
6923517
6923519
6923520
6923521
6923522
6923523
6923524
6923525
6923526
6923527
6923528
6923529
6923530
6923531
6923532
6923533
6923534
6923535
6923536
6923537
6923538
6923539
6923540
6923541
6923542
6923543
6923544
6923545
6923546
6923547
6923548
6923549
6923550
6923551
6923552
6923553
6923555
6923556
6923557
6923558
6923559
6923560
6923562
6923563
6923564
6923565
6923566
6923567
6923568
6923570
6923571
6923572
6923573
6923574
6923576
6923577
6923578
6923579
6923580
6923581
6923582
6923583
6923584
6923585
6923586
6923587
6923588
6923589
6923591
6923592
6923593
6923594
6923595
6923596
6923597
6923598
6923599
6923601
6923602
6923603
6923604
6923605
6923606
6923607
6923608
6923610
6923611
6923614
6923615
6923616
6923619
6923620
6923621
6923623
6923624
6923625
6923626
6923627
6923628
6923629
6923630
6923631
6923632
6923633
6923634
6923635
6923636
6923637
6923638
6923639
6923640
6923641
6923642
6923643
6923644
6923645
6923646
6923647
6923648
6923649
6923650
6923651
6923652
6923653
6923654
6923655
6923656
6923657
6923658
6923659
6923660
6923661
6923662
6923663
6923664
6923665
6923666
6923667
6923668
6923669
6923670
6923671
6923672
6923673
6923674
6923675
6923676
6923677
6923679
6923680
6923681
6923682
6923684
6923685
6923686
6923687
6923688
6923689
6923690
6923691
6923693
6923694
6923695
6923696
6923697
6923699
6923700
6923702
6923703
6923704
6923705
6923706
6923707
6923708
6923709
6923710
6923711
6923712
6923713
6923714
6923715
6923716
6923717
6923718
6923719
6923720
6923721
6923722
6923723
6923724
6923725
6923726
6923727
6923728
6923729
6923730
6923731
6923732
6923733
6923734
6923735
6923736
6923737
6923738
6923739
6923740
6923741
6923742
6923743
6923744
6923745
6923746
6923747
6923748
6923749
6923750
6923751
6923752
6923753
6923754
6923755
6923756
6923757
6923758
6923759
6923760
6923761
6923762
6923763
6923764
6923765
6923766
6923767
6923768
6923769
6923770
6923771
6923772
6923773
6923774
6923775
6923776
6923777
6923778
6923779
6923780
6923781
6923783
6923784
6923785
6923786
6923787
6923788
6923789
6923790
6923791
6923792
6923793
6923794
6923796
6923797
6923798
6923799
6923800
6923801
6923802
6923803
6923804
6923806
6923807
6923808
6923809
6923810
6923811
6923812
6923813
6923814
6923815
6923816
6923817
6923818
6923819
6923821
6923823
6923824
6923825
6923826
6923827
6923828
6923829
6923830
6923831
6923832
6923833
6923834
6923835
6923836
6923837
6923838
6923839
6923840
6923841
6923842
6923843
6923844
6923845
6923846
6923847
6923848
6923849
6923850
6923851
6923852
6923853
6923854
6923855
6923856
6923857
6923858
6923859
6923860
6923861
6923862
6923863
6923864
6923865
6923867
6923868
6923869
6923870
6923871
6923873
6923874
6923876
6923878
6923880
6923881
6923882
6923884
6923886
6923887
6923890
6923891
6923892
6923893
6923894
6923895
6923897
6923898
6923899
6923900
6923901
6923902
6923903
6923904
6923905
6923906
6923907
6923908
6923909
6923910
6923911
6923912
6923913
6923914
6923915
6923916
6923917
6923919
6923920
6923921
6923922
6923923
6923924
6923925
6923926
6923927
6923928
6923929
6923930
6923932
6923934
6923935
6923936
6923937
6923938
6923939
6923940
6923941
6925172
6923943
6923944
6923945
6923946
6923947
6923948
6923949
6923950
6923951
6923952
6923953
6923954
6923955
6923956
6923957
6923959
6923960
6923961
6923962
6923963
6923964
6923965
6923966
6923967
6923968
6923969
6923970
6925178
6923972
6923973
6923974
6923975
6923976
6923977
6923978
6923979
6923980
6923981
6923982
6923983
6923984
6923985
6923986
6923987
6923988
6923989
6923990
6923991
6923992
6923993
6923994
6923995
6923996
6923997
6923998
6923999
6924000
6924001
6924002
6924003
6925185
6924005
6924006
6924007
6924008
6924009
6924010
6924011
6924012
6924013
6924014
6924015
6924016
6924017
6924018
6924019
6924020
6924021
6924022
6924023
6924024
6924025
6924026
6924027
6924028
6924029
6924030
6924032
6924033
6924034
6924035
6924036
6924037
6924038
6924039
6924040
6924041
6924043
6924044
6924045
6924046
6924048
6924049
6924050
6924051
6924053
6924054
6924055
6924057
6924059
6924060
6924062
6924063
6924064
6924065
6924066
6924067
6924068
6924069
6924071
6924072
6924073
6924074
6924075
6924076
6924077
6924078
6924079
6924080
6924081
6924082
6924083
6924084
6924085
6924086
6924087
6924088
6924089
6924090
6924091
6924092
6924093
6924094
6924095
6924096
6924097
6924098
6924099
6924100
6924101
6924102
6924103
6925205
6924106
6924107
6924108
6924109
6924110
6924111
6924112
6924113
6924114
6924115
6924116
6924117
6924118
6924119
6924120
6925207
6925208
6924123
6924124
6924125
6924126
6924127
6924128
6924129
6924130
6924131
6924132
6924133
6924134
6924135
6924136
6924137
6924138
6924139
6924140
6924141
6924142
6924143
6924144
6924145
6924146
6924147
6924148
6924149
6924150
6924151
6924152
6924153
6924154
6924155
6924156
6924157
6924158
6924159
6924160
6924161
6924162
6924163
6924164
6924165
6924166
6924167
6924169
6924170
6924171
6924172
6924173
6924174
6925219
6924176
6924177
6924178
6924179
6924180
6924181
6924182
6924183
6924184
6924185
6924186
6924187
6924188
6924189
6924190
6924191
6924192
6924193
6924194
6924195
6924196
6924197
6924198
6924199
6924200
6924201
6924202
6924203
6924204
6924205
6924206
6924207
6924208
6924209
6924210
6924211
6924212
6924213
6924214
6924215
6924216
6924217
6924218
6924219
6924220
6924221
6924222
6924223
6924224
6924225
6924226
6924227
6924228
6924229
6924230
6924233
6924234
6924235
6924236
6924238
6924239
6924240
6924241
6924242
6924243
6924244
6924245
6924247
6924249
6924250
6924251
6924252
6924253
6924254
6924256
6924257
6924258
6924259
6924260
6924261
6924262
6924263
6924264
6924265
6924266
6924267
6924268
6924269
6924270
6924271
6924272
6924273
6924274
6924275
6925239
6924278
6924279
6924280
6924281
6924282
6924283
6924284
6924285
6924286
6924287
6924288
6924289
6924290
6924291
6924293
6924294
6924295
6924296
6924297
6924298
6924299
6924300
6925243
6924302
6924303
6924304
6924305
6924306
6924307
6924308
6924309
6924310
6924311
6924312
6924313
6924314
6924315
6924316
6924317
6924318
6924319
6924320
6924321
6924322
6924323
6924324
6924325
6924326
6924327
6924328
6924329
6924330
6924331
6924332
6924333
6924334
6924335
6924336
6924337
6924338
6924339
6924340
6924341
6924342
6924343
6924344
6924345
6924346
6924347
6924348
6924349
6924350
6924351
6924352
6925253
6924354
6924355
6924356
6925254
6924358
6924359
6924360
6924361
6924362
6924363
6924364
6924365
6924367
6924368
6924369
6924370
6924371
6924373
6924374
6924375
6924376
6924378
6924379
6924380
6924381
6924382
6924383
6924384
6924385
6924386
6924387
6924388
6924389
6924390
6924391
6924392
6924393
6924394
6924395
6924396
6925262
6924398
6924399
6924400
6924401
6924402
6924403
6924404
6924405
6924406
6924407
6924408
6924409
6924410
6924411
6924412
6924413
6924414
6924415
6924418
6924419
6924420
6924421
6924422
6924423
6924424
6924425
6924427
6924428
6924429
6924430
6924431
6924432
6924433
6924434
6924435
6924436
6924437
6924438
6924441
6924442
6924443
6924444
6924446
6924447
6924449
6924450
6924452
6924453
6924454
6924455
6924456
6924457
6924458
6924459
6924460
6924461
6924462
6924464
6924465
6924466
6924467
6924468
6924469
6924470
6924471
6924472
6924473
6924474
6924475
6924476
6924477
6924478
6924479
6924481
6924482
6924483
6924484
6924485
6924486
6924487
6924488
6924489
6924490
6924491
6924492
6924493
6924494
6924495
6924496
6924497
6924498
6924499
6924500
6924501
6924502
6924503
6924504
6924505
6924507
6924508
6924509
6924510
6924511
6924512
6924513
6924514
6924515
6924516
6924517
6924518
6924519
6924520
6924521
6924522
6924523
6924524
6925289
6924526
6924527
6924528
6924529
6924530
6924531
6924532
6924533
6924534
6924535
6924536
6924537
6924538
6924539
6924540
6924541
6924542
6924543
6924544
6924545
6924546
6924547
6924548
6924549
6924550
6924551
6924552
6924553
6924554
6924555
6924556
6924557
6924558
6924559
6924560
6924561
6924562
6924563
6925296
6924565
6924566
6924567
6924569
6924570
6924572
6924574
6924575
6924576
6924577
6924578
6924579
6924580
6924581
6924582
6924583
6924584
6924585
6924586
6924588
6924589
6924590
6924591
6924592
6924593
6924594
6924595
6924596
6924597
6924598
6924599
6924600
6924601
6924603
6924604
6924605
6924606
6924607
6924609
6924610
6924611
6924612
6924614
6924615
6924616
6924617
6924618
6924620
6924621
6924622
6924623
6924624
6924625
6924626
6924627
6924628
6924629
6924630
6924631
6924633
6924635
6924637
6924638
6924639
6924641
6924642
6924643
6924644
6924646
6924648
6924652
6924653
6924655
6924656
6924657
6924658
6924659
6924660
6924662
6924663
6924664
6924665
6924666
6924667
6924668
6924670
6924671
6924672
6924673
6924674
6924675
6924676
6924677
6924679
6924680
6924681
6924685
6924687
6924688
6924691
6924692
6924694
6924695
6924697
6924698
6924699
6924700
6924701
6924702
6924703
6924704
6924705
6924706
6924707
6924708
6924710
6924711
6924712
6924714
6924715
6924716
6924717
6924718
6924719
6924720
6924721
6924722
6924723
6924724
6924725
6924726
6924727
6924728
6924729
6924730
6924731
6924732
6924733
6924734
6924735
6924736
6924737
6924738
6924740
6924741
6924742
6924743
6924746
6924747
6924748
6924749
6924750
6924751
6924752
6924753
6924755
6924756
6924757
6924759
6924760
6924761
6924763
6924764
6924765
6924766
6924769
6924770
6924772
6924773
6924774
6924775
6924776
6924777
6924778
6924779
6924780
6924781
6924782
6924783
6924784
6924785
6924786
6924787
6924788
6924789
6924790
6924791
6924792
6924794
6924796
6924798
6924799
6924801
6924802
6924803
6924804
6924805
6924806
6924807
6924808
6924809
6924810
6924811
6924812
6924813
6924815
6924816
6924817
6924819
6924820
6924821
6924822
6924823
6924824
6924825
6924827
6924828
6924829
6924830
6924831
6924833
6924834
6924835
6924839
6924840
6924841
6924843
6924847
6924848
6924849
6924850
6924851
6924852
6924853
6924854
6924855
6924856
6924857
6924858
6924859
6924860
6924861
6924862
6924863
6924864
6924865
6924867
6924868
6924869
6924870
6924871
6924872
6924873
6924874
6924875
6924876
6924877
6924878
6924879
6924881
6924882
6924883
6924884
6924885
6924886
6924887
6924888
6924889
6924890
6924891
6924892
6924893
6924894
6924895
6924896
6924897
6924898
6924899
6924900
6924901
6924902
6924903
6924904
6924905
6924906
6924907
6924909
6924910
6924911
6924912
6924913
6924914
6924915
6924916
6924917
6924918
6924919
6924920
6924921
6924922
6924923
6924924
6924925
6924926
6924927
6924929
6924930
6924931
6924932
6924933
6924935
6924936
6924937
6924938
6924939
6924940
6924941
6924943
6924944
6924945
6924946
6924947
6924948
6924949
6924950
6924951
6924952
6924953
6924954
6924955
6924956
6924957
6924958
6924960
6924961
6924962
6924963
6924964
6924965
6924966
6924967
6924968
6924969
6924970
6924971
6924972
6924973
6924975
6924976
6924977
6924978
6924979
6924980
6924981
6924982
6924983
6924984
6924986
6924987
6924988
6924989
6924991
6924992
6924993
6924994
6924995
6924996
6924997
6924998
6924999
6925000
6925001
6925002
6925003
6925004
6925005
6925006
6925007
6925008
6925009
6925010
6925011
6925012
6925014
6925015
6925018
6925019
6925020
6925021
6925022
6925023
6925024
6925025
6925026
6925027
6925032
6925034
6925037
6925038
6925040
6925043
6925044
6925046
6925047
6925048
6925049
6925050
6925051
6925052
6925054
6925055
6925059
6925060
6925064
6925065
6925068
6925069
6925070
6925071
6925072
6925073
6925074
6925075
6925076
6925077
6925078
6925079
6925081
6925084
6925085
6925086
6925087
6925088
6925090
6925093
6925098
6925099
6925100
6925101
6925102
6925104
6925107
6925109
6925110
6925112
6925113
6925114
6925115
6925116
6925117
6925120
6925121
6925122
6925123
6925124
6925125
6925126
6925127
6925128
6925129
6925130
6925131
6925132
6925133
6925134
6925135
6925137
6925139
6925140
6925142
6925143
6925144
6925145
6925146
6925147
6925148
6925149
6925150
6925151
6925152
6925153
6925154
6925155
6925156
6925157
6925158
6925159
6925160
6925161
6925162
6925163
6925164
6925165
6925166
6925167
6925168
6925169
6925170
6925171
6925175
6925176
6925177
6925179
6925180
6925181
6925182
6925183
6925184
6925186
6925187
6925188
6925189
6925190
6925192
6925193
6925194
6925196
6925197
6925198
6925199
6925200
6925201
6925202
6925204
6925210
6925211
6925215
6925216
6925217
6925218
6925220
6925221
6925222
6925223
6925224
6925225
6925226
6925228
6925229
6925230
6925231
6925232
6925233
6925234
6925235
6925236
6925238
6925240
6925241
6925242
6925244
6925246
6925247
6925248
6925249
6925250
6925258
6925259
6925260
6925261
6925263
6925264
6925265
6925266
6925267
6925268
6925269
6925270
6925271
6925272
6925273
6925274
6925275
6925276
6925277
6925280
6925281
6925283
6925284
6925285
6925286
6925287
6925288
6925290
6925291
6925295
6925297
6925298
6925299
6925300
6925301
6925302
6925303
6925304
6925305
6925306
6925307
6925309
6925311
6925312
6925313
6925314
6925315
6925316
6925317
6925318
6925319
6925320
6925321
6925322
6925323
6925324
6925325
6925326
6925327
6925329
6925330
6925331
6925332
6925333
6925334
6925335
6925336
6925337
6925338
6925339
6925340
6925341
6925342
6925345
6925346
6925347
6925348
6925352
6925353
6925354
6925356
6925358
6925359
6925363
6925365
6925366
6925367
6925369
6925370
6925372
6925373
6925374
6925375
6925377
6925379
6925380
6925382
6925383
6925384
6925386
6925387
6925388
6925390
6925391
6925392
6925394
6925395
6925397
6925398
6925399
6925400
6925401
6925402
6925403
6925404
6925405
6925406
6925407
6925408
6925409
6925410
6925411
6925412
6925414
6925415
6925416
6925417
6925418
6925419
6925420
6925421
6925422
6925423
6925424
6925425
6925426
6925427
6925428
6925429
6925430
6925431
6925432
6925433
6925434
6925435
6925436
6925437
6925438
6925439
6925440
6925441
6925442
6925443
6925445
6925446
6925447
6925448
6925449
6925450
6925451
6925452
6925453
6925454
6925455
6925456
6925458
6925459
6925460
6925461
6925462
6925463
6925464
6925465
6925466
6925467
6925468
6925469
6925470
6925471
6925473
6925474
6925475
6925476
6925477
6925478
6925479
6925480
6925482
6925483
6925484
6925485
6925486
6925487
6925488
6925489
6925490
6925491
6925492
6925494
6925495
6925497
6925498
6925499
6925500
6925501
6925502
6925503
6925504
6925505
6925506
6925507
6925508
6925509
6925510
6925511
6925512
6925513
6925514
6925515
6925516
6925517
6925518
6925519
6925520
6925521
6925522
6925523
6925524
6925525
6925526
6925527
6925528
6925530
6925531
6925532
6925533
6925534
6925535
6925536
6925537
6925538
6925539
6925540
6925541
6925542
6925543
6925544
6925545
6925546
6925547
6925549
6925550
6925551
6925552
6925553
6925554
6925555
6925556
6925557
6925558
6925559
6925560
6925561
6925562
6925563
6925565
6925566
6925570
6925571
6925572
6925574
6925575
6925576
6925578
6925579
6925580
6925581
6925583
6925587
6925588
6925589
6925590
6925591
6925592
6925593
6925594
6925595
6925596
6925597
6925598
6925599
6925600
6925601
6925602
6925603
6925604
6925605
6925606
6925607
6925608
6925609
6925610
6925611
6925612
6925613
6925614
6925615
6925617
6925618
6925619
6925620
6925621
6925622
6925623
6925624
6925625
6925626
6925628
6925629
6925630
6925631
6925632
6925633
6925634
6925635
6925636
6925637
6925638
6925639
6925640
6925641
6925642
6925643
6925645
6925646
6925647
6925648
6925649
6925650
6925651
6925652
6925653
6925654
6925655
6925656
6925657
6925658
6925659
6925660
6925661
6925662
6925664
6925665
6925666
6925668
6925669
6925670
6925671
6925672
6925673
6925674
6925675
6925676
6925677
6925678
6925680
6925681
6925682
6925683
6925685
6925686
6925687
6925688
6925690
6925691
6925692
6925693
6925694
6925695
6925696
6925697
6925698
6925699
6925700
6925701
6925702
6925703
6925704
6925705
6925706
6925707
6925708
6925709
6925711
6925712
6925713
6925714
6925715
6925716
6925717
6925718
6925719
6925720
6925721
6925722
6925723
6925725
6925726
6925727
6925728
6925729
6925730
6925731
6925732
6925733
6925734
6925735
6925736
6925737
6925738
6925741
6925742
6925743
6925744
6925745
6925746
6925747
6925749
6925750
6925751
6925753
6925754
6925755
6925756
6925758
6925759
6925760
6925761
6925762
6925763
6925765
6925766
6925767
6925768
6925769
6925770
6925771
6925772
6925773
6925774
6925775
6925776
6925777
6925778
6925779
6925780
6925781
6925782
6925785
6925786
6925787
6925788
6925789
6925790
6925791
6925792
6925793
6925794
6925796
6925798
6925800
6925801
6925802
6925803
6925804
6925805
6925806
6925807
6925808
6925809
6925810
6925811
6925812
6925813
6925814
6925815
6925816
6925817
6925818
6925819
6925820
6925821
6925822
6925823
6925824
6925825
6925826
6925827
6925828
6925829
6925830
6925831
6925832
6925833
6925834
6925835
6925836
6925837
6925839
6925840
6925841
6925842
6925843
6925844
6925845
6925846
6925847
6925848
6925849
6925850
6925851
6925852
6925853
6925854
6925855
6925856
6925857
6925858
6925859
6925860
6925861
6925862
6925863
6925864
6925866
6925867
6925868
6925869
6925870
6925871
6925872
6925873
6925874
6925875
6925876
6925877
6925879
6925880
6925881
6925882
6925883
6925884
6925885
6925886
6925887
6925888
6925889
6925890
6925891
6925892
6925893
6925894
6925895
6925896
6925897
6925898
6925899
6925900
6925901
6925902
6925903
6925904
6925905
6925906
6925907
6925908
6925909
6925910
6925911
6925912
6925913
6925914
6925917
6925918
6925919
6925920
6925921
6925922
6925923
6925924
6925925
6925926
6925927
6925928
6925929
6925930
6925931
6925932
6925933
6925934
6925935
6925936
6925937
6925938
6925939
6925940
6925941
6925942
6925943
6925944
6925946
6925949
6925951
6925952
6925953
6925954
6925955
6925956
6925957
6925959
6925960
6925961
6925962
6925963
6925964
6925965
6925966
6925967
6925968
6925969
6925970
6925971
6925972
6925973
6925974
6925975
6925976
6925977
6925978
6925979
6925980
6925981
6925982
6925983
6925984
6925985
6925986
6925987
6925988
6925989
6925990
6925991
6925992
6925993
6925994
6925995
6925996
6925997
6925998
6925999
6926000
6926001
6926002
6926004
6926005
6926006
6926007
6926008
6926009
6926010
6926011
6926012
6926013
6926014
6926015
6926016
6926018
6926019
6926020
6926021
6926022
6926023
6926024
6926025
6926026
6926027
6926028
6926029
6926030
6926031
6926032
6926033
6926034
6926035
6926036
6926037
6926039
6926040
6926042
6926043
6926044
6926045
6926046
6926047
6926048
6926049
6926050
6926051
6926052
6926053
6926054
6926055
6926056
6926057
6926058
6926059
6926060
6926061
6926062
6926063
6926064
6926065
6926066
6926067
6926068
6926069
6926070
6926071
6926072
6926073
6926074
6926075
6926076
6926077
6926078
6926079
6926080
6926081
6926082
6926083
6926084
6926085
6926086
6926087
6926088
6926089
6926090
6926091
6926092
6926094
6925173
6925174
6925203
6925206
6925209
6925212
6925213
6925214
6925237
6925245
6925251
6925252
6925278
6925292
6925294
6925308
6925343
6925344
6925349