7262550
7262551
7262553
7262554
7262555
7262556
7262557
7262558
7262559
7262560
7262561
7262562
7262563
7262564
7262565
7262566
7262567
7262568
7262569
7262570
7262571
7262572
7262573
7262574
7262575
7262576
7262577
7262578
7262579
7262580
7262581
7262582
7262583
7262584
7262585
7262586
7262587
7262588
7262590
7262591
7262592
7262593
7262596
7262597
7262598
7262600
7262601
7262602
7262604
7262605
7262606
7262609
7262611
7262612
7262613
7262614
7262615
7262616
7262617
7262618
7262619
7262621
7262622
7262623
7262624
7262625
7262626
7262627
7262628
7262629
7262630
7262632
7262633
7262634
7262635
7262636
7262637
7262638
7262639
7262640
7262641
7262642
7262644
7262645
7262646
7262648
7262649
7262650
7262651
7262654
7262656
7262657
7262658
7262659
7262660
7262661
7262662
7262663
7262664
7262665
7262666
7262667
7262668
7262669
7262670
7262673
7262674
7262675
7262676
7262677
7262678
7262679
7262680
7262681
7262682
7262684
7262685
7262686
7262688
7261785
7261786
7261787
7261788
7261789
7261790
7261791
7261793
7261794
7261795
7261796
7261797
7261798
7261799
7261800
7261801
7261802
7261803
7261804
7261805
7261806
7261807
7261808
7261809
7261810
7261811
7261812
7261813
7261814
7261815
7261817
7261818
7261820
7261821
7261822
7261823
7261824
7261825
7261826
7261827
7261828
7261829
7261830
7261831
7261832
7261833
7261834
7261835
7261837
7261838
7261839
7261840
7261841
7261842
7261843
7261844
7261845
7261846
7261847
7261848
7261849
7261850
7261851
7261852
7261854
7261855
7261857
7261858
7261859
7261860
7261861
7261862
7261864
7261865
7261866
7261867
7261869
7261870
7261871
7261872
7261873
7261874
7261875
7261876
7261877
7261878
7261879
7261880
7261881
7261882
7261883
7261884
7261885
7261886
7261887
7261888
7261889
7261891
7261892
7261893
7261894
7261895
7261896
7261897
7261898
7261899
7261900
7261901
7261902
7261903
7261904
7261905
7261906
7261907
7261908
7261909
7261910
7261911
7261913
7261914
7261915
7261916
7261917
7261918
7261919
7261920
7261921
7261922
7261923
7261924
7261925
7261926
7261927
7261928
7261929
7261931
7261932
7261933
7261935
7261936
7261937
7261938
7261939
7261941
7261942
7261943
7261944
7261945
7261946
7261947
7261948
7261949
7261950
7261951
7261952
7261953
7261954
7261955
7261956
7261957
7261958
7261959
7261960
7261961
7261962
7261963
7261964
7261965
7261966
7261968
7261969
7261970
7261971
7261972
7261973
7261974
7261975
7261976
7261977
7261978
7261979
7261980
7261981
7261982
7261983
7261984
7261985
7261986
7261987
7261988
7261989
7261990
7261991
7261992
7261993
7261994
7261995
7261996
7261997
7261999
7262000
7262001
7262002
7262003
7262004
7262007
7262008
7262009
7262010
7262011
7262013
7262014
7262017
7262018
7262020
7262022
7262024
7262025
7262026
7262029
7262034
7262035
7262037
7262038
7262039
7262041
7262042
7262043
7262044
7262045
7262046
7262047
7262048
7262049
7262050
7262051
7262052
7262053
7262054
7262056
7262058
7262059
7262060
7262061
7262062
7262063
7262064
7262065
7262066
7262067
7262068
7262069
7262070
7262071
7262072
7262074
7262075
7262076
7262077
7262079
7262080
7262081
7262082
7262084
7262085
7262086
7262087
7262088
7262089
7262091
7262092
7262093
7262094
7262095
7262096
7262097
7262098
7262099
7262100
7262101
7262102
7262103
7262104
7262105
7262106
7262107
7262108
7262109
7262110
7262111
7262112
7262113
7262114
7262116
7262117
7262118
7262119
7262120
7262121
7262122
7262123
7262124
7262125
7262126
7262127
7262128
7262129
7262130
7262131
7262132
7262133
7262134
7262135
7262136
7262137
7262138
7262139
7262140
7262141
7262142
7262143
7262144
7262145
7262146
7262147
7262148
7262149
7262150
7262151
7262152
7262153
7262154
7262155
7262156
7262157
7262158
7262159
7262160
7262161
7262162
7262163
7262164
7262165
7262166
7262167
7262168
7262169
7262170
7262171
7262173
7262174
7262177
7262178
7262179
7262180
7262181
7262182
7262183
7262184
7262185
7262186
7262187
7262188
7262190
7262192
7262194
7262195
7262196
7262197
7262198
7262199
7262200
7262201
7262202
7262203
7262204
7262205
7262206
7262207
7262208
7262209
7262210
7262211
7262212
7262213
7262214
7262215
7262216
7262217
7262218
7262219
7262220
7262221
7262222
7262226
7262227
7262230
7262231
7262232
7262234
7262235
7262236
7262237
7262238
7262239
7262240
7262241
7262242
7262243
7262244
7262245
7262246
7262247
7262249
7262251
7262252
7262253
7262254
7262255
7262256
7262257
7262258
7262259
7262260
7262261
7262262
7262265
7262266
7262267
7262268
7262269
7262270
7262272
7262273
7262274
7262275
7262276
7262277
7262278
7262279
7262281
7262282
7262283
7262284
7262285
7262286
7262287
7262288
7262290
7262291
7262292
7262293
7262294
7262295
7262296
7262297
7262298
7262299
7262300
7262302
7262303
7262304
7262306
7262307
7262309
7262310
7262311
7262312
7262313
7262314
7262315
7262316
7262317
7262318
7262319
7262320
7262321
7262322
7262323
7262324
7262325
7262326
7262327
7262328
7262329
7262330
7262331
7262332
7262333
7262335
7262336
7262337
7262338
7262339
7262340
7262341
7262342
7262343
7262344
7262345
7262346
7262348
7262350
7262351
7262353
7262354
7262355
7262356
7262357
7262358
7262359
7262360
7262361
7262362
7262363
7262364
7262365
7262366
7262367
7262368
7262369
7262370
7262371
7262372
7262373
7262374
7262375
7262376
7262377
7262378
7262379
7262380
7262381
7262382
7262383
7262384
7262385
7262386
7262387
7262388
7262389
7262391
7262392
7262393
7262394
7262395
7262396
7262397
7262398
7262399
7262400
7262401
7262402
7262403
7262404
7262405
7262406
7262407
7262408
7262409
7262410
7262411
7262412
7262413
7262414
7262415
7262416
7262417
7262418
7262419
7262420
7262421
7262422
7262423
7262424
7262425
7262426
7262427
7262428
7262429
7262431
7262432
7262433
7262434
7262435
7262436
7262437
7262438
7262439
7262440
7262441
7262442
7262443
7262444
7262445
7262446
7262447
7262448
7262449
7262450
7262451
7262452
7262453
7262454
7262455
7262456
7262457
7262458
7262459
7262460
7262461
7262462
7262463
7262464
7262465
7262466
7262467
7262469
7262470
7262471
7262472
7262474
7262475
7262476
7262477
7262478
7262479
7262480
7262481
7262482
7262483
7262484
7262485
7262486
7262487
7262488
7262489
7262490
7262491
7262492
7262493
7262494
7262495
7262496
7262498
7262499
7262500
7262501
7262502
7262503
7262504
7262505
7262506
7262507
7262508
7262509
7262510
7262511
7262512
7262513
7262514
7262515
7262516
7262517
7262518
7262519
7262520
7262521
7262522
7262523
7262524
7262525
7262526
7262527
7262528
7262529
7262530
7262531
7262532
7262533
7262534
7262535
7262538
7262539
7262540
7262541
7262542
7262543
7262544
7262545
7262546
7262547
7262549
7262595
7262599
7262608
7262610
7262620
7262631
7262652
7262655
7262671
7262672
7262690
7262691
7262692
7262693
7262694
7262695
7262696
7262697
7262698
7262699
7262700
7262702
7262704
7262705
7262706
7262707
7262708
7262709
7262711
7262712
7262713
7262714
7262715
7262716
7262717
7262718
7262719
7262720
7262722
7262723
7262724
7262726
7262727
7262728
7262729
7262730
7262731
7262732
7262733
7262734
7262735
7262736
7262737
7262738
7262740
7262741
7262742
7262743
7262744
7262745
7262747
7262748
7262749
7262750
7262751
7262752
7262753
7262755
7262756
7262757
7262758
7262760
7262762
7262763
7262764
7262765
7262766
7262770
7262771
7262772
7262774
7262775
7262776
7262777
7262778
7262779
7262780
7262782
7262783
7262784
7262785
7262786
7262787
7262788
7262789
7262790
7262791
7262792
7262793
7262794
7262795
7262796
7262797
7262799
7262800
7262801
7262802
7262806
7262807
7262808
7262809
7262811
7262812
7262813
7262814
7262815
7262816
7262817
7262818
7262819
7262820
7262822
7262823
7262824
7262825
7262827
7262828
7262829
7262830
7262832
7262833
7262834
7262835
7262837
7262840
7262841
7262842
7262844
7262846
7262847
7262848
7262849
7262850
7262851
7262852
7262854
7262855
7262856
7262857
7262858
7262859
7262860
7262861
7262862
7262863
7262864
7262865
7262866
7262867
7262868
7262869
7262870
7262871
7262872
7262873
7262874
7262875
7262876
7262877
7262878
7262879
7262881
7262882
7262883
7262884
7262885
7262886
7262887
7262888
7262889
7262890
7262891
7262892
7262893
7262894
7262895
7262896
7262897
7262898
7262899
7262901
7262902
7262903
7262904
7262905
7262906
7262907
7262908
7262909
7262910
7262911
7262912
7262914
7262915
7262916
7262918
7262922
7262924
7262926
7262927
7262928
7262929
7262931
7262932
7262933
7262934
7262935
7262936
7262937
7262938
7262939
7262940
7262942
7262943
7262944
7262945
7262946
7262948
7262949
7262950
7262951
7262952
7262953
7262955
7262956
7262957
7262958
7262959
7262960
7262964
7262965
7262966
7262967
7262968
7262969
7262970
7262972
7262973
7262974
7262975
7262976
7262977
7262978
7262979
7262980
7262981
7262982
7262983
7262984
7262985
7262986
7262987
7262989
7262990
7262991
7262992
7262993
7262994
7262995
7262996
7262997
7262998
7263000
7263001
7263002
7263003
7263004
7263005
7263006
7263007
7263008
7263009
7263010
7263011
7263012
7263013
7263014
7263015
7263016
7263017
7263018
7263019
7263020
7263021
7263022
7263023
7263024
7263025
7263026
7263027
7263028
7263029
7263030
7263031
7263033
7263034
7263035
7263038
7263040
7263041
7263042
7263043
7263044
7263045
7263046
7263047
7263048
7263049
7263050
7263051
7263052
7263053
7263054
7263055
7263056
7263057
7263058
7263059
7263060
7263061
7263062
7263063
7263064
7263065
7263066
7263067
7263068
7263069
7263071
7263072
7263073
7263074
7263075
7263076
7263077
7263078
7263079
7263080
7263081
7263082
7263083
7263084
7263085
7263086
7263087
7263088
7263089
7263090
7263091
7263092
7263093
7263095
7263096
7263097
7263098
7263099
7263100
7263101
7263102
7263103
7263104
7263105
7263106
7263108
7263109
7263110
7263111
7263113
7263114
7263115
7263116
7263117
7263119
7263120
7263121
7263122
7263123
7263125
7263126
7263127
7263128
7263129
7263130
7263131
7263134
7263135
7263136
7263137
7263138
7263139
7263140
7263141
7263142
7263143
7263144
7263145
7263146
7263147
7263148
7263149
7263150
7263151
7263152
7263153
7263154
7263155
7263157
7263158
7263159
7263160
7263161
7263162
7263163
7263164
7263165
7263166
7263167
7263168
7263169
7263170
7263171
7263172
7263173
7263174
7263175
7263176
7263177
7263178
7263179
7263180
7263181
7263182
7263183
7263184
7263185
7263186
7263187
7263188
7263189
7263190
7263191
7263192
7263193
7263194
7263195
7263196
7263197
7263198
7263200
7263202
7263203
7263204
7263205
7263206
7263207
7263208
7263209
7263210
7263211
7263212
7263213
7263214
7263215
7263216
7263217
7263218
7263219
7263220
7263221
7263222
7263223
7263224
7263225
7263226
7263227
7263228
7263229
7263230
7263231
7263232
7263233
7263234
7263235
7263236
7263237
7263238
7263239
7263240
7263241
7263242
7263243
7263244
7263245
7263246
7263247
7263248
7263249
7263250
7263251
7263252
7263253
7263254
7263255
7263256
7263257
7263258
7263259
7263260
7263261
7263262
7263263
7263264
7263265
7263266
7263267
7263268
7263269
7263271
7263272
7263273
7263274
7263275
7263276
7263277
7263278
7263279
7263280
7263281
7263282
7263283
7263284
7263285
7263286
7263287
7263288
7263289
7263292
7263293
7263294
7263295
7263296
7263297
7263298
7263299
7263300
7263301
7263302
7263303
7263304
7263305
7263306
7263307
7263308
7263309
7263310
7263311
7263312
7263313
7263314
7263315
7263316
7263317
7263318
7263319
7263320
7263321
7263322
7263323
7263324
7263326
7263327
7263329
7263330
7263332
7263333
7263334
7263335
7263336
7263337
7263338
7263339
7263340
7263341
7263342
7263343
7263344
7263345
7263346
7263347
7263348
7263349
7263350
7263351
7263352
7263353
7263354
7263355
7263357
7263358
7263359
7263360
7263361
7263362
7263363
7263364
7263365
7263366
7263367
7263368
7263371
7263372
7263373
7263374
7263375
7263376
7263377
7263378
7263379
7263380
7263381
7263382
7263383
7263384
7263385
7263386
7263387
7263388
7263389
7263390
7263391
7263393
7263394
7263395
7263396
7263397
7263398
7263399
7263400
7263401
7263403
7263404
7263405
7263406
7263408
7263409
7263410
7263411
7263412
7263413
7263414
7263415
7263416
7263417
7263418
7263419
7263420
7263421
7263422
7263423
7263424
7263425
7263426
7263427
7263428
7263429
7263430
7263431
7263432
7263433
7263434
7263435
7263436
7263437
7263438
7263439
7263440
7263441
7263442
7263443
7263445
7263446
7263447
7263448
7263449
7263450
7263452
7263453
7263454
7263455
7263456
7263457
7263458
7263459
7263460
7263461
7263462
7263463
7263464
7263465
7263466
7263467
7263468
7263469
7263470
7263471
7263472
7263473
7263474
7263476
7263478
7263479
7263480
7263481
7263482
7263483
7263484
7263485
7263486
7263487
7263488
7263489
7263490
7263492
7263493
7263494
7263495
7263497
7263498
7263500
7263501
7263502
7263503
7263505
7263506
7263508
7263510
7263511
7263512
7263516
7263517
7263518
7263519
7263520
7263521
7263522
7263523
7263524
7263525
7263526
7263527
7263528
7263529
7263530
7263531
7263532
7263534
7263535
7263536
7263537
7263538
7263539
7263540
7263542
7263543
7263544
7263546
7263548
7263549
7263551
7263554
7263555
7263556
7263557
7263558
7263559
7263560
7263561
7263562
7263563
7263564
7263565
7263566
7263567
7263568
7263569
7263570
7263572
7263573
7263574
7263575
7263576
7263577
7263578
7263579
7263580
7263581
7263582
7263583
7263584
7263585
7263586
7263587
7263588
7263589
7263592
7263593
7263594
7263595
7263596
7263597
7263598
7263599
7263600
7263601
7263602
7263604
7263606
7263609
7263610
7263611
7263612
7263613
7263614
7263615
7263616
7263617
7263618
7263619
7263620
7263621
7263622
7263623
7263624
7263625
7263627
7263628
7263629
7263630
7263631
7263632
7263633
7263634
7263635
7263636
7263637
7263638
7263639
7263640
7263641
7263642
7263643
7263644
7263645
7263646
7263647
7263648
7263649
7263650
7263651
7263652
7263655
7263656
7263657
7263658
7263659
7263660
7263662
7263663
7263664
7263665
7263666
7263667
7263669
7263670
7263671
7263672
7263673
7263674
7263675
7263677
7263678
7263679
7263680
7263681
7263682
7263683
7263684
7263685
7263686
7263687
7263688
7263689
7263690
7263691
7263692
7263693
7263694
7263695
7263696
7263697
7263698
7263699
7263700
7263701
7263702
7263703
7263704
7263705
7263706
7263707
7263708
7263709
7263710
7263711
7263712
7263713
7263714
7263715
7263716
7263720
7263721
7263722
7263723
7263724
7263728
7263729
7263731
7263732
7263734
7263735
7263736
7263737
7263738
7263739
7263740
7263741
7263742
7263743
7263745
7263748
7263749
7263750
7263751
7263753
7263754
7263755
7263756
7263757
7263758
7263759
7263760
7263761
7263764
7263765
7263766
7263767
7263768
7263769
7263770
7263771
7263773
7263777
7263778
7263779
7263780
7263781
7263782
7263783
7263784
7263785
7263786
7263787
7263788
7263789
7263790
7263791
7263792
7263793
7263794
7263795
7263796
7263797
7263798
7263799
7263800
7263801
7263802
7263805
7263807
7263808
7263809
7263810
7263812
7263813
7263814
7263815
7263816
7263818
7263819
7263820
7263821
7263822
7263823
7263824
7263825
7263826
7263827
7263828
7263829
7263830
7263831
7263832
7263833
7263834
7263835
7263837
7263838
7263839
7263840
7263841
7263842
7263843
7263844
7263846
7263847
7263848
7263849
7263850
7263851
7263852
7263853
7263854
7263855
7263856
7263857
7263858
7263859
7263860
7263862
7263864
7263865
7263866
7263867
7263868
7263869
7263870
7263871
7263872
7263873
7263874
7263875
7263876
7263877
7263878
7263879
7263881
7263882
7263883
7263884
7263885
7263886
7263887
7263888
7263889
7263890
7263891
7263892
7263894
7263895
7263896
7263897
7263898
7263899
7263900
7263901
7263902
7263903
7263904
7263905
7263906
7263907
7263908
7263909
7263910
7263912
7263913
7263914
7263915
7263916
7263917
7263918
7263919
7263920
7263921
7263922
7263923
7263924
7263925
7263926
7263927
7263928
7263929
7263930
7263931
7263932
7263933
7263934
7263935
7263936
7263937
7263938
7263939
7263940
7263941
7263942
7263943
7263944
7263945
7263946
7263947
7263948
7263949
7263950
7263951
7263953
7263954
7263955
7263956
7263957
7263958
7263959
7263960
7263961
7263962
7263963
7263964
7263965
7263966
7263967
7263968
7263969
7263970
7263971
7263972
7263973
7263974
7263975
7263976
7263977
7263978
7263979
7263980
7263981
7263982
7263983
7263984
7263985
7263986
7263987
7263988
7263989
7263990
7263991
7263992
7263993
7263994
7263995
7263996
7263997
7263998
7263999
7264000
7264001
7264002
7264003
7264004
7264005
7264006
7264007
7264008
7264009
7264010
7264011
7264013
7264014
7264016
7264017
7264018
7264019
7264020
7264021
7264022
7264023
7264024
7264025
7264026
7264027
7264028
7264029
7264030
7264031
7264032
7264033
7264034
7264035
7264036
7264037
7264039
7264040
7264041
7264042
7264043
7264044
7264045
7264048
7264049
7264050
7264051
7264052
7264053
7264054
7264055
7264056
7264057
7264058
7264059
7264060
7264061
7264062
7264063
7264064
7264065
7264066
7264067
7264068
7264069
7264070
7264071
7264072
7264073
7264074
7264075
7264076
7264078
7264079
7264080
7264081
7264082
7264083
7264084
7264085
7264086
7264087
7264088
7264089
7264091
7264092
7264093
7264094
7264095
7264097
7264098
7264099
7264100
7264101
7264102
7264103
7264104
7264105
7264106
7264107
7264108
7264109
7264110
7264111
7264112
7264114
7264115
7264116
7264117
7264118
7264119
7264120
7264121
7264122
7264124
7264125
7264126
7264127
7264128
7264129
7264130
7264131
7264132
7264133
7264134
7264135
7264136
7264137
7264138
7264139
7264140
7264141
7264142
7264143
7264144
7264145
7264146
7264147
7264148
7264149
7264150
7264151
7264152
7264153
7264154
7264155
7264156
7264157
7264158
7264159
7264160
7264161
7264162
7264164
7264165
7264166
7264167
7264168
7264169
7264170
7264171
7264172
7264173
7264174
7264175
7264176
7264177
7264178
7264179
7264180
7264181
7264182
7264183
7264184
7264185
7264186
7264187
7264188
7264189
7264190
7264191
7264193
7264194
7264195
7264196
7264197
7264200
7264201
7264202
7264203
7264204
7264205
7264206
7264207
7264208
7264209
7264210
7264211
7264213
7264214
7264215
7264216
7264217
7264218
7264219
7264220
7264221
7264222
7264223
7264224
7264225
7264226
7264227
7264228
7264229
7264230
7264231
7264232
7264234
7264235
7264236
7264237
7264238
7264239
7264240
7264241
7264242
7264243
7264244
7264245
7264246
7264247
7264248
7264249
7264250
7264251
7264252
7264254
7264255
7264256
7264257
7264258
7264259
7264260
7264261
7264262
7264263
7264264
7264265
7264266
7264267
7264268
7264269
7264270
7264271
7264272
7264273
7264274
7264275
7264276
7264277
7264278
7264279
7264281
7264282
7264284
7264285
7264286
7264287
7264288
7264289
7264290
7264291
7264292
7264293
7264295
7264296
7264297
7264298
7264299
7264300
7264301
7264302
7264303
7264304
7264305
7264306
7264307
7264308
7264309
7264310
7264311
7264312
7264313
7264314
7264315
7264316
7264317
7264318
7264319
7264320
7264322
7264323
7264324
7264325
7264326
7264327
7264328
7264329
7264330
7264331
7264332
7264333
7264334
7264335
7264336
7264337
7264338
7264339
7264340
7264341
7264342
7264343
7264344
7264346
7264347
7264348
7264349
7264350
7264351
7264352
7264353
7264354
7264355
7264356
7264357
7264358
7264359
7264360
7264361
7264363
7264364
7264365
7264366
7264367
7264368
7264369
7264370
7264371
7264372
7264373
7264374
7264375
7264376
7264377
7264378
7264379
7264380
7264381
7264382
7264383
7264385
7264386
7264388
7264389
7264390
7264392
7264393
7264394
7264395
7264396
7264397
7264398
7264399
7264400
7264402
7264403
7264404
7264405
7264407
7264408
7264409
7264410
7264411
7264412
7264413
7264414
7264415
7264416
7264417
7264418
7264419
7264420
7264421
7264422
7264423
7264424
7264425
7264426
7264427
7264430
7264431
7264432
7264433
7264434
7264435
7264436
7264437
7264438
7264439
7264440
7264441
7264442
7264443
7264444
7264445
7264446
7264447
7264448
7264449
7264450
7264451
7264452
7264453
7264454
7264455
7264456
7264457
7264458
7264459
7264460
7264461
7264462
7264463
7264464
7264465
7264466
7264467
7264468
7264469
7264470
7264471
7264472
7264473
7264474
7264475
7264476
7264477
7264478
7264479
7264480
7264481
7264482
7264483
7264484
7264485
7264486
7264487
7264488
7264489
7264490
7264491
7264492
7264493
7264495
7264497
7264498
7264499
7264500
7264501
7264502
7264503
7264504
7264505
7264506
7264507
7264508
7264509
7264510
7264511
7264512
7264513
7264514
7264515
7264516
7264517
7264518
7264519
7264520
7264522
7264523
7264524
7264525
7264526
7264527
7264528
7264529
7264530
7264531
7264532
7264533
7264534
7264535
7264536
7264537
7264540
7264541
7264542
7264543
7264544
7264545
7264546
7264548
7264549
7264550
7264551
7264552
7264553
7264554
7264555
7264556
7264557
7264558
7264561
7264562
7264563
7264564
7264565
7264566
7264567
7264568
7264569
7264571
7264572
7264573
7264574
7264575
7264576
7264577
7264578
7264579
7264580
7264581
7264582
7264583
7264584
7264585
7264586
7264587
7264588
7264589
7264590
7264591
7264592
7264593
7264594
7264595
7264596
7264597
7264598
7264599
7264601
7264602
7264603
7264604
7264605
7264606
7264607
7264608
7264610
7264611
7264612
7264613
7264614
7264615
7264616
7264617
7264618
7264619
7264620
7264621
7264622
7264623
7264624
7264625
7264626
7264627
7264628
7264629
7264630
7264631
7264632
7264633
7264634
7264635
7264636
7264637
7264638
7264639
7264640
7264641
7264642
7264643
7264644
7264645
7264646
7264647
7264648
7264649
7264650
7264651
7264652
7264653
7264654
7264655
7264656
7264657
7264658
7264659
7264660
7264661
7264662
7264663
7264664
7264665
7264666
7264667
7264668
7264669
7264670
7264671
7264672
7264673
7264674
7264675
7264678
7264679
7264680
7264681
7264682
7264683
7264684
7264685
7264686
7264687
7264688
7264689
7264690
7264692
7264693
7264694
7264695