6538946
6538947
6538948
6538949
6538952
6538955
6538957
6538958
6538959
6538961
6538962
6538963
6538964
6538965
6538966
6538968
6538969
6538970
6538971
6538972
6538973
6538974
6538976
6538977
6538978
6538979
6538981
6538982
6538983
6538984
6538985
6538986
6538987
6538988
6538989
6538990
6538991
6538992
6538993
6538994
6538995
6538996
6538999
6539000
6539001
6539002
6539004
6539005
6539006
6539008
6539009
6539010
6539011
6539014
6539015
6537404
6539018
6539019
6539020
6539021
6539022
6537405
6539023
6539024
6539025
6539026
6539027
6539029
6539031
6539032
6539033
6539034
6539035
6539036
6539037
6539038
6539039
6539040
6539042
6539043
6539046
6539047
6539048
6539050
6539052
6539053
6539055
6539056
6539057
6539060
6539061
6539062
6539063
6537413
6539064
6539065
6539066
6539067
6537414
6539069
6539070
6539071
6539072
6539074
6539075
6539076
6539077
6539080
6539081
6539082
6539083
6539084
6539086
6539088
6539090
6539091
6539092
6539094
6539095
6539097
6539098
6539099
6539100
6539101
6539102
6539103
6539105
6539106
6539107
6539109
6539110
6539111
6538176
6539112
6539113
6539114
6539115
6539116
6539117
6539118
6537424
6539119
6539120
6539121
6539122
6539123
6539126
6539127
6539129
6539131
6539132
6539133
6539136
6539137
6539138
6539139
6539140
6539141
6539144
6539145
6539146
6539149
6539150
6539151
6539154
6539155
6539156
6539158
6539159
6539160
6539161
6539162
6539163
6539164
6539165
6539167
6539168
6539169
6539170
6539171
6539172
6539173
6539174
6539175
6539176
6539177
6539179
6539180
6539181
6539182
6539183
6540784
6539184
6539185
6539186
6539187
6539188
6539189
6539190
6539192
6539194
6539195
6539197
6539198
6539199
6539202
6539203
6537441
6539204
6539205
6539206
6539207
6537442
6539209
6539210
6538180
6539212
6539213
6539214
6539215
6539216
6539217
6539219
6539221
6539222
6539224
6539225
6539226
6539227
6539228
6537446
6539230
6539231
6539232
6539233
6537447
6539234
6539236
6539238
6537448
6539240
6539241
6539243
6537449
6539244
6539245
6539247
6539248
6537450
6539249
6539250
6539251
6539252
6539253
6537451
6539254
6539255
6539256
6539257
6539258
6537452
6539259
6539260
6539262
6539263
6539264
6539265
6539266
6539267
6539268
6539269
6539270
6539271
6539272
6539274
6539275
6539276
6539277
6539278
6539279
6539280
6539281
6539283
6539284
6539285
6539286
6539287
6539288
6539289
6539290
6539291
6539292
6539293
6539294
6539295
6539296
6539297
6539298
6539299
6539301
6539302
6539304
6539305
6539306
6539307
6540789
6539308
6539309
6539310
6539311
6539312
6539313
6539314
6539315
6539316
6539317
6539318
6539319
6539320
6539322
6539323
6539324
6539325
6539326
6539327
6539328
6539329
6539330
6539331
6539332
6540790
6539333
6539334
6539335
6539336
6539337
6539338
6539339
6539340
6539342
6539343
6539344
6539345
6539346
6539347
6539348
6539349
6539488
6539350
6539351
6539352
6539353
6539354
6539355
6539356
6540791
6539358
6539359
6539360
6539361
6539362
6539363
6539364
6539365
6539366
6539367
6539368
6539369
6539370
6539371
6539372
6539373
6539374
6539375
6539376
6539377
6539378
6539379
6539380
6539381
6540792
6539384
6539386
6539388
6539389
6539390
6539391
6539392
6539393
6539394
6539395
6539396
6539397
6539398
6539399
6539400
6539401
6539402
6539403
6539404
6539405
6539406
6539407
6539409
6539410
6539411
6539412
6539413
6539414
6539415
6539416
6539417
6539418
6539419
6539421
6539422
6539423
6539424
6539425
6539427
6539428
6539429
6539430
6539431
6540794
6539435
6539436
6539437
6539438
6539440
6539441
6539442
6539443
6539445
6539446
6539448
6539449
6539492
6539450
6539452
6539453
6539455
6539456
6539457
6539458
6539459
6539460
6539461
6539462
6539463
6539464
6539465
6539466
6539468
6539470
6539473
6539493
6539474
6539475
6539476
6539478
6539479
6539481
6539482
6539483
6539486
6539489
6539490
6539491
6539494
6539501
6539503
6539504
6539506
6539507
6539508
6539509
6539511
6539512
6539513
6539515
6539517
6539520
6539524
6539525
6539526
6539529
6539530
6539532
6540798
6539533
6539534
6539535
6539537
6539544
6539547
6539496
6539548
6539549
6539550
6539551
6539552
6539554
6539557
6539563
6539565
6539566
6539568
6539569
6539497
6539573
6539576
6539577
6539582
6539583
6539584
6539585
6539592
6539594
6539595
6539498
6539599
6539605
6539607
6539611
6539615
6539616
6539623
6539625
6539627
6539632
6539633
6539634
6539635
6539636
6539637
6539638
6539639
6539640
6539641
6539643
6539644
6539645
6539646
6539647
6539648
6539649
6539650
6539651
6539652
6539653
6539654
6539656
6539657
6539658
6539659
6539660
6539661
6539662
6539663
6539665
6539667
6539668
6539669
6539671
6539672
6539673
6539674
6539675
6539676
6539677
6539678
6539679
6539680
6539683
6539684
6539685
6539686
6539687
6539688
6539689
6539690
6539691
6539692
6539694
6539695
6539696
6539697
6539698
6539699
6539700
6539701
6539702
6539703
6539704
6539705
6539706
6539707
6539709
6539710
6539711
6539713
6539714
6539715
6539716
6539717
6539719
6539720
6539721
6539723
6539724
6539726
6539728
6539729
6539731
6539732
6539733
6539734
6539735
6539736
6539738
6539739
6539740
6539741
6539742
6539743
6539744
6539746
6539747
6539748
6539749
6539751
6539752
6539753
6539758
6539759
6539760
6539761
6539762
6539763
6539764
6539765
6539766
6539767
6539768
6539769
6539770
6539771
6539772
6539773
6539774
6539775
6539776
6539777
6539778
6539779
6539780
6539782
6539783
6539784
6539785
6539786
6539789
6539790
6539792
6539793
6539794
6539795
6539797
6539798
6539799
6539800
6539801
6539802
6539803
6539804
6539805
6539806
6539807
6539808
6539809
6539810
6539811
6539813
6539816
6539817
6539818
6539819
6539820
6539821
6539822
6539823
6539824
6539825
6539828
6539829
6539830
6539831
6539832
6539833
6539836
6539837
6539838
6539839
6539840
6539842
6539843
6539844
6539845
6539847
6539848
6539851
6539852
6539853
6539854
6539856
6539857
6539858
6539859
6539860
6539861
6539862
6539863
6539864
6539866
6539868
6539869
6539870
6539871
6539872
6539873
6539875
6539876
6539878
6539879
6539881
6539882
6539883
6539884
6539885
6539886
6539887
6539889
6539890
6539891
6539893
6539894
6539895
6539897
6539900
6539901
6539902
6539903
6539904
6539905
6539907
6539908
6539909
6539910
6539912
6539913
6539916
6539917
6539918
6539919
6539920
6539922
6539924
6539925
6539926
6539927
6539928
6539930
6539931
6539932
6539933
6539934
6539936
6539937
6539938
6539939
6539941
6539942
6539943
6539944
6539945
6539946
6539947
6539948
6539950
6539951
6539952
6539953
6539954
6539957
6539958
6539959
6539960
6539961
6539962
6539963
6539964
6539965
6539966
6539968
6539970
6539971
6537429
6539974
6539978
6539979
6539981
6539984
6539985
6539989
6539992
6539993
6539994
6539995
6539996
6539997
6539998
6540001
6540002
6540003
6540005
6540008
6540009
6540010
6540012
6540208
6540014
6540016
6540017
6540018
6540019
6540020
6540021
6540022
6540025
6540027
6540029
6540030
6540032
6540033
6540037
6540038
6540040
6540042
6540043
6540044
6540045
6540046
6540048
6540049
6540050
6540051
6540053
6540055
6540056
6540057
6540058
6540059
6540060
6540061
6540062
6540063
6540064
6540066
6540067
6540068
6540071
6540072
6540073
6540074
6540075
6540076
6540077
6540078
6540080
6540081
6540083
6540084
6540085
6540086
6540088
6540089
6540090
6540093
6540094
6540095
6540096
6540097
6540099
6540100
6540101
6540102
6540107
6540108
6540109
6540112
6540113
6540114
6540115
6540116
6540118
6540119
6540120
6540121
6540122
6540123
6540124
6540125
6540127
6540128
6540129
6540130
6540131
6540132
6540133
6540134
6540135
6540136
6540137
6540138
6540139
6540140
6540141
6540142
6540143
6540144
6540145
6540146
6540147
6540148
6540149
6540150
6540151
6540152
6540154
6540155
6540156
6540157
6540158
6540159
6540160
6540161
6540162
6540163
6540164
6540165
6540166
6540167
6540169
6540173
6540175
6540176
6540177
6540178
6540179
6540180
6540181
6540182
6540183
6540184
6540186
6540188
6540189
6540190
6540191
6540193
6540196
6540197
6540199
6540201
6540202
6540203
6540204
6540210
6540213
6540214
6540215
6540219
6540220
6540221
6540223
6540225
6540230
6540235
6540236
6540237
6540238
6540241
6540245
6540249
6540250
6540251
6540252
6540253
6540255
6540256
6540257
6540259
6540260
6540261
6540262
6540263
6540264
6540265
6540266
6540269
6540270
6540271
6540273
6540274
6540275
6540276
6540278
6540279
6540280
6540281
6540283
6540285
6540286
6540287
6540289
6540290
6540291
6540292
6540293
6540294
6540295
6540296
6540297
6540298
6540299
6540300
6540301
6540302
6540304
6540305
6540306
6540307
6540308
6540309
6540310
6540311
6540312
6540313
6540314
6540315
6540316
6540317
6540319
6540320
6540321
6540322
6540323
6540325
6540329
6540331
6540332
6540333
6540334
6540335
6540337
6540338
6540339
6540340
6540341
6540342
6540343
6540345
6540346
6540349
6540350
6540351
6540354
6540355
6540360
6540361
6540362
6540364
6540365
6540367
6540368
6540369
6540370
6540371
6540373
6540374
6540376
6540378
6540379
6540380
6540381
6540382
6540383
6540384
6540385
6540386
6540387
6540388
6540389
6540390
6540391
6540394
6540395
6540396
6540397
6540398
6540401
6540404
6540405
6540407
6540409
6540410
6540411
6540412
6540414
6540417
6540418
6540419
6540420
6540421
6540422
6540424
6540426
6540428
6540429
6540430
6540433
6540434
6540435
6540437
6540438
6540440
6540441
6540442
6540443
6540444
6540445
6540446
6540447
6540450
6540451
6540452
6540455
6540457
6540459
6540460
6540462
6540464
6540468
6540469
6540470
6540472
6540473
6540475
6540476
6540477
6540478
6540481
6540482
6540484
6540486
6540487
6540488
6540490
6540492
6540493
6540495
6540499
6540501
6540503
6540505
6540506
6540507
6540508
6540509
6540510
6540513
6540514
6540515
6540516
6540517
6540520
6540521
6540522
6540523
6540524
6540526
6540528
6540530
6540531
6540532
6540533
6540534
6540536
6540537
6540538
6540539
6540541
6540542
6540543
6540545
6540547
6540548
6540549
6540551
6540552
6540553
6540554
6540555
6540556
6540557
6540558
6540559
6540560
6540562
6540563
6540564
6540565
6540566
6540567
6540568
6540569
6540570
6540571
6540572
6540573
6540574
6540575
6540576
6540577
6540578
6540579
6540580
6540581
6540582
6540583
6540584
6540585
6540586
6540587
6540588
6540589
6540590
6540592
6540593
6540594
6540595
6540597
6540598
6540599
6540600
6540601
6540602
6540603
6540604
6540605
6540606
6540607
6540608
6540609
6540610
6540611
6540612
6540613
6540614
6540616
6540617
6540618
6540619
6540620
6540621
6540622
6540623
6540624
6540625
6540626
6540627
6540629
6540631
6540632
6540633
6540634
6540635
6540637
6540638
6540639
6540640
6540641
6540642
6540643
6540644
6540645
6540646
6540647
6540648
6540649
6540650
6540651
6540652
6540653
6540655
6540656
6540657
6540658
6540659
6540660
6540661
6540663
6540664
6540665
6540666
6540667
6540668
6540669
6540670
6540671
6540672
6540673
6540674
6540678
6540679
6540680
6540681
6540682
6540684
6540685
6540686
6540687
6540688
6540689
6540691
6540692
6540693
6540697
6540698
6540699
6540700
6540702
6540703
6540704
6540706
6540707
6540708
6540710
6540712
6540713
6540714
6540715
6540716
6540717
6540718
6540719
6540720
6540721
6540723
6540724
6540725
6540726
6540727
6540728
6540729
6540730
6540731
6540733
6540734
6540735
6540736
6540738
6540739
6540740
6540741
6540743
6540744
6540745
6540746
6540747
6540748
6540751
6540752
6540753
6540754
6540755
6540758
6540759
6540760
6540766
6540767
6540769
6540771
6540774
6540775
6540777
6540778
6540779
6540780
6540781
6540782
6540783
6540785
6540786
6540793
6540795
6540796
6540799
6540800
6540801
6540803
6540804
6540805
6540806
6540807
6540808
6540809
6540810
6540811
6540812
6540813
6540814
6540815
6540816
6540817
6540818
6540820
6540821
6540822
6540823
6540824
6540825
6540826
6540827
6540828
6540829
6540830
6540831
6540832
6540833
6540834
6540835
6540836
6540837
6540838
6540839
6540840
6540842
6540843
6540844
6540845
6540847
6540848
6540850
6540851
6540853
6540856
6540860
6540862
6540863
6540864
6540865
6540866
6540867
6540869
6540870
6540872
6540873
6540874
6540875
6540876
6540877
6540878
6540879
6540880
6540881
6540882
6540884
6540885
6540886
6540887
6540888
6540889
6540890
6540891
6540892
6540893
6540894
6540895
6540896
6540897
6540898
6540900
6540901
6540903
6540904
6540906
6540907
6540908
6540909
6540910
6540911
6540912
6540913
6540914
6540915
6540916
6540917
6540919
6540920
6540921
6540923
6540924
6540926
6540927
6540928
6540930
6540931
6540932
6540933
6540934
6540935
6540936
6540937
6540938
6540939
6540940
6540942
6540945
6540946
6540947
6540948
6540949
6540950
6540951
6540953
6540954
6540955
6540956
6540957
6540960
6540961
6540962
6540964
6540965
6540967
6540968
6540970
6540971
6540972
6540973
6540974
6540975
6540976
6540978
6540979
6540980
6540981
6540982
6540983
6540984
6540985
6540986
6540987
6540989
6540990
6540991
6540992
6540993
6540994
6540995
6540997
6540998
6540999
6541000
6541001
6541002
6541003
6541004
6541005
6541006
6541007
6541008
6541009
6541010
6541011
6541012
6541013
6541014
6541015
6541016
6541017
6541018
6541019
6541020
6541021
6541022
6541023
6541024
6541025
6541026
6541027
6541028
6541029
6541030
6541031
6541032
6541033
6541034
6541035
6541036
6541037
6541038
6541039
6541040
6541041
6541042
6541043
6541044
6541045
6541046
6541047
6541048
6541050
6541051
6541052
6541053
6541054
6541056
6541057
6541058
6541059
6541060
6541061
6541063
6541064
6541065
6541067
6541068
6541069
6541071
6541072
6541073
6541074
6541076
6541077
6541078
6541079
6541080
6541081
6541082
6541083
6541084
6541085
6541086
6541087
6541089
6541090
6541091
6541092
6541094
6541096
6541097
6541098
6541099
6541100
6541101
6541102
6541103
6541104
6541105
6541106
6541109
6541110
6541112
6541113
6541114
6541115
6541116
6541117
6541118
6541119
6541120
6541121
6541122
6541123
6541124
6541125
6541130
6541131
6541132
6541133
6541134
6541135
6541136
6541138
6541139
6541140
6541141
6541142
6541144
6541145
6541146
6541147
6541148
6541149
6541150
6541152
6541153
6541154
6541155
6541156
6541157
6541158
6541159
6541160
6541161
6541162
6541163
6541164
6541165
6541166
6541167
6541168
6541169
6541170
6541172
6541173
6541174
6541176
6541177
6541178
6541179
6541180
6541181
6541182
6541184
6541185
6541186
6541187
6541188
6541189
6541190
6541191
6541192
6541194
6541195
6539142
6541196
6541197
6541198
6541199
6541200
6539143
6541201
6541202
6541203
6541204
6541207
6541208
6541209
6541210
6541211
6541212
6541213
6541214
6541215
6541216
6541217
6541219
6539147
6541221
6541222
6541223
6541224
6541225
6539148
6541226
6541227
6541228
6541229
6541230
6541231
6541232
6541233
6541235
6541236
6541237
6541238
6541239
6541240
6541241
6541242
6541243
6541244
6541245
6539152
6541246
6541248
6541249
6541250
6539153
6541251
6541252
6541253
6541254
6541255
6541256
6541257
6541258
6541259
6541262
6541263
6541264
6541265
6541266
6541267
6541268
6541269
6541270
6541271
6541272
6541273
6541274
6541275
6541276
6541277
6541278
6541279
6541280
6541281
6541282
6541283
6541284
6541285
6541286
6541287
6541289
6540797
6536341
6536342
6536343
6536344
6536345
6536346
6536347
6536348
6536349
6536352
6536353
6536354
6536355
6536356
6536357
6536360
6536361
6536362
6536363
6536364
6536365
6536366
6536368
6536369
6536370
6536371
6536372
6536373
6536374
6536375
6536376
6536377
6536378
6536380
6536381
6536382
6536384
6536385
6536386
6536387
6536388
6536389
6536390
6536391
6536392
6536393
6536394
6536395
6536396
6536398
6536399
6536400
6536401
6536402
6536403
6536405
6536407
6536408
6536409
6536410
6536411
6536412
6536413
6536417
6536418
6536419
6536420
6536421
6536423
6536426
6536428
6536429
6536430
6536431
6536432
6536434
6536435
6536436
6536437
6536438
6536439
6536440
6536443
6536444
6536445
6536446
6536447
6536448
6536449
6536450
6536451
6536452
6536453
6536454
6536455
6536456
6536457
6536458
6536459
6536460
6536461
6536462
6536463
6536465
6536466
6536467
6536468
6536469
6536470
6536471
6536472
6536477
6536478
6536479
6536481
6536482
6536483
6536485
6536487
6536488
6536489
6536490
6536491
6536492
6536493
6536494
6536495
6536496
6536497
6536499
6536500
6536501
6536502
6536503
6536504
6536505
6536506
6536507
6536508
6536510
6536511
6536512
6536513
6536514
6536515
6536516
6536517
6536518
6536519
6536520
6536521
6536522
6536523
6536524
6536525
6536526
6536527
6536528
6536529
6536530
6536531
6536532
6536534
6536535
6536536
6536537
6536538
6536539
6536540
6536541
6536542
6536543
6536544
6536545
6536546
6536547
6536548
6536549
6536550
6536551
6536552
6536553
6536554
6536555
6536556
6536557
6536558
6536559
6536560
6536561
6536562
6536563
6536564
6536565
6536566
6536567
6536568
6536569
6536571
6536572
6536573
6536574
6536575
6536576
6536577
6536578
6536579
6536580
6536581
6536582
6536583
6536584
6536585
6536586
6536587
6536588
6536589
6536591
6536592
6536594
6536595
6536596
6536597
6536598
6536599
6536600
6536601
6536602
6536603
6536604
6536605
6536606
6536608
6536610
6536613
6536614
6536615
6536616
6536617
6536618
6536619
6536620
6536621
6536622
6536623
6536625
6536626
6536627
6536629
6536630
6536631
6536632
6536633
6536634
6536635
6536636
6536637
6536638
6536639
6536640
6536641
6536642
6536643
6536644
6536645
6536646
6536647
6536648
6536649
6536650
6536651
6536652
6536653
6536656
6536657
6536658
6536659
6536660
6536661
6536662
6536663
6536664
6536665
6536666
6536667
6536668
6536669
6536670
6536672
6536673
6536674
6536675
6536676
6536677
6536678
6536679
6536680
6536681
6536682
6536683
6536684
6536685
6536686
6536687
6536689
6536691
6536692
6536694
6536695
6536696
6536698
6536699
6536700
6536701
6536702
6536703
6536704
6536705
6536706
6536707
6536708
6536709
6536710
6536711
6536712
6536713
6536714
6536715
6536716
6536717
6536718
6536719
6536720
6536721
6536722
6536723
6536724
6536725
6536726
6536727
6536729
6536730
6536731
6536732
6536733
6536734
6536735
6536736
6536737
6536738
6536739
6536740
6536741
6536742
6536743
6536744
6536745
6536746
6536747
6536748
6536749
6536750
6536751
6536752
6536754
6536755
6536756
6536757
6536758
6536759
6536760
6536761
6536762
6536763
6536764
6536765
6536766
6536767
6536768
6536770
6536771
6536772
6536773
6536774
6536775
6536776
6536778
6536779
6536780
6536782
6536784
6536785
6536787
6536788
6536790
6536791
6536792
6536793
6536794
6536795
6536796
6536797
6536798
6536800
6536803
6536806
6536807
6536808
6536810
6536811
6536812
6536813
6536814
6536815
6536816
6536817
6536818
6536819
6536820
6536821
6536822
6536823
6536824
6536825
6536826
6536827
6536828
6536829
6536830
6536831
6536832
6536834
6536835
6536836
6536837
6536838
6536839
6536840
6536841
6536842
6536843
6536844
6536845
6536846
6536847
6536848
6536849
6536850
6536851
6536852
6536853
6536854
6536855
6536856
6536857
6536858
6536859
6536860
6536861
6536862
6536864
6536865
6536868
6536874
6536886
6536942
6536956
6536984
6537001
6537003
6537025
6537026
6537031
6537057
6537065
6537069
6537098
6537121
6537123
6537128
6537142
6537196
6537217
6537224
6537226
6537237
6537246
6537280
6537303
6537308
6537316
6537383
6537394
6537403
6537409
6537418
6537427
6537428
6537434
6537436
6537437
6537444
6537479
6537482
6537491
6537493
6537522
6537534
6537552
6537594
6537596
6537612
6537613
6537617
6537622
6537633
6537645
6537739
6537749
6537776
6537793
6537800
6537802
6537820
6537824
6537826
6537829
6537833
6537846
6537847
6537850
6537861
6537951
6537958
6537964
6537990
6537992
6538003
6538012
6538015
6538021
6538023
6538024
6538028
6538042
6538050
6538069
6538071
6538077
6538081
6538084
6538087
6538094
6538096
6538114
6538115
6538140
6538165
6538182
6538188
6538193
6538204
6538208
6538209
6538213
6538232
6538234
6538241
6538243
6538254
6538256
6538257
6538258
6538259
6538260
6538274
6538290
6538291
6538293
6538300
6538310
6538317
6538331
6538353
6538359
6538372
6538378
6538381
6538390
6538401
6538419
6538430
6538441
6538447
6538485
6538532
6538534
6538549
6538555
6538563
6539383
6539433
6539447
6539451
6539454
6539469
6539472
6539480
6539485
6539500
6539528
6539540
6539571
6539589
6539613
6539614
6539631
6539670
6539708
6539730
6539756
6539781
6539787
6539791
6539849
6539888
6539899
6539906
6539972
6539973
6539976
6539983
6539987
6539991
6539999
6540000
6540013
6540015
6540023
6540024
6540028
6540031
6540036
6540041
6540079
6540092
6540098
6540104
6540105
6540106
6540110
6540117
6540126
6540168
6540172
6540185
6540192
6540200
6540205
6538160
6540209
6540211
6540212
6540216
6540218
6540222
6540224
6540226
6540228
6540229
6540231
6540233
6540242
6540243
6540247
6540248
6540254
6540258
6540282
6540327
6540357
6540358
6540366
6540393
6540403
6540432
6540453
6538170
6540465
6540467
6540512
6540677
6540696
6539514
6539518
6539519
6539521
6539523
6539536
6539538
6539539
6539545
6539555
6539556
6539558
6539559
6539560
6539561
6539562
6539572
6539574
6539578
6536866
6536867
6536869
6536870
6536871
6536872
6539580
6536873
6536875
6536876
6536877
6536878
6536879
6536880
6536882
6536883
6536887
6536888
6536889
6536890
6536891
6536892
6536893
6536895
6536896
6536897
6536898
6536899
6536900
6536901
6536902
6536903
6539586
6536905
6536906
6536907
6539587
6536909
6536910
6536911
6536914
6536915
6536916
6536917
6536918
6536919
6536921
6536922
6536923
6539590
6536925
6536926
6536927
6536929
6536930
6536931
6536932
6536933
6536934
6536938
6536939
6536940
6536943
6536944
6536946
6536947
6536949
6536950
6536951
6536952
6539596
6536957
6536958
6539597
6536959
6536960
6536961
6536962
6536963
6539598
6536965
6536966
6536967
6536969
6536970
6536972
6536973
6536974
6536975
6536976
6536977
6539601
6536979
6536981
6536982
6536983
6539602
6536985
6539603
6536989
6536992
6539604
6536994
6536995
6536996
6536998
6537000
6537002
6537005
6537006
6537007
6537008
6537011
6537012
6537014
6537015
6537017
6539609
6537018
6537020
6537021
6539610
6537023
6537027
6537028
6537029
6537030
6537034
6537035
6537037
6537038
6537040
6537041
6537042
6537043
6537045
6537048
6537050
6537051
6537052
6537053
6537055
6537056
6537058
6539617
6537059
6537060
6537061
6537063
6539618
6537064
6537066
6537067
6539619
6537071
6537073
6539620
6537074
6537075
6537076
6537077
6537078
6537079
6537080
6537081
6537083
6539622
6537085
6537086
6537087
6537089
6537090
6537091
6537092
6537093
6539624
6537094
6537095
6537097
6537099
6537100
6537101
6537102
6537103
6539626
6537104
6537105
6537106
6537107
6537108
6537110
6537111
6537112
6537113
6539628
6537114
6537115
6537116
6537117
6537118
6539629
6537119
6537120
6537122
6539630
6537125
6537126
6537127
6537129
6537130
6537131
6537132
6537133
6537134
6537135
6537136
6537137
6537138
6537139
6537140
6537141
6537143
6537144
6537145
6537146
6537147
6537148
6537149
6537150
6537151
6537152
6537153
6537154
6537155
6537156
6537157
6537158
6537159
6537160
6537161
6537162
6537164
6537165
6537166
6537167
6537168
6537170
6537174
6537176
6537177
6537178
6537179
6537180
6537182
6537183
6537184
6537185
6537186
6537187
6537188
6537189
6537192
6537193
6537194
6537195
6537197
6537200
6537201
6537202
6537203
6537204
6537205
6537206
6537207
6537209
6537210
6537211
6537212
6537213
6537214
6537215
6537216
6537219
6537221
6537222
6537223
6537225
6537227
6537228
6537229
6537231
6537232
6537233
6537234
6537236
6537239
6537240
6537241
6537242
6537244
6537245
6537247
6537248
6537250
6537251
6537252
6537253
6537254
6537255
6537256
6537257
6537258
6537259
6537260
6537261
6537262
6537263
6537264
6537265
6537266
6537267
6537268
6537269
6537270
6537271
6537272
6537273
6537274
6537275
6537276
6537277
6537279
6537281
6537282
6537283
6537285
6537286
6537288
6537289
6537291
6537292
6537293
6537294
6537295
6537296
6537297
6537298
6537299
6537300
6537302
6537304
6537305
6537306
6537309
6537311
6537312
6537313
6537314
6537315
6537317
6537318
6537319
6537320
6537321
6537323
6537324
6537325
6537327
6537328
6537329
6537330
6537331
6537334
6537335
6537336
6537337
6537338
6537339
6537340
6537341
6537345
6537346
6537347
6537348
6537350
6537351
6537352
6537353
6537354
6537355
6537356
6537357
6537358
6537359
6537361
6537362
6537363
6537365
6537366
6537367
6537369
6537370
6537371
6537372
6537373
6537374
6537376
6537377
6537379
6537380
6537381
6537384
6537385
6537387
6537388
6537389
6537391
6537392
6537397
6537399
6537400
6537401
6537402
6537406
6537407
6537408
6537410
6537412
6537415
6537416
6537419
6537420
6537423
6537430
6537431
6537432
6537433
6537435
6537438
6537440
6537445
6537453
6537454
6537455
6537456
6537458
6537459
6537460
6537461
6537462
6537464
6537465
6537467
6537468
6537469
6537470
6537471
6537472
6537473
6537474
6537476
6537477
6537478
6537480
6537481
6537483
6537484
6537486
6537487
6537488
6537489
6537490
6537492
6537495
6537496
6537498
6537499
6537500
6537501
6537502
6537503
6537504
6537506
6537508
6537509
6537510
6537511
6537512
6537513
6537514
6537515
6537516
6537517
6537518
6537521
6537523
6537524
6537525
6537526
6537528
6537529
6537530
6537531
6537532
6537533
6537535
6537536
6537537
6537539
6537540
6537542
6537543
6537544
6537545
6537547
6537548
6537549
6537550
6537551
6537554
6537555
6537556
6537557
6537560
6537561
6537562
6537564
6537565
6537566
6537567
6537568
6537569
6537570
6537571
6537572
6537573
6537575
6537576
6537577
6537578
6537579
6537581
6537582
6537584
6537585
6537586
6537587
6537588
6537589
6537590
6537591
6537592
6537595
6537597
6537598
6537599
6537600
6537601
6537602
6537603
6537604
6537605
6537606
6537607
6537608
6537609
6537610
6537611
6537615
6537616
6537619
6537620
6537623
6537624
6537625
6537626
6537627
6537630
6537631
6537632
6537634
6537635
6537636
6537637
6537638
6537639
6537640
6537641
6537642
6537643
6537647
6537648
6537649
6537650
6537651
6537652
6537653
6537654
6537655
6537656
6537658
6537659
6537660
6537661
6537662
6537663
6537664
6537665
6537666
6537667
6537668
6537669
6537670
6537671
6537674
6537675
6537676
6537677
6537678
6537679
6537680
6537682
6537683
6537685
6537686
6537687
6537689
6537690
6537691
6537692
6537693
6537694
6537695
6537696
6537697
6537698
6537700
6537702
6537703
6537704
6537705
6537707
6537709
6537711
6537713
6537714
6537715
6537716
6537717
6537718
6537719
6537721
6537722
6537723
6537724
6537725
6537726
6537727
6537728
6537729
6537730
6537732
6537733
6537734
6537735
6537736
6537737
6537738
6537740
6537742
6537743
6537745
6537746
6537750
6537751
6537752
6537753
6537754
6537756
6537757
6537758
6537759
6537760
6537762
6537763
6537766
6537767
6537768
6537769
6537770
6537771
6537772
6537773
6537774
6537775
6537777
6537778
6537779
6537780
6537781
6537782
6537783
6537784
6537785
6537786
6537787
6537788
6537790
6537792
6537794
6537796
6537797
6537798
6537799
6537801
6537804
6537805
6537806
6537807
6537808
6537809
6537810
6537811
6537812
6537813
6537814
6537816
6537817
6537819
6537821
6537822
6537823
6537825
6537827
6537828
6537830
6537831
6537834
6537835
6537836
6537837
6537838
6537839
6537841
6537842
6537843
6537844
6537845
6537848
6537851
6537852
6537853
6537854
6537855
6537856
6537857
6537859
6537860
6537862
6537863
6537864
6537866
6537867
6537868
6537869
6537870
6537871
6537872
6537873
6537874
6537875
6537876
6537877
6537878
6537879
6537880
6537881
6537882
6537883
6537884
6537885
6537886
6537887
6537888
6537889
6537890
6537891
6537892
6537893
6537894
6537895
6537897
6537898
6537899
6537900
6537901
6537902
6537903
6537904
6537905
6537906
6537907
6537909
6537910
6537911
6537912
6537913
6537914
6537915
6537917
6537918
6537919
6537920
6537921
6537922
6537923
6537924
6537926
6537927
6537928
6537930
6537931
6537932
6537933
6537934
6537935
6537936
6537937
6537938
6537939
6537940
6537941
6537942
6537943
6537944
6537945
6537946
6537947
6537948
6537949
6537952
6537953
6537954
6537955
6537956
6537957
6537959
6537960
6537961
6537962
6537965
6537966
6537967
6537968
6537969
6537970
6537971
6537972
6537973
6537974
6537975
6537977
6537979
6537980
6537981
6537982
6537983
6537985
6537987
6537988
6537989
6537991
6537994
6537996
6537998
6537999
6538000
6538002
6538005
6538006
6538007
6538008
6538010
6538011
6538016
6538017
6538018
6538019
6538025
6538026
6538027
6538029
6538030
6538031
6538032
6538034
6538036
6538037
6538038
6538039
6538043
6538044
6538045
6538046
6538047
6538048
6538049
6538051
6538052
6538055
6538056
6538057
6538058
6538059
6538060
6538061
6538062
6538063
6538064
6538065
6538067
6538068
6538070
6538072
6538074
6538075
6538076
6538079
6538080
6538082
6538085
6538088
6538090
6538091
6538093
6538095
6538097
6538098
6538099
6538100
6538103
6538104
6538106
6538107
6538108
6538109
6538110
6538111
6538112
6538116
6538117
6538118
6538120
6538121
6538122
6538123
6538124
6538125
6538126
6538127
6538128
6538129
6538130
6538131
6538133
6538134
6538135
6538136
6538137
6538138
6538141
6538143
6538144
6538147
6538149
6538150
6538151
6538152
6538153
6538156
6538157
6538162
6538163
6538164
6538166
6538168
6538169
6538171
6538172
6538173
6538174
6538175
6538178
6538179
6538181
6538183
6538184
6538187
6538189
6538190
6538191
6538192
6538194
6538196
6538198
6538200
6538202
6538205
6538206
6538207
6538210
6538211
6538212
6538214
6538216
6538218
6538219
6538220
6538221
6538222
6538223
6538224
6538225
6538227
6538230
6538231
6538233
6538235
6538236
6538237
6538238
6538240
6538242
6538244
6538245
6538246
6538247
6538248
6538249
6538250
6538252
6538253
6538255
6538261
6538262
6538264
6538265
6538267
6538268
6538269
6538270
6538271
6538272
6538275
6538276
6538277
6538278
6538279
6538281
6538282
6538283
6538284
6538285
6538286
6538289
6538294
6538295
6538296
6538298
6538299
6538301
6538302
6538304
6538305
6538306
6538307
6540749
6538313
6538314
6538318
6538319
6538321
6538322
6538323
6538325
6538327
6538328
6538329
6538330
6538332
6538333
6538334
6540750
6538335
6538336
6538339
6538340
6538341
6538342
6538343
6538344
6538345
6538346
6538347
6538349
6538350
6538352
6538354
6538355
6538356
6538357
6538361
6538362
6538363
6538364
6538365
6538366
6538367
6538369
6538370
6538373
6538374
6538375
6538376
6538377
6538380
6538383
6538384
6538385
6538387
6538388
6538389
6538391
6538392
6538393
6538394
6538395
6538396
6538398
6538399
6538400
6538402
6538403
6538404
6538405
6538406
6538407
6538408
6538409
6538410
6538411
6538412
6538413
6538414
6538415
6538416
6538417
6538418
6538421
6538422
6538423
6538424
6538425
6538426
6538427
6538431
6538432
6538433
6538434
6538435
6538436
6538437
6538438
6538439
6538442
6538443
6538444
6538445
6538446
6538448
6538449
6538450
6538451
6538452
6538453
6538454
6538457
6538458
6538459
6538460
6538461
6538462
6538464
6538465
6538466
6538467
6538468
6538469
6538470
6538473
6538474
6538475
6538476
6538477
6538478
6538480
6538481
6538482
6538483
6540756
6538486
6538488
6538490
6538491
6538492
6538494
6538497
6538498
6538499
6538500
6538501
6538502
6538504
6538505
6538506
6538507
6540757
6538508
6538509
6538510
6538511
6538512
6538513
6538514
6538515
6538516
6538517
6538518
6538520
6538521
6538522
6538523
6538525
6538526
6538527
6538528
6538530
6538531
6538533
6538535
6538537
6538538
6538539
6538540
6538541
6538542
6538544
6538545
6538546
6538548
6538551
6538552
6538553
6538557
6538559
6538560
6538561
6538562
6538564
6538565
6538566
6538567
6538568
6538569
6538570
6538571
6538573
6538575
6538576
6538577
6538579
6538581
6538582
6538583
6538585
6538155
6538587
6538588
6538589
6538590
6538591
6538592
6538593
6538594
6538595
6538596
6538597
6538598
6538599
6538601
6538602
6538603
6538604
6538606
6538607
6540761
6538609
6538610
6538611
6538612
6538613
6538614
6538615
6538616
6538617
6538618
6538619
6538620
6538621
6538622
6538623
6538624
6538625
6538626
6538628
6538629
6538630
6538631
6538632
6538633
6538634
6538635
6538637
6538638
6538639
6538640
6538642
6538643
6538644
6538645
6538646
6538647
6538648
6538650
6538651
6538652
6538653
6538654
6538655
6538656
6540763
6538657
6538658
6538659
6538158
6538661
6538662
6538663
6538664
6538665
6538666
6538667
6538668
6538669
6538670
6538671
6538672
6538673
6538674
6538675
6538676
6538677
6538678
6538679
6538680
6540764
6538682
6538684
6538685
6538686
6538687
6538688
6538689
6538690
6538691
6538692
6538693
6538694
6538695
6538696
6538698
6538699
6538700
6538701
6538702
6538703
6538704
6538705
6538706
6540765
6538707
6538708
6538709
6538710
6538712
6538715
6538717
6538719
6538720
6538726
6538728
6538729
6538730
6538731
6538733
6538734
6538735
6538736
6538738
6538739
6538740
6538742
6538743
6538745
6538746
6538747
6538748
6538749
6538750
6538751
6538752
6538753
6538755
6538756
6538758
6538759
6538760
6538761
6538762
6538763
6538765
6538766
6538767
6538768
6538769
6538771
6538772
6538773
6538774
6538775
6538777
6538779
6538780
6538781
6538782
6538783
6538784
6538785
6538786
6540768
6538787
6538789
6538790
6538791
6538792
6538793
6538794
6538795
6538796
6538797
6538798
6538799
6538800
6538802
6538805
6538806
6538807
6538808
6538809
6538810
6538811
6538812
6538813
6538814
6538816
6538817
6538818
6538819
6538820
6538821
6538822
6538824
6538826
6538827
6538828
6538829
6538830
6538833
6538834
6538835
6538838
6538839
6538842
6538843
6538844
6538845
6538847
6538848
6538849
6538851
6538852
6538853
6538854
6538855
6538857
6538858
6538860
6538861
6538863
6538864
6538866
6538868
6538870
6538873
6538874
6538875
6538876
6538877
6538879
6538880
6538881
6538167
6538884
6538886
6538887
6538888
6538889
6538892
6538894
6538895
6538897
6538898
6538900
6538901
6538902
6538904
6538905
6538907
6538908
6538909
6538910
6538912
6538913
6538914
6538916
6538917
6538918
6538919
6538920
6538922
6538923
6538925
6538926
6538927
6538928
6538929
6538931
6538932
6538933
6538935
6538936
6538937
6538939
6538940
6538941
6538942
6538943
6538944
6538945