6734367
6734389
6732786
6732834
6732845
6732851
6732855
6732857
6732877
6732882
6732898
6732911
6732921
6733040
6733047
6733048
6733049
6733057
6733060
6733061
6733062
6733068
6733070
6733071
6733074
6733075
6733092
6733101
6733110
6733111
6733112
6733113
6733114
6733117
6733118
6733130
6733132
6733141
6733160
6733176
6733184
6733193
6733199
6733200
6733215
6733227
6733234
6731946
6731952
6733265
6731967
6733272
6733280
6731979
6730731
6730733
6730734
6730735
6730736
6730737
6730738
6730740
6730742
6730743
6730744
6730745
6730746
6730749
6730750
6730751
6730752
6730753
6730754
6730756
6730757
6730758
6730760
6730761
6730762
6730763
6730764
6730765
6730766
6730767
6730768
6730769
6730770
6730771
6730773
6730774
6730775
6730776
6730777
6730778
6730779
6730780
6730781
6730783
6730785
6730786
6730787
6730790
6730791
6730792
6730793
6730794
6730795
6730796
6730797
6730798
6730800
6730801
6730802
6730803
6730804
6730805
6733300
6730807
6730808
6730810
6730811
6730812
6730813
6730814
6730815
6730816
6730817
6730818
6730819
6730821
6730822
6730823
6730824
6730825
6730826
6730827
6730828
6730829
6730830
6730831
6730832
6730833
6730834
6730835
6730836
6730837
6730838
6730839
6730840
6730841
6730842
6730843
6730844
6730846
6730847
6730848
6730849
6730850
6730851
6730852
6730853
6730854
6730855
6730856
6730858
6730859
6730860
6730861
6730862
6730863
6730864
6730867
6730868
6730869
6730870
6730871
6730872
6730873
6730874
6730875
6730876
6730877
6730878
6730879
6730880
6730881
6730882
6730883
6730884
6730885
6730887
6730889
6730890
6730891
6730892
6730893
6730895
6730896
6730897
6730898
6730899
6730900
6730901
6730902
6730904
6730905
6730906
6730907
6730909
6730910
6730911
6730912
6730913
6730914
6730915
6730916
6730917
6730918
6730921
6730922
6730924
6730925
6730926
6730927
6730928
6730929
6730930
6730931
6730932
6730933
6730934
6730935
6730936
6730937
6730938
6730939
6730940
6730941
6730943
6730944
6730945
6730946
6730947
6730949
6730950
6730951
6730952
6730953
6730954
6730955
6730956
6730957
6730958
6730959
6730960
6730961
6730962
6730963
6730964
6730965
6730966
6730968
6730969
6730970
6730971
6730972
6730973
6730974
6730975
6730976
6730977
6730978
6730979
6730980
6730982
6730984
6730985
6730986
6730987
6730988
6730989
6730990
6730991
6730992
6730994
6730995
6730996
6730997
6730998
6730999
6731000
6731001
6731002
6731004
6731005
6731006
6731007
6731008
6731009
6731010
6731011
6731012
6731013
6731014
6731015
6731016
6731017
6731018
6731019
6731020
6731021
6731022
6731023
6731024
6731025
6731026
6731027
6731028
6731029
6731030
6731031
6731032
6731033
6731034
6731035
6731036
6731037
6731038
6731039
6731041
6731042
6731043
6731044
6731045
6731046
6731047
6731048
6731051
6731053
6731054
6731056
6731057
6731059
6731060
6731062
6731068
6731069
6731070
6731071
6731072
6731073
6731074
6731075
6731076
6731077
6731078
6731079
6731080
6731081
6731083
6731084
6731085
6731086
6731087
6731088
6731089
6731090
6731091
6731092
6731093
6731094
6731095
6731096
6731097
6731098
6731099
6731100
6731101
6731102
6731103
6731104
6731105
6731106
6731107
6731108
6731109
6731110
6731111
6731112
6731113
6731114
6731115
6731116
6731117
6731118
6731119
6731120
6731121
6731122
6731123
6731124
6731125
6731126
6731127
6731128
6731129
6731130
6731131
6731132
6731133
6731134
6731135
6731136
6731137
6731138
6731140
6731141
6731142
6731143
6731144
6731146
6731147
6731148
6731149
6731150
6731151
6731153
6731154
6731155
6731156
6731157
6731158
6731160
6731161
6731162
6731163
6731164
6731165
6731166
6731167
6731168
6731169
6731170
6731172
6731173
6731174
6731175
6731176
6731177
6731178
6731179
6731180
6731181
6731182
6731183
6731184
6731185
6731187
6731188
6731189
6731190
6731191
6731192
6731193
6731194
6731195
6731196
6731197
6731198
6731199
6731200
6731201
6731202
6731203
6731204
6731205
6731206
6731207
6731208
6731209
6731211
6731212
6731213
6731214
6731215
6731216
6731217
6731218
6731219
6731220
6731221
6731222
6731223
6731224
6731225
6731226
6731227
6731228
6731229
6731230
6731231
6731232
6731233
6731234
6731235
6731236
6731237
6731238
6731239
6731240
6731241
6731242
6731243
6731245
6731246
6731247
6731248
6731249
6731250
6731251
6731252
6731253
6731254
6731255
6731256
6731257
6731258
6731259
6731260
6731261
6731262
6731263
6731264
6731265
6731266
6731267
6731268
6731269
6731270
6731271
6731272
6731273
6731275
6731277
6731278
6731279
6731280
6731281
6731282
6731283
6731284
6731285
6731286
6731287
6731288
6731289
6731290
6731291
6731292
6731293
6731294
6731295
6731296
6731297
6731298
6731299
6731300
6731301
6731302
6731303
6731304
6731305
6731306
6731307
6731308
6731309
6731310
6731311
6731312
6731313
6731314
6731315
6731317
6731318
6731319
6731320
6731321
6731322
6731323
6731324
6731325
6731326
6731327
6731328
6731329
6731330
6731331
6731332
6731333
6731334
6731335
6731336
6731337
6731338
6731339
6731341
6731342
6731343
6731344
6731345
6731346
6731348
6731349
6731350
6731352
6731354
6731355
6731356
6731357
6731358
6731359
6731360
6731361
6731362
6731363
6731364
6731365
6731366
6731367
6731368
6731369
6731370
6731371
6731373
6731374
6731375
6731376
6731377
6731378
6731379
6731380
6731381
6731382
6731383
6731384
6731385
6731386
6731387
6731388
6731389
6731390
6731392
6731394
6731395
6731396
6731397
6731398
6731399
6731400
6731401
6731402
6731403
6731404
6731405
6731406
6731407
6731408
6731409
6731410
6731411
6731412
6731413
6731414
6731415
6731416
6731417
6731418
6731419
6731420
6731421
6731422
6731423
6731424
6731426
6731427
6731428
6731429
6731431
6731432
6731433
6731434
6731435
6731436
6731438
6731440
6731442
6731443
6731444
6731445
6731446
6731447
6731448
6731449
6731450
6731452
6731453
6731454
6731456
6731457
6731458
6731459
6731462
6731463
6731465
6731466
6731467
6731470
6731471
6731472
6731474
6731475
6731476
6731477
6731478
6731479
6731480
6731481
6731482
6731483
6731484
6731485
6731486
6731487
6731488
6731489
6731490
6731491
6731492
6731494
6731495
6731496
6731497
6731498
6731499
6731500
6731501
6731502
6731504
6731505
6731506
6731507
6731508
6731509
6731510
6731511
6731512
6731513
6731514
6731515
6731516
6731518
6731520
6731521
6731522
6731523
6731524
6731525
6731526
6731527
6731528
6731529
6731530
6731531
6731532
6731533
6731534
6731535
6731536
6731537
6731538
6731539
6731540
6731541
6731542
6731543
6731544
6731545
6731547
6731548
6731549
6731550
6731552
6731553
6731554
6731555
6731556
6731557
6731558
6731559
6731560
6731561
6731562
6731563
6731565
6731566
6731567
6731568
6731569
6731570
6731571
6731572
6731573
6731574
6731575
6731576
6731577
6731578
6731579
6731580
6731581
6731582
6731583
6731584
6731585
6731588
6731590
6731591
6731592
6731593
6731594
6731595
6731596
6731597
6731598
6731599
6731600
6731601
6731602
6731605
6731606
6731607
6731608
6731609
6731610
6731611
6731612
6731613
6731614
6731615
6731616
6731617
6731618
6731619
6731620
6731621
6731622
6731623
6731624
6731625
6731626
6731627
6731628
6731629
6731630
6731631
6731632
6731633
6731634
6731635
6731636
6731637
6731638
6731639
6731640
6731641
6731642
6731643
6731644
6731645
6731646
6731647
6731648
6731649
6731650
6731651
6731652
6731653
6731654
6731655
6731656
6731657
6731658
6731659
6731660
6731661
6731662
6731663
6731664
6731665
6731666
6731667
6731668
6731669
6731670
6731671
6731672
6731673
6731674
6731675
6731676
6731677
6731678
6731679
6731680
6731681
6731683
6731684
6731685
6731686
6731687
6731688
6731689
6731690
6731691
6731692
6731693
6731694
6731695
6731696
6731697
6731698
6731699
6731700
6731701
6731702
6731703
6731704
6731705
6731707
6731708
6731709
6731710
6731711
6731712
6731713
6731714
6731715
6731716
6731717
6731718
6731719
6731720
6731721
6731722
6731723
6731724
6731725
6731726
6731727
6731728
6731729
6731730
6731731
6731732
6731733
6731734
6731735
6731736
6731737
6731738
6731739
6731740
6731741
6731742
6731743
6731744
6731745
6731746
6731747
6731748
6731749
6731750
6731751
6731752
6731753
6731754
6731755
6731756
6731757
6731758
6731759
6731760
6731761
6731762
6731763
6731764
6731765
6731767
6731768
6731769
6731770
6731771
6731772
6731773
6731774
6731776
6731777
6731779
6731780
6731781
6731782
6731783
6731784
6731785
6731786
6731787
6731788
6731789
6731791
6731792
6731793
6731794
6731795
6731796
6731797
6731799
6731801
6731802
6731803
6731804
6731805
6731806
6731807
6731808
6731809
6731810
6731811
6731812
6731813
6731814
6731815
6731818
6731819
6731820
6731821
6731822
6731823
6731824
6731825
6731829
6731832
6731835
6731836
6731837
6731839
6731840
6731841
6731843
6731844
6731845
6731846
6731847
6731848
6731849
6731850
6731851
6731852
6731853
6731855
6731856
6731857
6731859
6731861
6731863
6731864
6731865
6731866
6731867
6731868
6731871
6731874
6731875
6731876
6731878
6731879
6731880
6731881
6731882
6731884
6731885
6731886
6731887
6731888
6731889
6731890
6731891
6731892
6731893
6731894
6731895
6731896
6731897
6731898
6731899
6731900
6731901
6731902
6731903
6731905
6731906
6731907
6731908
6731910
6731911
6731912
6731913
6731914
6731915
6731916
6731917
6731918
6731919
6731920
6731921
6731925
6731926
6731928
6731930
6731931
6731932
6731934
6731935
6731937
6731939
6731940
6731941
6731942
6731943
6731948
6731949
6731951
6731953
6731956
6731957
6731960
6731961
6731962
6731963
6731965
6731968
6731969
6731970
6731971
6731972
6731975
6731976
6731977
6731978
6731980
6731981
6731982
6731983
6731984
6731985
6731986
6731987
6731989
6731990
6731991
6731992
6731993
6731995
6731996
6731997
6731999
6732000
6732001
6732002
6732003
6732004
6732005
6732006
6732007
6732008
6732009
6732010
6732011
6732012
6732013
6732014
6732015
6732017
6732019
6732021
6732022
6732023
6732025
6732027
6732028
6732029
6732030
6732031
6732032
6732033
6732034
6732035
6732037
6732038
6732039
6732040
6732042
6732043
6732044
6732045
6732046
6732047
6732048
6732049
6732050
6732051
6732052
6732053
6732054
6732055
6732056
6732057
6732058
6732059
6732061
6732062
6732063
6732064
6732065
6732066
6732067
6732068
6732069
6732070
6732071
6732073
6732074
6732075
6732076
6732077
6732078
6732079
6732080
6732081
6732082
6732083
6732084
6732085
6732086
6732087
6732088
6732089
6732090
6732091
6732092
6732093
6732094
6732095
6732096
6732097
6732098
6732099
6732100
6732101
6732104
6732105
6732106
6732107
6732108
6732109
6732110
6732111
6732112
6732113
6732114
6732115
6732116
6732117
6732118
6732119
6732120
6732121
6732122
6732123
6732124
6732125
6732127
6732129
6732130
6732131
6732132
6732133
6732134
6732135
6732137
6732138
6732139
6732140
6732142
6732143
6732144
6732145
6732146
6732147
6732149
6732150
6732151
6732153
6732155
6732156
6732157
6732158
6732159
6732160
6732161
6732162
6732163
6732164
6732165
6732166
6732167
6732168
6732169
6732170
6732171
6732174
6732175
6732176
6732177
6732178
6732179
6732180
6732181
6732182
6732183
6732184
6732186
6732187
6732189
6732191
6732192
6732193
6732194
6732195
6732197
6732199
6732200
6732201
6732202
6732203
6732204
6732206
6732207
6732208
6732209
6732210
6732211
6732212
6732213
6732214
6732215
6732216
6732217
6732218
6732219
6732220
6732221
6732222
6732223
6732225
6732226
6732227
6732228
6732229
6732230
6732231
6732233
6732234
6732235
6732236
6732237
6732238
6732239
6732240
6732241
6732242
6732243
6732244
6732245
6732246
6732247
6732248
6732249
6732250
6732251
6732252
6732253
6732254
6732255
6732256
6732257
6732258
6732260
6732261
6732262
6732263
6732264
6732265
6732266
6732267
6732268
6732269
6732270
6732271
6732272
6732273
6732274
6732275
6732276
6732277
6732278
6732279
6732280
6732281
6732283
6732284
6732285
6732286
6732288
6732289
6732290
6732291
6732292
6732293
6732294
6732296
6732297
6732298
6732299
6732300
6732301
6732302
6732303
6732304
6732305
6732306
6732307
6732308
6732309
6732310
6732311
6732312
6732314
6732315
6732316
6732317
6732318
6732319
6732320
6732321
6732323
6732324
6732325
6732326
6732327
6732328
6732329
6732330
6732333
6732335
6732337
6732339
6732341
6732342
6732343
6732344
6732346
6732347
6732349
6732350
6732351
6732352
6732353
6732355
6732356
6732359
6732360
6732362
6732363
6732364
6732365
6732367
6732369
6732372
6732375
6732376
6732377
6732379
6732381
6732382
6732384
6732386
6732387
6732388
6732389
6732390
6732391
6732393
6732394
6732396
6732397
6732398
6732400
6732401
6732402
6732403
6732404
6732405
6732406
6732407
6732408
6732409
6732410
6732411
6732412
6732413
6732414
6732415
6732416
6732417
6732418
6732419
6732420
6732421
6732422
6732423
6732426
6732429
6732430
6732432
6732433
6732434
6732435
6732438
6732439
6732441
6732442
6732443
6732444
6732445
6732446
6732447
6732449
6732450
6732453
6732454
6732457
6732458
6732463
6732464
6732466
6732468
6732469
6732470
6732472
6732473
6732474
6732475
6732476
6732479
6732480
6732481
6732482
6732483
6732484
6732486
6732487
6732488
6732489
6732490
6732491
6732493
6732494
6732495
6732496
6732498
6732499
6732500
6732501
6732502
6732503
6732505
6732506
6732507
6732508
6732509
6732510
6732511
6732512
6732513
6732515
6732516
6732517
6732518
6732519
6732520
6732523
6732525
6732526
6732527
6732528
6732529
6732530
6732533
6732535
6732537
6732539
6732540
6732543
6732544
6732546
6732548
6732549
6732550
6732551
6732552
6732554
6732555
6732556
6732557
6732558
6732559
6732562
6732563
6732564
6732565
6732566
6732567
6732569
6732570
6732571
6732572
6732573
6732574
6732575
6732576
6732577
6732578
6732579
6732581
6732582
6732583
6732584
6732585
6732586
6732587
6732588
6732589
6732590
6732591
6732592
6732593
6732594
6732595
6732596
6732597
6732598
6732599
6732600
6732601
6732603
6732604
6732605
6732606
6732607
6732608
6732609
6732610
6732611
6732613
6732615
6732616
6732617
6732618
6732620
6732621
6732622
6732623
6732624
6732626
6732627
6732628
6732629
6732633
6732634
6732635
6732639
6732640
6732642
6732644
6732645
6732647
6732648
6732650
6732651
6732652
6732653
6732654
6732656
6732657
6732658
6732659
6732661
6732662
6732663
6732664
6732666
6732667
6732668
6732669
6732670
6732671
6732672
6732673
6732674
6732675
6732676
6732677
6732678
6732679
6732680
6732681
6732684
6732686
6732687
6732689
6732691
6732692
6732693
6732694
6732695
6732696
6732697
6732698
6732699
6732701
6732703
6732704
6732706
6732707
6732708
6732710
6732711
6732713
6732714
6732715
6732717
6732718
6732720
6732722
6732724
6732725
6732726
6732728
6732729
6732730
6732731
6732732
6732734
6732735
6732736
6732738
6732740
6732741
6732742
6732743
6732744
6732745
6732746
6732749
6732751
6732754
6732755
6732756
6732758
6732759
6732760
6732762
6732763
6732764
6732765
6732766
6732768
6732770
6732771
6732772
6732773
6732775
6732776
6732778
6732779
6732780
6732781
6732782
6732783
6732784
6732785
6732787
6732788
6732789
6732790
6732791
6732792
6732794
6732796
6732797
6732798
6732799
6732800
6732802
6732803
6732804
6732805
6732806
6732807
6732808
6732809
6732810
6732811
6732812
6732813
6732814
6732815
6732816
6732817
6732818
6732819
6732820
6732822
6732823
6732824
6732825
6732826
6732827
6732828
6732830
6732831
6732833
6732835
6732836
6732838
6732841
6732842
6732843
6732844
6732846
6732847
6732848
6732850
6732852
6732853
6732854
6732856
6732858
6732859
6732862
6732863
6732864
6732865
6732866
6732867
6732869
6732870
6732871
6732873
6732874
6732875
6732880
6732881
6732883
6732885
6732887
6732888
6732889
6732891
6732893
6732897
6732899
6732902
6732903
6732904
6732905
6732906
6732907
6732908
6732909
6732910
6732912
6732913
6732914
6732915
6732916
6732917
6732918
6732919
6732922
6732923
6732924
6732925
6732926
6732927
6732928
6732929
6732930
6732931
6732932
6732933
6732935
6732936
6732937
6732939
6732940
6732941
6732942
6732943
6732946
6732947
6732949
6732950
6732952
6732953
6732955
6732957
6732958
6732959
6732960
6732961
6732962
6732963
6732964
6732965
6732966
6732968
6732969
6732970
6732971
6732973
6732974
6732975
6732977
6732978
6732979
6732980
6732981
6732982
6732983
6732985
6732987
6732990
6732991
6732994
6732995
6732998
6733000
6733002
6733004
6733005
6733007
6733008
6733009
6733011
6733012
6733013
6733014
6733015
6733016
6733017
6733018
6733019
6733020
6733021
6733022
6733023
6733024
6733025
6733026
6733027
6733028
6733030
6733031
6733032
6733033
6733034
6733035
6733036
6733037
6733038
6733042
6733044
6733046
6733050
6733052
6733053
6733056
6733059
6733063
6733064
6733066
6733069
6733079
6733081
6733082
6733083
6733087
6733089
6733091
6733094
6733095
6733097
6733098
6733099
6733100
6733102
6733105
6733106
6733107
6733108
6733115
6733116
6733119
6733120
6733122
6733123
6733124
6733126
6733128
6733129
6733131
6733133
6733134
6733135
6733137
6733138
6733139
6733140
6733142
6733143
6733144
6733145
6733147
6733149
6733150
6733151
6733154
6733155
6733156
6733157
6733158
6733162
6733163
6733164
6733165
6733166
6733167
6733168
6733169
6733171
6733172
6733173
6733174
6733175
6733177
6733179
6733181
6733182
6733185
6733186
6733187
6733188
6733190
6733191
6733192
6733194
6733197
6733198
6733201
6733202
6733204
6733206
6733207
6733208
6733209
6733210
6733211
6733212
6733213
6733216
6733219
6733220
6733222
6733224
6733225
6733228
6733229
6733230
6733232
6733233
6733235
6733236
6733238
6733239
6733240
6733241
6733242
6733243
6733244
6733245
6733247
6733249
6733252
6733253
6733254
6733255
6733256
6733257
6733260
6733262
6733263
6733264
6733266
6733268
6733269
6733271
6733273
6733275
6733276
6733277
6733278
6733283
6733284
6733285
6733288
6733289
6733290
6733291
6733292
6733293
6733294
6733295
6733296
6733297
6733298
6733299
6733302
6733303
6733306
6733307
6733309
6733310
6733311
6733313
6733314
6733315
6733316
6733317
6733318
6733319
6733320
6733324
6733327
6733329
6733331
6733332
6733333
6733334
6733335
6733336
6733338
6733340
6733342
6733343
6733344
6733345
6733346
6733347
6733348
6733349
6733350
6733351
6733353
6733354
6733355
6733357
6733358
6733359
6733362
6733364
6733365
6733366
6733367
6733368
6733369
6733371
6733374
6733375
6733378
6733383
6733384
6733385
6733386
6733387
6733388
6733390
6733391
6733393
6733394
6733395
6733398
6733399
6733400
6733401
6733402
6733404
6733405
6733406
6733407
6733408
6733409
6733410
6733411
6733412
6733413
6733415
6733416
6733417
6733418
6733419
6733420
6733421
6733422
6733424
6733425
6733426
6733427
6733429
6733430
6733431
6733432
6733433
6733434
6733435
6733436
6733437
6733438
6733439
6733441
6733442
6733443
6733446
6733449
6733450
6733452
6733453
6733454
6733455
6733456
6733459
6733460
6733461
6733462
6733463
6733465
6733466
6733467
6733468
6733469
6733470
6733471
6733472
6733474
6733475
6733477
6733480
6733481
6733485
6733486
6733489
6733498
6733502
6733504
6733506
6733507
6733509
6733510
6733511
6733512
6733513
6733517
6733518
6733521
6733523
6733524
6733525
6733526
6733527
6733528
6733529
6733530
6733531
6733532
6733533
6733534
6733535
6733536
6733537
6733538
6733539
6733540
6733541
6733542
6733544
6733545
6733547
6733548
6733550
6733554
6733556
6733561
6733563
6733564
6733566
6733567
6733568
6733569
6733571
6733573
6733574
6733575
6733579
6733582
6733583
6733584
6733587
6733589
6733590
6733591
6733593
6733595
6733596
6733597
6733598
6733600
6733601
6733602
6733603
6733604
6733606
6733607
6733610
6733611
6733612
6733614
6733615
6733616
6733617
6733618
6733620
6733624
6733625
6733626
6733627
6733630
6733631
6733632
6733633
6733634
6733635
6733636
6733637
6733638
6733639
6733640
6733641
6733643
6733644
6733645
6733646
6733647
6733648
6733649
6733650
6733651
6733655
6733658
6733659
6733660
6733661
6733662
6733663
6733664
6733665
6733666
6733667
6733668
6733669
6733670
6733671
6733672
6733673
6733674
6733675
6733676
6733677
6733678
6733679
6733680
6733681
6733682
6733684
6733686
6733687
6733688
6733689
6733690
6733691
6733692
6733693
6733694
6733695
6733696
6733697
6733698
6733699
6733700
6733701
6733702
6733703
6733704
6733706
6733709
6733710
6733711
6733712
6733713
6733714
6733715
6733716
6733717
6733719
6733720
6733721
6733722
6733723
6733725
6733726
6733727
6733728
6733729
6733730
6733733
6733734
6733735
6733736
6733737
6733738
6733739
6733740
6733741
6733742
6733743
6733744
6733745
6733747
6733749
6733750
6733751
6733752
6733754
6733755
6733756
6733757
6733758
6733759
6733760
6733761
6733762
6733764
6733765
6733767
6733768
6733770
6733771
6733772
6733773
6733774
6733777
6733778
6733779
6733780
6733781
6733782
6733784
6733787
6733788
6733789
6733791
6733793
6733794
6733795
6733797
6733799
6733801
6733802
6733803
6733804
6733806
6733807
6733808
6733810
6733811
6733813
6733815
6733816
6733817
6733818
6733819
6733820
6733822
6733823
6733824
6733826
6733829
6733830
6733831
6733834
6733836
6733839
6733840
6733842
6733847
6733848
6733850
6733851
6733853
6733856
6733857
6733858
6733859
6733860
6733862
6733867
6733868
6733870
6733871
6733874
6733875
6733876
6733878
6733879
6733880
6733881
6733882
6733883
6733884
6733885
6733886
6733887
6733888
6733889
6733890
6733893
6733894
6733895
6733896
6733897
6733898
6733903
6733904
6733906
6733909
6733912
6733914
6733915
6733916
6733917
6733919
6733920
6733921
6733922
6733923
6733925
6733926
6733927
6733928
6733930
6733931
6733932
6733933
6733934
6733935
6733937
6733938
6733939
6733940
6733941
6733942
6733943
6733945
6733946
6733947
6733949
6733950
6733951
6733952
6733953
6733954
6733955
6733957
6733958
6733959
6733960
6733961
6733962
6733963
6733964
6733965
6733966
6733967
6733968
6733970
6733971
6733972
6733973
6733974
6733975
6733976
6733978
6733979
6733980
6733981
6733983
6733984
6733985
6733986
6733987
6733988
6733991
6733992
6733993
6733994
6733995
6733996
6733998
6733999
6734000
6734001
6734002
6734003
6734004
6734006
6734007
6734009
6734010
6734011
6734012
6734013
6734015
6734016
6734017
6734018
6734022
6734023
6734024
6734025
6734027
6734029
6734031
6734034
6734035
6734036
6734039
6734040
6734041
6734042
6734044
6734046
6734047
6734050
6734052
6734055
6734057
6734060
6734061
6734062
6734063
6734064
6734065
6734066
6734067
6734069
6734070
6734071
6734072
6734073
6734074
6734075
6734076
6734077
6734078
6734079
6734080
6734081
6734082
6734083
6734084
6734085
6734086
6734087
6734090
6734091
6734092
6734093
6734094
6734096
6734097
6734098
6734099
6734100
6734101
6734102
6734103
6734104
6734106
6734107
6734108
6734109
6734111
6734114
6734115
6734117
6734119
6734120
6734121
6734123
6734124
6734125
6734126
6734127
6734128
6734129
6734130
6734131
6734132
6734135
6734136
6734137
6734138
6734139
6734141
6734142
6734143
6734144
6734145
6734146
6734147
6734148
6734149
6734151
6734152
6734154
6734155
6734156
6734157
6734159
6734160
6734161
6734162
6734163
6734164
6734165
6734166
6734168
6734169
6734170
6734171
6734173
6734174
6734175
6734176
6734177
6734179
6734180
6734182
6734184
6734186
6734187
6734188
6734189
6734190
6734191
6734192
6734193
6734194
6734195
6734197
6734198
6734199
6734200
6734201
6734202
6734203
6734204
6734205
6734206
6734207
6734208
6734209
6734210
6734211
6734212
6734213
6734217
6734218
6734219
6734220
6734221
6734222
6734223
6734224
6734225
6734227
6734228
6734229
6734230
6734231
6734232
6734233
6734236
6734237
6734238
6734240
6734241
6734242
6734244
6734245
6734246
6734247
6734248
6734249
6734250
6734251
6734252
6734253
6734254
6734255
6734256
6734257
6734259
6734260
6734261
6734262
6734263
6734264
6734265
6734266
6734267
6734268
6734269
6734270
6734271
6734272
6734274
6734275
6734276
6734277
6734278
6734279
6734280
6734281
6734282
6734284
6734285
6734286
6734287
6734291
6734292
6734293
6734294
6734295
6734298
6734299
6734300
6734301
6734303
6734304
6734305
6734306
6734307
6734308
6734309
6734310
6734311
6734312
6734313
6734314
6734317
6734319
6734320
6734321
6734322
6734323
6734324
6734325
6734326
6734327
6734328
6734329
6734330
6734332
6734333
6734334
6734335
6734337
6734338
6734339
6734341
6734342
6734343
6734344
6734345
6734346
6734347
6734348
6734349
6734350
6734351
6734352
6734353
6734354
6734355
6734356
6734357
6734358
6734359
6734360
6734361
6734362
6734363
6734364
6734365
6734366
6734368
6734369
6734370
6734371
6734372
6734373
6734374
6734376
6734377
6734378
6734379
6734380
6734381
6734382
6734383
6734384
6734385
6734386
6734387
6734388
6734390
6734391
6734392
6734393
6734394
6734395
6734397
6734399
6734400
6734401
6734402
6734403
6734404
6734405
6734406
6734407
6734408
6734409
6734410
6734412
6734413
6734414
6734415
6734416
6734417
6734418
6734419
6734420
6734421
6734422
6734423
6734424
6734425
6734426
6734427
6734428
6734429
6734430
6734431
6734432
6734434
6734435
6734436
6734437
6734439
6734440
6734441
6734442
6734443
6734444
6734445
6734446
6734447
6734448
6734450
6734451
6734452
6734453
6734454
6734455
6734456
6734457
6734459
6734460
6734462
6734463
6734464
6734467
6734469
6734470
6734473
6734474
6734477
6734479
6734480
6734482
6734483
6734485
6734486
6734487
6734489
6734490
6734492
6734493
6734499
6734500
6734502
6734503
6734504
6734506
6734507
6734509
6734510
6734511
6734512
6734513
6734514
6734515
6734516
6734517
6734518
6734519
6734520
6734521
6734522
6734523
6734525
6734526
6734527
6734528
6734529
6734530
6734531
6734532
6734533
6734534
6734535
6734536
6734537
6734539
6734540
6734541
6734542
6734543
6734544
6734545
6734546
6734547
6734548
6734549
6734550
6734551
6734552
6734553
6734554
6734555
6734556
6734557
6734558
6734560
6734561
6734562
6734563
6734564
6734566
6734567
6734568
6734569
6734570
6734571
6734572
6734573
6734574
6734575
6734576
6734577
6734578
6734579
6734580
6734581
6734583
6734584
6734585
6734586
6734587
6734588
6734589
6734590
6734591
6734592
6734593
6734594
6734595
6734596
6734597
6734598
6734599
6734600
6734601
6734602
6734603
6734604
6734605
6734606
6734607
6734608
6734609
6734611
6734612
6734613
6734614
6734615
6734616
6734617
6734618
6734619
6734620
6734621
6734622
6734624
6734625
6734626
6734627
6734628
6734629
6734630
6734631
6734632
6734633
6734634
6734635
6734636
6734637
6734638
6734639
6734640
6734641
6734642
6734643
6734644
6734645
6734646
6734647
6734648
6734649
6734650
6734651
6734652
6734653
6734654
6734655
6734656
6734657
6734658
6734659
6734660
6734661
6734662
6734663
6734665
6734666
6731775
6731778
6731816
6731869
6731870
6731922
6731923
6731933
6731936
6731938
6731944
6731947
6731950
6731955
6731958
6731959
6731964
6731973
6731994
6731998
6732016
6732020
6732024
6732026
6732036
6732102
6732103
6732126
6732128
6732136
6732148
6732152
6732154
6732172
6732173
6732185
6732188
6732190
6732295
6732313
6732331
6732332
6732336
6732338
6732345
6732354
6732368
6732370
6732371
6732424
6732425
6732427
6732428
6732431
6732436
6732437
6732448
6732451
6732452
6732455
6732459
6732460
6732461
6732462
6732465
6732471
6732477
6732478
6732485
6732492
6732497
6732504
6732521
6732522
6732524
6732612
6732614
6732619
6732630
6732631
6732632
6732637
6732641
6732643
6732649
6732682
6732683
6732685
6732688
6732690
6732700
6732709
6732719
6732721
6732723
6732737
6732747
6732748
6732752
6732753
6732757
6732761
6732767
6732769
6732774
6732793
6732801
6732829
6732832
6732837
6732839
6732840
6732849
6732860
6732868
6732872
6732876
6732884
6732886
6732890
6732892
6732895
6732938
6732944
6732945
6732948
6732951
6733039
6733041
6733043
6733045
6733051
6733054
6733055
6733058
6733065
6733067
6733073
6733076
6733077
6733078
6733084
6733088
6733090
6733093
6733109
6733121
6733125
6733146
6733148
6733152
6733159
6733178
6733180
6733189
6733214
6733217
6733223
6733237
6733248
6733250
6733259
6733267
6733274
6733279
6733281
6733304
6733305
6731945
6733321
6733322
6733323
6733325
6733326
6733330
6733337
6733360
6733361
6733363
6733372
6733373
6733377
6733414
6733423
6733482
6733483
6733487
6733490
6733492
6733493
6733494
6733496
6733500
6733503
6733505
6733508
6733514
6733515
6733519
6733522
6733543
6733549
6733551
6733552
6733553
6733555
6733557
6733558
6733559
6733560
6733562
6733565
6733570
6733572
6733576
6733577
6733578
6733580
6733581
6733585
6733586
6733588
6733592
6733594
6733599
6733605
6733608
6733609
6733613
6733619
6733621
6733622
6733623
6733642
6733652
6733653
6733683
6733705
6733707
6733753
6733763
6733766
6733769
6733775
6733785
6733786
6733790
6733792
6733796
6733798
6733800
6733812
6733814
6733821
6733825
6733827
6733828
6733832
6733833
6733835
6733837
6733838
6731966
6733841
6733843
6733844
6733845
6733846
6733849
6733852
6733854
6733855
6733861
6733863
6733864
6733865
6733866
6733869
6733872
6733873
6733877
6733891
6733899
6733900
6733901
6733902
6733905
6733907
6733908
6733910
6733911
6733913
6733918
6733929
6733936
6733948
6733956
6733969
6733989
6733997
6734005
6734008
6734020
6734026
6734028
6734030
6734032
6734033
6734043
6734045
6734048
6734049
6734051
6734053
6734054
6734056
6734088
6734105
6734110
6734112
6734113
6734118
6734122
6734133
6734140
6734150
6734153
6734158
6734172
6734178
6732739
6734214
6734216
6734226
6734234
6734235
6732750
6734273
6734283
6734288
6734289
6734290
6734296
6734297
6734302
6734315
6734316
6734318