7376173
7376174
7376175
7376176
7376177
7376178
7376179
7376180
7376181
7376182
7376183
7376184
7376185
7376186
7376187
7376188
7376189
7376190
7376191
7376192
7376193
7376194
7376195
7376196
7376197
7376198
7376199
7376200
7376201
7376202
7376203
7376204
7376205
7376206
7376207
7376208
7376209
7376210
7376212
7376213
7376214
7376215
7376216
7376217
7376218
7376219
7376220
7376221
7376222
7376223
7376224
7376225
7376226
7376227
7376228
7376229
7376230
7376231
7376232
7376233
7376234
7376235
7376236
7376237
7376238
7376239
7376240
7376241
7376242
7376243
7376244
7376245
7376246
7376247
7376248
7376249
7376250
7376251
7376252
7376253
7376254
7376255
7376256
7376257
7376259
7376260
7376263
7376264
7376265
7376266
7376267
7376269
7376270
7376271
7376272
7376273
7376274
7376275
7376276
7376277
7376278
7376279
7376280
7376281
7376282
7376283
7376284
7376285
7376286
7376287
7376288
7376289
7376290
7376291
7376292
7376295
7376296
7376297
7376298
7376299
7376300
7376301
7376302
7376303
7376304
7376305
7376306
7376307
7376308
7376309
7376310
7376311
7376314
7376315
7376316
7376317
7376319
7376320
7376322
7376323
7376324
7376325
7376326
7376328
7376329
7376331
7376332
7376333
7376334
7376335
7376336
7376337
7376338
7376339
7376340
7376341
7376342
7376343
7376346
7376347
7376348
7376349
7376350
7376351
7376352
7376354
7376355
7376356
7376357
7376358
7376359
7376360
7376361
7376362
7376363
7376365
7376366
7376367
7376368
7376369
7376373
7376374
7376376
7376378
7376379
7376383
7376384
7376385
7376386
7376387
7376388
7376389
7376390
7376391
7376393
7376394
7376395
7376396
7376397
7376401
7376402
7376403
7376404
7376405
7376406
7376407
7376408
7376409
7376410
7376411
7376412
7376413
7376414
7376416
7376417
7376418
7376419
7376420
7376421
7376422
7376423
7376424
7376425
7376426
7376427
7376428
7376431
7376432
7376433
7376434
7376435
7376436
7376437
7376438
7376439
7376440
7376441
7376442
7376443
7376444
7376445
7376446
7376447
7376448
7376449
7376450
7376451
7376452
7376453
7376454
7376455
7376456
7376457
7376458
7376459
7376460
7376461
7376462
7376463
7376464
7376465
7376466
7376467
7376468
7376469
7376470
7376471
7376472
7376473
7376474
7376475
7376476
7376477
7376478
7376479
7376480
7376481
7376482
7376483
7376484
7376485
7376486
7376487
7376488
7376490
7376493
7376494
7376498
7376499
7376502
7376504
7376509
7376510
7376511
7376512
7376513
7376517
7376518
7376521
7376522
7376523
7376524
7376525
7376526
7376527
7376528
7376530
7376532
7376533
7376534
7376535
7376536
7376538
7376539
7376540
7376541
7376542
7376543
7376544
7376545
7376546
7376547
7376549
7376550
7376551
7376552
7376553
7376554
7376555
7376556
7376557
7376558
7376559
7376560
7376561
7376562
7376564
7376565
7376566
7376568
7376569
7376570
7376571
7376572
7376573
7376574
7376575
7376576
7376577
7376579
7376580
7376581
7376582
7376583
7376584
7376587
7376589
7376592
7376593
7376594
7376595
7376596
7376597
7376598
7376599
7376600
7376601
7376602
7376603
7376604
7376605
7376606
7376608
7376609
7376610
7376613
7376614
7376615
7376616
7376617
7376618
7376620
7376621
7376623
7376626
7376627
7376628
7376629
7376631
7376632
7376633
7376634
7376635
7376636
7376637
7376638
7376639
7376640
7376641
7376642
7376643
7376644
7376646
7376647
7376649
7376651
7376652
7376653
7376654
7376655
7376656
7376657
7376658
7376659
7376660
7376662
7376663
7376664
7376665
7376666
7376667
7376668
7376671
7376672
7376673
7376674
7376675
7376676
7376678
7376679
7376680
7376682
7376683
7376685
7376686
7376687
7376688
7376689
7376690
7376694
7376697
7376698
7376699
7376700
7376701
7376702
7376706
7376708
7376709
7376710
7376711
7376712
7376713
7376714
7376715
7376716
7376717
7376720
7376721
7376725
7376726
7376727
7376728
7376729
7376731
7376733
7376734
7376735
7376738
7376739
7376740
7376741
7376743
7376744
7376745
7376746
7376747
7376749
7376750
7376751
7376752
7376753
7376754
7376755
7376756
7376758
7376759
7376760
7376761
7376762
7376763
7376764
7376765
7376766
7376767
7376769
7376770
7376771
7376772
7376773
7376774
7376776
7376777
7376778
7376779
7376780
7376781
7376782
7376783
7376784
7376785
7376786
7376788
7376789
7376790
7376792
7376793
7376795
7376796
7376797
7376800
7376801
7376802
7376803
7376804
7376805
7376806
7376807
7376808
7376809
7376810
7376811
7376812
7376813
7376814
7376815
7376816
7376817
7376818
7376819
7376820
7376821
7376822
7376823
7376824
7376825
7376826
7376827
7376829
7376830
7376831
7376832
7376833
7376834
7376835
7376836
7376837
7376838
7376839
7376840
7376841
7376842
7376843
7376844
7376845
7376846
7376847
7376848
7376849
7376850
7376851
7376852
7376853
7376854
7376855
7376856
7376857
7376858
7376859
7376860
7376861
7376862
7376863
7376864
7376865
7376866
7376867
7376868
7376869
7376870
7376871
7376872
7376873
7376874
7376875
7376876
7376877
7376879
7376880
7376881
7376883
7376884
7376885
7376886
7376887
7376888
7376889
7376890
7376891
7376892
7376893
7376894
7376895
7376896
7376897
7376898
7376899
7376900
7376901
7376903
7376904
7376906
7376907
7376908
7376909
7376910
7376911
7376912
7376913
7376914
7376915
7376916
7376917
7376918
7376919
7376920
7376921
7376922
7376923
7376924
7376925
7376926
7376927
7376928
7376929
7376930
7376931
7376932
7376933
7376934
7376935
7376936
7376937
7376938
7376939
7376940
7376941
7376942
7376943
7376945
7376946
7376947
7376948
7376949
7376950
7376951
7376952
7376953
7376954
7376955
7376956
7376957
7376958
7376959
7376960
7376961
7376962
7376963
7376964
7376965
7376967
7376969
7376970
7376971
7376972
7376973
7376974
7376975
7376976
7376977
7376979
7376980
7376981
7376982
7376984
7376985
7376986
7376987
7376988
7376989
7376990
7376992
7376993
7376994
7376995
7376996
7376997
7376998
7376999
7377000
7377001
7377002
7377003
7377005
7377006
7377007
7377008
7377009
7377010
7377011
7377012
7377013
7377014
7377015
7377016
7377017
7377018
7377019
7377020
7377021
7377022
7377023
7377024
7377025
7377026
7377027
7377028
7377029
7377030
7377031
7377032
7377033
7377034
7377036
7377037
7377038
7377039
7377040
7377041
7377042
7377043
7377044
7377045
7377046
7377047
7377048
7377049
7377050
7377051
7377052
7377053
7377054
7377055
7377056
7377057
7377058
7377059
7377060
7377061
7377062
7377063
7377064
7377065
7377066
7377067
7377068
7377069
7377070
7377071
7377072
7377073
7377074
7377075
7377076
7377077
7377078
7377079
7377080
7377081
7377082
7377084
7377085
7377086
7377087
7377089
7377090
7377091
7377092
7377093
7377094
7377095
7377096
7377097
7377099
7377100
7377101
7377102
7377103
7377104
7377105
7377106
7377107
7377108
7377110
7377111
7377112
7377113
7377114
7377115
7377116
7377117
7377118
7377119
7377120
7377121
7377122
7377123
7377124
7377125
7377127
7377128
7377131
7377132
7377133
7377134
7377135
7377136
7377137
7377138
7377139
7377140
7377141
7377142
7377143
7377144
7377145
7377146
7377147
7377148
7377149
7377150
7377151
7377152
7377153
7377155
7377156
7377157
7377158
7377159
7377160
7377161
7377162
7377163
7377164
7377165
7377166
7377167
7377168
7377169
7377170
7377171
7377172
7377173
7377174
7377175
7377176
7377177
7377178
7377180
7377181
7377182
7377183
7377184
7377185
7377186
7377187
7377188
7377189
7377190
7377191
7377192
7377193
7377194
7377195
7377196
7377197
7377198
7377199
7377200
7377201
7377202
7377203
7377204
7377205
7377206
7377207
7377209
7377210
7377211
7377212
7377213
7377215
7377216
7377217
7377218
7377219
7377220
7377221
7377222
7377223
7377224
7377225
7377226
7377227
7377228
7377229
7377230
7377231
7377232
7377233
7377234
7377235
7377236
7377237
7377239
7377240
7377241
7377243
7377245
7377246
7377247
7377248
7377249
7377250
7377251
7377252
7377253
7377254
7377255
7377256
7377257
7377258
7377259
7377260
7377262
7377264
7377265
7377267
7377268
7377269
7377270
7377271
7377272
7377273
7377274
7377275
7377276
7377277
7377278
7377279
7377280
7377281
7377282
7377283
7377284
7377285
7377286
7377288
7377289
7377290
7377292
7377293
7377294
7377295
7377296
7377297
7377298
7377299
7377300
7377301
7377302
7377303
7377304
7377305
7377306
7377307
7377309
7377310
7377311
7377312
7377313
7377314
7377315
7377316
7377317
7377318
7377319
7377320
7377321
7377322
7377323
7377324
7377325
7377326
7377327
7377328
7377329
7377330
7377332
7377333
7377334
7377335
7377336
7377338
7377339
7377342
7377344
7377345
7377347
7377348
7377349
7377350
7377351
7377352
7377353
7377354
7377355
7377356
7377357
7377358
7377359
7377360
7377361
7377362
7377363
7377364
7377365
7377366
7377367
7377368
7377369
7377371
7377372
7377373
7377374
7377375
7377376
7377377
7377379
7377380
7377381
7377382
7377383
7377384
7377385
7377387
7377388
7377389
7377390
7377391
7377392
7377393
7377394
7377395
7377396
7377397
7377398
7377399
7377400
7377401
7377402
7377403
7377404
7377405
7377406
7377407
7377408
7377409
7377410
7377411
7377412
7377413
7377414
7377415
7377416
7377417
7377418
7377419
7377420
7377421
7377423
7377424
7377425
7377426
7377429
7377430
7377431
7377432
7377433
7377434
7377435
7377436
7377437
7377438
7377439
7377440
7377442
7377443
7377444
7377445
7377446
7377449
7377450
7377451
7377452
7377453
7377454
7377456
7377457
7377458
7377460
7377461
7377462
7377464
7377465
7377466
7377468
7377469
7377470
7377472
7377473
7377474
7377475
7377476
7377477
7377479
7377480
7377481
7377482
7377483
7377484
7377485
7377486
7377487
7377488
7377489
7377490
7377491
7377492
7377493
7377494
7377495
7377496
7377497
7377498
7377499
7377500
7377501
7377503
7377504
7377505
7377506
7377507
7377508
7377509
7377510
7377511
7377513
7377514
7377515
7377516
7377517
7377519
7377520
7377522
7377523
7377524
7377525
7377526
7377527
7377528
7377529
7377530
7377531
7377532
7377533
7377534
7377535
7377536
7377538
7377539
7377540
7377541
7377543
7377544
7377545
7377546
7377547
7377548
7377549
7377550
7377551
7377552
7377553
7377555
7377556
7377557
7377558
7377559
7377560
7377561
7377562
7377563
7377564
7377565
7377566
7377567
7377568
7377569
7377570
7377571
7377572
7377574
7377575
7377576
7377577
7377578
7377580
7377581
7377583
7377585
7377586
7377587
7377588
7377589
7377590
7377591
7377592
7377593
7377595
7377596
7377597
7377598
7377599
7377600
7377601
7377602
7377603
7377604
7377605
7377606
7377609
7377610
7377611
7377612
7377613
7377614
7377615
7377616
7377617
7377618
7377619
7377620
7377621
7377622
7377623
7377624
7377625
7377626
7377627
7377629
7377630
7377631
7377634
7377635
7377636
7377637
7377639
7377640
7377641
7377642
7377645
7377646
7377647
7377648
7377650
7377651
7377652
7377653
7377654
7377655
7377656
7377657
7377658
7377659
7377660
7377661
7377662
7377663
7377665
7377668
7377669
7377672
7377673
7377676
7377677
7377678
7377680
7377681
7377682
7377683
7377685
7377686
7377687
7377689
7377690
7377691
7377692
7377693
7377694
7377695
7377696
7377698
7377699
7377700
7377702
7377703
7377704
7377706
7377707
7377708
7377709
7377710
7377711
7377712
7377713
7377714
7377716
7377718
7377719
7377720
7377721
7377723
7377724
7377725
7377726
7377727
7377728
7377729
7377731
7377732
7377733
7377734
7377735
7377736
7377737
7377738
7377739
7377740
7377741
7377742
7377743
7377744
7377745
7377746
7377747
7377748
7377749
7377750
7377751
7377753
7377754
7377757
7377758
7377759
7377760
7377761
7377762
7377763
7377764
7377765
7377766
7377767
7377768
7377769
7377770
7377771
7377772
7377773
7377774
7377775
7377777
7377778
7377780
7377781
7377783
7377784
7377785
7377786
7377787
7377789
7377790
7377791
7377792
7377793
7377795
7377796
7377798
7377799
7377800
7377801
7377803
7377804
7377805
7377806
7377807
7377808
7377809
7377811
7377812
7377813
7377814
7377815
7377816
7377817
7377818
7377819
7377820
7377824
7377825
7377826
7377827
7377828
7377829
7377830
7377832
7377833
7377835
7377837
7377839
7377840
7377841
7377842
7377843
7377845
7377846
7377847
7377848
7377849
7377850
7377851
7377852
7377853
7377854
7377855
7377856
7377858
7377859
7377861
7377866
7377867
7377869
7377870
7377872
7377873
7377874
7377876
7377877
7377879
7377880
7377881
7377882
7377884
7377887
7377888
7377889
7377891
7377892
7377894
7377895
7377896
7377897
7377898
7377899
7377900
7377901
7377902
7377903
7377904
7377905
7377906
7377908
7377909
7377910
7377911
7377912
7377913
7377914
7377917
7377918
7377919
7377920
7377921
7377923
7377925
7377926
7377927
7377929
7377930
7377931
7377932
7377933
7377934
7377935
7377937
7377938
7377939
7377940
7377941
7377942
7377944
7377945
7377946
7377947
7377948
7377949
7377950
7377951
7377952
7377953
7377954
7377956
7377957
7377959
7377960
7377961
7377962
7377964
7377965
7377966
7377968
7377969
7377970
7377971
7377972
7377973
7377974
7377975
7377977
7377979
7377980
7377981
7377982
7377983
7377984
7377985
7377986
7377989
7377991
7377993
7377995
7377996
7377997
7377998
7377999
7378000
7378001
7378002
7378003
7378004
7378006
7378007
7378008
7378009
7378010
7378011
7378012
7378014
7378015
7378016
7378017
7378018
7378019
7378020
7378022
7378024
7378026
7378027
7378028
7378030
7378031
7378033
7378036
7378037
7378038
7378040
7378041
7378042
7378043
7378044
7378045
7378046
7378047
7378048
7378049
7378053
7378054
7378055
7378056
7378057
7378058
7378059
7378060
7378061
7378062
7378063
7378064
7378065
7378066
7378067
7378068
7378069
7378070
7378072
7378074
7378075
7378076
7378077
7378078
7378079
7378080
7378081
7378082
7378083
7378084
7378085
7378087
7378088
7378089
7378090
7378091
7378092
7378093
7378094
7378095
7378096
7378097
7378098
7378099
7378100
7378101
7378102
7378103
7378104
7378105
7378106
7378107
7378109
7378111
7378113
7378114
7378115
7378116
7378117
7378119
7378120
7378122
7378124
7378125
7378126
7378128
7378130
7378131
7378132
7378133
7378134
7378136
7378137
7378138
7378141
7378143
7378144
7378145
7378148
7378151
7378152
7378154
7378155
7378157
7378160
7378161
7378163
7378165
7378166
7378169
7378170
7378171
7378172
7378173
7378174
7378177
7378179
7378180
7378181
7378182
7378184
7378185
7378186
7378187
7378188
7378189
7378190
7378193
7378194
7378195
7378196
7378197
7378198
7378199
7378200
7378201
7378202
7378203
7378204
7378205
7378206
7378207
7378208
7378209
7378210
7378211
7378212
7378214
7378215
7378216
7378217
7378218
7378219
7378221
7378222
7378224
7378225
7378226
7378227
7378228
7378229
7378230
7378231
7378233
7378234
7378235
7378236
7378237
7378238
7378239
7378240
7378241
7378242
7378243
7378244
7378246
7378247
7378248
7378249
7378250
7378251
7378252
7378253
7378254
7378255
7378256
7378257
7378258
7378259
7378260
7378261
7378262
7378264
7378265
7378266
7378267
7378268
7378269
7378272
7378273
7378274
7378275
7378276
7378277
7378278
7378280
7378282
7378284
7378288
7378289
7378290
7378291
7378292
7378294
7378295
7378296
7378297
7378298
7378299
7378300
7378301
7378302
7378303
7378304
7378305
7378308
7378309
7378310
7378311
7378312
7378313
7378314
7378315
7378317
7378318
7378319
7378321
7378322
7378323
7378324
7378326
7378328
7378329
7378330
7378331
7378333
7378334
7378335
7378336
7378337
7378338
7378339
7378340
7378341
7378343
7378345
7378346
7378347
7378348
7378349
7378350
7378351
7378352
7378353
7378354
7378355
7378358
7378359
7378360
7378361
7378362
7378363
7378364
7378365
7378366
7378367
7378369
7378370
7378371
7378372
7378373
7378374
7378375
7378376
7378377
7378379
7378380
7378381
7378382
7378383
7378384
7378385
7378386
7378387
7378388
7378389
7378391
7378392
7378393
7378394
7378395
7378396
7378397
7378398
7378399
7378400
7378401
7378402
7378403
7378404
7378405
7378406
7378407
7378408
7378409
7378410
7378411
7378412
7378413
7378415
7378416
7378417
7378418
7378419
7378421
7378424
7378425
7378426
7378427
7378428
7378429
7378430
7378431
7378432
7378434
7378435
7378436
7378437
7378438
7378439
7378440
7378441
7378442
7378443
7378445
7378446
7378447
7378448
7378450
7378451
7378452
7378453
7378454
7378456
7378457
7378458
7378459
7378460
7378461
7378462
7378463
7378464
7378465
7378466
7378467
7378468
7378469
7378471
7378474
7378475
7378476
7378477
7378478
7378479
7378480
7378481
7378482
7378483
7378484
7378485
7378486
7378487
7378488
7378489
7378490
7378491
7378493
7378494
7378495
7378496
7378498
7378499
7378501
7378502
7378504
7378505
7378507
7378508
7378509
7378510
7378511
7378512
7378513
7378514
7378515
7378516
7378517
7378518
7378519
7378520
7378521
7378522
7378523
7378524
7378525
7378526
7378527
7378529
7378531
7378532
7378533
7378534
7378535
7378536
7378537
7378538
7378539
7378541
7378542
7378543
7378544
7378545
7378546
7378547
7378548
7378549
7378550
7378551
7378552
7378553
7378554
7378555
7378556
7378557
7378558
7378559
7378561
7378562
7378564
7378565
7378566
7378567
7378568
7378569
7378570
7378571
7378573
7378574
7378575
7378576
7378577
7378579
7378580
7378581
7378582
7378583
7378586
7378587
7378588
7378589
7378591
7378592
7378593
7378594
7378596
7378598
7378599
7378601
7378603
7378604
7378605
7378607
7378608
7378609
7378611
7378612
7378613
7378614
7378615
7378617
7378618
7378619
7378620
7378621
7378622
7378623
7378624
7378625
7378626
7378628
7378629
7378633
7378636
7378637
7378638
7378640
7378641
7378643
7378644
7378645
7378647
7378648
7378649
7378651
7378652
7378654
7378657
7378661
7378662
7378663
7378664
7378665
7378666
7378667
7378670
7378671
7378674
7378676
7378677
7378678
7378680
7378681
7378682
7378684
7378685
7378686
7378688
7378689
7378690
7378691
7378692
7378693
7378694
7378695
7378696
7378697
7378699
7378700
7378701
7378702
7378703
7378704
7378705
7378706
7378707
7378708
7378709
7378710
7378711
7378712
7378715
7378716
7378719
7378720
7378722
7378723
7378725
7378726
7378728
7378729
7378730
7378731
7378732
7378733
7378735
7378737
7378738
7378739
7378740
7378741
7378742
7378744
7378749
7378750
7378751
7378752
7378753
7378754
7378755
7378756
7378758
7378759
7378760
7378761
7378762
7378763
7378764
7378765
7378766
7378767
7378768
7378769
7378770
7378771
7378772
7378773
7378774
7378776
7378777
7378778
7378779
7378780
7378781
7378782
7378783
7378784
7378785
7378786
7378787
7378788
7378790
7378791
7378792
7378793
7378794
7378795
7378796
7378797
7378798
7378799
7378800
7378802
7378803
7378804
7378805
7378806
7378807
7378808
7378809
7378810
7378811
7378812
7378813
7378815
7378816
7378817
7378818
7378819
7378820
7378822
7378823
7378824
7378825
7378826
7378828
7378829
7378830
7378831
7378832
7378833
7378834
7378835
7378836
7378837
7378838
7378839
7378840
7378841
7378842
7378843
7378844
7378845
7378846
7378847
7378849
7378851
7378852
7378853
7378854
7378855
7378856
7378857
7378858
7378859
7378860
7378861
7378862
7378863
7378864
7378866
7378867
7378868
7378870
7378871
7378872
7378873
7378874
7378875
7378876
7378878
7378880
7378881
7378882
7378883
7378884
7378885
7378886
7378888
7378889
7378890
7378891
7378892
7378893
7378894
7378895
7378896
7378897
7378899
7378900
7378902
7378903
7378904
7378905
7378906
7378907
7378908
7378909
7378910
7378911
7378912
7378913
7378916
7378917
7378919
7378920
7378921
7378922
7378923
7378924
7378925
7378926
7378928
7378929
7378930
7378931
7378933
7378934
7378935
7378936
7378937
7378938
7378939
7378941
7378942
7378944
7378945
7378947
7378949
7378950
7378951
7378952
7378954
7378955
7378956
7378957
7378958
7378959
7378960
7378961
7378962
7378964
7378965
7378966
7378967
7378968
7378969
7378970
7378971
7378972
7378973
7378974
7378976
7378977
7378978
7378979
7378980
7378981
7378982
7378983
7378984
7378985
7378986
7378988
7378989
7378990
7378991
7378992
7378993
7378994
7378995
7378996
7378997
7378998