7553419
7553508
7553521
7553560
7553561
7553562
7553565
7553566
7553568
7553569
7553571
7553572
7553573
7553596
7553597
7553598
7553600
7553032
7553033
7553034
7553035
7553036
7553037
7553039
7553040
7553041
7553042
7553043
7553044
7553045
7553046
7553047
7553049
7553050
7553051
7553052
7553053
7553054
7553055
7553056
7553057
7553058
7553059
7553060
7553061
7553062
7553063
7553065
7553066
7553067
7553068
7553069
7553070
7553071
7553072
7553073
7553075
7553077
7553078
7553079
7553080
7553081
7553083
7553084
7553085
7553088
7553089
7553090
7553091
7553092
7553093
7553094
7553095
7553096
7553097
7553098
7553099
7553100
7553101
7553102
7553103
7553105
7553106
7553107
7553108
7553109
7553110
7553111
7553112
7553113
7553114
7553115
7553116
7553117
7553118
7553119
7553120
7553121
7553122
7553123
7553124
7553125
7553127
7553128
7553129
7553130
7553131
7553132
7553133
7553134
7553135
7553136
7553137
7553138
7553139
7553140
7553141
7553142
7553143
7553144
7553145
7553146
7553147
7553148
7553149
7553150
7553151
7553152
7553153
7553154
7553155
7553156
7553157
7553158
7553159
7553160
7553161
7553162
7553163
7553164
7553166
7553168
7553170
7553171
7553172
7553173
7553174
7553175
7553176
7553177
7553178
7553179
7553180
7553181
7553182
7553183
7553184
7553185
7553186
7553187
7553188
7553189
7553190
7553191
7553192
7553193
7553194
7553195
7553196
7553197
7553198
7553199
7553200
7553202
7553203
7553204
7553205
7553206
7553207
7553208
7553209
7553210
7553211
7553212
7553213
7553214
7553216
7553218
7553219
7553220
7553221
7553222
7553223
7553225
7553226
7553227
7553228
7553229
7553230
7553231
7553232
7553233
7553234
7553236
7553238
7553239
7553240
7553241
7553242
7553243
7553244
7553245
7553246
7553247
7553248
7553249
7553250
7553251
7553252
7553253
7553254
7553255
7553256
7553257
7553258
7553259
7553260
7553261
7553262
7553263
7553264
7553266
7553268
7553269
7553270
7553271
7553272
7553273
7553274
7553275
7553276
7553277
7553278
7553279
7553280
7553282
7553283
7553284
7553285
7553286
7553287
7553288
7553289
7553290
7553291
7553292
7553293
7553294
7553295
7553296
7553298
7553299
7553300
7553301
7553302
7553303
7553304
7553305
7553306
7553307
7553309
7553310
7553311
7553312
7553313
7553314
7553316
7553317
7553318
7553319
7553320
7553321
7553322
7553323
7553324
7553325
7553326
7553327
7553328
7553329
7553330
7553331
7553332
7553333
7553334
7553335
7553336
7553338
7553339
7553340
7553341
7553342
7553349
7553378
7553385
7553392
7553398
7553426
7553443
7553444
7553465
7553488
7553493
7553502
7553505
7553510
7553522
7553523
7553556
7553567
7553576
7553583
7553587
7553655
7553691
7553696
7553712
7553716
7553750
7553752
7553764
7553797
7553798
7553802
7553808
7553815
7553817
7553824
7553833
7553835
7553844
7553847
7553850
7553854
7553859
7553876
7553878
7553881
7553887
7553888
7553891
7553892
7553896
7553919
7553958
7553966
7553970
7553989
7553990
7553994
7553997
7554038
7554081
7554108
7554116
7554139
7554149
7554151
7554160
7554162
7554172
7554173
7554174
7554175
7554177
7554178
7554179
7554180
7554181
7554182
7554183
7554184
7554185
7554186
7554187
7554188
7554189
7554190
7554191
7554192
7554193
7554194
7554195
7554196
7554197
7554199
7554200
7554201
7554202
7554204
7554205
7554206
7554207
7554208
7554209
7554210
7554211
7554212
7554214
7554215
7554216
7554217
7554218
7554220
7554221
7554222
7554223
7554224
7554225
7554226
7554227
7554228
7554229
7554230
7554231
7554232
7554233
7554234
7554235
7554236
7554237
7554238
7554239
7554240
7554241
7554242
7554243
7554244
7554245
7554246
7554247
7554248
7554249
7554250
7554251
7554252
7554253
7554254
7554255
7554256
7554257
7554258
7554259
7554260
7554261
7554262
7554263
7554264
7554265
7554266
7554268
7554269
7554270
7554271
7554272
7554273
7554274
7554275
7554276
7554277
7554278
7554279
7554280
7554281
7554282
7554283
7554284
7554285
7554286
7554287
7554288
7554289
7554290
7554291
7554292
7554293
7554294
7554295
7554296
7554297
7554298
7554299
7554300
7554302
7554303
7554304
7554305
7554306
7554307
7554308
7554309
7554310
7554311
7554312
7554313
7554314
7554315
7554316
7554317
7554318
7554319
7554321
7554322
7554323
7554324
7554325
7554326
7554327
7554328
7554329
7554330
7554331
7554332
7554333
7554334
7554335
7554336
7554337
7554338
7554339
7554340
7554341
7554342
7554343
7554345
7554346
7554348
7554349
7554350
7554351
7554352
7554354
7554355
7554356
7554357
7554358
7554359
7554360
7554361
7554362
7554363
7554364
7554365
7554366
7554367
7554368
7554369
7554370
7554371
7554372
7554373
7554374
7554375
7554376
7554378
7554379
7554380
7554381
7554382
7554383
7554384
7554385
7554386
7554387
7554388
7554389
7554390
7554391
7554392
7554393
7554394
7554395
7554396
7554397
7554398
7554399
7554400
7554401
7554402
7554403
7554404
7554405
7554406
7554407
7554408
7554409
7554410
7554412
7554413
7554414
7554415
7554416
7554417
7554418
7554419
7554420
7554421
7554422
7554423
7554424
7554425
7554426
7554427
7554428
7554429
7554430
7554431
7554432
7554433
7554434
7554435
7554436
7554437
7554438
7554439
7554440
7554441
7554442
7554443
7554444
7554445
7554446
7554447
7554448
7554449
7554450
7554451
7554452
7554453
7554454
7554455
7554456
7554457
7554458
7554459
7554460
7554461
7554462
7554463
7554464
7554465
7554466
7554467
7554468
7554469
7554470
7554471
7554472
7554473
7554474
7554475
7554476
7554477
7554478
7554480
7554481
7554482
7554483
7554484
7554485
7554486
7554487
7554488
7554489
7554490
7554491
7554492
7554493
7554495
7554496
7554497
7554498
7554499
7554500
7554501
7554502
7554503
7554504
7554505
7554506
7554507
7554508
7554509
7554510
7554511
7554512
7554514
7554515
7554516
7554517
7554518
7554519
7554521
7554523
7554524
7554525
7554526
7554527
7554528
7554530
7554531
7554532
7554533
7554535
7554536
7554537
7554538
7554539
7554540
7554541
7554542
7554543
7554544
7554545
7554546
7554548
7554549
7554550
7554551
7554552
7554553
7554554
7554555
7554557
7554558
7554559
7554560
7554561
7554562
7554563
7554564
7554566
7554567
7554568
7554569
7554570
7554571
7554572
7554573
7554574
7554575
7554576
7554577
7554578
7554579
7554580
7554581
7554582
7554583
7554585
7554586
7554587
7554588
7554589
7554590
7554591
7554592
7554594
7554595
7554597
7554598
7554600
7554601
7554602
7554603
7554604
7554605
7554606
7554607
7554608
7554609
7554610
7554611
7554612
7554613
7554614
7554615
7554616
7554617
7554618
7554619
7554620
7554621
7554622
7554624
7554625
7554626
7554627
7554628
7554629
7554630
7554631
7554632
7554634
7554635
7554636
7554637
7554638
7554639
7554640
7554641
7554642
7554644
7554645
7554646
7554647
7554648
7554649
7554650
7554651
7554652
7554653
7554654
7554655
7554656
7554657
7554658
7554659
7554660
7554661
7554662
7554663
7554664
7554665
7554666
7554667
7554668
7554669
7554670
7554671
7554672
7554673
7554674
7554675
7554676
7554677
7554678
7554679
7554680
7554681
7554682
7554683
7554684
7554685
7554687
7554688
7554689
7554690
7554691
7554692
7554693
7554694
7554695
7554696
7554697
7554698
7554699
7554700
7554701
7554702
7554703
7554704
7554705
7554706
7554707
7554708
7554709
7554710
7554711
7554712
7554713
7554714
7554715
7554716
7554717
7554718
7554719
7554720
7554721
7554722
7554724
7554725
7554727
7554728
7554729
7554730
7554731
7554732
7554734
7554735
7554737
7554738
7554739
7554740
7554741
7554744
7554745
7554746
7554747
7554748
7554749
7554750
7554751
7554752
7554753
7554754
7554755
7554756
7554757
7554758
7554759
7554760
7554761
7554763
7554764
7554765
7554766
7554768
7554769
7554770
7554771
7554772
7554773
7554774
7554775
7554776
7554777
7554778
7554779
7554780
7554782
7554783
7554784
7554785
7554786
7554787
7554788
7554789
7554790
7554791
7554792
7554793
7554794
7554795
7554796
7554797
7554798
7554799
7554800
7554801
7554802
7554803
7554804
7554805
7554806
7554807
7554808
7554809
7554810
7554811
7554812
7554813
7554814
7554815
7554816
7554817
7554819
7554820
7554821
7554823
7554824
7554825
7554826
7554827
7554828
7554829
7554830
7554831
7554832
7554833
7554834
7554836
7554837
7554838
7554840
7554841
7554842
7554843
7554844
7554845
7554847
7554849
7554851
7554852
7554853
7554854
7554855
7554856
7554857
7554858
7554859
7554860
7554861
7554862
7554863
7554864
7554865
7554866
7554867
7554868
7554869
7554870
7554871
7554873
7554874
7554875
7554876
7554877
7554878
7554879
7554880
7554881
7554882
7554883
7554884
7554885
7554886
7554887
7554888
7554890
7554891
7554892
7554893
7554894
7554895
7554896
7554897
7554898
7554899
7554900
7554902
7554903
7554906
7554907
7554908
7554909
7554910
7554911
7554912
7554913
7554914
7554915
7554916
7554917
7554920
7554921
7554922
7554923
7554924
7554925
7554926
7554927
7554928
7554929
7554930
7554931
7554934
7554935
7554936
7554937
7554939
7554940
7554941
7554943
7554944
7554945
7554946
7554947
7554948
7554949
7554950
7554951
7554952
7554953
7554954
7554955
7554956
7554957
7554958
7554959
7554960
7554961
7554962
7554965
7554966
7554967
7554968
7554969
7554970
7554971
7554972
7554973
7554974
7554975
7554976
7554977
7554978
7554980
7554981
7554982
7554983
7554984
7554986
7554987
7554988
7554989
7554990
7554991
7554992
7554993
7554994
7554995
7554996
7554997
7554998
7554999
7555000
7555001
7555002
7555003
7555004
7555005
7555006
7555007
7555008
7555009
7555010
7555011
7555012
7555013
7555014
7555015
7555016
7555017
7555018
7555019
7555020
7555021
7555022
7555023
7555024
7555025
7555026
7555027
7555028
7555029
7555030
7555031
7555032
7555034
7555035
7555036
7555037
7555038
7555039
7555041
7555042
7555043
7555044
7555045
7555046
7555047
7555049
7555050
7555051
7555052
7555053
7555054
7555055
7555056
7555057
7555058
7555059
7555060
7555061
7555062
7555063
7555064
7555065
7555066
7555067
7555068
7555069
7555071
7555072
7555073
7555074
7555075
7555077
7555078
7555079
7555080
7555081
7555082
7555083
7555084
7555085
7555086
7555087
7555088
7555089
7555090
7555091
7555092
7555093
7555094
7555095
7555096
7555097
7555098
7555099
7555101
7555102
7555103
7555105
7555106
7555107
7555108
7555109
7555110
7555111
7555112
7555113
7555114
7555115
7555116
7555117
7555118
7555119
7555120
7555121
7555122
7555123
7555124
7555125
7555127
7555128
7555129
7555130
7555131
7555132
7555133
7555134
7555136
7555137
7555138
7555139
7555140
7555141
7555142
7555143
7555144
7555145
7555146
7555147
7555148
7555149
7555150
7555151
7555152
7555153
7555154
7555155
7555156
7555157
7555158
7555159
7555160
7555161
7555162
7555163
7555164
7555165
7555166
7555167
7555168
7555169
7555170
7555171
7555172
7555173
7555174
7555175
7555177
7555178
7555179
7555181
7555182
7555183
7555184
7555185
7555186
7555187
7555188
7555189
7555190
7555191
7555192
7555193
7555194
7555195
7555196
7555197
7555198
7555199
7555200
7555201
7555202
7555203
7555204
7555206
7555207
7555208
7555209
7555210
7555211
7555212
7555213
7555214
7555215
7555216
7555217
7555218
7555219
7555220
7555221
7555222
7555223
7555224
7555225
7555226
7555228
7555229
7555230
7555231
7555232
7555233
7555234
7555236
7555237
7555238
7555239
7555240
7555241
7555242
7555243
7555244
7555245
7555246
7555247
7555248
7555249
7555250
7555251
7555252
7555253
7555254
7555255
7555256
7555257
7555258
7555259
7555260
7555261
7555262
7555263
7555264
7555265
7555266
7555267
7555268
7555269
7555270
7555271
7555272
7555273
7555274
7555275
7555276
7555277
7555278
7555280
7555281
7555282
7555283
7555284
7555285
7555286
7555287
7555288
7555289
7555290
7555291
7555292
7555293
7555294
7555295
7555296
7555297
7555298
7555299
7555300
7555301
7555302
7555303
7555304
7555305
7555306
7555307
7555308
7555309
7555310
7555311
7555312
7555313
7555314
7555315
7555316
7555317
7555318
7555319
7555320
7555321
7555322
7555323
7555324
7555325
7555326
7555327
7555328
7555329
7555330
7555331
7555333
7555334
7555336
7555337
7555338
7555339
7555340
7555341
7555342
7555343
7555344
7555345
7555346
7555347
7555348
7555349
7555350
7555351
7555352
7555353
7555354
7555355
7555356
7555357
7555358
7555359
7555360
7555361
7555362
7555363
7555364
7555365
7555367
7555368
7555369
7555370
7555371
7555372
7555374
7555375
7555376
7555377
7555378
7555379
7555380
7555381
7555382
7555383
7555384
7555385
7555386
7555387
7555388
7555389
7555390
7555391
7555392
7555393
7555394
7555395
7555396
7555397
7555398
7555399
7555401
7555402
7555403
7555404
7555405
7555406
7555407
7555408
7555409
7555410
7555411
7555412
7555413
7555414
7555415
7555416
7555417
7555418
7555419
7555420
7555421
7555422
7555423
7555424
7555425
7555426
7555427
7555428
7555429
7555430
7555431
7555432
7555433
7555434
7555435
7555436
7555437
7555438
7555439
7555440
7555441
7555442
7555443
7555444
7555445
7555447
7555449
7555450
7555451
7555452
7555453
7555454
7555455
7555456
7555457
7555458
7555459
7555460
7555461
7555462
7555463
7555464
7555465
7555466
7555467
7555469
7555470
7555471
7555472
7555473
7555474
7555475
7555476
7555477
7555478
7555479
7555481
7555483
7555484
7555485
7555486
7555487
7555488
7555489
7555490
7555492
7555493
7555494
7555495
7555496
7555497
7555498
7555499
7555500
7555501
7555502
7555503
7555504
7555505
7555506
7555507
7555508
7555509
7555511
7555512
7555514
7555515
7555516
7555517
7555518
7555519
7555521
7555522
7555523
7555524
7555525
7555526
7555527
7555528
7555529
7555530
7555532
7555533
7555534
7555535
7555536
7555537
7555538
7555539
7555540
7555542
7555543
7555544
7555545
7555546
7555547
7555548
7555550
7555551
7555552
7555553
7555554
7555556
7555557
7555558
7555559
7555560
7555561
7555562
7555564
7555566
7555568
7555569
7555571
7555572
7555573
7555574
7555575
7555576
7555577
7555578
7555579
7555580
7555581
7555582
7555583
7555585
7555586
7555587
7555588
7555589
7555590
7555591
7555592
7555593
7555594
7555595
7555596
7555597
7555598
7555600
7555602
7555603
7555604
7555605
7555607
7555608
7555609
7555610
7555611
7555612
7555613
7555614
7555615
7555616
7555617
7555618
7555619
7555620
7555621
7555622
7555623
7555624
7555625
7555626
7555627
7555628
7555629
7555630
7555631
7555632
7555633
7555634
7555635
7555636
7555637
7555638
7555639
7555640
7555641
7555643
7555644
7555645
7555646
7555648
7555649
7555650
7555651
7555652
7555653
7555655
7555656
7555657
7555658
7555659
7555660
7555661
7555662
7555663
7555664
7555665
7555666
7555667
7555668
7555669
7555670
7555671
7555672
7555674
7555675
7555676
7555677
7555678
7555680
7555681
7555682
7555683
7555684
7555685
7555686
7555687
7555688
7555689
7555690
7555691
7555692
7555693
7555694
7555696
7555698
7555699
7555700
7555701
7555702
7555703
7555704
7555705
7555706
7555707
7555708
7555709
7555710
7555711
7555712
7555713
7555714
7555715
7555716
7555717
7555718
7555719
7555720
7555721
7555722
7555723
7555725
7555726
7555727
7555729
7555730
7555731
7555732
7555733
7555734
7555735
7555736
7555737
7555738
7555739
7555740
7555741
7555742
7555743
7555744
7555745
7555746
7555747
7555748
7555749
7555750
7555751
7555752
7555753
7555754
7555755
7555756
7555757
7555758
7555760
7555761
7555762
7555763
7555764
7555765
7555766
7555767
7555768
7555769
7555770
7555772
7555774
7555775
7555776
7555777
7555779
7555780
7555781
7555782
7555783
7555784
7555785
7555786
7555788
7555789
7555790
7555791
7555792
7555793
7555794
7555795
7555796
7553343
7553344
7553345
7553346
7553347
7553348
7553350
7553351
7553352
7553353
7553354
7553356
7553358
7553360
7553364
7553367
7553368
7553369
7553370
7553371
7553373
7553374
7553375
7553376
7553377
7553379
7553380
7553381
7553382
7553383
7553384
7553386
7553387
7553388
7553389
7553391
7553393
7553394
7553395
7553396
7553397
7553399
7553400
7553401
7553402
7553403
7553404
7553405
7553406
7553407
7553409
7553410
7553411
7553412
7553413
7553414
7553415
7553416
7553417
7553418
7553422
7553423
7553424
7553425
7553427
7553428
7553429
7553430
7553431
7553432
7553433
7553434
7553435
7553436
7553437
7553439
7553440
7553441
7553442
7553445
7553446
7553447
7553448
7553449
7553450
7553451
7553452
7553453
7553454
7553455
7553456
7553457
7553458
7553459
7553460
7553461
7553462
7553463
7553464
7553466
7553467
7553468
7553469
7553471
7553472
7553473
7553474
7553475
7553476
7553477
7553478
7553479
7553480
7553481
7553482
7553483
7553485
7553486
7553489
7553490
7553491
7553492
7553494
7553495
7553496
7553497
7553498
7553499
7553500
7553501
7553503
7553504
7553506
7553507
7553509
7553511
7553512
7553513
7553514
7553515
7553516
7553517
7553518
7553520
7553524
7553525
7553526
7553527
7553528
7553529
7553530
7553533
7553534
7553535
7553537
7553538
7553539
7553540
7553541
7553542
7553543
7553544
7553546
7553547
7553548
7553549
7553550
7553551
7553552
7553553
7553554
7553555
7553557
7553558
7553559
7553563
7553564
7553570
7553574
7553577
7553578
7553579
7553580
7553581
7553582
7553584
7553586
7553588
7553589
7553590
7553591
7553592
7553593
7553594
7553595
7553599
7553601
7553602
7553603
7553604
7553605
7553606
7553607
7553608
7553609
7553610
7553611
7553612
7553613
7553614
7553615
7553616
7553617
7553619
7553620
7553621
7553622
7553623
7553624
7553625
7553627
7553628
7553630
7553631
7553632
7553635
7553636
7553637
7553638
7553639
7553640
7553641
7553642
7553645
7553646
7553647
7553648
7553649
7553650
7553651
7553652
7553653
7553656
7553657
7553658
7553659
7553660
7553661
7553662
7553663
7553664
7553668
7553669
7553670
7553671
7553672
7553673
7553674
7553675
7553676
7553677
7553678
7553679
7553680
7553681
7553683
7553684
7553685
7553687
7553688
7553690
7553692
7553693
7553694
7553698
7553699
7553700
7553701
7553702
7553703
7553705
7553706
7553707
7553708
7553709
7553710
7553711
7553715
7553719
7553720
7553721
7553722
7553724
7553725
7553726
7553727
7553729
7553730
7553731
7553732
7553733
7553735
7553736
7553737
7553738
7553739
7553740
7553741
7553742
7553743
7553744
7553745
7553746
7553747
7553748
7553749
7553751
7553753
7553754
7553755
7553756
7553757
7553758
7553759
7553761
7553762
7553763
7553765
7553767
7553768
7553771
7553772
7553773
7553775
7553776
7553777
7553778
7553779
7553780
7553781
7553783
7553784
7553785
7553787
7553789
7553790
7553792
7553793
7553796
7553799
7553801
7553804
7553805
7553806
7553807
7553809
7553811
7553812
7553813
7553814
7553816
7553818
7553819
7553820
7553821
7553822
7553826
7553827
7553828
7553829
7553830
7553831
7553832
7553834
7553836
7553837
7553839
7553840
7553841
7553842
7553843
7553845
7553846
7553848
7553851
7553852
7553853
7553855
7553856
7553857
7553858
7553860
7553861
7553862
7553863
7553865
7553866
7553867
7553868
7553870
7553871
7553872
7553873
7553874
7553875
7553877
7553879
7553880
7553882
7553883
7553884
7553885
7553886
7553889
7553893
7553894
7553895
7553897
7553898
7553899
7553900
7553901
7553902
7553903
7553904
7553905
7553906
7553908
7553909
7553910
7553911
7553912
7553913
7553914
7553915
7553917
7553920
7553921
7553922
7553923
7553924
7553925
7553926
7553927
7553928
7553929
7553930
7553931
7553933
7553934
7553935
7553936
7553937
7553938
7553939
7553940
7553941
7553942
7553943
7553944
7553945
7553946
7553947
7553948
7553949
7553950
7553951
7553952
7553953
7553954
7553956
7553957
7553959
7553960
7553961
7553962
7553963
7553964
7553967
7553968
7553969
7553971
7553972
7553973
7553974
7553977
7553978
7553979
7553980
7553981
7553982
7553984
7553985
7553986
7553987
7553988
7553991
7553992
7553993
7553995
7553996
7553998
7553999
7554000
7554001
7554002
7554003
7554004
7554005
7554006
7554008
7554010
7554011
7554012
7554013
7554014
7554015
7554016
7554017
7554018
7554019
7554020
7554021
7554022
7554023
7554024
7554025
7554026
7554028
7554029
7554030
7554031
7554032
7554033
7554034
7554035
7554036
7554037
7554039
7554040
7554041
7554042
7554043
7554045
7554046
7554047
7554048
7554049
7554051
7554052
7554053
7554054
7554055
7554056
7554057
7554058
7554059
7554060
7554062
7554063
7554064
7554065
7554066
7554067
7554068
7554069
7554070
7554071
7554072
7554073
7554074
7554075
7554076
7554077
7554078
7554079
7554080
7554082
7554083
7554084
7554085
7554086
7554087
7554088
7554089
7554090
7554091
7554092
7554093
7554094
7554095
7554096
7554097
7554098
7554099
7554100
7554101
7554102
7554103
7554105
7554106
7554107
7554109
7554110
7554112
7554113
7554115
7554117
7554118
7554119
7554120
7554121
7554122
7554123
7554125
7554126
7554127
7554128
7554129
7554130
7554131
7554132
7554133
7554134
7554135
7554136
7554137
7554138
7554140
7554141
7554142
7554143
7554144
7554146
7554147
7554148
7554150
7554152
7554153
7554154
7554155
7554156
7554157
7554159
7554161
7554163
7554164
7554165
7554166
7554167
7554168
7554169
7554170
7554171