7431253
7431260
7431265
7431269
7431285
7431294
7431295
7431457
7431465
7431468
7431472
7431478
7431535
7431558
7431563
7431565
7431567
7431570
7431578
7431579
7431580
7431598
7431601
7431610
7431611
7431648
7431649
7431650
7431651
7431654
7431656
7431657
7431660
7431661
7431662
7431663
7431664
7431665
7431666
7431667
7431669
7431671
7431673
7431674
7431675
7431676
7431677
7431678
7431679
7431680
7431681
7431683
7431684
7431687
7431688
7431690
7431692
7431693
7431694
7431695
7431697
7431698
7431699
7431700
7431701
7431702
7431704
7431705
7431706
7431707
7431708
7431709
7431711
7431712
7431713
7431715
7431716
7431717
7431718
7431719
7431720
7431723
7431724
7431725
7431726
7431727
7431728
7431729
7431731
7431733
7431734
7431735
7431736
7431737
7431738
7431739
7431740
7431741
7431742
7431745
7431926
7431927
7431602
7431658
7431659
7428851
7428852
7428853
7428854
7428855
7428856
7428857
7428858
7428859
7428860
7428861
7428862
7428863
7428864
7428865
7428866
7428869
7428871
7428872
7428873
7428874
7428875
7428876
7428877
7428878
7428879
7428882
7428883
7428885
7428886
7428887
7428889
7428890
7428891
7428892
7428895
7428896
7428900
7428901
7428902
7428903
7428905
7428906
7428907
7428908
7428911
7428912
7428913
7428914
7428915
7428917
7428919
7428920
7428921
7428922
7428923
7428924
7428925
7428926
7428928
7428929
7428930
7428931
7428932
7428933
7428936
7428937
7428938
7428939
7428940
7428941
7428942
7428943
7428944
7428945
7428946
7428947
7428948
7428951
7428952
7428953
7428955
7428957
7428958
7428960
7428961
7428962
7428963
7428964
7428965
7428966
7428967
7428968
7428969
7428970
7428973
7428974
7428975
7428977
7428978
7428979
7428980
7428981
7428982
7428984
7428986
7428987
7428988
7428990
7428991
7428996
7428999
7429001
7429003
7429004
7429005
7429006
7429007
7429008
7429009
7429010
7429016
7429020
7429027
7429028
7429030
7429038
7429042
7429046
7429049
7429050
7429052
7429056
7429061
7429063
7429064
7429065
7429066
7429068
7429069
7429070
7429071
7429074
7429075
7429076
7429081
7429094
7429095
7429096
7429097
7429098
7429099
7429100
7429101
7429103
7429104
7429105
7429108
7429109
7429110
7429111
7429113
7429114
7429118
7429119
7429120
7429121
7429124
7429125
7429127
7429128
7429130
7429132
7429133
7429138
7429139
7429142
7429143
7429145
7429147
7429149
7429150
7429151
7429152
7429153
7429156
7429162
7429163
7429164
7429165
7429166
7429167
7429170
7429171
7429172
7429173
7429174
7429175
7429176
7429177
7429180
7429181
7429182
7429183
7429184
7429187
7429190
7429191
7429193
7429194
7429196
7429197
7429200
7429201
7429202
7429204
7429205
7429206
7429207
7429209
7429212
7429213
7429228
7429229
7429232
7429233
7429234
7429235
7429237
7429238
7429239
7429242
7429247
7429248
7429249
7429251
7429252
7429254
7429255
7429257
7429258
7429259
7429260
7429262
7429263
7429264
7429265
7429266
7429269
7429270
7429272
7429273
7429274
7429276
7429277
7429282
7429283
7429286
7429291
7429292
7429294
7429296
7429297
7428867
7428868
7428870
7428894
7428897
7428899
7428904
7428910
7428918
7428935
7428949
7428954
7428956
7428972
7428976
7428993
7428998
7429015
7429017
7429019
7429025
7429026
7429029
7429035
7429037
7429041
7429054
7429055
7429057
7429060
7429062
7429073
7429080
7429082
7429088
7429089
7429106
7429107
7429117
7429123
7429131
7429137
7429154
7429155
7429158
7429160
7429169
7429179
7429185
7429186
7429188
7429192
7429195
7429199
7429211
7429216
7429220
7429221
7429225
7429226
7429231
7429241
7429243
7429261
7429280
7429290
7429293
7429298
7429299
7429300
7429301
7429302
7429304
7429305
7429308
7429315
7429317
7429319
7429320
7429321
7429322
7429323
7429324
7429326
7429327
7429328
7429329
7429330
7429331
7429332
7429334
7429337
7429338
7429339
7429340
7429341
7429342
7429343
7429344
7429346
7429347
7429348
7429349
7429350
7429351
7429352
7429353
7429354
7429355
7429356
7429357
7429358
7429359
7429360
7429361
7429362
7429363
7429364
7429365
7429366
7429367
7429369
7429370
7429371
7429372
7429373
7429375
7429376
7429377
7429378
7429379
7429380
7429381
7429382
7429383
7429384
7429385
7429386
7429387
7429388
7429389
7429390
7429391
7429392
7429394
7429395
7429397
7429398
7429400
7429401
7429402
7429403
7429406
7429407
7429408
7429409
7429412
7429413
7429414
7429415
7429416
7429417
7429418
7429420
7429422
7429423
7429424
7429425
7429426
7429427
7429428
7429429
7429430
7429431
7429432
7429433
7429434
7429436
7429437
7429438
7429439
7429440
7429441
7429442
7429443
7429444
7429445
7429447
7429449
7429450
7429451
7429452
7429453
7429454
7429456
7429457
7429458
7429459
7429460
7429461
7429462
7429463
7429466
7429467
7429468
7429469
7429471
7429473
7429474
7429476
7429480
7429481
7429482
7429484
7429485
7429486
7429488
7429491
7429492
7429494
7429495
7429496
7429497
7429498
7429499
7429500
7429501
7429502
7429503
7429504
7429505
7429506
7429507
7429508
7429509
7429510
7429512
7429513
7429514
7429516
7429517
7429518
7429519
7429521
7429522
7429523
7429524
7429525
7429527
7429528
7429529
7429530
7429531
7429532
7429533
7429534
7429535
7429536
7429537
7429538
7429541
7429543
7429544
7429546
7429547
7429548
7429549
7429550
7429551
7429552
7429553
7429554
7429555
7429556
7429557
7429558
7429560
7429561
7429562
7429563
7429564
7429565
7429567
7429568
7429569
7429570
7429571
7429572
7429575
7429576
7429577
7429578
7429579
7429580
7429581
7429582
7429584
7429585
7429586
7429588
7429589
7429590
7429591
7429592
7429593
7429595
7429596
7429597
7429598
7429599
7429600
7429601
7429602
7429604
7429605
7429606
7429608
7429609
7429610
7429611
7429612
7429614
7429615
7429616
7429617
7429618
7429619
7429620
7429621
7429622
7429623
7429624
7429625
7429626
7429627
7429628
7429629
7429630
7429631
7429632
7429633
7429634
7429635
7429636
7429638
7429639
7429640
7429641
7429642
7429643
7429644
7429645
7429646
7429647
7429649
7429650
7429651
7429653
7429655
7429656
7429657
7429658
7429659
7429660
7429661
7429662
7429663
7429664
7429665
7429666
7429667
7429668
7429669
7429670
7429671
7429672
7429673
7429674
7429675
7429676
7429677
7429678
7429680
7429681
7429682
7429683
7429684
7429685
7429687
7429688
7429689
7429690
7429691
7429692
7429693
7429694
7429695
7429696
7429697
7429698
7429700
7429701
7429702
7429704
7429705
7429706
7429707
7429708
7429709
7429710
7429711
7429712
7429713
7429715
7429716
7429717
7429718
7429719
7429279
7429720
7429721
7429723
7429724
7429725
7429726
7429727
7429728
7429729
7429730
7429731
7429732
7429733
7429735
7429737
7429738
7429739
7429740
7429741
7429742
7429743
7429744
7429746
7429747
7429749
7429751
7429752
7429753
7429754
7429755
7429756
7429757
7429759
7429760
7429761
7429763
7429765
7429768
7429769
7429770
7429771
7429773
7429774
7429775
7429776
7429777
7429779
7429781
7429782
7429783
7429784
7429785
7429786
7429787
7429788
7429789
7429790
7429792
7429793
7429794
7429796
7429797
7429798
7429799
7429801
7429802
7429803
7429804
7429805
7429806
7429807
7429808
7429809
7429810
7429811
7429812
7429813
7429814
7429815
7429817
7429818
7429819
7429820
7429821
7429822
7429823
7429824
7429825
7429826
7429827
7429828
7429829
7429830
7429831
7429832
7429833
7429834
7429835
7429837
7429838
7429839
7429840
7429841
7429842
7429843
7429844
7429845
7429846
7429847
7429848
7429849
7429284
7429851
7429852
7429853
7429854
7429855
7429856
7429858
7429859
7429860
7429861
7429862
7429863
7429864
7429865
7429867
7429868
7429869
7429870
7429871
7429873
7429874
7429875
7429876
7429877
7429878
7429879
7429880
7429882
7429883
7429884
7429885
7429886
7429887
7429888
7429889
7429890
7429891
7429892
7429894
7429895
7429896
7429897
7429898
7429899
7429900
7429901
7429902
7429903
7429904
7429905
7429906
7429907
7429908
7429909
7429910
7429911
7429912
7429913
7429914
7429915
7429916
7429917
7429918
7429919
7429921
7429922
7429923
7429924
7429925
7429926
7429927
7429928
7429929
7429930
7429932
7429933
7429934
7429935
7429936
7429938
7429940
7429941
7429942
7429944
7429947
7429948
7429949
7429950
7429951
7429952
7429953
7429954
7429955
7429956
7429957
7429958
7429959
7429960
7429961
7429962
7429963
7429964
7429965
7429966
7429967
7429968
7429969
7429970
7429971
7429972
7429974
7429976
7429977
7429978
7429980
7429981
7429982
7429983
7429984
7429985
7429986
7429987
7429988
7429989
7429990
7429992
7429993
7429994
7429995
7429996
7429997
7429998
7429999
7430000
7430001
7430002
7430004
7430007
7430008
7430009
7430011
7430012
7430013
7430014
7430015
7430016
7430017
7430018
7430019
7430020
7430021
7430022
7430023
7430024
7430025
7430026
7430027
7430028
7430029
7430030
7430031
7430032
7430033
7430034
7430035
7430036
7430037
7430038
7430039
7430040
7430041
7430042
7430043
7430045
7430046
7430047
7430048
7430050
7430051
7430052
7430053
7430054
7430055
7430056
7430057
7430058
7430059
7430060
7430061
7430062
7430063
7430064
7430065
7430066
7430067
7430068
7430069
7430070
7430071
7430072
7430073
7430074
7430075
7430076
7430077
7430078
7430079
7430080
7430081
7430082
7430083
7430084
7430085
7430086
7430087
7430088
7430089
7430090
7430091
7430092
7430093
7430094
7430095
7430096
7430098
7430099
7430100
7430101
7430102
7430103
7430104
7430105
7430106
7430107
7430108
7430109
7430110
7430111
7430112
7430113
7430114
7430115
7430116
7430117
7430118
7430119
7430120
7430121
7430122
7430123
7430124
7430125
7430126
7430127
7430128
7430129
7430130
7430131
7430132
7430134
7430135
7430136
7430137
7430138
7430139
7430140
7430141
7430142
7430143
7430144
7430146
7430147
7430148
7430149
7430150
7430152
7430154
7430155
7430157
7430159
7430160
7430161
7430162
7430163
7430165
7430166
7430167
7430168
7430169
7430170
7430172
7430173
7430175
7430176
7430177
7430178
7430180
7430181
7430182
7430183
7430184
7430185
7430186
7430187
7430188
7430189
7430190
7430191
7430192
7430195
7430196
7430197
7430198
7430199
7430200
7430201
7430202
7430203
7430204
7430205
7430206
7430207
7430208
7430209
7430210
7430213
7430214
7430215
7430216
7430217
7430218
7430220
7430221
7430222
7430223
7430224
7430225
7430226
7430227
7430228
7430229
7430230
7430231
7430232
7430233
7430234
7430235
7430236
7430237
7430238
7430239
7430240
7430241
7430242
7430243
7430244
7430245
7430246
7430247
7430248
7430249
7430250
7430251
7430252
7430253
7430254
7430255
7430256
7430257
7430258
7430259
7430260
7430261
7430262
7430263
7430264
7430265
7430266
7430267
7430268
7430269
7430270
7430271
7430272
7430273
7430274
7430275
7430277
7430278
7430279
7430280
7430281
7430282
7430283
7430284
7430285
7430286
7430287
7430290
7430292
7430293
7430294
7430295
7430296
7430297
7430298
7430299
7430300
7430301
7430302
7430303
7430304
7430305
7430306
7430307
7430308
7430309
7430310
7430311
7430314
7430316
7430319
7430320
7430321
7430322
7430323
7430324
7430325
7430326
7430327
7430328
7430329
7430331
7430332
7430333
7430334
7430335
7430338
7430339
7430340
7430341
7430342
7430343
7430344
7430346
7430348
7430349
7430350
7430351
7430352
7430353
7430354
7430355
7430356
7430357
7430358
7430359
7430360
7430361
7430362
7430363
7430364
7430365
7430367
7430368
7430369
7430370
7430371
7430372
7430373
7430374
7430378
7430379
7430380
7430381
7430382
7430383
7430384
7430385
7430386
7430387
7430388
7430389
7430390
7430391
7430392
7430393
7430394
7430395
7430396
7430397
7430398
7430399
7430400
7430401
7430402
7430403
7430404
7430405
7430406
7430408
7430409
7430411
7430412
7430413
7430416
7430417
7430418
7430419
7430420
7430421
7430422
7430423
7430424
7430425
7430427
7430428
7430429
7430430
7430431
7430432
7430433
7430435
7430436
7430437
7430438
7430439
7430440
7430441
7430442
7430443
7430444
7430445
7430446
7430447
7430448
7430449
7430450
7430451
7430452
7430453
7430454
7430455
7430456
7430457
7430458
7430460
7430461
7430462
7430463
7430464
7430465
7430466
7430467
7430468
7430469
7430477
7430478
7430480
7430481
7430482
7430484
7430486
7430487
7430488
7430489
7430490
7430491
7430492
7430493
7430494
7430495
7430496
7430497
7430498
7430499
7430500
7430501
7430502
7430503
7430504
7430507
7430508
7430510
7430511
7430512
7430513
7430514
7430515
7430516
7430517
7430519
7430521
7430522
7430525
7430527
7430529
7430530
7430531
7430532
7430534
7430535
7430536
7430538
7430540
7430541
7430544
7430545
7430546
7430547
7430548
7430549
7430551
7430552
7430553
7430554
7430556
7430557
7430558
7430559
7430560
7430561
7430562
7430563
7430565
7430566
7430567
7430568
7430569
7430570
7430571
7430572
7430573
7430574
7430575
7430576
7430577
7430578
7430580
7430581
7430582
7430583
7430584
7430585
7430586
7430587
7430588
7430589
7430590
7430591
7430592
7430594
7430595
7430596
7430597
7430599
7430600
7430601
7430602
7430606
7430607
7430608
7430611
7430612
7430613
7430614
7430617
7430620
7430624
7430625
7430628
7430629
7430630
7430631
7430634
7430635
7430637
7430638
7430639
7430640
7430641
7430642
7430643
7430644
7430645
7430646
7430647
7430648
7430650
7430651
7430652
7430653
7430654
7430655
7430656
7430657
7430658
7430659
7430660
7430661
7430662
7430663
7430664
7430665
7430666
7430667
7430668
7430669
7430670
7430671
7430672
7430673
7430674
7430675
7430677
7430678
7430679
7430680
7430681
7430682
7430684
7430685
7430686
7430687
7430688
7430689
7430690
7430691
7430692
7430693
7430696
7430697
7430698
7430701
7430704
7430709
7430711
7430712
7430713
7430714
7430716
7430717
7430719
7430720
7430721
7430722
7430725
7430726
7430727
7430728
7430729
7430730
7430731
7430732
7430734
7430735
7430736
7430738
7430741
7430745
7430748
7430751
7430755
7430757
7430761
7430762
7430763
7430765
7430770
7430772
7430774
7430776
7430777
7430779
7430782
7430783
7430785
7430786
7430787
7430788
7430789
7430790
7430791
7430793
7430794
7430795
7430796
7430797
7430798
7430799
7430800
7430801
7430802
7430803
7430818
7430819
7430820
7430821
7430822
7430823
7430824
7430827
7430828
7430829
7430830
7430832
7430833
7430834
7430839
7430840
7430841
7430843
7430844
7430845
7430846
7430847
7430848
7430851
7430852
7430853
7430854
7430855
7430856
7430857
7430858
7430859
7430866
7430868
7430869
7430870
7430872
7430874
7430875
7430876
7430878
7430879
7430882
7430883
7430884
7430886
7430887
7430888
7430890
7430891
7430892
7430893
7430896
7430897
7430900
7430901
7430902
7430903
7430904
7430905
7430906
7430907
7430908
7430910
7430911
7430912
7430913
7430914
7430915
7430916
7430917
7430920
7430921
7430922
7430923
7430925
7430926
7430927
7430928
7430929
7430930
7430931
7430932
7430933
7430934
7430936
7430939
7430940
7430941
7430942
7430943
7430944
7430945
7430946
7430947
7430949
7430950
7430952
7430953
7430954
7430955
7430956
7430958
7430960
7430962
7430963
7430965
7430966
7430967
7430970
7430971
7430972
7430973
7430974
7430975
7430978
7430979
7430980
7430981
7430983
7430984
7430985
7430986
7430987
7430988
7430989
7430990
7430992
7430993
7430994
7430995
7430996
7430998
7430999
7431000
7431001
7431002
7431003
7431004
7431005
7431006
7431007
7431008
7431010
7431011
7431014
7431015
7431016
7431017
7431018
7431019
7431020
7431021
7431022
7431023
7431024
7431025
7431027
7431028
7431029
7431030
7431031
7431032
7431033
7431034
7431035
7431036
7431037
7431039
7431040
7431041
7431042
7431043
7431044
7431046
7431048
7431049
7431051
7431052
7431053
7431054
7431055
7431056
7431057
7431058
7431059
7431060
7431061
7431062
7431063
7431064
7431065
7431066
7431067
7431069
7431070
7431073
7431074
7431075
7431076
7431077
7431078
7431079
7431080
7431081
7431082
7431083
7431084
7431086
7431088
7431089
7431090
7431091
7431092
7431093
7431095
7431096
7431098
7431099
7431100
7431101
7431102
7431103
7431104
7431105
7431106
7431107
7431108
7431109
7431110
7431111
7431113
7431114
7431115
7431116
7431117
7431118
7431120
7431121
7431122
7431123
7431125
7431126
7431127
7431128
7431129
7431130
7431131
7431132
7431133
7431134
7431135
7431137
7431138
7431139
7431140
7431141
7431142
7431144
7431145
7431147
7431148
7431149
7431150
7431151
7431152
7431153
7431154
7431155
7431156
7431157
7431158
7431159
7431160
7431161
7431162
7431163
7431164
7431165
7431166
7431167
7431168
7431169
7431170
7431171
7431173
7431174
7431175
7431176
7431177
7431178
7431179
7431180
7431181
7431182
7431184
7431185
7431187
7431188
7431189
7431190
7431191
7431192
7431194
7431195
7431196
7431197
7431198
7431199
7431200
7431201
7431202
7431203
7431204
7431205
7431206
7431207
7431208
7431209
7431210
7431213
7431214
7431215
7431216
7431217
7431222
7431223
7431224
7431225
7431226
7431227
7431229
7431230
7431231
7431232
7431233
7431234
7431236
7431237
7431238
7431239
7431242
7431243
7431244
7431245
7431247
7431248
7431249
7431250
7431251
7431252
7431254
7431255
7431256
7431257
7431258
7431259
7431261
7431262
7431263
7431268
7431270
7431271
7431272
7431273
7431274
7431277
7431278
7431280
7431281
7431282
7431283
7431284
7431286
7431288
7431289
7431290
7431292
7431299
7431303
7431305
7431307
7431314
7431316
7431317
7431319
7431320
7431322
7431323
7431325
7431326
7431330
7431334
7431338
7431339
7431342
7431344
7431345
7431349
7431350
7431352
7431353
7431357
7431359
7431364
7431368
7431369
7431370
7431371
7431373
7431374
7431377
7431379
7431380
7431381
7431382
7431383
7431384
7431386
7431387
7431388
7431389
7431391
7431392
7431394
7431395
7431401
7431402
7431404
7431407
7431408
7431410
7431411
7431412
7431413
7431414
7431415
7431416
7431417
7431418
7431419
7431420
7431421
7431422
7431423
7431426
7431429
7431431
7431433
7431434
7431435
7431436
7431438
7431439
7431440
7431441
7431442
7431443
7431444
7431445
7431446
7431447
7431448
7431449
7431450
7431452
7431453
7431454
7431455
7431456
7431458
7431459
7431460
7431461
7431463
7431464
7431466
7431467
7431469
7431470
7431471
7431473
7431474
7431475
7431476
7431477
7431479
7431480
7431481
7431482
7431483
7431484
7431485
7431486
7431487
7431488
7431489
7431490
7431491
7431494
7431495
7431496
7431497
7431500
7431501
7431502
7431505
7431506
7431508
7431509
7431510
7431511
7431512
7431513
7431514
7431515
7431516
7431517
7431518
7431519
7431520
7431521
7431522
7431523
7431524
7431525
7431526
7431527
7431528
7431529
7431530
7431531
7431532
7431533
7431534
7431536
7431537
7431538
7431539
7431540
7431541
7431542
7431543
7431544
7431545
7431546
7431547
7431550
7431552
7431553
7431554
7431555
7431556
7431557
7431560
7431561
7431562
7431564
7431566
7431568
7431569
7431571
7431572
7431573
7431574
7431575
7431576
7431577
7431581
7431582
7431583
7431584
7431585
7431586
7431587
7431589
7431590
7431592
7431593
7431594
7431595
7431596
7431597
7431599
7431600
7431603
7431604
7431605
7431606
7431608
7431609
7431612
7431613
7431614
7431615
7431616
7431617
7431618
7431620
7431622
7431623
7431624
7431627
7431628
7431629
7431630
7431632
7431633
7431634
7431636
7431637
7431638
7431639
7431640
7431641
7431643
7431645
7431646
7431647
7431652
7431670
7431682
7431703
7431710
7431721
7431722
7431747
7431749
7431751
7431752
7431753
7431755
7431756
7431758
7431759
7431760
7431761
7431762
7431763
7431765
7431766
7431767
7431769
7431770
7431771
7431773
7431774
7431775
7431776
7431777
7431779
7431780
7431782
7431783
7431784
7431785
7431787
7431788
7431789
7431790
7431791
7431792
7431793
7431794
7431795
7431796
7431797
7431798
7431799
7431800
7431801
7431802
7431803
7431804
7431806
7431808
7431809
7431810
7431811
7431812
7431813
7431814
7431815
7431816
7431817
7431819
7431820
7431821
7431822
7431823
7431824
7431825
7431826
7431827
7431828
7431829
7431837
7431839
7431842
7431843
7431845
7431846
7431847
7431849
7431850
7431854
7431857
7431858
7431859
7431860
7431861
7431863
7431864
7431865
7431866
7431867
7431868
7431869
7431870
7431871
7431872
7431875
7431877
7431878
7431879
7431882
7431883
7431884
7431885
7431886
7431887
7431888
7431889
7431890
7431891
7431892
7431893
7431894
7431895
7431896
7431897
7431898
7431899
7431900
7431901
7431902
7431903
7431904
7431906
7431907
7431908
7431909
7431910
7431911
7431913
7431914
7431915
7431916
7431918
7431919
7431920
7431921
7431922
7431923
7431924
7431925
7431929
7431930
7431931
7431932
7431933
7431934
7431935
7431936
7431937
7431938
7431939
7431940
7431941
7431943
7431944
7431946
7431948
7431949
7431950
7431951
7431952
7431953
7431954
7431955
7431956
7431957
7431958
7431959
7431960
7431961
7431962
7431963
7431964
7431965
7431966
7431967
7431968
7431969
7431970
7431971
7431972
7431973
7431974
7431975
7431976
7431977
7431978
7431979
7431980
7431981
7431982
7431983
7431984
7431985
7431986
7431988
7431990
7431991
7431992
7431993
7431994
7431995
7431996
7431997
7431998
7431999
7432001
7432002
7432003
7432004
7432005
7432006
7432007
7432008
7432009
7432010
7432011
7432012
7432013
7432014
7432015
7432016
7432017
7432018
7432019
7432020
7432021
7432022
7432023
7432024
7432025
7432026
7432029
7432030
7432031
7432032
7432033
7432034
7432035
7432036
7432037
7432038
7432039
7432040
7432041
7432042
7432043
7432044
7432045
7432046
7432047
7432048
7432049
7432050
7432051
7432052
7432053
7432055
7432056
7432057
7432058
7432059
7432061
7432063
7432064
7432066
7432068
7432069
7432070
7432071
7432072
7430459
7430470
7430471
7430472
7430473
7430474
7430475
7430476
7430699
7430700
7430703
7430705
7430706
7430707
7430715
7430718
7430723
7430733
7430737
7430739
7430740
7430742
7430743
7430744
7430746
7430747
7430749
7430750
7430753
7430754
7430756
7430766
7430767
7430768
7430771
7430773
7430775
7430780
7430781
7430804
7430805
7430806
7430807
7430808
7430809
7430810
7430811
7430812
7430813
7430814
7430815
7430816
7430817
7430835
7430861
7430862
7430863
7430864
7430865
7430867
7430935
7430937
7430938
7430948
7430951
7430957