7236856
7236859
7236860
7236861
7236862
7236863
7236864
7236866
7236867
7236868
7236869
7236870
7236871
7236872
7236873
7236874
7236875
7236876
7236877
7236878
7236879
7236881
7236882
7236884
7236885
7236886
7236887
7236888
7236890
7236891
7236892
7236893
7236894
7236895
7236896
7236897
7236898
7236899
7236900
7236901
7236903
7236904
7236905
7236907
7236909
7236910
7236911
7236912
7236913
7236914
7236916
7236917
7236918
7236919
7236920
7236921
7236922
7236924
7236925
7236926
7236927
7236929
7236930
7236931
7236932
7236933
7236934
7236935
7236937
7236938
7236939
7236940
7236941
7236942
7236943
7236945
7236946
7236947
7236948
7236949
7236951
7236952
7236953
7236955
7236957
7236958
7236959
7236960
7236962
7236963
7236965
7236966
7236967
7236968
7236969
7236970
7236973
7236974
7236975
7236976
7236977
7236978
7236979
7236981
7236982
7236983
7236984
7236986
7236988
7236989
7236990
7236991
7236992
7236993
7236994
7236995
7236996
7236997
7236998
7236999
7237000
7237001
7237002
7237003
7237004
7237005
7237006
7237007
7237008
7237009
7237010
7237011
7237012
7237013
7237015
7237016
7237017
7237018
7237019
7237020
7237022
7237023
7237024
7237025
7237026
7237027
7237028
7237029
7237030
7237031
7237032
7237034
7237035
7237036
7237038
7237039
7237040
7237041
7237042
7237043
7237046
7237049
7237050
7237051
7237052
7237053
7237054
7237055
7237056
7237057
7237058
7237059
7237060
7237061
7237062
7237063
7237064
7237065
7237066
7237067
7237068
7237069
7237070
7237071
7237073
7237074
7237075
7237076
7237077
7237078
7237080
7237081
7237082
7237083
7237084
7237085
7237086
7237087
7237088
7237089
7237091
7237092
7237093
7237094
7237095
7237096
7237097
7237098
7237099
7237100
7237101
7237102
7237103
7237104
7237105
7237106
7237107
7237108
7237109
7237110
7237111
7237112
7237113
7237114
7237115
7237116
7237117
7237118
7237120
7237121
7237122
7237123
7237126
7237127
7237128
7237129
7237130
7237131
7237132
7237133
7237134
7237135
7237136
7237137
7237138
7237139
7237141
7237143
7237144
7237145
7237146
7237147
7237148
7237149
7237150
7237151
7237152
7237153
7237154
7237155
7237157
7237158
7237159
7237160
7237161
7237163
7237164
7237165
7237167
7237168
7237169
7237170
7237171
7237172
7237174
7237176
7237181
7237183
7237186
7237187
7237190
7237194
7237195
7237196
7237198
7237199
7237200
7237201
7237202
7237203
7237204
7237205
7237206
7237207
7237208
7237209
7237210
7237211
7237212
7237213
7237214
7237215
7237216
7237217
7237218
7237219
7237220
7237221
7237222
7237223
7237224
7237226
7237227
7237228
7237229
7237230
7237231
7237232
7237233
7237234
7237235
7237236
7237237
7237238
7237239
7237241
7237242
7237245
7237247
7237248
7237249
7237250
7237251
7237252
7237253
7237254
7237255
7237256
7237257
7237258
7237259
7237260
7237261
7237262
7237263
7237264
7237267
7237269
7237271
7237272
7237273
7237274
7237275
7237276
7237278
7237279
7237280
7237283
7237285
7237286
7237287
7237288
7237289
7237290
7237297
7237301
7237302
7237306
7237311
7237312
7237313
7237316
7237317
7237318
7237320
7237323
7237324
7237329
7237333
7237334
7237337
7237338
7237339
7237340
7237341
7237343
7237344
7237345
7237346
7237347
7237348
7237349
7237352
7237358
7237362
7237363
7237364
7237366
7237367
7237369
7237370
7237372
7237373
7237374
7237375
7237377
7237379
7237380
7237381
7237387
7237388
7237390
7237391
7237392
7237393
7237398
7237399
7237400
7237401
7237402
7237404
7237405
7237406
7237407
7237408
7237409
7237414
7237416
7237418
7237419
7237420
7237422
7237423
7237425
7237427
7237428
7237429
7237432
7237433
7237434
7237435
7237436
7237437
7237438
7237439
7237440
7237441
7237443
7237444
7237445
7237446
7237447
7237449
7237451
7237454
7237455
7237457
7237461
7237462
7237463
7237464
7237465
7237466
7237467
7237468
7237469
7237470
7237471
7237472
7237473
7237474
7237475
7237476
7237477
7237478
7237479
7237480
7237481
7237483
7237485
7237486
7237488
7237489
7237490
7237491
7237493
7237494
7237495
7237496
7237497
7237498
7237499
7237500
7237502
7237503
7237504
7237508
7237510
7237514
7237516
7237517
7237518
7237519
7237523
7237525
7237527
7237530
7237531
7237533
7237534
7237539
7237540
7237541
7237542
7237543
7237546
7237547
7237549
7237553
7237554
7236374
7236375
7236376
7236377
7236378
7236379
7236380
7236382
7236383
7236384
7236385
7236386
7236387
7236388
7236389
7236390
7236391
7236392
7236393
7236394
7236395
7236396
7236397
7236398
7236399
7236400
7236401
7236402
7236403
7236404
7236405
7236406
7236407
7236408
7236409
7236410
7236411
7236412
7236413
7236414
7236415
7236416
7236417
7236418
7236420
7236421
7236422
7236423
7236424
7236425
7236426
7236427
7236428
7236429
7236430
7236431
7236433
7236434
7236435
7236436
7236437
7236438
7236439
7236440
7236441
7236442
7236443
7236444
7236445
7236446
7236447
7236448
7236449
7236450
7236451
7236452
7236453
7236454
7236455
7236456
7236457
7236458
7236459
7236460
7236462
7236463
7236465
7236467
7236469
7236470
7236471
7236472
7236474
7236475
7236476
7236477
7236478
7236481
7236482
7236484
7236485
7236486
7236488
7236489
7236490
7236491
7236492
7236493
7236494
7236495
7236497
7236498
7236500
7236501
7236503
7236504
7236505
7236506
7236507
7236508
7236509
7236510
7236511
7236512
7236515
7236516
7236517
7236518
7236519
7236520
7236521
7236522
7236523
7236526
7236528
7236530
7236531
7236532
7236533
7236534
7236535
7236536
7236537
7236538
7236539
7236540
7236541
7236542
7236543
7236544
7236545
7236546
7236547
7236548
7236549
7236550
7236551
7236552
7236553
7236554
7236555
7236556
7236557
7236558
7236559
7236560
7236561
7236562
7236563
7236564
7236565
7236566
7236567
7236568
7236569
7236570
7236571
7236572
7236573
7236574
7236575
7236576
7236577
7236578
7236579
7236580
7236581
7236582
7236583
7236584
7236585
7236586
7236587
7236588
7236589
7236590
7236591
7236592
7236593
7236594
7236595
7236596
7236598
7236601
7236602
7236603
7236604
7236605
7236606
7236607
7236608
7236609
7236610
7236611
7236612
7236613
7236614
7236616
7236618
7236619
7236620
7236621
7236622
7236623
7236624
7236625
7236626
7236627
7236628
7236629
7236630
7236631
7236632
7236633
7236634
7236635
7236636
7236637
7236638
7236640
7236641
7236642
7236643
7236644
7236645
7236646
7236647
7236648
7236649
7236650
7236651
7236652
7236653
7236654
7236655
7236656
7236657
7236658
7236660
7236661
7236662
7236663
7236665
7236667
7236669
7236670
7236671
7236673
7236675
7236676
7236677
7236678
7236679
7236680
7236681
7236682
7236684
7236685
7236686
7236687
7236688
7236689
7236690
7236692
7236693
7236694
7236696
7236697
7236698
7236699
7236700
7236701
7236702
7236703
7236704
7236705
7236706
7236707
7236708
7236709
7236711
7236712
7236713
7236718
7236719
7236721
7236722
7236723
7236724
7236726
7236729
7236731
7236732
7236733
7236735
7236736
7236737
7236738
7236739
7236740
7236741
7236742
7236743
7236744
7236745
7236746
7236747
7236748
7236749
7236750
7236752
7236753
7236754
7236755
7236756
7236757
7236758
7236759
7236760
7236761
7236762
7236763
7236764
7236765
7236767
7236768
7236769
7236770
7236771
7236772
7236773
7236774
7236775
7236776
7236777
7236778
7236779
7236780
7236781
7236782
7236783
7236784
7236788
7236791
7236792
7236793
7236794
7236795
7236796
7236797
7236798
7236799
7236800
7236801
7236802
7236803
7236804
7236805
7236806
7236807
7236808
7236809
7236810
7236811
7236812
7236813
7236814
7236817
7236818
7236819
7236820
7236821
7236822
7236824
7236825
7236826
7236827
7236828
7236829
7236830
7236831
7236832
7236833
7236834
7236835
7236836
7236837
7236838
7236839
7236840
7236841
7236842
7236843
7236844
7236846
7236847
7236848
7236849
7236851
7236852
7236854
7236855
7236858
7236880
7236883
7236906
7236915
7236928
7236936
7236944
7236950
7236956
7236972
7236980
7236985
7236987
7237033
7237044
7237048
7237090
7237119
7237125
7237140
7237142
7237156
7237162
7237166
7237175
7237177
7237179
7237180
7237182
7237184
7237188
7237189
7237191
7237193
7237197
7237240
7237244
7237246
7237265
7237266
7237268
7237270
7237304
7237307
7237310
7237327
7237332
7237355
7237361
7237385
7237386
7237397
7237411
7237417
7237431
7237448
7237509
7237512
7237521
7237528
7237538
7237548
7237555
7237556
7237557
7237558
7237559
7237560
7237561
7237562
7237563
7237565
7237567
7237568
7237570
7237572
7237573
7237574
7237575
7237576
7237577
7237578
7237579
7237580
7237581
7237582
7237583
7237584
7237585
7237587
7237588
7237589
7237590
7237591
7237592
7237593
7237594
7237597
7237598
7237600
7237601
7237602
7237603
7237604
7237605
7237606
7237607
7237608
7237609
7237610
7237611
7237613
7237614
7237618
7237619
7237620
7237621
7237622
7237624
7237628
7237631
7237632
7237633
7237634
7237635
7237636
7237638
7237639
7237641
7237642
7237643
7237645
7237647
7237649
7237650
7237652
7237654
7237655
7237656
7237657
7237659
7237662
7237664
7237665
7237666
7237667
7237668
7237669
7237670
7237671
7237672
7237673
7237674
7237675
7237676
7237677
7237678
7237679
7237680
7237681
7237682
7237683
7237684
7237685
7237686
7237687
7237688
7237689
7237691
7237692
7237693
7237694
7237695
7237696
7237697
7237698
7237699
7237700
7237701
7237702
7237703
7237704
7237705
7237706
7237707
7237708
7237709
7237710
7237711
7237712
7237714
7237716
7237717
7237718
7237719
7237720
7237721
7237722
7237724
7237725
7237726
7237727
7237728
7237729
7237730
7237731
7237732
7237733
7237734
7237735
7237736
7237737
7237738
7237739
7237740
7237741
7237742
7237743
7237744
7237745
7237746
7237747
7237748
7237749
7237750
7237751
7237752
7237753
7237754
7237755
7237756
7237757
7237758
7237759
7237760
7237762
7237764
7237765
7237766
7237767
7237770
7237773
7237774
7237777
7237778
7237779
7237780
7237781
7237783
7237784
7237786
7237787
7237788
7237789
7237791
7237793
7237794
7237795
7237796
7237799
7237800
7237801
7237802
7237803
7237804
7237805
7237807
7237810
7237811
7237813
7237814
7237815
7237816
7237817
7237818
7237819
7237820
7237821
7237822
7237823
7237824
7237825
7237826
7237827
7237828
7237829
7237830
7237831
7237832
7237833
7237834
7237836
7237837
7237838
7237839
7237840
7237841
7237842
7237843
7237844
7237845
7237846
7237847
7237848
7237849
7237850
7237851
7237852
7237853
7237855
7237856
7237857
7237862
7237863
7237864
7237866
7237868
7237869
7237870
7237871
7237873
7237874
7237875
7237876
7237878
7237879
7237880
7237881
7237882
7237883
7237884
7237885
7237886
7237888
7237889
7237890
7237892
7237893
7237894
7237895
7237896
7237897
7237898
7237902
7237903
7237904
7237905
7237906
7237907
7237908
7237909
7237910
7237911
7237912
7237914
7237915
7237916
7237917
7237918
7237919
7237920
7237921
7237922
7237923
7237924
7237925
7237926
7237927
7237928
7237929
7237930
7237931
7237932
7237933
7237934
7237936
7237937
7237938
7237939
7237940
7237941
7237942
7237943
7237944
7237945
7237947
7237948
7237949
7237950
7237951
7237952
7237953
7237954
7237955
7237956
7237957
7237959
7237960
7237961
7237962
7237963
7237964
7237965
7237966
7237967
7237968
7237969
7237970
7237971
7237972
7237973
7237974
7237975
7237976
7237977
7237978
7237980
7237981
7237982
7237983
7237984
7237985
7237986
7237988
7237989
7237990
7237991
7237992
7237993
7237994
7237996
7237997
7237998
7237999
7238000
7238001
7238003
7238004
7238005
7238006
7238007
7238008
7238009
7238010
7238011
7238012
7238013
7238014
7238015
7238017
7238018
7238019
7238020
7238021
7238022
7238023
7238024
7238025
7238026
7238027
7238029
7238030
7238031
7238032
7238033
7238034
7238035
7238036
7238037
7238038
7238039
7238040
7238041
7238042
7238043
7238044
7238045
7238046
7238047
7238048
7238049
7238050
7238051
7238052
7238053
7238055
7238056
7238058
7238059
7238060
7238061
7238062
7238063
7238064
7238065
7238066
7238067
7238068
7238069
7238071
7238072
7238073
7238074
7238075
7238076
7238077
7238078
7238079
7238080
7238081
7238082
7238083
7238084
7238085
7238086
7238087
7238088
7238089
7238090
7238091
7238092
7238093
7238094
7238096
7238097
7238098
7238099
7238100
7238101
7238102
7238103
7238104
7238105
7238106
7238107
7238109
7238110
7238111
7238112
7238113
7238114
7238115
7238116
7238117
7238118
7238119
7238120
7238121
7238122
7238123
7238125
7238126
7238127
7238128
7238129
7238130
7238131
7238132
7238133
7238134
7238135
7238136
7238137
7238138
7238139
7238140
7238141
7238142
7238143
7238144
7238147
7238148
7238149
7238150
7238151
7238153
7238154
7238155
7238156
7238157
7238158
7238159
7238160
7238161
7238162
7238163
7238164
7238165
7238166
7238167
7238168
7238169
7238170
7238171
7238172
7238173
7238174
7238175
7238176
7238177
7238178
7238179
7238181
7238182
7238183
7238184
7238185
7238186
7238187
7238188
7238189
7238190
7238191
7238192
7238193
7238194
7238195
7238198
7238200
7238202
7238203
7238204
7238205
7238206
7238207
7238208
7238209
7238210
7238211
7238212
7238213
7238214
7238215
7238216
7238217
7238218
7238219
7238220
7238221
7238222
7238223
7238224
7238225
7238226
7238227
7238228
7238229
7238230
7238231
7238233
7238234
7238235
7238236
7238237
7238238
7238239
7238240
7238241
7238242
7238243
7238244
7238248
7238250
7238251
7238252
7238253
7238254
7238255
7238257
7238258
7238259
7238260
7238261
7238262
7238263
7238265
7238266
7238267
7238268
7238269
7238270
7238272
7238273
7238274
7238275
7238276
7238277
7238278
7238279
7238280
7238281
7238283
7238284
7238285
7238286
7238288
7238289
7238290
7238291
7238292
7238294
7238295
7238296
7238297
7238298
7238299
7238301
7238302
7238303
7238304
7238305
7238306
7238307
7238308
7238309
7238310
7238311
7238312
7238313
7238314
7238315
7238318
7238319
7238320
7238321
7238322
7238323
7238324
7238325
7238326
7238327
7238328
7238329
7238330
7238331
7238332
7238333
7238336
7238337
7238338
7238339
7238340
7238341
7238342
7238343
7238344
7238345
7238346
7238347
7238349
7238350
7238351
7238352
7238353
7238354
7238355
7238356
7238357
7238358
7238359
7238360
7238362
7238363
7238364
7238365
7238366
7238367
7238368
7238369
7238370
7238371
7238372
7238373
7238374
7238375
7238376
7238377
7238378
7238379
7238380
7238381
7238382
7238383
7238384
7238385
7238386
7238387
7238388
7238389
7238390
7238391
7238392
7238393
7238394
7238395
7238396
7238397
7238399
7238400
7238401
7238402
7238403
7238404
7238405
7238406
7238408
7238409
7238410
7238411
7238412
7238413
7238415
7238416
7238417
7238418
7238419
7238420
7238421
7238422
7238423
7238424
7238425
7238426
7238427
7238428
7238429
7238430
7238431
7238432
7238433
7238434
7238435
7238436
7238437
7238438
7238439
7238440
7238441
7238442
7238443
7238444
7238446
7238448
7238449
7238450
7238451
7238452
7238453
7238454
7238455
7238456
7238457
7238458
7238459
7238461
7238462
7238463
7238464
7238465
7238467
7238468
7238469
7238470
7238471
7238472
7238473
7238474
7238475
7238476
7238477
7238478
7238479
7238481
7238482
7238483
7238484
7238485
7238486
7238487
7238488
7238489
7238491
7238492
7238494
7238495
7238496
7238497
7238498
7238499
7238500
7238501
7238502
7238503
7238504
7238505
7238506
7238507
7238508
7238509
7238510
7238511
7238512
7238513
7238514
7238516
7238517
7238519
7238520
7238521
7238522
7238523
7238524
7238525
7238526
7238527
7238528
7238529
7238530
7238531
7238532
7238533
7238534
7238535
7238536
7238537
7238538
7238540
7238541
7238542
7238543
7238544
7238546
7238547
7238548
7238549
7238550
7238551
7238552
7238553
7238554
7238555
7238556
7238558
7238559
7238560
7238561
7238562
7238563
7238564
7238565
7238566
7238568
7238569
7238570
7238571
7238572
7238573
7238574
7238575
7238576
7238577
7238578
7238579
7238580
7238581
7238582
7238583
7238584
7238585
7238586
7238588
7238589
7238590
7238591
7238592
7238593
7238595
7238597
7238598
7238599
7238600
7238601
7238602
7238603
7238604
7238605
7238606
7238607
7238608
7238609
7238610
7238611
7238612
7238613
7238614
7238615
7238616
7238617
7238618
7238619
7238620
7238621
7238622
7238626
7238627
7238628
7238630
7238631
7238632
7238633
7238634
7238635
7238636
7238637
7238638
7238639
7238640
7238641
7238642
7238643
7238644
7238645
7238646
7238647
7238648
7238649
7238650
7238652
7238653
7238654
7238655
7238656
7238657
7238658
7238659
7238661
7238662
7238663
7238664
7238665
7238667
7238668
7238670
7238671
7238672
7238674
7238675
7238676
7238678
7238679
7238680
7238681
7238682
7238683
7238684
7238685
7238686
7238687
7238690
7238691
7238692
7238693
7238695
7238696
7238697
7238698
7238699
7238700
7238701
7238702
7238703
7238705
7238706
7238708
7238709
7238711
7238712
7238713
7238714
7238715
7238716
7238717
7238718
7238719
7238720
7238721
7238722
7238723
7238725
7238726
7238727
7238729
7238730
7238731
7238732
7238733
7238734
7238735
7238736
7238737
7238738
7238739
7238741
7238742
7238743
7238744
7238745
7238746
7238747
7238748
7238749
7238750
7238751
7238752
7238753
7238755
7238756
7238757
7238758
7238759
7238760
7238761
7238762
7238763
7238764
7238765
7238766
7238767
7238768
7238769
7238770
7238771
7238772
7238773
7238774
7238775
7238776
7238777
7238778
7238779
7238781
7238782
7238785
7238786
7238787
7238788
7238789
7238790
7238791
7238792
7238794
7238795
7238796
7238798
7238799
7238800
7238801
7238802
7238803
7238804
7238805
7238806
7238807
7238808
7238810
7238811
7238812
7238813
7238814
7238815
7238816
7238817
7238818
7238819
7238820
7238821
7238822
7238823
7238824
7238825
7238826
7238827
7238828
7238829
7238830
7238831
7238832
7238833
7238834
7238835
7238836
7238837
7238839
7238840
7238841
7238842
7238843
7238844
7238845
7238846
7238847
7238848
7238850
7238851
7238852
7238854
7238855
7238856
7238857
7238858
7238859
7238860
7238861
7238862
7238863
7238864
7238865
7238866
7238867
7238868
7238869
7238870
7238871
7238872
7238873
7238874
7238875
7238876
7238877
7238878
7238879
7238880
7238881
7238882
7238883
7238884
7238885
7238886
7238887
7238888
7238889
7238890
7238891
7238892
7238893
7238894
7238896
7238897
7238898
7238899
7238900
7238901
7238902
7238903
7238904
7238905
7238906
7238907
7238908
7238909
7238910
7238911
7238912
7238913
7238914
7238915
7238916
7238917
7238918
7238920
7238921
7238922
7238923
7238924
7238925
7238926
7238927
7238928
7238929
7238930
7238931
7238932
7238934
7238935
7238936
7238937
7238938
7238939
7238940
7238941
7238942
7238943
7238944
7238945
7238946
7238947
7238948
7238949
7238950
7238951
7238952
7238953
7238954
7238955
7238956
7238957
7238958
7238959
7238960
7238961
7238962
7238963
7238964
7238966
7238967
7238968
7238969
7238970
7238971
7238972
7238973
7238976
7238978
7238979
7238980
7238981
7238983
7238984
7238985
7238986
7238988
7238989
7238990
7238991
7238992
7238993
7238994
7238995
7238996
7238997
7238998
7238999
7239003
7239004
7239005
7239006
7239007
7239008
7239009
7239010
7239011
7239012
7239013
7239014
7239015
7239016
7239017
7239018
7239019
7239020
7239021
7239022
7239023
7239024
7239025
7239026
7239027
7239029
7239030
7239031
7239032
7239033
7239035
7239036
7239039
7239040
7239042
7239043
7239044
7239045
7239046