1523236954103595009
1523236952375504903
1523264397543718913
1523270572532195338
1523270574025457665
1523279168003358721
1523295575676010497
1523302631271284737
1523304324797022209
1523319429072834560
1523332702358757376
1523359218316632064
1523377294416306176
1523277836265877504
1523296978935115776
1523408129765306368
1523276953859592192
1523309055665704960
1523309392761917440
1523348598024507392
1523280138405748736
1523293007591579648
1523388702168580097
1523435104206716929
1523349993796476929
1523326191347945472
1523377215148380160
1523238962583719936
1523258779957329920
1523254986720759810
1523314867037474818
1523317476536111106
1523329153222660098
1523335188167725059
1523342048681725955
1523260372765261824
1523270062857404416
1523356578690514944
1523376796485439491
1523271407513309189
1523283601432858629
1523338297694638085
1523415501669810176
1523285220723679232
1523339741541851136
1523356594888900609
1523265350275461120
1523302633611489280
1523309057850765312
1523323471396179975
1523264394708549632
1523276370352439296
1523333335128363015
1523435058647822336
1523254984632320001
1523435234691530753
1523358944923512833
1523236956117041153
1523285222330368001
1523260862307631104
1523326197769269248
1523358852170883072
1523359137018523648
1523254982534782976
1523279391492808705
1523289555524362242
1523291389156466689
1523326195655483393
1523324382449393667
1523277932088938496
1523300150487437312
1523362370944651264
1523409481157464064
1523387864649994240
1523388879730282497
1523317825791799296
1523330964071591936
1523334377844977664
1523377260035780608
1523277840120119296
1523322046515609600
1523326193574969344
1523335189824372736
1523359181083979777
1523254980643532800
1523129381501218816
1523264399133536257
1523282508829257729
1523295817448435713
1523254989325758467
1523335191426740225
1523277838023016448
1523336030975311872
1523346073951027200
1523385593111007232
1523326199723741185
1523277638927794178
1523407994452512768
1523259648127619072
1523334481830039552
1523369899476733952
1523373588790726656
1523401833481310209
1523280266730508288
1523291045181624320
1523358742980431872
1523409936318828544
1523105132375949312
1523269929058942976
1523335186401968128
1523323446838673409