1523560285822324743
1523794270234476546
1523635044468027394
1523652336555462657
1523721567376576515
1523539979569274880
1523719398883991553
1523749130878656513
1523619532383813632
1523625456074850304
1523647532131254272
1523724385852424192
1523731501312999424
1523660496091881472
1523637038293331968
1523657954024894464
1523681019987374080
1523673789690949633
1523625750049345536
1523709510824513536
1523629178066972678
1523712049527738368
1523687796384604160
1523574357746139136
1523600846965325824
1523652340171292672
1523678868707885056
1523684510789156864
1523694915934633984
1523572157955325953
1523670595858481153
1523759513912098817
1523678776751964165
1523680990949888002
1523704715472949250
1523618088595640321
1523660766951657473
1523647919949500420
1523709976367484932
1523628529824714757
1523618119964450816
1523731753499648000
1523546944882495488
1523560224942346240
1523613731292598272
1523660499640274944
1523660764451852288
1523669119849353216
1523723201259655168
1523667517998518273
1523691444053364737
1523695358312083456
1523701102306553856
1523732467035041792
1523724390277738497
1523629182193790976
1523644595757674496
1523663353578549248
1523673067242680320
1523653792599666689
1523658742083973121
1523725996058308610
1523647918141435907
1523709081143242755
1523683217974333440
1523568041933832192
1523637915745943552
1523656963363864576
1523673588729282560
1523701265536286720
1523619418856914945
1523652202610720769
1523663142664175617
1523649758325538818
1523674395377827841
1523553893598199809
1523600844758810627
1523637033859973126
1523684283638251528
1523653415821139969
1523609511634046976
1523656981692649473
1523613463897346048
1523642259702714368
1523572205510365186
1523647527920177153
1523709978028445697
1523764818791993350
1523574386254815232
1523527720206049280
1523672500840075264
1523678715318013952
1523680268925964288
1523690973720907776
1523691510860255232
1523724388474195968
1523751854643253248
1523619475790082048
1523656840495607808
1523660762534752256
1523744970171068417
1523642257793986561
1523678816396226568
1523711715627900928
1523547965633474560
1523674393586827264
1523753359177809920
1523711800038260736
1523749347648995328
1523641721988710401
1523690973187829760
1523716284092805120
1523537627462266880
1523663198083117058
1523625503046856704
1523660502605328384
1523724490781323264
1523805038522494976
1523568572240326656
1523613833763319810
1523510847003312128