1514239776307789828
1514266598076563461
1514292146253316101
1514316185445318661
1514335676698968070
1514301780179533826
1514257226675982336
1514184568164732929
1514201150232449025
1514244578089521153
1514245281608519682
1514312602163335172
1514244367329988614
1514310702525210624
1514335674270371846
1514285346955087879
1514280033120096273
1514299434015891456
1514160627694149633
1514257105745846272
1514269787026825216
1514206388624449540
1514216758957252616
1514292113961328648
1514314808736243720
1514310257559937033
1514296433855406091
1514338677131993101
1514280069564440592
1514296309636870144
1514295808010727424
1514168355636326401
1514225368307281921
1514334653704024066
1514232355975802885
1514280755278622725
1514249034223005704
1514280102581973001
1514340828919050251
1514303009114763278
1514269790344462339
1514227032368070656