3248131
3248139
3248142
3248147
3248152
3248168
3248178
3248243
3248263
3248286
3248302
3248327
3248330
3248337
3248353
3248355
3248361
3248374
3248391
3248409
3248415
3248426
3248448
3248462
3248471
3248483
3248493
3248495
3248509
3248527
3248540
3248550
3248578
3248591
3248605
3248615
3248623
3247878
3247879
3247883
3247884
3247891
3247899
3247904
3247905
3247906
3247915
3247919
3247924
3247926
3247934
3247947
3247956
3247960
3247965
3247968
3247974
3247990
3248010
3248032
3248035
3248040
3248047
3248056
3248072
3248080
3248083
3248095
3248112