146440
146447
146451
146454
146455
146456
146458
146459
146460
146462
146464
146465
146468
146469
146471
146474
146476
146479
146480
146482
146483
146484
146486
146487
146488
146489
146490
146491
146493
146494
146495
146497
146499
146500
146502
146503
146505
146508
146509
146510
146511
146513
146514
146515
146516
146517
146518
146519
146520
146521
146522
146523
146524
146525
146526
146527
146528
146529
146530
146532
146533
146535
146536
146537
146538
146540
146541
146544
146547
146548
146549
146552
146553
146555
146557
146558
146559
146560
146561
146563
146564
146565
146566