169972
169973
169975
169976
169977
169979
169980
169981
169982
169983
169984
169986
169987
169988
169989
169990
169991
169993
169994
169995
169996
169997
169998
169999
170000
170001
170002
170003
170004
170005
170006
170007
170008
170009
170010
170011
170012
170013
170014
170016
170019
170021
170022
170023
170024
170025
170026
170028
170029
170030
170031
170032
170033
170034
170035
170036
170037
170038
170039
170040
170041
170042
170043
170044
170045
170046
170047
170048
170049
170050
170051
170052
170054
170055
170056
170058
170059
170060
170061
170062
170063
170064
170065
170066
170067