170521
170523
170525
170526
170527
170529
170530
170531
170532
170533
170534
170535
170536
170538
170539
170540
170541
170543
170544
170545
170547
170548
170550
170551
170552
170553
170554
170555
170559
170562
170564
170565
170566
170567
170568
170570
170573
170574
170576
170577
170578
170579
170580
170581
170584
170586
170587
170588
170589
170590
170593
170594
170595
170596
170597
170598
170599
170600
170601
170602
170603
170604
170605
170606
170607
170608
170609
170610
170612
170613
170614
170616
170619
170620
170621
170622
170623
170624
170625
170626
170627
170628
170629
170630
170631
170632
170633
170634
170635
170636
170637
170638
170639
170641
170642
170643
170644
170645
170646
170647