41233435
41233437
41233438
41233439
41233440
41233441
41233442
41233443
41233444
41233445
41233446
41233447
41233448
41233449
41233450
41233451
41233452
41233453
41233454
41233455
41233456
41233457
41233458
41233459
41233460
41233461
41233462
41233463
41233464
41233465
41233466
41233467
41233468
41233469
41233470
41233471
41233472
41233473
41233474
41233475
41233477
41233478
41233479
41233480
41233481
41233483
41233485
41233486
41233487
41233488
41233489
41233490
41233491
41233492
41233493
41233494
41233495
41233496
41233497
41233498
41233500
41233501
41233502
41233503
41233504
41233505
41233506
41233508
41233509
41233510
41233511
41233512
41233513
41233514
41233515
41233516
41233518
41233519
41233521
41233522
41233523
41233524
41233525
41233526
41233527
41233528
41233529
41233530
41233531
41233532
41233533
41233534
41233535
41233536
41233537
41233538
41233539
41233540
41233541
41233542
41233543
41233544
41233545
41233546
41233547
41233548
41233549
41233550
41233551
41233552
41233553
41233554
41233555
41233556
41233557
41233558
41233559
41233560
41233561
41233562
41233564
41233565
41233566
41233567
41233568
41233569
41233570
41233571
41233572
41233573
41233575
41233576
41233577
41233578
41233579
41233580
41233581
41233582
41233583
41233584
41233586
41233587
41233588
41233589
41233590
41233591
41233592
41233593
41233594
41233595
41233596
41233597
41233598
41233599
41233600
41233601
41233603
41233604
41233606
41233607
41233608
41233609
41233610
41233611
41233612
41233614
41233615
41233616
41233617
41233618
41233619
41233620
41233621
41233622
41233623
41233625
41233626
41233627
41233630
41233631
41233632
41233633
41233634
41233635
41233636
41233638
41233639
41233640
41233641
41233642
41233643
41233644
41233646
41233647
41233648
41233650
41233651
41233652
41233653
41233654
41233655
41233656
41233657
41233658
41233659
41233660
41233661
41233662
41233663
41233665
41233667
41233669
41233670
41233671
41233672
41233673
41233674
41233675
41233676
41233677
41233678
41233679
41233680
41233681
41233683
41233684
41233685
41233686
41233687
41233688
41233689
41233690
41233691
41233692
41233693
41233695
41233696
41233697
41233698
41233699
41233700
41233701
41233702
41233704
41233705
41233706
41233707
41233708
41233710
41233711
41233712
41233713
41233714
41233715
41233716
41233717
41233718
41233719
41233720
41233721
41233722
41233723
41233724
41233725
41233726
41233727
41233728
41233729
41233730
41233731
41233732
41233733
41233734
41233735
41233736
41233737
41233738
41233739
41233740
41233741
41233742
41233743
41233744
41233745
41233746
41233747
41233748
41233749
41233750
41233751
41233752
41233753
41233754
41233756
41233757
41233758
41233759
41233760
41233761
41233762
41233763
41233764
41233765
41233767
41233768
41233769
41233770
41233771
41233772
41233773
41233774
41233775
41233778
41233779
41233780
41233781
41233782
41233784
41233785
41233786
41233787
41233788
41233789
41233790
41233791
41233793
41233794
41233795
41233796
41233797
41233798
41233799
41233800
41233801
41233802
41233803
41233804
41233805
41233806
41233807
41233808
41233809
41233810
41233811
41233812
41233813
41233814
41233815
41233816
41233817
41233818
41233820
41233821
41233822
41233824
41233825
41233826
41233827
41233828
41233829
41233830
41233831
41233832
41233833
41233834
41233835
41233836
41233838
41233839
41233840
41233841
41233842
41233843
41233844
41233845
41233846
41233847
41233848
41233849
41233850
41233851
41233852
41233853
41233854
41233855
41233856
41233857
41233858
41233859
41233860
41233861
41233862
41233863
41233865
41233866
41233867
41233868
41233869
41233870
41233871
41233872
41233873
41233874
41233875
41233876
41233877
41233878
41233879
41233880
41233881
41233882
41233883
41233884
41233885
41233886
41233888
41233889
41233890
41233891
41233892
41233893
41233894
41233895
41233896
41233897
41233898
41233899
41233900
41233901
41233902
41233903
41233904
41233905
41233906
41233907
41233908
41233910
41233911
41233912
41233913
41233914
41233915
41233916
41233917
41233918
41233919
41233920
41233921
41233922
41233923
41233925
41233926
41233927
41233928
41233931
41233932
41233933
41233934
41233935
41233936
41233937
41233938
41233939
41233940
41233941
41233942
41233943
41233944
41233945
41233946
41233947
41233948
41233950
41233952
41233953
41233955
41233956
41233957
41233958
41233959
41233960
41233961
41233962
41233963
41233964
41233965
41233966
41233967
41233968
41233970
41233974
41233975
41233977
41233978
41233980
41233981
41233982
41233983
41233984
41233985
41233986
41233987
41233988
41233989
41233990
41233991
41233993
41233994
41233995
41233997
41233998
41233999
41234000
41234001
41234006
41234007
41234009
41234010
41234011
41234013
41234014
41234015
41234016
41234017
41234018
41234019
41234020
41234021
41234022
41234023
41234025
41234026
41234027
41234028
41234029
41234030
41234031
41234032
41234034
41234036
41234037
41234038
41234039
41234040
41234041
41234042
41234044
41234046
41234048
41234049
41234051
41234055
41234057
41234058
41234059
41234061
41234062
41234063
41234064
41234065
41234066
41234067
41234069
41234070
41234071
41234072
41234073
41234074
41234075
41234076
41234077
41234079
41234080
41234081
41234082
41234083
41234084
41234085
41234086
41234087
41234088
41234089
41234090
41234091
41234092
41234093
41234095
41234096
41234097
41234098
41234099
41234100
41234101
41234102
41234103
41234104
41234105
41234107
41234108
41234109
41234111
41234112
41234113
41234115
41234116
41234117
41234119
41234120
41234121
41234122
41234123
41234124
41234125
41234126
41234127
41234128
41234129
41234130
41234132
41234133
41234134
41234135
41234136
41234138
41234139
41234140
41234141
41234142
41234144
41234145
41234146
41234147
41234148
41234149
41234150
41234151
41234152
41234153
41234154
41234155
41234156
41234157
41234158
41234159
41234160
41234161
41234162
41234163
41234164
41234165
41234166
41234167
41234168
41234169
41234170
41234171
41234172
41234173
41234174
41234175
41234176
41234177
41234178
41234179
41234181
41234182
41234183
41234184
41234186
41234187
41234188
41234189
41234192
41234193
41234194
41234195
41234196
41234197
41234199
41234200
41234201
41234202
41234204
41234206
41234208
41234210
41234211
41234213
41234214
41234215
41234216
41234218
41234220
41234222
41234223
41234225
41234226
41234227
41234228
41234229
41234230
41234232
41234233
41234234
41234235
41234236
41234237
41234238
41234239
41234240
41234241
41234242
41234243
41234244
41234245
41234248
41234249
41234250
41234252
41234253
41234254
41234255
41234256
41234258
41234259
41234260
41234261
41234262
41234264
41234265
41234266
41234267
41234268
41234269
41234270
41234271
41234273
41234274
41234275
41234276
41234277
41234278
41234279
41234280
41234281
41234282
41234283
41234284
41234285
41234286
41234287
41234288
41234289
41234290
41234291
41234292
41234293
41234294
41234295
41234296
41234297
41234298
41234299
41234300
41234301
41234302
41234303
41234304
41234306
41234307
41234308
41234309
41234310
41234311
41234312
41234313
41234315
41234316
41234317
41234318
41234319
41234322
41234323
41234324
41234325
41234326
41234327
41234328
41234329
41234330
41234332
41234333
41234334
41234335
41234336
41234337
41234338
41234339
41234340
41234341
41234342
41234344
41234345
41234346
41234347
41234348
41234349
41234350
41234351
41234352
41234353
41234354
41234355
41234356
41234357
41234358
41234359
41234360
41234361
41234362
41234363
41234364
41234365
41234366
41234367
41234368
41234369
41234370
41234371
41234372
41234373
41234374
41234375
41234376
41234377
41234382
41234383
41234384
41234385
41234386
41234387
41234388
41234389
41234390
41234391
41234392
41234393
41234394
41234395
41234398
41234399
41234400
41234401
41234405
41234406
41234407
41234408
41234410
41234411
41234412
41234413
41234414
41234415
41234416
41234417
41234419
41234420
41234421
41234422
41234424
41234426
41234427
41234428
41234429
41234430
41234432
41234433
41234434
41234435
41234436
41234437
41234438
41234439
41234441
41234442
41234443
41234444
41234445
41234446
41234448
41234449
41234450
41234451
41234455
41234456
41234457
41234458
41234459
41234460
41234461
41234462
41234463
41234464
41234465
41234467
41234469
41234470
41234471
41234473
41234475
41234477
41234478
41234479
41234481
41234483
41234484
41234485
41234486
41234487
41234488
41234490
41234491
41234493
41234494
41234495
41234496
41234498
41234499
41234500
41234501
41234502
41234503
41234504
41234506
41234507
41234508
41234509
41234510
41234511
41234512
41234513
41234514
41234515
41234516
41234517
41234519
41234520
41234521
41234522
41234523
41234524
41234525
41234526
41234527
41234528
41234529
41234530
41234531
41234533
41234534
41234535
41234536
41234537
41234538
41234539
41234540
41234541
41234542
41234543
41234544
41234545
41234547
41234548
41234549
41234550
41234551
41234552
41234554
41234555
41234556
41234557
41234558
41234559
41234560
41234561
41234562
41234563
41234564
41234565
41234566
41234567
41234568
41234569
41234570
41234571
41234572
41234573
41234574
41234576
41234577
41234579
41234580
41234581
41234582
41234583
41234584
41234585
41234586
41234587
41234588
41234589
41234590
41234591
41234592
41234593
41234594
41234595
41234596
41234597
41234598
41234599
41234601
41234602
41234603
41234604
41234606
41234607
41234608
41234609
41234610
41234611
41234612
41234614
41234616
41234617
41234618
41234619
41234621
41234622
41234623
41234624
41234625
41234626
41234627
41234629
41234630
41234631
41234632
41234633
41234634
41234635
41234636
41234637
41234639
41234640
41234641
41234645
41234646
41234647
41234648
41234649
41234650
41234652
41234653
41234654
41234655
41234656
41234657
41234658
41234659
41234660
41234662
41234663
41234664
41234667
41234668
41234669
41234670
41234671
41234672
41234675
41234676
41234677
41234678
41234679
41234681
41234682
41234683
41234684
41234686
41234688
41234689
41234690
41234693
41234695
41234696
41234697
41234698
41234699
41234701
41234702
41234703
41234704
41234705
41234707
41234708
41234709
41234710
41234712
41234714
41234715
41234716
41234717
41234719
41234721
41234722
41234723
41234724
41234725
41234726
41234728
41234729
41234730
41234731
41234732
41234733
41234734
41234735
41234736
41234737
41234738
41234739
41234740
41234741
41234742
41234743
41234744
41234745
41234746
41234747
41234748
41234749
41234750
41234751
41234752
41234753
41234754
41234755
41234756
41234757
41234758
41234760
41234762
41234763
41234766
41234767
41234768
41234769
41234771
41234773
41234778
41234779
41234780
41234781
41234784
41234785
41234786
41234789
41234790
41234791
41234792
41234793
41234794
41234795
41234796
41234797
41234798
41234799
41234800
41234801
41234802
41234803
41234805
41234806
41234807
41234808
41234809
41234810
41234811
41234812
41234814
41234815
41234816
41234817
41234818
41234819
41234821
41234822
41234823
41234825
41234826
41234827
41234828
41234829
41234831
41234832
41234834
41234835
41234837
41234838
41234839
41234840
41234841
41234842
41234843
41234844
41234845
41234846
41234847
41234848
41234849
41234850
41234851
41234852
41234854
41234855
41234856
41234857
41234858
41234859
41234861
41234862
41234863
41234864
41234866
41234867
41234868
41234869
41234870
41234871
41234872
41234874
41234875
41234876
41234877
41234878
41234880
41234881
41234883
41234884
41234885
41234886
41234888
41234889
41234892
41234893
41234894
41234896
41234897
41234898
41234899
41234900
41234901
41234902
41234903
41234904
41234906
41234907
41234908
41234909
41234910
41234911
41234913
41234914
41234915
41234916
41234917
41234919
41234920
41234922
41234923
41234924
41234926
41234927
41234928
41234929
41234930
41234931
41234932
41234933
41234934
41234935
41234936
41234937
41234939
41234940
41234941
41234943
41234944
41234945
41234946
41234947
41234949
41234950
41234951
41234952
41234953
41234954
41234955
41234956
41234957
41234958
41234959
41234960
41234961
41234962
41234964
41234965
41234967
41234968
41234970
41234971
41234972
41234973
41234974
41234975
41234976
41234977
41234979
41234980
41234981
41234982
41234983
41234984
41234986
41234987
41234988
41234989
41234991
41234992
41234993
41234994
41234996
41234997
41234998
41234999
41235000
41235001
41235002
41235003
41235005
41235006
41235007
41235008
41235009
41235010
41235012
41235013
41235014
41235015
41235016
41235017
41235018
41235021
41235022
41235023
41235024
41235025
41235027
41235028
41235029
41235030
41235031
41235032
41235033
41235035
41235036
41235037
41235038
41235041
41235042
41235043
41235044
41235045
41235047
41235048
41235049
41235051
41235053
41235054
41235055
41235056
41235057
41235058
41235059
41235060
41235061
41235062
41235063
41235064
41235065
41235066
41235067
41235069
41235070
41235071
41235072
41235073
41235074
41235076
41235077
41235078
41235079
41235080
41235081
41235082
41235083
41235084
41235085
41235086
41235087
41235088
41235089
41235090
41235091
41235092
41235093
41235094
41235095
41235096
41235097
41235098
41235099
41235100
41235101
41235102
41235103
41235104
41235105
41235107
41235108
41235109
41235110
41235111
41235112
41235113
41235114
41235115
41235116
41235117
41235118
41235119
41235120
41235121
41235122
41235123
41235125
41235126
41235128
41235129
41235130
41235131
41235132
41235133
41235134
41235135
41235136
41235137
41235138
41235139
41235140
41235141
41235142
41235144
41235145
41235146
41235147
41235148
41235149
41235150
41235151
41235152
41235153
41235154
41235155
41235156
41235157
41235158
41235159
41235160
41235161
41235162
41235163
41235164
41235165
41235166
41235167
41235168
41235169
41235170
41235171
41235172
41235173
41235175
41235176
41235178
41235180
41235181
41235185
41235188
41235191
41235192
41235193
41235195
41235196
41235197
41235198
41235199
41235200
41235201
41235202
41235203
41235204
41235205
41235206
41235207
41235208
41235209
41235210
41235211
41235212
41235213
41235214
41235215
41235216
41235217
41235218
41235219
41235220
41235221
41235222
41235224
41235225
41235226
41235227
41235228
41235229
41235230
41235231
41235232
41235233
41235234
41235235
41235236
41235237
41235239
41235240
41235241
41235243
41235244
41235245
41235246
41235247
41235248
41235249
41235250
41235251
41235252
41235253
41235254
41235255
41235256
41235257
41235258
41235260
41235261
41235262
41235263
41235264
41235265
41235266
41235268
41235269
41235270
41235271
41235272
41235273
41235274
41235275
41235276
41235277
41235278
41235279
41235281
41235283
41235284
41235286
41235287
41235288
41235289
41235290
41235291
41235292
41235293
41235294
41235299
41235300
41235302
41235303
41235304
41235305
41235306
41235307
41235308
41235309
41235310
41235311
41235312
41235313
41235314
41235315
41235316
41235317
41235318
41235319
41235320
41235321
41235323
41235324
41235325
41235326
41235327
41235328
41235329
41235330
41235331
41235333
41235334
41235335
41235336
41235337
41235339
41235341
41235342
41235343
41235344
41235345
41235347
41235349
41235351
41235352
41235353
41235355
41235357
41235358
41235359
41235360
41235361
41235362
41235363
41235364
41235365
41235366
41235367
41235369
41235370
41235371
41235372
41235373
41235375
41235377
41235378
41235379
41235381
41235384
41235385
41235386
41235387
41235389
41235390
41235391
41235392
41235393
41235394
41235395
41235397
41235398
41235399
41235400
41235401
41235402
41235403
41235404
41235405
41235406
41235407
41235408
41235409
41235410
41235411
41235412
41235414
41235415
41235416
41235418
41235419
41235420
41235421
41235423
41235424
41235425
41235426
41235429
41235430
41235431
41235432
41235434
41235435
41235436
41235437
41235438
41235439
41235440
41235441
41235442
41235443
41235444
41235446
41235447
41235449
41235450
41235451
41235452
41235453
41235454
41235455
41235456
41235457
41235458
41235459
41235460
41235462
41235463
41235465
41235466
41235467
41235469
41235470
41235471
41235472
41235473
41235474
41235475
41235476
41235478
41235479
41235480
41235481
41235482
41235483
41235484
41235485
41235486
41235487
41235488
41235489
41235490
41235491
41235492
41235493
41235494
41235495
41235496
41235497
41235498
41235499
41235500
41235501
41235502
41235503
41235504
41235505
41235506
41235507
41235508
41235510
41235511
41235512
41235513
41235514
41235515
41235516
41235517
41235518
41235519
41235520
41235522
41235523
41235524
41235525
41235526
41235527
41235528
41235529
41235530
41235531
41235532
41235533
41235534
41235535
41235537
41235539
41235540
41235541
41235542
41235543
41235544
41235545
41235546
41235547
41235548
41235549
41235550
41235551
41235552
41235553
41235554
41235555
41235556
41235557
41235558
41235559
41235560
41235561
41235562
41235564
41235565
41235566
41235567
41235568
41235569
41235570
41235571
41235572
41235573
41235574
41235575
41235576
41235578
41235579
41235580
41235581
41235584
41235585
41235586
41235587
41235588
41235589
41235590
41235591
41235592
41235593
41235596
41235597
41235598
41235599
41235601
41235602
41235603
41235604
41235606
41235608
41235611
41235613
41235615
41235616
41235618
41235619
41235621
41235622
41235623
41235624
41235625
41235626
41235627
41235628
41235629
41235630
41235631
41235633
41235636
41235637
41235638
41235641
41235642
41235643
41235644
41235645
41235647
41235648
41235649
41235650
41235651
41235652
41235653
41235655
41235656
41235657
41235658
41235659
41235660
41235661
41235662
41235663
41235664
41235665
41235666
41235667
41235668
41235669
41235670
41235671
41235672
41235673
41235674
41235675
41235676
41235677
41235678
41235679
41235681
41235682
41235684
41235685
41235687
41235688
41235689
41235690
41235691
41235693
41235694
41235695
41235696
41235697
41235698
41235700
41235702
41235703
41235704
41235705
41235706
41235707
41235709
41235711
41235712
41235713
41235714
41235715
41235716
41235717
41235718
41235719
41235720
41235721
41235722
41235723
41235724
41235725
41235726
41235727
41235728
41235729
41235730
41235731
41235732
41235733
41235734
41235736
41235738
41235739
41235740
41235741
41235742
41235743
41235744
41235745
41235746
41235747
41235748
41235749
41235750
41235751
41235752
41235756
41235757
41235758
41235759
41235760
41235762
41235763
41235764
41235766
41235767
41235769
41235770
41235771
41235772
41235774
41235775
41235776
41235777
41235778
41235780
41235781
41235783
41235785
41235786
41235787
41235788
41235789
41235790
41235791
41235792
41235795
41235796
41235798
41235799
41235800
41235801
41235802
41235803
41235804
41235806
41235807
41235809
41235810
41235811
41235812
41235813
41235815
41235816
41235817
41235818
41235819
41235820
41235821
41235822
41235823
41235824
41235825
41235827
41235828
41235829
41235830
41235831
41235832
41235833
41235834
41235835
41235836
41235837
41235838
41235840
41235841
41235842
41235843
41235844
41235845
41235846
41235849
41235850
41235851
41235852
41235853
41235854
41235855
41235856
41235857
41235858
41235859
41235860
41235861
41235862
41235863
41235864
41235865
41235868
41235869
41235870
41235871
41235872
41235875
41235876
41235877
41235878
41235879
41235880
41235881
41235883
41235884
41235886
41235887
41235888
41235889
41235890
41235892
41235893
41235895
41235897
41235898
41235899
41235900
41235901
41235902
41235903
41235904
41235905
41235906
41235907
41235908
41235909
41235910
41235911
41235912
41235913
41235914
41235915
41235916
41235917
41235918
41235920
41235923
41235924
41235925
41235926
41235927
41235930
41235931
41235932
41235933
41235934
41235935
41235936
41235938
41235939
41235940
41235943
41235944
41235946
41235948
41235949
41235950
41235951
41235952
41235953
41235954
41235955
41235956
41235957
41235958
41235959
41235960
41235962
41235963
41235964
41235965
41235967
41235968
41235969
41235971
41235972
41235973
41235974
41235975
41235976
41235977
41235978
41235979
41235980
41235983
41235985
41235987
41235989
41235991
41235992
41235993
41235995
41235996
41235999
41236000
41236003
41236004
41236006
41236009
41236011
41236012
41236013
41236014
41236015
41236016
41236017
41236019
41236020
41236023
41236024
41236025
41236027
41236028
41236029
41236031
41236032
41236033
41236035
41236036
41236037
41236038
41236039
41236040
41236041
41236042
41236043
41236044
41236045
41236047
41236048
41236049
41236050
41236051
41236052
41236053
41236054
41236055
41236056
41236057
41236058
41236059
41236060
41236061
41236062
41236063
41236064
41236065
41236066
41236067
41236068
41236069
41236070
41236071
41236072
41236073
41236075
41236077
41236078
41236079
41236080
41236081
41236082
41236083
41236085
41236086
41236087
41236088
41236090
41236091
41236092
41236093
41236094
41236095
41236096
41236097
41236098
41236099
41236100
41236101
41236102
41236103
41236104
41236105
41236109
41236110
41236111
41236112
41236113
41236114
41236115
41236116
41236117
41236118
41236119
41236121
41236122
41236123
41236124
41236125
41236126
41236127
41236128
41236129
41236131
41236132
41236133
41236134
41236135
41236136
41236137
41236138
41236139
41236140
41236142
41236143
41236146
41236147
41236148
41236149
41236150
41236151
41236152
41236153
41236154
41236155
41236156
41236157
41236158
41236159
41236160
41236161
41236162
41236163
41236165
41236166
41236167
41236168
41236169
41236170
41236171
41236173
41236174
41236176
41236177
41236178
41236179
41236180
41236181
41236182
41236183
41236184
41236185
41236186
41236187
41236190
41236191
41236192
41236193
41236194
41236195
41236196
41236197
41236198
41236199
41236200
41236202
41236203
41236204
41236205
41236206
41236207
41236208
41236209
41236210
41236211
41236212
41236214
41236215
41236216
41236217
41236218
41236219
41236220
41236221
41236222
41236223
41236224
41236225
41236226
41236227
41236228
41236229
41236230
41236231
41236232
41236233
41236234
41236236
41236237
41236238
41236239
41236240
41236242
41236244
41236245
41236247
41236248
41236249
41236250
41236251
41236253
41236255
41236256
41236257
41236258
41236259
41236260
41236261
41236262
41236263
41236264
41236267
41236268
41236269
41236271
41236272
41236274
41236275
41236276
41236277
41236278
41236279
41236280
41236281
41236282
41236283
41236284
41236285
41236286
41236287
41236288
41236290
41236291
41236292
41236294
41236295
41236296
41236297
41236298
41236299
41236300
41236301
41236302
41236304
41236306
41236308
41236309
41236310
41236311
41236312
41236313
41236315
41236316
41236317
41236318
41236320
41236322
41236323
41236324
41236325
41236326
41236327
41236328
41236330
41236331
41236332
41236333
41236334
41236335
41236336
41236337
41236338
41236339
41236340
41236341
41236342
41236343
41236344
41236345
41236346
41236347
41236348
41236349
41236351
41236352
41236354
41236355
41236356
41236358
41236359
41236360
41236361
41236362
41236363
41236364
41236365
41236366
41236367
41236369
41236370
41236371
41236372
41236373
41236374
41236375
41236376
41236377
41236378
41236379
41236380
41236381
41236382
41236384
41236385
41236386
41236387
41236389
41236390
41236391
41236393
41236394
41236395
41236396
41236397
41236399
41236400
41236401
41236402
41236403
41236404
41236405
41236406
41236407
41236409
41236410
41236411
41236412
41236413
41236414
41236415
41236416
41236417
41236418
41236419
41236420
41236421
41236422
41236423
41236424
41236425
41236426
41236427
41236428
41236429
41236430
41236431
41236432
41236433
41236434
41236435
41236437
41236438
41236439
41236441
41236442
41236443
41236446
41236447
41236448
41236449
41236450
41236451
41236452
41236453
41236454
41236455
41236456
41236459
41236460
41236461
41236462
41236463
41236464
41236465
41236466
41236468
41236470
41236471
41236472
41236473
41236474
41236475
41236476
41236477
41236478
41236479
41236480
41236481
41236482
41236483
41236484
41236486
41236487
41236488
41236489
41236490
41236491
41236493
41236494
41236495
41236496
41236497
41236498
41236499
41236500
41236501
41236503
41236504
41236505
41236506
41236507
41236509
41236510
41236511
41236512
41236513
41236514
41236515
41236516
41236517
41236518
41236519
41236520
41236521
41236522
41236523
41236524
41236525
41236526
41236527
41236528
41236529
41236530
41236532
41236533
41236534
41236536
41236537
41236538
41236539
41236540
41236541
41236542
41236543
41236545
41236549
41236550
41236551
41236552
41236553
41236555
41236556
41236558
41236559
41236560
41236561
41236563
41236564
41236565
41236567
41236568
41236569
41236570
41236571
41236572
41236573
41236574
41236577
41236578
41236579
41236581
41236582
41236583
41236584
41236585
41236586
41236587
41236588
41236589
41236590
41236591
41236593
41236595
41236596
41236597
41236598
41236599
41236600
41236601
41236602
41236603
41236604
41236605
41236606
41236608
41236609
41236611
41236612
41236613
41236614
41236615
41236616
41236618
41236619
41236620
41236621
41236622
41236623
41236624
41236625
41236626
41236627
41236628
41236629
41236630
41236631
41236632
41236633
41236634
41236635
41236637
41236638
41236639
41236640
41236641
41236642
41236643
41236644
41236645
41236646
41236647
41236648
41236650
41236651
41236653
41236654
41236655
41236657
41236658
41236659
41236660
41236661
41236662
41236664
41236665
41236666
41236667
41236668
41236669
41236670
41236671
41236672
41236673
41236674
41236675
41236676
41236677
41236678
41236679
41236680
41236681
41236682
41236683
41236684
41236685
41236686
41236687
41236688
41236690
41236691
41236693
41236694
41236695
41236697
41236699
41236700
41236701
41236702
41236703
41236704
41236705
41236707
41236708
41236709
41236710
41236711
41236712
41236713
41236714
41236715
41236716
41236717
41236718
41236719
41236722
41236723
41236724
41236725
41236727
41236728
41236729
41236730
41236731
41236732
41236733
41236734
41236735
41236736
41236737
41236738
41236739
41236741
41236742
41236743
41236744
41236745
41236746
41236747
41236748
41236749
41236750
41236752
41236753
41236754
41236755
41236756
41236757
41236758
41236759
41236760
41236761
41236762
41236763
41236764
41236765
41236767
41236768
41236769
41236770
41236772
41236773
41236774
41236775
41236776
41236777
41236778
41236779
41236780
41236781
41236783
41236784
41236785
41236787
41236788
41236789
41236790
41236791
41236792
41236793
41236794
41236796
41236797
41236798
41236799
41236800
41236801
41236802
41236803
41236804
41236805
41236806
41236807
41236808
41236809
41236810
41236811
41236813
41236814
41236815
41236816
41236817
41236818
41236819
41236821
41236822
41236823
41236824
41236825
41236827
41236828
41236829
41236831
41236832
41236833
41236834
41236835
41236836
41236837
41236839
41236840
41236841
41236842
41236843
41236844
41236845
41236846
41236847
41236848
41236849
41236850
41236852
41236853
41236854
41236856
41236857
41236858
41236859
41236860
41236861
41236862
41236863
41236864
41236865
41236867
41236868
41236869
41236870
41236871
41236872
41236873
41236874
41236875
41236876
41236877
41236878
41236879
41236880
41236881
41236882
41236883
41236884
41236885
41236886
41236887
41236888
41236889
41236890
41236891
41236892
41236893
41236894
41236896
41236898
41236899
41236900
41236902
41236903
41236904
41236905
41236906
41236907
41236908
41236909
41236910
41236911
41236912
41236913
41236914
41236915
41236916
41236917
41236918
41236919
41236920
41236921
41236922
41236923
41236924
41236925
41236926
41236927
41236928
41236929
41236930
41236931
41236932
41236933
41236934
41236935
41236936
41236938
41236939
41236940
41236941
41236942
41236944
41236945
41236947
41236948
41236949
41236950
41236951
41236952
41236953
41236954
41236955
41236956
41236957
41236958
41236959
41236960
41236961
41236962
41236963
41236964
41236965
41236966
41236967
41236968
41236969
41236970
41236971
41236973
41236974
41236975
41236977
41236978
41236979
41236981
41236982
41236983
41236984
41236985
41236986
41236987
41236988
41236989
41236990
41236991
41236992
41236994
41236996
41236997
41236998
41236999
41237000
41237001
41237002
41237003
41237004
41237007
41237008
41237009
41237010
41237011
41237012
41237015
41237016
41237017
41237018
41237019
41237020
41237021
41237023
41237024
41237025
41237026
41237028
41237029
41237030
41237031
41237032
41237033
41237034
41237036
41237037
41237038
41237039
41237040
41237041
41237042
41237043
41237044
41237046
41237047
41237048
41237049
41237050
41237051
41237052
41237053
41237054
41237055
41237056
41237057
41237058
41237059
41237060
41237061
41237062
41237064
41237065
41237066
41237067
41237068
41237069
41237070
41237071
41237072
41237073
41237076
41237077
41237078
41237079
41237080
41237081
41237082
41237083
41237084
41237085
41237086
41237087
41237088
41237090
41237091
41237092
41237093
41237094
41237095
41237096
41237097
41237098
41237099
41237100
41237101
41237102
41237103
41237105
41237106
41237107
41237109
41237110
41237111
41237112
41237113
41237114
41237115
41237116
41237117
41237118
41237119
41237120
41237121
41237122
41237123
41237124
41237125
41237126
41237128
41237129
41237131
41237132
41237134
41237135
41237136
41237137
41237138
41237139
41237140
41237142
41237145
41237146
41237147
41237148
41237149
41237150
41237151
41237152
41237153
41237154
41237155
41237156
41237157
41237158
41237159
41237160
41237161
41237163
41237164
41237165
41237166
41237167
41237169
41237170
41237171
41237172
41237173
41237174
41237177
41237179
41237180
41237181
41237182
41237183
41237184
41237186
41237189
41237190
41237191
41237192
41237193
41237194
41237196
41237198
41237199
41237200
41237201
41237203
41237206
41237208
41237209
41237210
41237211
41237212
41237213
41237214
41237215
41237216
41237217
41237218
41237219
41237220
41237221
41237222
41237223
41237224
41237225
41237226
41237227
41237228
41237230
41237231
41237232
41237233
41237234
41237235
41237236
41237237
41237238
41237239
41237240
41237241
41237243
41237244
41237245
41237246
41237247
41237248
41237249
41237250
41237251
41237253
41237255
41237256
41237257
41237258
41237259
41237260
41237261
41237263
41237264
41237265
41237266
41237267
41237268
41237272
41237273
41237274
41237275
41237276
41237278
41237279
41237280
41237282
41237284
41237285
41237286
41237287
41237288
41237289
41237290
41237291
41237292
41237293
41237294
41237295
41237297
41237298
41237299
41237300
41237302
41237303
41237304
41237306
41237307
41237308
41237309
41237310
41237311
41237312
41237313
41237314
41237316
41237317
41237319
41237320
41237321
41237322
41237323
41237325
41237326
41237327
41237328
41237329
41237331
41237332
41237333
41237334
41237335
41237336
41237337
41237338
41237339
41237340
41237341
41237342
41237343
41237344
41237346
41237347
41237348
41237349
41237350
41237351
41237352
41237353
41237354
41237355
41237356
41237357
41237358
41237359
41237360
41237361
41237362
41237363
41237364
41237365
41237366
41237367
41237368
41237369
41237370
41237371
41237372
41237373
41237374
41237375
41237377
41237378
41237379
41237381
41237382
41237383
41237384
41237387
41237388
41237389
41237390
41237391
41237393
41237394
41237395
41237397
41237398
41237399
41237400
41237402
41237403
41237404
41237405
41237406
41237407
41237408
41237410
41237412
41237414
41237415
41237416
41237417
41237419
41237421
41237422
41237423
41237424
41237425
41237426
41237427
41237428
41237429
41237430
41237431
41237432
41237433
41237434
41237435
41237436
41237437
41237439
41237440
41237441
41237442
41237443
41237444
41237445
41237446
41237448
41237449
41237450
41237451
41237452
41237453
41237454
41237455
41237456
41237457
41237458
41237459
41237460
41237461
41237463
41237464
41237465
41237466
41237467
41237469
41237470
41237472
41237473
41237474
41237475
41237476
41237477
41237478
41237479
41237480
41237481
41237482
41237483
41237484
41237486
41237488
41237489
41237490
41237491
41237493
41237494
41237495
41237496
41237497
41237499
41237500
41237501
41237502
41237503
41237504
41237505
41237506
41237507
41237508
41237509
41237510
41237511
41237512
41237513
41237514
41237515
41237516
41237518
41237519
41237520
41237521
41237522
41237523
41237524
41237525
41237527
41237528
41237529
41237530
41237531
41237532
41237534
41237535
41237537
41237538
41237541
41237542
41237543
41237544
41237546
41237547
41237550
41237551
41237552
41237553
41237555
41237556
41237559
41237561
41237563
41237564
41237565
41237566
41237567
41237569
41237570
41237571
41237572
41237573
41237574
41237576
41237577
41237578
41237579
41237580
41237581
41237582
41237583
41237584
41237585
41237586
41237587
41237588
41237591
41237593
41237594
41237595
41237597
41237599
41237600
41237602
41237603
41237604
41237605
41237606
41237607
41237608
41237609
41237610
41237611
41237612
41237613
41237614
41237615
41237616
41237617
41237618
41237619
41237620
41237621
41237622
41237623
41237624
41237625
41237626
41237627
41237628
41237629
41237630
41237631
41237632
41237633
41237634
41237635
41237636
41237637
41237638
41237639
41237641
41237642
41237643
41237644
41237646
41237648
41237649
41237650
41237651
41237652
41237653
41237654
41237655
41237656
41237657
41237658
41237659
41237660
41237661
41237662
41237664
41237665
41237666
41237667
41237668
41237669
41237672
41237673
41237674
41237675
41237676
41237678
41237679
41237681
41237682
41237683
41237684
41237686
41237687
41237688
41237689
41237690
41237692
41237694
41237695
41237696
41237698
41237699
41237700
41237701
41237702
41237704
41237705
41237706
41237707
41237709
41237710
41237711
41237713
41237714
41237715
41237716
41237717
41237718
41237719
41237720
41237721
41237722
41237723
41237724
41237726
41237727
41237728
41237729
41237731
41237732
41237733
41237734
41237735
41237736
41237737
41237738
41237740
41237742
41237743
41237744
41237745
41237747
41237748
41237749
41237750
41237751
41237753
41237755
41237756
41237757
41237758
41237759
41237760
41237762
41237763
41237764
41237765
41237766
41237767
41237768
41237769
41237770
41237772
41237773
41237774
41237776
41237777
41237779
41237780
41237781
41237782
41237783
41237784
41237785
41237786
41237787
41237789
41237790
41237791
41237792
41237793
41237794
41237795
41237796
41237797
41237799
41237800
41237802
41237803
41237804
41237805
41237806
41237807
41237808
41237810
41237811
41237812
41237813
41237814
41237815
41237816
41237817
41237818
41237819
41237820
41237821
41237822
41237823
41237824
41237825
41237827
41237828
41237829
41237830
41237831
41237832
41237834
41237835
41237836
41237837
41237838
41237839
41237840
41237841
41237842
41237843
41237845
41237846
41237847
41237849
41237851
41237853
41237854
41237856
41237857
41237858
41237859
41237860
41237861
41237862
41237863
41237864
41237867
41237868
41237869
41237870
41237871
41237872
41237874
41237875
41237876
41237878
41237879
41237880
41237881
41237882
41237883
41237884
41237885
41237886
41237887
41237890
41237891
41237892
41237893
41237894
41237895
41237896
41237897
41237898
41237899
41237901
41237902
41237903
41237904
41237906
41237908
41237909
41237910
41237911
41237912
41237914
41237915
41237916
41237917
41237918
41237919
41237920
41237921
41237922
41237923
41237924
41237925
41237926
41237929
41237930
41237931
41237933
41237934
41237935
41237936
41237937
41237938
41237939
41237940
41237941
41237943
41237944
41237945
41237947
41237948
41237949
41237950
41237951
41237952
41237953
41237954
41237955
41237956
41237957
41237960
41237961
41237962
41237963
41237964
41237965
41237966
41237967
41237968
41237970
41237971
41237972
41237973
41237974
41237975
41237976
41237977
41237978
41237979
41237980
41237981
41237982
41237983
41237984
41237985
41237986
41237987
41237988
41237989
41237990
41237991
41237992
41237993
41237994
41237995
41237996
41237997
41237998
41237999
41238000
41238001
41238002
41238003
41238004
41238005
41238006
41238007
41238008
41238009
41238010
41238011
41238012
41238013
41238015
41238016
41238018
41238019
41238020
41238021
41238022
41238023
41238024
41238025
41238028
41238029
41238030
41238031
41238032
41238034
41238035
41238036
41238038
41238039
41238040
41238041
41238042
41238043
41238044
41238045
41238046
41238047
41238048
41238049
41238050
41238051
41238052
41238053
41238054
41238055
41238056
41238057
41238058
41238059
41238060
41238061
41238062
41238063
41238064
41238065
41238067
41238068
41238069
41238070
41238071
41238072
41238073
41238076
41238077
41238078
41238079
41238081
41238082
41238084
41238085
41238086
41238087
41238089
41238090
41238092
41238093
41238094
41238095
41238096
41238097
41238098
41238099
41238100
41238101
41238102
41238103
41238105
41238107
41238108
41238109
41238111
41238112
41238113
41238114
41238115
41238116
41238117
41238119
41238120
41238121
41238123
41238124
41238125
41238126
41238127
41238129
41238130
41238131
41238132
41238133
41238134
41238135
41238136
41238137
41238138
41238139
41238140
41238141
41238142
41238143
41238145
41238146
41238147
41238149
41238151
41238152
41238153
41238154
41238155
41238156
41238157
41238158
41238159
41238160
41238161
41238162
41238163
41238164
41238165
41238166
41238167
41238168
41238169
41238170
41238172
41238173
41238174
41238175
41238176
41238177
41238178
41238179
41238180
41238181
41238183
41238184
41238185
41238186
41238187
41238188
41238189
41238190
41238191
41238192
41238194
41238195
41238196
41238198
41238199
41238200
41238201
41238202
41238203
41238204
41238205
41238206
41238207
41238208
41238209
41238210
41238211
41238212
41238213
41238214
41238215
41238216
41238217
41238218
41238219
41238220
41238221
41238222
41238223
41238224
41238225
41238226
41238227
41238228
41238229
41238230
41238231
41238232
41238233
41238234
41238235
41238236
41238237
41238239
41238240
41238241
41238242
41238243
41238245
41238246
41238248
41238249
41238250
41238252
41238253
41238254
41238255
41238256
41238257
41238258
41238259
41238260
41238261
41238262
41238263
41238264
41238265
41238266
41238267
41238268
41238269
41238270
41238271
41238272
41238273
41238274
41238275
41238276
41238277
41238278
41238279
41238280
41238282
41238283
41238284
41238285
41238286
41238287
41238288
41238289
41238290
41238291
41238292
41238293
41238295
41238296
41238297
41238299
41238300
41238301
41238302
41238303
41238304
41238306
41238307
41238308
41238309
41238310
41238311
41238312
41238313
41238314
41238315
41238316
41238318
41238319
41238320
41238321
41238322
41238323
41238324
41238326
41238327
41238328
41238329
41238331
41238332
41238333
41238334
41238335
41238337
41238338
41238339
41238340
41238341
41238342
41238343
41238344
41238345
41238346
41238347
41238348
41238349
41238350
41238351
41238352
41238353
41238354
41238355
41238356
41238357
41238358
41238360
41238361
41238364
41238365
41238367
41238369
41238370
41238371
41238372
41238373
41238374
41238375
41238376
41238377
41238378
41238379
41238380
41238382
41238383
41238385
41238386
41238388
41238389
41238390
41238391
41238392
41238393
41238394
41238395
41238396
41238397
41238398
41238399
41238400
41238401
41238402
41238404
41238405
41238406
41238407
41238408
41238409
41238410
41238411
41238412
41238413
41238414
41238415
41238416
41238417
41238418
41238419
41238420
41238421
41238422
41238423
41238424
41238425
41238426
41238427
41238428
41238429
41238430
41238431
41238432
41238433
41238434
41238435
41238436
41238437
41238438
41238439
41238440
41238441
41238442
41238443
41238444
41238445
41238446
41238448
41238451
41238453
41238454
41238456
41238457
41238458
41238459
41238460
41238462
41238463
41238464
41238467
41238468
41238469
41238470
41238471
41238472
41238473
41238474
41238475
41238478
41238479
41238480
41238481
41238482
41238484
41238486
41238487
41238488
41238490
41238491
41238492
41238493
41238497
41238498
41238499
41238500
41238501
41238502
41238504
41238505
41238507
41238508
41238509
41238510
41238511
41238512
41238513
41238515
41238516
41238518
41238519
41238520
41238521
41238522
41238523
41238524
41238526
41238527
41238528
41238529
41238530
41238531
41238532
41238534
41238535
41238537
41238538
41238539
41238540
41238541
41238542
41238543
41238545
41238548
41238549
41238550
41238552
41238553
41238554
41238555
41238556
41238557
41238558
41238560
41238561
41238562
41238563
41238564
41238565
41238566
41238567
41238568
41238569
41238571
41238572
41238573
41238574
41238576
41238577
41238578
41238579
41238580
41238581
41238582
41238583
41238584
41238585
41238586
41238587
41238588
41238589
41238590
41238591
41238592
41238593
41238594
41238595
41238596
41238597
41238598
41238599
41238600
41238601
41238602
41238603
41238604
41238607
41238609
41238610
41238611
41238612
41238613
41238614
41238615
41238616
41238617
41238618
41238619
41238621
41238622
41238623
41238624
41238626
41238627
41238629
41238630
41238631
41238632
41238633
41238634
41238635
41238636
41238637
41238638
41238640
41238641
41238642
41238643
41238644
41238645
41238646
41238647
41238648
41238649
41238650
41238651
41238652
41238653
41238654
41238655
41238657
41238658
41238659
41238660
41238661
41238662
41238663
41238664
41238665
41238666
41238667
41238668
41238669
41238671
41238672
41238673
41238674
41238675
41238676
41238677
41238678
41238679
41238680
41238681
41238682
41238683
41238684
41238685
41238686
41238687
41238688
41238689
41238690
41238691
41238693
41238694
41238695
41238696
41238697
41238698
41238699
41238700
41238701
41238702
41238703
41238704
41238705
41238706
41238707
41238708
41238709
41238710
41238711
41238712
41238713
41238714
41238715
41238716
41238717
41238718
41238719
41238720
41238721
41238722
41238723
41238724
41238725
41238726
41238727
41238728
41238729
41238731
41238732
41238734
41238736
41238737
41238738
41238739
41238740
41238741
41238742
41238744
41238745
41238746
41238747
41238748
41238749
41238750
41238751
41238752
41238753
41238754
41238755
41238756
41238757
41238758
41238759
41238760
41238761
41238762
41238764
41238765
41238767
41238768
41238769
41238770
41238771
41238772
41238774
41238775
41238776
41238777
41238778
41238781
41238782
41238783
41238784
41238785
41238786
41238787
41238788
41238789
41238790
41238791
41238793
41238794
41238795
41238796
41238797
41238798
41238799
41238801
41238803
41238804
41238805
41238806
41238808
41238809
41238810
41238811
41238812
41238813
41238814
41238815
41238816
41238817
41238818
41238819
41238820
41238821
41238822
41238823
41238824
41238825
41238826
41238827
41238828
41238829
41238830
41238831
41238832
41238833
41238834
41238835
41238836
41238837
41238838
41238840
41238841
41238842
41238844
41238845
41238846
41238847
41238848
41238849
41238850
41238851
41238852
41238853
41238854
41238855
41238856
41238857
41238858
41238859
41238860
41238861
41238862
41238863
41238864
41238866
41238867
41238868
41238869
41238870
41238871
41238872
41238873
41238874
41238875
41238876
41238877
41238880
41238881
41238882
41238883
41238884
41238885
41238886
41238887
41238888
41238890
41238891
41238892
41238893
41238895
41238896
41238897
41238898
41238899
41238900
41238901
41238902
41238903
41238904
41238905
41238906
41238907
41238908
41238910
41238911
41238912
41238913
41238914
41238915
41238916
41238917
41238919
41238920
41238921
41238922
41238923
41238924
41238925
41238926
41238927
41238928
41238929
41238930
41238931
41238933
41238934
41238937
41238938
41238939
41238940
41238941
41238942
41238943
41238944
41238945
41238946
41238947
41238948
41238949
41238950
41238951
41238952
41238953
41238954
41238955
41238956
41238957
41238958
41238959
41238960
41238961
41238963
41238964
41238965
41238966
41238967
41238968
41238969
41238970
41238971
41238972
41238974
41238975
41238977
41238978
41238979
41238980
41238981
41238982
41238983
41238984
41238985
41238986
41238987
41238988
41238989
41238990
41238991
41238992
41238993
41238994
41238995
41238997
41238998
41238999
41239000
41239001
41239002
41239003
41239004
41239005
41239006
41239008
41239010
41239011
41239012
41239013
41239014
41239015
41239016
41239019
41239020
41239021
41239024
41239025
41239026
41239027
41239028
41239029
41239032
41239033
41239034
41239035
41239037
41239038
41239039
41239040
41239042
41239043
41239044
41239045
41239046
41239047
41239048
41239050
41239051
41239052
41239054
41239058
41239059
41239062
41239063
41239064
41239065
41239066
41239067
41239068
41239070
41239071
41239073
41239074
41239075
41239076
41239077
41239078
41239081
41239082
41239083
41239085
41239086
41239089
41239090
41239091
41239092
41239093
41239094
41239095
41239096
41239098
41239099
41239100
41239101
41239102
41239103
41239104
41239105
41239106
41239107
41239108
41239109
41239110
41239112
41239113
41239114
41239115
41239116
41239117
41239118
41239119
41239120
41239121
41239122
41239123
41239124
41239125
41239127
41239128
41239129
41239130
41239131
41239132
41239133
41239134
41239135
41239136
41239137
41239138
41239139
41239140
41239141
41239142
41239143
41239144
41239145
41239146
41239147
41239148
41239149
41239150
41239151
41239152
41239153
41239154
41239155
41239156
41239157
41239158
41239159
41239161
41239162
41239164
41239165
41239166
41239167
41239168
41239169
41239170
41239171
41239172
41239173
41239174
41239175
41239176
41239177
41239178
41239179
41239180
41239181
41239182
41239183
41239184
41239186
41239187
41239188
41239189
41239190
41239191
41239192
41239193
41239194
41239195
41239196
41239197
41239198
41239199
41239201
41239202
41239203
41239205
41239207
41239208
41239209
41239210
41239211
41239212
41239213
41239214
41239215
41239216
41239217
41239218
41239219
41239220
41239221
41239224
41239225
41239226
41239227
41239228
41239229
41239230
41239231
41239233
41239234
41239235
41239236
41239237
41239238
41239239
41239240
41239241
41239243
41239244
41239247
41239249
41239250
41239251
41239252
41239253
41239254
41239255
41239256
41239257
41239258
41239260
41239261
41239263
41239264
41239265
41239266
41239267
41239268
41239269
41239270
41239271
41239272
41239274
41239275
41239276
41239277
41239278
41239279
41239280
41239281
41239282
41239283
41239284
41239285
41239286
41239287
41239288
41239289
41239290
41239291
41239292
41239293
41239294
41239296
41239297
41239298
41239300
41239301
41239304
41239305
41239306
41239310
41239311
41239312
41239313
41239314
41239316
41239317
41239318
41239320
41239321
41239323
41239324
41239325
41239326
41239327
41239329
41239330
41239331
41239332
41239333
41239334
41239335
41239336
41239337
41239338
41239339
41239341
41239342
41239343
41239344
41239345
41239346
41239347
41239348
41239349
41239351
41239353
41239355
41239356
41239357
41239358
41239359
41239360
41239361
41239362
41239363
41239364
41239365
41239366
41239367
41239368
41239369
41239370
41239371
41239372
41239373
41239374
41239375
41239376
41239377
41239378
41239379
41239380
41239381
41239382
41239383
41239384
41239385
41239386
41239387
41239388
41239389
41239390
41239391
41239392
41239393
41239394
41239397
41239398
41239399
41239400
41239401
41239402
41239403
41239405
41239406
41239407
41239408
41239409
41239410
41239411
41239412
41239413
41239414
41239416
41239418
41239420
41239421
41239422
41239423
41239424
41239425
41239426
41239427
41239428
41239430
41239431
41239432
41239434
41239435
41239436
41239437
41239438
41239439
41239440
41239441
41239442
41239443
41239444
41239446
41239447
41239448
41239450
41239451
41239452
41239453
41239454
41239455
41239456
41239457
41239458
41239459
41239460
41239461
41239462
41239463
41239464
41239466
41239467
41239468
41239470
41239471
41239472
41239473
41239474
41239476
41239477
41239479
41239481
41239483
41239484
41239485
41239486
41239488
41239492
41239493
41239494
41239495
41239496
41239497
41239498
41239500
41239501
41239502
41239503
41239504
41239505
41239506
41239507
41239508
41239509
41239510
41239511
41239512
41239513
41239514
41239515
41239517
41239518
41239519
41239520
41239521
41239523
41239524
41239525
41239526
41239529
41239530
41239531
41239533
41239534
41239535
41239536
41239537
41239539
41239541
41239542
41239543
41239544
41239545
41239546
41239547
41239548
41239549
41239550
41239551
41239552
41239553
41239554
41239555
41239556
41239557
41239558
41239559
41239560
41239561
41239562
41239563
41239564
41239565
41239566
41239567
41239568
41239569
41239572
41239573
41239574
41239575
41239576
41239577
41239578
41239579
41239580
41239581
41239582
41239583
41239584
41239586
41239587
41239588
41239589
41239590
41239591
41239592
41239593
41239594
41239595
41239596
41239597
41239598
41239599
41239600
41239601
41239603
41239604
41239605
41239606
41239607
41239608
41239609
41239610
41239611
41239612
41239613
41239614
41239615
41239616
41239617
41239618
41239619
41239620
41239621
41239622
41239623
41239624
41239625
41239627
41239629
41239630
41239631
41239632
41239633
41239634
41239635
41239636
41239637
41239638
41239639
41239640
41239641
41239642
41239643
41239644
41239646
41239647
41239648
41239649
41239650
41239651
41239652
41239653
41239654
41239655
41239657
41239658
41239659
41239660
41239661
41239662
41239663
41239665
41239666
41239667
41239669
41239670
41239671
41239672
41239673
41239674
41239675
41239676
41239677
41239678
41239679
41239680
41239681
41239682
41239683
41239684
41239685
41239686
41239687
41239688
41239689
41239690
41239691
41239692
41239693
41239694
41239695
41239696
41239697
41239698
41239699
41239700
41239702
41239703
41239704
41239706
41239707
41239709
41239711
41239712
41239713
41239714
41239715
41239716
41239717
41239718
41239719
41239720
41239721
41239722
41239723
41239724
41239725
41239726
41239727
41239728
41239729
41239730
41239731
41239732
41239733
41239734
41239735
41239736
41239737
41239738
41239739
41239740
41239741
41239742
41239743
41239745
41239746
41239748
41239749
41239750
41239751
41239752
41239753
41239754
41239755
41239756
41239757
41239758
41239759
41239760
41239761
41239762
41239763
41239764
41239765
41239766
41239767
41239769
41239770
41239771
41239772
41239773
41239774
41239775
41239776
41239777
41239778
41239780
41239782
41239783
41239784
41239786
41239787
41239788
41239789
41239791
41239794
41239795
41239796
41239797
41239798
41239799
41239800
41239801
41239802
41239803
41239804
41239805
41239807
41239808
41239809
41239810
41239811
41239812
41239813
41239814
41239815
41239816
41239817
41239818
41239819
41239820
41239821
41239822
41239823
41239824
41239825
41239826
41239827
41239829
41239830
41239831
41239833
41239834
41239835
41239836
41239837
41239838
41239839
41239841
41239842
41239843
41239844
41239845
41239846
41239847
41239848
41239849
41239850
41239851
41239852
41239853
41239854
41239855
41239856
41239857
41239858
41239859
41239860
41239862
41239863
41239864
41239865
41239867
41239868
41239869
41239870
41239871
41239872
41239873
41239874
41239876
41239877
41239878
41239879
41239880
41239881
41239883
41239884
41239885
41239886
41239887
41239888
41239889
41239890
41239891
41239892
41239893
41239894
41239897
41239898
41239899
41239900
41239901
41239902
41239903
41239904
41239906
41239909
41239910
41239911
41239913
41239915
41239916
41239917
41239918
41239919
41239920
41239921
41239922
41239923
41239924
41239925
41239926
41239927
41239928
41239929
41239930
41239931
41239932
41239933
41239934
41239935
41239936
41239937
41239938
41239939
41239940
41239941
41239942
41239943
41239944
41239945
41239946
41239947
41239948
41239949
41239950
41239951
41239952
41239954
41239955
41239957
41239958
41239959
41239960
41239961
41239962
41239963
41239964
41239965
41239966
41239967
41239968
41239969
41239971
41239972
41239973
41239974
41239975
41239976
41239978
41239979
41239980
41239981
41239982
41239983
41239984
41239985
41239987
41239988
41239989
41239990
41239991
41239992
41239993
41239994
41239995
41239996
41239997
41239998
41239999
41240000
41240001
41240002
41240003
41240004
41240005
41240006
41240007
41240008
41240009
41240010
41240011
41240012
41240013
41240015
41240016
41240017
41240018
41240019
41240020
41240021
41240022
41240023
41240024
41240025
41240026
41240027
41240028
41240029
41240030
41240031
41240032
41240033
41240034
41240035
41240036
41240037
41240038
41240039
41240040
41240041
41240042
41240043
41240044
41240045
41240046
41240047
41240048
41240049
41240051
41240052
41240053
41240054
41240055
41240056
41240057
41240058
41240059
41240060
41240062
41240063
41240064
41240065
41240066
41240067
41240068
41240069
41240070
41240072
41240073
41240074
41240075
41240076
41240077
41240078
41240079
41240080
41240081
41240082
41240083
41240084
41240085
41240086
41240087
41240088
41240089
41240090
41240091
41240092
41240093
41240094
41240095
41240096
41240098
41240099
41240100
41240102
41240103
41240104
41240105
41240107
41240109
41240110
41240111
41240112
41240113
41240114
41240115
41240117
41240118
41240119
41240121
41240122
41240123
41240124
41240125
41240126
41240127
41240128
41240129
41240130
41240131
41240132
41240133
41240134
41240135
41240136
41240137
41240138
41240139
41240140
41240141
41240142
41240143
41240144
41240145
41240146
41240147
41240148
41240149
41240150
41240151
41240152
41240153
41240154
41240155
41240156
41240158
41240159
41240160
41240161
41240162
41240163
41240164
41240165
41240166
41240167
41240168
41240169
41240170
41240171
41240172
41240173
41240174
41240176
41240177
41240178
41240179
41240180
41240181
41240182
41240183
41240184
41240185
41240186
41240187
41240188
41240189
41240190
41240191
41240193
41240195
41240197
41240198
41240199
41240200
41240201
41240202
41240203
41240204
41240205
41240206
41240207
41240208
41240209
41240210
41240211
41240212
41240213
41240214
41240215
41240216
41240217
41240218
41240220
41240221
41240222
41240223
41240225
41240226
41240227
41240228
41240229
41240230
41240231
41240232
41240233
41240234
41240235
41240236
41240237
41240238
41240239
41240240
41240241
41240242
41240243
41240244
41240245
41240246
41240247
41240248
41240250
41240251
41240252
41240255
41240256
41240258
41240259
41240260
41240261
41240262
41240266
41240267
41240269
41240270
41240271
41240273
41240274
41240275
41240276
41240277
41240278
41240281
41240283
41240285
41240287
41240288
41240289
41240290
41240291
41240292
41240293
41240295
41240296
41240297
41240298
41240299
41240300
41240303
41240304
41240305
41240306
41240307
41240308
41240309
41240310
41240311
41240312
41240313
41240315
41240317
41240319
41240320
41240321
41240322
41240323
41240324
41240325
41240326
41240327
41240329
41240330
41240331
41240332
41240334
41240335
41240336
41240337
41240339
41240340
41240342
41240343
41240344
41240345
41240346
41240347
41240348
41240349
41240350
41240351
41240354
41240356
41240357
41240358
41240360
41240361
41240362
41240363
41240364
41240365
41240366
41240367
41240368
41240369
41240370
41240371
41240372
41240373
41240374
41240375
41240376
41240377
41240378
41240380
41240381
41240382
41240383
41240384
41240385
41240387
41240388
41240389
41240390
41240392
41240393
41240394
41240395
41240396
41240397
41240398
41240400
41240401
41240403
41240404
41240405
41240406
41240407
41240408
41240409
41240410
41240411
41240412
41240413
41240414
41240415
41240416
41240417
41240418
41240419
41240421
41240422
41240423
41240424
41240425
41240426
41240428
41240429
41240430
41240431
41240432
41240433
41240435
41240436
41240437
41240438
41240439
41240440
41240441
41240442
41240443
41240444
41240445
41240447
41240448
41240449
41240450
41240451
41240452
41240453
41240454
41240455
41240456
41240457
41240458
41240459
41240460
41240461
41240462
41240463
41240464
41240465
41240466
41240467
41240468
41240469
41240470
41240471
41240472
41240473
41240474
41240475
41240477
41240478
41240479
41240480
41240481
41240482
41240483
41240484
41240485
41240486
41240487
41240489
41240491
41240492
41240494
41240495
41240496
41240497
41240498
41240499
41240500
41240501
41240502
41240503
41240504
41240505
41240506
41240507
41240508
41240509
41240510
41240511
41240513
41240514
41240515
41240516
41240517
41240518
41240519
41240520
41240521
41240522
41240523
41240524
41240525
41240526
41240527
41240528
41240529
41240530
41240531
41240533
41240534
41240535
41240536
41240537
41240538
41240539
41240540
41240541
41240542
41240543
41240544
41240545
41240547
41240548
41240549
41240550
41240552
41240553
41240554
41240555
41240556
41240558
41240560
41240561
41240562
41240563
41240564
41240565
41240566
41240568
41240569
41240570
41240571
41240572
41240573
41240574
41240575
41240576
41240577
41240578
41240579
41240580
41240582
41240584
41240585
41240586
41240587