39321600
39321601
39321602
39321603
39321604
39321605
39321607
39321608
39321610
39321612
39321613
39321614
39321615
39321617
39321618
39321619
39321620
39321621
39321624
39321625
39321626
39321627
39321628
39321629
39321630
39321631
39321632
39321633
39321634
39321635
39321637
39321638
39321640
39321641
39321642
39321643
39321644
39321646
39321647
39321648
39321650
39321651
39321652
39321653
39321654
39321655
39321657
39321659
39321661
39321664
39321665
39321666
39321667
39321668
39321670
39321672
39321673
39321675
39321676
39321678
39321679
39321680
39321681
39321683
39321684
39321686
39321688
39321689
39321690
39321691
39321692
39321693
39321694
39321695
39321696
39321698
39321699
39321700
39321702
39321703
39321705
39321706
39321707
39321708
39321709
39321710
39321711
39321712
39321713
39321714
39321715
39321716
39321717
39321718
39321719
39321720
39321721
39321722
39321723
39321724
39321725
39321727
39321729
39321730
39321731
39321732
39321733
39321734
39321735
39321736
39321737
39321740
39321741
39321742
39321743
39321744
39321745
39321746
39321747
39321748
39321749
39321750
39321751
39321752
39321753
39321754
39321755
39321756
39321759
39321760
39321761
39321762
39321763
39321765
39321766
39321767
39321769
39321770
39321771
39321772
39321773
39321774
39321775
39321777
39321778
39321779
39321780
39321781
39321782
39321783
39321784
39321785
39321786
39321787
39321788
39321789
39321790
39321791
39321792
39321793
39321794
39321795
39321796
39321800
39321801
39321803
39321806
39321807
39321808
39321810
39321811
39321814
39321815
39321816
39321817
39321818
39321819
39321821
39321822
39321823
39321824
39321825
39321827
39321828
39321829
39321830
39321832
39321834
39321835
39321836
39321837
39321839
39321840
39321841
39321842
39321844
39321846
39321848
39321851
39321852
39321853
39321854
39321856
39321857
39321858
39321861
39321863
39321864
39321866
39321867
39321869
39321870
39321871
39321873
39321874
39321875
39321876
39321877
39321878
39321879
39321880
39321881
39321884
39321885
39321886
39321887
39321888
39321889
39321891
39321892
39321893
39321894
39321895
39321896
39321897
39321898
39321900
39321901
39321902
39321903
39321905
39321906
39321907
39321909
39321912
39321913
39321914
39321915
39321918
39321919
39321920
39321921
39321922
39321923
39321924
39321925
39321926
39321928
39321929
39321931
39321932
39321933
39321935
39321936
39321937
39321939
39321941
39321942
39321943
39321944
39321945
39321946
39321947
39321948
39321949
39321950
39321951
39321952
39321953
39321954
39321955
39321957
39321958
39321959
39321960
39321961
39321962
39321963
39321964
39321966
39321967
39321968
39321969
39321970
39321971
39321972
39321973
39321974
39321977
39321979
39321980
39321981
39321982
39321983
39321984
39321985
39321986
39321988
39321990
39321991
39321992
39321993
39321994
39321995
39321996
39322000
39322002
39322003
39322004
39322006
39322007
39322008
39322010
39322011
39322012
39322013
39322014
39322015
39322016
39322017
39322018
39322019
39322020
39322021
39322022
39322023
39322024
39322025
39322026
39322027
39322028
39322029
39322031
39322032
39322033
39322034
39322035
39322036
39322037
39322038
39322039
39322040
39322042
39322043
39322045
39322046
39322047
39322048
39322049
39322050
39322051
39322052
39322053
39322054
39322055
39322056
39322057
39322058
39322059
39322060
39322061
39322062
39322063
39322065
39322066
39322067
39322068
39322069
39322070
39322071
39322072
39322074
39322075
39322076
39322078
39322079
39322080
39322081
39322082
39322083
39322084
39322086
39322089
39322090
39322091
39322093
39322094
39322096
39322098
39322099
39322100
39322101
39322102
39322103
39322104
39322105
39322106
39322107
39322109
39322110
39322112
39322113
39322114
39322115
39322116
39322117
39322119
39322120
39322121
39322122
39322123
39322124
39322126
39322127
39322128
39322130
39322131
39322132
39322133
39322134
39322135
39322136
39322137
39322139
39322140
39322141
39322142
39322143
39322144
39322145
39322146
39322147
39322148
39322149
39322150
39322151
39322152
39322154
39322155
39322156
39322157
39322158
39322159
39322161
39322163
39322165
39322166
39322167
39322168
39322169
39322170
39322171
39322172
39322173
39322174
39322175
39322177
39322178
39322179
39322180
39322181
39322182
39322183
39322184
39322185
39322186
39322188
39322189
39322190
39322192
39322193
39322194
39322195
39322197
39322198
39322199
39322200
39322201
39322203
39322204
39322205
39322206
39322207
39322208
39322209
39322210
39322211
39322212
39322213
39322215
39322216
39322217
39322218
39322219
39322220
39322221
39322222
39322223
39322225
39322226
39322227
39322228
39322229
39322230
39322231
39322232
39322233
39322234
39322235
39322236
39322237
39322239
39322241
39322242
39322243
39322244
39322245
39322246
39322247
39322249
39322250
39322251
39322252
39322253
39322254
39322255
39322256
39322257
39322258
39322259
39322260
39322261
39322262
39322263
39322264
39322265
39322267
39322268
39322270
39322272
39322273
39322274
39322275
39322276
39322277
39322279
39322280
39322281
39322282
39322283
39322284
39322285
39322287
39322288
39322289
39322290
39322291
39322292
39322293
39322294
39322295
39322296
39322297
39322298
39322299
39322300
39322301
39322302
39322303
39322304
39322305
39322306
39322307
39322308
39322311
39322312
39322313
39322314
39322315
39322316
39322318
39322319
39322320
39322321
39322322
39322323
39322324
39322325
39322326
39322327
39322328
39322330
39322331
39322332
39322333
39322334
39322335
39322336
39322337
39322338
39322339
39322340
39322341
39322342
39322344
39322345
39322346
39322347
39322348
39322349
39322350
39322351
39322352
39322353
39322354
39322355
39322356
39322358
39322360
39322361
39322362
39322363
39322364
39322366
39322367
39322368
39322369
39322371
39322373
39322374
39322375
39322376
39322377
39322378
39322379
39322381
39322382
39322383
39322384
39322385
39322386
39322388
39322389
39322390
39322391
39322392
39322393
39322395
39322397
39322400
39322402
39322403
39322404
39322405
39322406
39322408
39322409
39322410
39322411
39322412
39322413
39322414
39322416
39322418
39322419
39322420
39322421
39322422
39322425
39322426
39322427
39322428
39322429
39322430
39322431
39322434
39322435
39322436
39322437
39322438
39322439
39322441
39322442
39322443
39322444
39322445
39322446
39322447
39322448
39322450
39322451
39322452
39322453
39322454
39322455
39322457
39322458
39322459
39322460
39322461
39322463
39322464
39322465
39322466
39322467
39322468
39322469
39322470
39322471
39322472
39322473
39322474
39322475
39322476
39322477
39322478
39322479
39322480
39322481
39322483
39322484
39322485
39322486
39322487
39322488
39322490
39322491
39322492
39322493
39322494
39322495
39322496
39322497
39322499
39322500
39322501
39322503
39322504
39322505
39322506
39322507
39322508
39322509
39322510
39322511
39322513
39322514
39322515
39322516
39322517
39322519
39322520
39322521
39322522
39322525
39322526
39322527
39322528
39322530
39322532
39322533
39322534
39322535
39322536
39322537
39322538
39322539
39322540
39322541
39322542
39322543
39322544
39322545
39322547
39322548
39322549
39322550
39322551
39322552
39322556
39322557
39322558
39322559
39322560
39322561
39322562
39322563
39322564
39322565
39322566
39322567
39322568
39322569
39322570
39322571
39322572
39322573
39322574
39322575
39322576
39322577
39322579
39322580
39322581
39322582
39322583
39322584
39322585
39322586
39322587
39322588
39322589
39322590
39322591
39322592
39322593
39322594
39322595
39322596
39322598
39322599
39322600
39322601
39322602
39322603
39322604
39322605
39322606
39322607
39322608
39322609
39322610
39322611
39322612
39322613
39322614
39322615
39322616
39322617
39322618
39322619
39322620
39322621
39322623
39322624
39322625
39322626
39322627
39322628
39322629
39322630
39322631
39322632
39322633
39322634
39322635
39322636
39322637
39322638
39322639
39322640
39322641
39322643
39322645
39322646
39322648
39322649
39322650
39322651
39322652
39322653
39322654
39322655
39322656
39322658
39322659
39322660
39322661
39322662
39322663
39322664
39322665
39322666
39322667
39322669
39322670
39322671
39322672
39322673
39322674
39322675
39322676
39322677
39322678
39322680
39322682
39322683
39322685
39322686
39322687
39322689
39322690
39322691
39322693
39322694
39322695
39322696
39322697
39322698
39322700
39322701
39322702
39322705
39322706
39322708
39322709
39322711
39322712
39322713
39322714
39322715
39322716
39322717
39322719
39322721
39322722
39322723
39322724
39322725
39322726
39322727
39322728
39322729
39322730
39322731
39322732
39322733
39322734
39322735
39322736
39322737
39322738
39322739
39322741
39322742
39322744
39322746
39322747
39322748
39322749
39322750
39322752
39322754
39322755
39322756
39322757
39322758
39322759
39322760
39322761
39322762
39322763
39322764
39322765
39322766
39322767
39322768
39322769
39322770
39322772
39322773
39322774
39322776
39322777
39322778
39322780
39322782
39322783
39322784
39322785
39322786
39322787
39322788
39322789
39322790
39322791
39322792
39322793
39322794
39322797
39322798
39322799
39322801
39322802
39322803
39322804
39322805
39322806
39322808
39322809
39322810
39322811
39322812
39322813
39322814
39322815
39322816
39322817
39322818
39322819
39322820
39322821
39322823
39322824
39322825
39322826
39322827
39322828
39322829
39322830
39322831
39322832
39322833
39322834
39322835
39322836
39322837
39322838
39322840
39322841
39322842
39322843
39322844
39322845
39322846
39322848
39322849
39322850
39322852
39322853
39322854
39322855
39322856
39322857
39322858
39322859
39322860
39322861
39322863
39322864
39322865
39322866
39322867
39322868
39322869
39322870
39322872
39322873
39322875
39322876
39322879
39322880
39322881
39322882
39322883
39322884
39322885
39322886
39322887
39322888
39322889
39322890
39322891
39322892
39322893
39322894
39322895
39322896
39322898
39322900
39322901
39322904
39322905
39322906
39322907
39322908
39322909
39322910
39322911
39322912
39322913
39322915
39322916
39322917
39322918
39322919
39322920
39322922
39322923
39322924
39322925
39322926
39322927
39322928
39322929
39322930
39322931
39322933
39322934
39322937
39322938
39322939
39322940
39322941
39322943
39322944
39322945
39322946
39322947
39322948
39322949
39322950
39322952
39322953
39322954
39322955
39322956
39322957
39322958
39322959
39322960
39322961
39322964
39322965
39322966
39322967
39322968
39322970
39322971
39322972
39322974
39322975
39322977
39322978
39322979
39322980
39322981
39322983
39322986
39322987
39322989
39322990
39322992
39322993
39322995
39322996
39322998
39322999
39323000
39323001
39323002
39323003
39323004
39323007
39323009
39323010
39323013
39323015
39323016
39323017
39323018
39323020
39323021
39323025
39323027
39323028
39323029
39323031
39323032
39323033
39323034
39323035
39323036
39323037
39323038
39323039
39323041
39323042
39323044
39323045
39323047
39323048
39323050
39323051
39323052
39323053
39323054
39323055
39323057
39323058
39323059
39323061
39323062
39323063
39323064
39323065
39323067
39323068
39323069
39323070
39323071
39323072
39323073
39323074
39323075
39323076
39323078
39323079
39323080
39323081
39323082
39323085
39323087
39323088
39323089
39323091
39323093
39323094
39323095
39323096
39323097
39323098
39323099
39323100
39323101
39323102
39323105
39323106
39323108
39323109
39323110
39323111
39323113
39323114
39323115
39323116
39323117
39323118
39323119
39323120
39323121
39323122
39323124
39323125
39323126
39323127
39323128
39323129
39323130
39323132
39323133
39323136
39323137
39323138
39323139
39323140
39323141
39323142
39323143
39323145
39323146
39323147
39323148
39323149
39323150
39323152
39323153
39323154
39323155
39323156
39323157
39323159
39323160
39323161
39323162
39323163
39323164
39323165
39323166
39323167
39323168
39323169
39323170
39323171
39323172
39323173
39323174
39323175
39323176
39323177
39323178
39323179
39323180
39323181
39323182
39323183
39323184
39323185
39323186
39323187
39323188
39323189
39323190
39323191
39323192
39323193
39323194
39323195
39323196
39323197
39323198
39323200
39323201
39323202
39323203
39323204
39323205
39323206
39323207
39323208
39323209
39323210
39323211
39323212
39323213
39323214
39323215
39323216
39323217
39323218
39323219
39323220
39323221
39323222
39323223
39323225
39323226
39323227
39323228
39323229
39323230
39323231
39323232
39323233
39323234
39323236
39323237
39323238
39323239
39323240
39323241
39323242
39323243
39323244
39323245
39323246
39323247
39323249
39323250
39323251
39323252
39323254
39323255
39323256
39323257
39323258
39323259
39323260
39323261
39323262
39323263
39323264
39323265
39323267
39323268
39323269
39323270
39323271
39323272
39323273
39323274
39323275
39323276
39323277
39323278
39323279
39323280
39323281
39323283
39323284
39323285
39323287
39323288
39323289
39323290
39323291
39323292
39323293
39323294
39323295
39323297
39323298
39323299
39323300
39323301
39323302
39323303
39323304
39323305
39323306
39323307
39323309
39323310
39323311
39323312
39323313
39323315
39323316
39323317
39323319
39323320
39323321
39323322
39323323
39323324
39323325
39323326
39323327
39323328
39323329
39323330
39323331
39323332
39323333
39323334
39323335
39323336
39323337
39323338
39323339
39323340
39323341
39323342
39323344
39323345
39323346
39323347
39323348
39323349
39323350
39323351
39323352
39323353
39323354
39323356
39323357
39323358
39323359
39323360
39323361
39323363
39323364
39323365
39323366
39323367
39323368
39323369
39323371
39323372
39323374
39323375
39323376
39323377
39323378
39323379
39323381
39323382
39323383
39323384
39323385
39323386
39323387
39323388
39323389
39323390
39323391
39323392
39323393
39323394
39323395
39323396
39323398
39323399
39323400
39323401
39323402
39323403
39323404
39323405
39323406
39323407
39323408
39323409
39323410
39323411
39323412
39323413
39323414
39323417
39323418
39323419
39323421
39323422
39323423
39323424
39323425
39323426
39323427
39323428
39323429
39323430
39323431
39323432
39323433
39323434
39323435
39323436
39323437
39323438
39323440
39323441
39323442
39323443
39323444
39323445
39323446
39323447
39323448
39323449
39323450
39323451
39323453
39323454
39323456
39323457
39323458
39323459
39323460
39323461
39323462
39323463
39323464
39323465
39323466
39323467
39323468
39323469
39323470
39323471
39323472
39323474
39323475
39323477
39323478
39323479
39323480
39323481
39323482
39323485
39323486
39323487
39323488
39323489
39323493
39323494
39323495
39323498
39323499
39323500
39323502
39323503
39323504
39323505
39323506
39323507
39323508
39323509
39323510
39323511
39323512
39323514
39323515
39323516
39323517
39323518
39323519
39323521
39323522
39323523
39323524
39323525
39323526
39323527
39323528
39323529
39323530
39323531
39323532
39323533
39323534
39323535
39323537
39323538
39323539
39323540
39323541
39323542
39323543
39323544
39323545
39323546
39323547
39323548
39323549
39323550
39323551
39323552
39323553
39323555
39323557
39323558
39323560
39323561
39323563
39323564
39323565
39323566
39323567
39323568
39323569
39323570
39323571
39323572
39323573
39323574
39323575
39323576
39323577
39323578
39323579
39323580
39323581
39323582
39323583
39323584
39323585
39323586
39323587
39323589
39323590
39323591
39323592
39323593
39323594
39323595
39323597
39323598
39323599
39323600
39323601
39323602
39323603
39323604
39323605
39323606
39323607
39323610
39323611
39323612
39323613
39323614
39323615
39323616
39323617
39323618
39323619
39323620
39323621
39323622
39323623
39323624
39323625
39323627
39323628
39323629
39323630
39323632
39323633
39323634
39323635
39323636
39323637
39323638
39323639
39323640
39323641
39323642
39323643
39323644
39323645
39323646
39323647
39323648
39323649
39323650
39323651
39323652
39323653
39323654
39323655
39323657
39323658
39323659
39323660
39323661
39323662
39323663
39323664
39323665
39323666
39323667
39323668
39323669
39323670
39323671
39323672
39323673
39323674
39323675
39323676
39323677
39323678
39323679
39323680
39323681
39323682
39323683
39323684
39323685
39323686
39323689
39323690
39323691
39323692
39323693
39323694
39323695
39323697
39323698
39323699
39323700
39323701
39323702
39323703
39323704
39323705
39323706
39323707
39323708
39323709
39323710
39323711
39323712
39323713
39323714
39323715
39323716
39323717
39323718
39323719
39323720
39323721
39323722
39323724
39323725
39323726
39323727
39323728
39323729
39323730
39323731
39323733
39323734
39323736
39323737
39323738
39323739
39323740
39323741
39323742
39323743
39323744
39323745
39323747
39323748
39323750
39323751
39323752
39323753
39323754
39323756
39323757
39323759
39323760
39323761
39323763
39323765
39323766
39323768
39323769
39323771
39323772
39323773
39323774
39323775
39323776
39323777
39323778
39323779
39323780
39323781
39323782
39323783
39323785
39323786
39323787
39323788
39323789
39323790
39323791
39323792
39323793
39323794
39323795
39323796
39323797
39323798
39323799
39323800
39323802
39323803
39323804
39323805
39323806
39323807
39323808
39323809
39323810
39323811
39323813
39323814
39323815
39323816
39323817
39323818
39323819
39323820
39323821
39323822
39323823
39323824
39323825
39323826
39323827
39323828
39323830
39323831
39323834
39323837
39323838
39323839
39323840
39323841
39323842
39323844
39323845
39323846
39323847
39323848
39323850
39323851
39323852
39323853
39323854
39323855
39323856
39323857
39323858
39323859
39323860
39323861
39323862
39323864
39323865
39323866
39323867
39323869
39323870
39323871
39323872
39323873
39323874
39323875
39323876
39323877
39323878
39323879
39323880
39323881
39323883
39323884
39323885
39323886
39323887
39323888
39323890
39323892
39323893
39323894
39323895
39323896
39323898
39323899
39323901
39323902
39323903
39323904
39323905
39323906
39323907
39323908
39323909
39323910
39323911
39323915
39323917
39323918
39323919
39323921
39323923
39323924
39323925
39323926
39323927
39323928
39323929
39323930
39323933
39323934
39323935
39323937
39323938
39323939
39323940
39323941
39323943
39323944
39323945
39323946
39323948
39323949
39323951
39323952
39323953
39323954
39323955
39323956
39323957
39323958
39323960
39323961
39323963
39323965
39323966
39323967
39323968
39323969
39323970
39323971
39323972
39323973
39323974
39323975
39323976
39323977
39323979
39323980
39323981
39323982
39323984
39323985
39323986
39323987
39323989
39323990
39323991
39323992
39323994
39323995
39323996
39323997
39323998
39323999
39324000
39324001
39324002
39324003
39324004
39324005
39324006
39324007
39324008
39324009
39324010
39324011
39324012
39324013
39324016
39324017
39324018
39324019
39324020
39324021
39324022
39324023
39324024
39324025
39324026
39324027
39324028
39324029
39324030
39324031
39324032
39324033
39324034
39324035
39324036
39324037
39324038
39324039
39324040
39324041
39324043
39324044
39324046
39324048
39324049
39324050
39324051
39324052
39324053
39324054
39324055
39324056
39324058
39324059
39324060
39324061
39324064
39324065
39324066
39324067
39324069
39324070
39324071
39324072
39324073
39324074
39324075
39324076
39324077
39324078
39324079
39324080
39324081
39324082
39324083
39324084
39324085
39324086
39324087
39324088
39324089
39324091
39324092
39324093
39324094
39324096
39324097
39324098
39324099
39324100
39324101
39324102
39324103
39324104
39324105
39324106
39324107
39324108
39324109
39324110
39324111
39324113
39324114
39324115
39324116
39324117
39324118
39324119
39324120
39324121
39324124
39324125
39324126
39324128
39324129
39324130
39324131
39324132
39324133
39324134
39324135
39324136
39324137
39324138
39324139
39324140
39324141
39324142
39324143
39324144
39324145
39324146
39324147
39324148
39324149
39324150
39324151
39324152
39324153
39324154
39324155
39324156
39324157
39324158
39324159
39324160
39324161
39324162
39324163
39324164
39324165
39324166
39324167
39324168
39324169
39324170
39324171
39324173
39324174
39324176
39324178
39324180
39324181
39324182
39324183
39324184
39324185
39324186
39324187
39324188
39324189
39324190
39324191
39324193
39324195
39324197
39324198
39324200
39324201
39324202
39324203
39324204
39324205
39324207
39324208
39324209
39324210
39324211
39324212
39324213
39324214
39324215
39324216
39324217
39324218
39324219
39324220
39324221
39324222
39324223
39324224
39324225
39324226
39324227
39324228
39324229
39324230
39324231
39324232
39324234
39324235
39324236
39324237
39324239
39324240
39324241
39324242
39324243
39324244
39324246
39324247
39324248
39324249
39324251
39324253
39324254
39324255
39324256
39324257
39324258
39324259
39324260
39324261
39324262
39324265
39324266
39324267
39324268
39324269
39324272
39324273
39324274
39324275
39324276
39324277
39324279
39324280
39324281
39324282
39324283
39324284
39324285
39324287
39324288
39324290
39324291
39324292
39324293
39324295
39324297
39324298
39324299
39324300
39324301
39324302
39324304
39324306
39324307
39324310
39324311
39324312
39324313
39324314
39324316
39324317
39324319
39324321
39324322
39324323
39324324
39324325
39324327
39324328
39324329
39324330
39324331
39324332
39324333
39324335
39324336
39324340
39324341
39324342
39324343
39324344
39324345
39324346
39324347
39324348
39324349
39324350
39324352
39324354
39324355
39324357
39324358
39324359
39324360
39324361
39324362
39324363
39324364
39324365
39324366
39324368
39324369
39324370
39324371
39324374
39324375
39324377
39324378
39324379
39324380
39324381
39324382
39324387
39324388
39324389
39324390
39324391
39324392
39324393
39324394
39324396
39324398
39324399
39324400
39324402
39324404
39324405
39324406
39324407
39324408
39324409
39324410
39324411
39324412
39315895
39315897
39315898
39315899
39315900
39315901
39315902
39315903
39315904
39315906
39315907
39315908
39315909
39315910
39315911
39315912
39315913
39315914
39315915
39315918
39315919
39315920
39315921
39315922
39315923
39315924
39315925
39315926
39315927
39315928
39315929
39315930
39315932
39315933
39315934
39315935
39315938
39315939
39315940
39315941
39315942
39315944
39315945
39315946
39315947
39315948
39315949
39315951
39315952
39315953
39315955
39315956
39315957
39315958
39315959
39315961
39315962
39315963
39315964
39315965
39315966
39315967
39315968
39315969
39315970
39315971
39315972
39315975
39315976
39315978
39315979
39315980
39315981
39315983
39315984
39315985
39315986
39315988
39315989
39315990
39315991
39315992
39315993
39315997
39315998
39315999
39316000
39316001
39316002
39316003
39316004
39316005
39316006
39316007
39316008
39316009
39316011
39316012
39316013
39316014
39316015
39316016
39316017
39316018
39316019
39316021
39316022
39316023
39316024
39316025
39316027
39316029
39316030
39316032
39316033
39316034
39316035
39316036
39316037
39316038
39316039
39316040
39316041
39316042
39316043
39316044
39316045
39316046
39316047
39316048
39316049
39316050
39316051
39316052
39316053
39316054
39316055
39316056
39316057
39316058
39316059
39316060
39316061
39316062
39316064
39316065
39316068
39316069
39316070
39316071
39316072
39316073
39316074
39316076
39316077
39316078
39316081
39316082
39316083
39316084
39316085
39316086
39316087
39316088
39316089
39316090
39316091
39316092
39316093
39316094
39316095
39316096
39316097
39316098
39316099
39316101
39316102
39316103
39316104
39316106
39316107
39316108
39316109
39316110
39316111
39316112
39316113
39316114
39316115
39316116
39316117
39316118
39316119
39316120
39316121
39316122
39316123
39316124
39316125
39316126
39316127
39316128
39316129
39316130
39316131
39316132
39316134
39316135
39316136
39316137
39316138
39316139
39316141
39316142
39316143
39316144
39316145
39316146
39316147
39316148
39316149
39316150
39316151
39316152
39316153
39316154
39316155
39316156
39316157
39316158
39316159
39316160
39316161
39316162
39316163
39316164
39316165
39316166
39316167
39316168
39316169
39316170
39316171
39316172
39316173
39316174
39316175
39316176
39316177
39316178
39316179
39316180
39316182
39316183
39316184
39316185
39316186
39316187
39316188
39316189
39316190
39316191
39316192
39316193
39316194
39316195
39316196
39316197
39316199
39316200
39316201
39316202
39316204
39316205
39316206
39316207
39316208
39316209
39316210
39316211
39316212
39316213
39316214
39316215
39316216
39316217
39316218
39316219
39316220
39316221
39316222
39316223
39316224
39316225
39316226
39316227
39316228
39316229
39316230
39316231
39316232
39316233
39316234
39316235
39316237
39316238
39316239
39316240
39316241
39316242
39316243
39316244
39316246
39316247
39316248
39316250
39316252
39316254
39316255
39316256
39316262
39316263
39316264
39316265
39316267
39316268
39316269
39316271
39316272
39316273
39316274
39316275
39316276
39316277
39316279
39316280
39316281
39316282
39316283
39316284
39316285
39316286
39316287
39316288
39316289
39316291
39316293
39316294
39316295
39316296
39316297
39316298
39316300
39316302
39316304
39316305
39316306
39316307
39316308
39316309
39316310
39316311
39316313
39316314
39316315
39316317
39316318
39316319
39316320
39316321
39316322
39316324
39316325
39316326
39316327
39316328
39316329
39316331
39316332
39316333
39316334
39316335
39316336
39316337
39316338
39316339
39316340
39316341
39316342
39316343
39316344
39316346
39316348
39316349
39316350
39316351
39316352
39316353
39316354
39316355
39316357
39316358
39316359
39316360
39316361
39316363
39316364
39316365
39316369
39316370
39316371
39316372
39316373
39316374
39316375
39316376
39316377
39316379
39316380
39316383
39316384
39316386
39316387
39316388
39316389
39316391
39316392
39316393
39316396
39316398
39316399
39316400
39316402
39316405
39316406
39316407
39316408
39316409
39316410
39316411
39316412
39316413
39316414
39316415
39316416
39316417
39316418
39316419
39316420
39316421
39316422
39316423
39316425
39316426
39316428
39316429
39316430
39316431
39316432
39316433
39316434
39316436
39316437
39316438
39316439
39316440
39316441
39316442
39316443
39316444
39316445
39316446
39316447
39316448
39316449
39316450
39316451
39316452
39316453
39316454
39316455
39316456
39316457
39316458
39316459
39316460
39316461
39316463
39316464
39316465
39316466
39316467
39316468
39316469
39316471
39316472
39316473
39316474
39316475
39316476
39316477
39316478
39316479
39316481
39316482
39316483
39316484
39316485
39316486
39316487
39316488
39316489
39316490
39316491
39316492
39316493
39316494
39316495
39316497
39316498
39316499
39316500
39316502
39316503
39316504
39316505
39316506
39316508
39316509
39316510
39316511
39316513
39316514
39316516
39316517
39316518
39316520
39316521
39316522
39316523
39316524
39316525
39316527
39316528
39316529
39316530
39316531
39316532
39316533
39316534
39316535
39316537
39316538
39316539
39316541
39316544
39316545
39316546
39316548
39316549
39316550
39316551
39316553
39316554
39316555
39316556
39316557
39316558
39316559
39316560
39316561
39316562
39316563
39316564
39316565
39316566
39316567
39316568
39316569
39316570
39316571
39316572
39316573
39316574
39316575
39316576
39316577
39316578
39316579
39316580
39316581
39316582
39316583
39316584
39316585
39316586
39316587
39316588
39316589
39316590
39316591
39316592
39316594
39316595
39316596
39316597
39316598
39316599
39316600
39316602
39316603
39316604
39316605
39316606
39316607
39316609
39316610
39316612
39316613
39316615
39316618
39316619
39316621
39316622
39316623
39316624
39316625
39316626
39316627
39316628
39316629
39316630
39316631
39316632
39316633
39316634
39316635
39316636
39316637
39316638
39316639
39316641
39316643
39316644
39316645
39316646
39316647
39316648
39316649
39316650
39316651
39316652
39316654
39316655
39316656
39316657
39316658
39316659
39316660
39316661
39316662
39316663
39316664
39316665
39316666
39316668
39316669
39316670
39316671
39316672
39316673
39316674
39316675
39316676
39316677
39316678
39316679
39316680
39316681
39316682
39316683
39316684
39316685
39316686
39316687
39316688
39316690
39316691
39316692
39316693
39316694
39316695
39316696
39316697
39316698
39316699
39316700
39316701
39316702
39316703
39316704
39316705
39316706
39316707
39316709
39316710
39316711
39316712
39316713
39316714
39316715
39316716
39316717
39316719
39316721
39316722
39316723
39316724
39316725
39316726
39316728
39316729
39316730
39316731
39316732
39316733
39316735
39316737
39316738
39316739
39316740
39316741
39316742
39316743
39316745
39316746
39316749
39316750
39316752
39316753
39316754
39316755
39316756
39316758
39316760
39316761
39316763
39316764
39316765
39316766
39316768
39316770
39316771
39316772
39316773
39316774
39316775
39316776
39316777
39316778
39316781
39316782
39316783
39316784
39316785
39316786
39316787
39316788
39316793
39316794
39316795
39316798
39316799
39316800
39316801
39316802
39316803
39316804
39316805
39316806
39316807
39316808
39316809
39316811
39316812
39316813
39316814
39316815
39316816
39316817
39316818
39316819
39316820
39316821
39316822
39316823
39316824
39316825
39316826
39316827
39316828
39316829
39316830
39316831
39316832
39316833
39316834
39316835
39316836
39316837
39316838
39316840
39316841
39316846
39316848
39316849
39316852
39316854
39316855
39316856
39316858
39316859
39316861
39316862
39316863
39316864
39316865
39316866
39316867
39316869
39316870
39316872
39316873
39316874
39316876
39316877
39316878
39316879
39316880
39316881
39316882
39316886
39316887
39316888
39316889
39316890
39316891
39316892
39316893
39316894
39316895
39316896
39316899
39316900
39316901
39316903
39316904
39316905
39316906
39316907
39316908
39316910
39316911
39316912
39316913
39316914
39316916
39316917
39316918
39316919
39316920
39316922
39316923
39316924
39316925
39316926
39316927
39316928
39316931
39316933
39316935
39316936
39316937
39316938
39316940
39316941
39316943
39316944
39316945
39316946
39316947
39316950
39316951
39316952
39316953
39316955
39316958
39316960
39316962
39316965
39316967
39316968
39316969
39316970
39316971
39316972
39316973
39316974
39316975
39316976
39316977
39316978
39316980
39316981
39316982
39316984
39316985
39316986
39316988
39316989
39316994
39316995
39316996
39316998
39317000
39317001
39317002
39317004
39317006
39317007
39317008
39317009
39317010
39317011
39317013
39317014
39317015
39317016
39317018
39317020
39317021
39317022
39317023
39317024
39317025
39317026
39317027
39317028
39317030
39317031
39317032
39317033
39317036
39317037
39317040
39317042
39317043
39317045
39317046
39317047
39317052
39317056
39317058
39317059
39317060
39317061
39317062
39317063
39317064
39317065
39317066
39317067
39317068
39317069
39317070
39317071
39317072
39317073
39317074
39317075
39317076
39317077
39317078
39317079
39317080
39317082
39317083
39317084
39317085
39317086
39317089
39317090
39317091
39317092
39317093
39317094
39317096
39317097
39317100
39317101
39317102
39317103
39317104
39317105
39317106
39317107
39317108
39317109
39317111
39317114
39317115
39317116
39317117
39317118
39317119
39317120
39317121
39317122
39317123
39317124
39317125
39317126
39317127
39317129
39317130
39317131
39317133
39317134
39317135
39317136
39317137
39317138
39317139
39317141
39317142
39317143
39317145
39317146
39317148
39317149
39317150
39317151
39317152
39317153
39317154
39317155
39317156
39317157
39317159
39317160
39317161
39317162
39317163
39317164
39317165
39317166
39317167
39317169
39317170
39317171
39317172
39317174
39317175
39317176
39317178
39317179
39317181
39317182
39317184
39317185
39317186
39317187
39317188
39317189
39317190
39317191
39317192
39317194
39317195
39317196
39317197
39317198
39317199
39317200
39317201
39317202
39317203
39317204
39317206
39317207
39317209
39317211
39317212
39317213
39317214
39317215
39317216
39317217
39317218
39317219
39317220
39317221
39317222
39317225
39317226
39317227
39317229
39317230
39317231
39317232
39317233
39317235
39317237
39317238
39317239
39317240
39317241
39317242
39317243
39317244
39317245
39317246
39317248
39317249
39317252
39317253
39317254
39317255
39317256
39317257
39317258
39317260
39317261
39317263
39317264
39317266
39317267
39317268
39317269
39317271
39317274
39317275
39317276
39317278
39317280
39317281
39317282
39317283
39317284
39317285
39317286
39317289
39317290
39317292
39317293
39317294
39317295
39317296
39317298
39317299
39317300
39317301
39317302
39317303
39317304
39317305
39317307
39317308
39317310
39317311
39317312
39317313
39317314
39317315
39317316
39317317
39317319
39317320
39317321
39317323
39317324
39317326
39317327
39317328
39317329
39317330
39317331
39317332
39317334
39317335
39317336
39317337
39317338
39317339
39317340
39317341
39317342
39317343
39317344
39317345
39317346
39317348
39317349
39317351
39317352
39317354
39317356
39317357
39317358
39317360
39317361
39317362
39317363
39317364
39317365
39317366
39317367
39317368
39317369
39317370
39317371
39317372
39317373
39317375
39317376
39317377
39317378
39317379
39317380
39317382
39317383
39317385
39317386
39317387
39317388
39317390
39317391
39317392
39317393
39317395
39317396
39317397
39317398
39317399
39317400
39317401
39317402
39317403
39317405
39317406
39317407
39317408
39317409
39317410
39317411
39317412
39317414
39317415
39317416
39317417
39317418
39317419
39317422
39317423
39317424
39317425
39317426
39317427
39317428
39317429
39317430
39317431
39317433
39317434
39317435
39317436
39317437
39317438
39317441
39317442
39317445
39317446
39317447
39317449
39317450
39317451
39317452
39317453
39317454
39317455
39317456
39317457
39317458
39317459
39317460
39317461
39317462
39317464
39317465
39317466
39317467
39317468
39317470
39317471
39317472
39317473
39317474
39317475
39317477
39317478
39317479
39317480
39317481
39317482
39317483
39317484
39317485
39317486
39317487
39317488
39317489
39317490
39317491
39317492
39317494
39317495
39317496
39317497
39317498
39317499
39317500
39317501
39317502
39317503
39317504
39317506
39317507
39317508
39317509
39317510
39317511
39317512
39317515
39317517
39317518
39317519
39317520
39317521
39317522
39317524
39317525
39317526
39317527
39317528
39317529
39317530
39317531
39317532
39317534
39317535
39317536
39317537
39317538
39317541
39317542
39317543
39317544
39317545
39317546
39317548
39317549
39317551
39317553
39317554
39317555
39317556
39317557
39317558
39317559
39317561
39317562
39317563
39317564
39317565
39317566
39317567
39317569
39317570
39317571
39317572
39317573
39317574
39317575
39317577
39317578
39317579
39317581
39317582
39317583
39317584
39317585
39317586
39317587
39317588
39317589
39317591
39317592
39317593
39317594
39317595
39317596
39317598
39317599
39317600
39317601
39317602
39317603
39317604
39317605
39317606
39317607
39317608
39317609
39317610
39317611
39317613
39317614
39317615
39317616
39317617
39317619
39317621
39317622
39317623
39317624
39317625
39317627
39317628
39317629
39317630
39317631
39317632
39317633
39317634
39317636
39317638
39317639
39317640
39317641
39317644
39317645
39317646
39317647
39317649
39317650
39317653
39317654
39317655
39317656
39317657
39317658
39317659
39317660
39317661
39317662
39317663
39317665
39317666
39317668
39317671
39317672
39317673
39317674
39317675
39317676
39317677
39317678
39317680
39317681
39317683
39317684
39317686
39317687
39317688
39317689
39317690
39317691
39317692
39317694
39317695
39317696
39317697
39317698
39317699
39317700
39317701
39317702
39317703
39317704
39317705
39317706
39317708
39317709
39317710
39317711
39317712
39317713
39317714
39317715
39317716
39317718
39317719
39317720
39317721
39317722
39317723
39317724
39317726
39317727
39317728
39317729
39317730
39317731
39317733
39317734
39317735
39317736
39317737
39317738
39317739
39317741
39317742
39317743
39317744
39317746
39317747
39317749
39317750
39317751
39317752
39317754
39317755
39317756
39317757
39317758
39317759
39317760
39317761
39317762
39317763
39317764
39317765
39317766
39317767
39317768
39317769
39317770
39317771
39317772
39317773
39317775
39317776
39317778
39317779
39317780
39317782
39317784
39317785
39317786
39317787
39317788
39317789
39317790
39317792
39317793
39317794
39317795
39317796
39317797
39317799
39317800
39317801
39317802
39317803
39317804
39317805
39317807
39317809
39317810
39317812
39317813
39317814
39317815
39317816
39317817
39317818
39317820
39317821
39317823
39317824
39317825
39317826
39317828
39317829
39317830
39317831
39317832
39317833
39317835
39317836
39317837
39317838
39317839
39317840
39317841
39317842
39317843
39317844
39317845
39317846
39317847
39317848
39317849
39317850
39317851
39317852
39317853
39317854
39317855
39317856
39317857
39317858
39317859
39317860
39317861
39317863
39317864
39317865
39317866
39317867
39317869
39317870
39317871
39317872
39317873
39317874
39317875
39317876
39317878
39317879
39317880
39317881
39317882
39317883
39317885
39317886
39317887
39317890
39317892
39317893
39317894
39317895
39317896
39317897
39317898
39317900
39317904
39317905
39317906
39317907
39317908
39317909
39317911
39317912
39317913
39317914
39317915
39317916
39317917
39317918
39317919
39317920
39317921
39317923
39317924
39317926
39317927
39317928
39317930
39317932
39317933
39317934
39317935
39317936
39317937
39317938
39317940
39317941
39317942
39317943
39317944
39317945
39317946
39317947
39317948
39317949
39317950
39317951
39317952
39317953
39317954
39317955
39317956
39317957
39317958
39317959
39317960
39317961
39317962
39317963
39317964
39317965
39317966
39317967
39317968
39317969
39317970
39317971
39317972
39317973
39317974
39317976
39317977
39317978
39317980
39317981
39317982
39317983
39317984
39317985
39317986
39317987
39317988
39317989
39317990
39317991
39317992
39317993
39317994
39317995
39317996
39317997
39317998
39317999
39318000
39318001
39318002
39318003
39318005
39318006
39318007
39318008
39318010
39318011
39318012
39318013
39318014
39318015
39318016
39318018
39318019
39318020
39318021
39318023
39318024
39318026
39318028
39318029
39318030
39318031
39318032
39318034
39318035
39318036
39318037
39318038
39318039
39318040
39318041
39318042
39318043
39318044
39318045
39318048
39318049
39318050
39318051
39318052
39318053
39318054
39318055
39318058
39318060
39318061
39318062
39318063
39318064
39318065
39318066
39318067
39318068
39318069
39318070
39318071
39318072
39318074
39318075
39318076
39318077
39318079
39318080
39318081
39318082
39318083
39318085
39318086
39318087
39318088
39318090
39318091
39318092
39318093
39318094
39318095
39318096
39318097
39318100
39318101
39318102
39318103
39318105
39318106
39318108
39318109
39318110
39318112
39318114
39318115
39318116
39318117
39318118
39318119
39318120
39318121
39318122
39318123
39318125
39318126
39318127
39318128
39318129
39318130
39318131
39318132
39318135
39318136
39318137
39318138
39318139
39318140
39318141
39318142
39318143
39318144
39318145
39318148
39318149
39318151
39318152
39318153
39318154
39318155
39318156
39318157
39318158
39318159
39318160
39318161
39318162
39318163
39318164
39318166
39318168
39318169
39318170
39318171
39318172
39318173
39318174
39318175
39318176
39318177
39318178
39318179
39318180
39318181
39318182
39318183
39318184
39318185
39318186
39318187
39318188
39318189
39318190
39318191
39318192
39318193
39318194
39318195
39318196
39318199
39318200
39318201
39318202
39318203
39318204
39318205
39318206
39318207
39318208
39318209
39318210
39318211
39318212
39318213
39318214
39318215
39318216
39318217
39318218
39318219
39318220
39318221
39318222
39318223
39318224
39318225
39318227
39318228
39318229
39318230
39318231
39318232
39318233
39318234
39318235
39318236
39318238
39318239
39318240
39318241
39318242
39318243
39318244
39318246
39318247
39318248
39318249
39318250
39318251
39318252
39318253
39318254
39318256
39318257
39318258
39318259
39318260
39318261
39318262
39318263
39318264
39318265
39318266
39318267
39318268
39318269
39318270
39318271
39318272
39318273
39318276
39318277
39318280
39318281
39318282
39318283
39318284
39318285
39318286
39318287
39318288
39318289
39318290
39318293
39318294
39318295
39318296
39318297
39318298
39318300
39318301
39318302
39318303
39318304
39318307
39318308
39318309
39318310
39318311
39318312
39318314
39318315
39318317
39318318
39318320
39318321
39318322
39318323
39318324
39318325
39318326
39318328
39318329
39318330
39318331
39318332
39318334
39318335
39318336
39318337
39318338
39318339
39318340
39318341
39318342
39318343
39318345
39318346
39318347
39318348
39318349
39318351
39318352
39318353
39318355
39318357
39318358
39318360
39318362
39318363
39318364
39318365
39318366
39318367
39318369
39318370
39318371
39318372
39318373
39318374
39318376
39318377
39318378
39318379
39318380
39318382
39318383
39318385
39318386
39318388
39318389
39318390
39318393
39318394
39318396
39318397
39318398
39318399
39318400
39318401
39318402
39318403
39318404
39318406
39318407
39318408
39318409
39318410
39318413
39318415
39318417
39318418
39318419
39318420
39318421
39318422
39318423
39318425
39318426
39318427
39318428
39318429
39318430
39318431
39318432
39318433
39318435
39318436
39318437
39318441
39318442
39318443
39318445
39318446
39318447
39318448
39318449
39318450
39318452
39318453
39318454
39318455
39318456
39318457
39318459
39318460
39318461
39318462
39318463
39318464
39318466
39318467
39318468
39318469
39318471
39318472
39318473
39318474
39318475
39318478
39318479
39318480
39318481
39318482
39318483
39318484
39318485
39318486
39318487
39318489
39318490
39318491
39318493
39318494
39318496
39318497
39318498
39318499
39318500
39318502
39318503
39318505
39318506
39318507
39318508
39318509
39318510
39318511
39318512
39318514
39318515
39318516
39318517
39318518
39318519
39318520
39318521
39318522
39318523
39318524
39318525
39318526
39318527
39318528
39318529
39318530
39318531
39318532
39318534
39318535
39318536
39318537
39318541
39318542
39318543
39318544
39318545
39318546
39318547
39318548
39318549
39318552
39318556
39318559
39318560
39318561
39318562
39318563
39318567
39318570
39318571
39318572
39318573
39318574
39318575
39318576
39318577
39318579
39318580
39318581
39318582
39318583
39318584
39318585
39318586
39318587
39318588
39318589
39318590
39318591
39318592
39318593
39318596
39318597
39318599
39318600
39318601
39318602
39318603
39318604
39318605
39318606
39318608
39318610
39318611
39318612
39318613
39318614
39318615
39318616
39318617
39318618
39318621
39318622
39318623
39318624
39318626
39318627
39318628
39318629
39318630
39318632
39318635
39318636
39318637
39318638
39318639
39318640
39318642
39318643
39318644
39318645
39318647
39318648
39318649
39318650
39318651
39318652
39318653
39318654
39318655
39318656
39318657
39318658
39318659
39318660
39318661
39318662
39318663
39318665
39318666
39318667
39318668
39318669
39318670
39318671
39318672
39318673
39318674
39318676
39318678
39318679
39318680
39318682
39318683
39318684
39318685
39318688
39318689
39318690
39318694
39318695
39318698
39318699
39318701
39318702
39318704
39318705
39318706
39318707
39318708
39318709
39318710
39318711
39318712
39318713
39318714
39318715
39318716
39318717
39318718
39318719
39318720
39318721
39318724
39318725
39318726
39318728
39318729
39318730
39318731
39318733
39318734
39318735
39318736
39318737
39318738
39318740
39318742
39318743
39318744
39318745
39318746
39318747
39318748
39318750
39318751
39318752
39318753
39318754
39318755
39318757
39318758
39318759
39318760
39318761
39318764
39318765
39318766
39318767
39318769
39318770
39318771
39318772
39318774
39318775
39318777
39318779
39318780
39318781
39318782
39318783
39318784
39318785
39318786
39318787
39318788
39318791
39318793
39318794
39318795
39318796
39318797
39318798
39318801
39318803
39318804
39318806
39318807
39318808
39318809
39318810
39318811
39318812
39318813
39318814
39318816
39318817
39318818
39318820
39318821
39318822
39318823
39318824
39318825
39318826
39318828
39318829
39318830
39318831
39318832
39318833
39318834
39318835
39318837
39318838
39318839
39318840
39318841
39318843
39318844
39318845
39318847
39318848
39318849
39318851
39318853
39318854
39318855
39318857
39318859
39318860
39318861
39318862
39318863
39318864
39318865
39318868
39318869
39318871
39318872
39318873
39318874
39318877
39318879
39318880
39318885
39318887
39318888
39318889
39318890
39318891
39318892
39318894
39318895
39318896
39318897
39318898
39318899
39318900
39318903
39318904
39318908
39318909
39318911
39318912
39318914
39318916
39318917
39318918
39318920
39318922
39318924
39318926
39318927
39318928
39318929
39318931
39318932
39318933
39318934
39318935
39318936
39318937
39318938
39318939
39318940
39318941
39318942
39318943
39318944
39318945
39318946
39318947
39318949
39318950
39318951
39318952
39318953
39318954
39318955
39318958
39318959
39318960
39318962
39318963
39318964
39318965
39318966
39318967
39318968
39318969
39318970
39318971
39318973
39318974
39318975
39318976
39318977
39318978
39318979
39318980
39318981
39318982
39318983
39318984
39318985
39318987
39318988
39318989
39318990
39318991
39318992
39318993
39318994
39318995
39318996
39318997
39318998
39319000
39319001
39319002
39319003
39319004
39319005
39319006
39319007
39319010
39319011
39319012
39319013
39319014
39319015
39319016
39319017
39319020
39319021
39319022
39319024
39319025
39319026
39319027
39319028
39319029
39319030
39319033
39319034
39319035
39319036
39319037
39319039
39319041
39319042
39319044
39319045
39319047
39319048
39319049
39319050
39319051
39319052
39319053
39319054
39319055
39319056
39319057
39319058
39319059
39319060
39319061
39319062
39319063
39319064
39319065
39319066
39319067
39319068
39319069
39319070
39319071
39319074
39319075
39319076
39319077
39319078
39319079
39319081
39319082
39319083
39319084
39319085
39319086
39319088
39319089
39319090
39319092
39319093
39319094
39319095
39319096
39319097
39319098
39319099
39319100
39319101
39319103
39319104
39319105
39319106
39319107
39319108
39319109
39319110
39319112
39319113
39319114
39319115
39319118
39319119
39319120
39319121
39319123
39319126
39319128
39319129
39319130
39319131
39319132
39319133
39319134
39319135
39319136
39319137
39319138
39319141
39319142
39319143
39319144
39319145
39319146
39319147
39319148
39319149
39319150
39319151
39319152
39319154
39319155
39319157
39319158
39319159
39319160
39319162
39319164
39319165
39319166
39319167
39319168
39319169
39319170
39319171
39319172
39319173
39319174
39319175
39319176
39319177
39319178
39319179
39319180
39319181
39319183
39319184
39319185
39319186
39319187
39319188
39319189
39319190
39319191
39319192
39319193
39319195
39319196
39319198
39319199
39319200
39319201
39319203
39319204
39319205
39319206
39319207
39319208
39319209
39319210
39319211
39319212
39319213
39319214
39319215
39319216
39319217
39319218
39319219
39319220
39319221
39319222
39319223
39319226
39319228
39319229
39319230
39319232
39319233
39319234
39319237
39319238
39319239
39319240
39319241
39319242
39319243
39319244
39319245
39319248
39319250
39319251
39319253
39319255
39319256
39319261
39319262
39319263
39319264
39319265
39319266
39319267
39319268
39319269
39319270
39319272
39319273
39319274
39319275
39319276
39319279
39319280
39319281
39319283
39319284
39319285
39319286
39319287
39319288
39319289
39319290
39319292
39319294
39319297
39319298
39319299
39319300
39319301
39319302
39319303
39319307
39319308
39319309
39319310
39319311
39319312
39319314
39319316
39319319
39319320
39319321
39319323
39319324
39319325
39319326
39319327
39319328
39319329
39319330
39319332
39319333
39319335
39319336
39319337
39319339
39319340
39319341
39319342
39319343
39319344
39319347
39319348
39319349
39319350
39319353
39319354
39319355
39319356
39319357
39319358
39319359
39319362
39319363
39319365
39319366
39319367
39319368
39319370
39319371
39319372
39319373
39319374
39319375
39319376
39319378
39319379
39319380
39319381
39319382
39319383
39319384
39319385
39319386
39319388
39319389
39319390
39319391
39319392
39319393
39319394
39319395
39319396
39319397
39319398
39319399
39319400
39319401
39319402
39319403
39319404
39319405
39319406
39319407
39319409
39319410
39319411
39319412
39319413
39319414
39319416
39319417
39319419
39319420
39319421
39319422
39319423
39319424
39319425
39319426
39319427
39319428
39319429
39319430
39319431
39319432
39319433
39319434
39319435
39319436
39319437
39319440
39319441
39319442
39319443
39319444
39319445
39319446
39319447
39319448
39319449
39319450
39319453
39319454
39319456
39319457
39319458
39319459
39319460
39319461
39319462
39319463
39319464
39319465
39319466
39319467
39319468
39319469
39319470
39319472
39319473
39319474
39319475
39319476
39319477
39319478
39319479
39319481
39319483
39319484
39319485
39319486
39319488
39319490
39319492
39319493
39319494
39319495
39319496
39319497
39319498
39319499
39319500
39319501
39319502
39319503
39319504
39319505
39319506
39319507
39319508
39319509
39319510
39319511
39319512
39319513
39319514
39319517
39319518
39319520
39319521
39319522
39319523
39319524
39319525
39319526
39319527
39319528
39319529
39319530
39319531
39319532
39319533
39319534
39319535
39319536
39319537
39319538
39319539
39319540
39319541
39319542
39319543
39319545
39319546
39319548
39319549
39319550
39319551
39319552
39319554
39319555
39319556
39319557
39319558
39319559
39319560
39319561
39319562
39319565
39319566
39319567
39319568
39319569
39319570
39319571
39319572
39319573
39319574
39319576
39319577
39319578
39319579
39319580
39319581
39319582
39319583
39319584
39319585
39319586
39319587
39319588
39319589
39319590
39319591
39319592
39319593
39319594
39319598
39319599
39319600
39319602
39319603
39319604
39319606
39319607
39319608
39319609
39319610
39319611
39319612
39319613
39319614
39319615
39319616
39319617
39319618
39319619
39319620
39319621
39319622
39319623
39319624
39319625
39319626
39319627
39319628
39319630
39319631
39319632
39319634
39319635
39319636
39319637
39319638
39319639
39319640
39319641
39319643
39319644
39319645
39319646
39319647
39319648
39319649
39319650
39319651
39319652
39319653
39319654
39319655
39319656
39319657
39319658
39319659
39319660
39319661
39319662
39319663
39319664
39319665
39319666
39319667
39319668
39319669
39319670
39319671
39319672
39319673
39319674
39319675
39319676
39319677
39319678
39319679
39319681
39319682
39319683
39319684
39319685
39319686
39319690
39319691
39319692
39319693
39319694
39319695
39319696
39319697
39319698
39319699
39319700
39319702
39319703
39319705
39319706
39319707
39319708
39319709
39319710
39319711
39319713
39319714
39319715
39319716
39319717
39319718
39319719
39319720
39319721
39319722
39319723
39319724
39319725
39319726
39319727
39319728
39319729
39319730
39319732
39319734
39319736
39319737
39319738
39319739
39319740
39319741
39319742
39319744
39319745
39319746
39319747
39319748
39319750
39319753
39319754
39319755
39319756
39319757
39319758
39319759
39319760
39319762
39319763
39319764
39319765
39319766
39319767
39319768
39319771
39319772
39319773
39319774
39319775
39319776
39319777
39319778
39319779
39319780
39319781
39319783
39319784
39319785
39319786
39319787
39319788
39319789
39319791
39319792
39319793
39319794
39319795
39319796
39319797
39319798
39319799
39319800
39319801
39319802
39319803
39319804
39319806
39319808
39319809
39319810
39319812
39319813
39319815
39319816
39319817
39319818
39319819
39319820
39319821
39319822
39319823
39319824
39319825
39319827
39319828
39319829
39319830
39319831
39319834
39319835
39319836
39319837
39319838
39319839
39319842
39319843
39319844
39319846
39319847
39319849
39319850
39319852
39319853
39319854
39319855
39319856
39319857
39319858
39319859
39319860
39319861
39319862
39319863
39319864
39319865
39319866
39319867
39319868
39319869
39319870
39319871
39319872
39319873
39319874
39319876
39319877
39319879
39319880
39319881
39319882
39319883
39319884
39319886
39319887
39319888
39319889
39319890
39319893
39319894
39319895
39319896
39319897
39319899
39319900
39319901
39319902
39319903
39319905
39319906
39319907
39319908
39319909
39319910
39319911
39319912
39319913
39319914
39319915
39319918
39319919
39319921
39319922
39319923
39319924
39319925
39319926
39319927
39319928
39319929
39319932
39319933
39319934
39319935
39319936
39319937
39319938
39319940
39319941
39319943
39319944
39319945
39319946
39319947
39319948
39319949
39319951
39319952
39319953
39319954
39319955
39319956
39319957
39319959
39319960
39319961
39319962
39319963
39319964
39319965
39319966
39319968
39319969
39319971
39319972
39319973
39319974
39319975
39319977
39319978
39319979
39319981
39319982
39319983
39319984
39319986
39319987
39319988
39319989
39319990
39319991
39319992
39319993
39319994
39319995
39319996
39319997
39319998
39319999
39320000
39320001
39320002
39320003
39320004
39320005
39320007
39320008
39320009
39320010
39320012
39320013
39320014
39320015
39320016
39320017
39320018
39320020
39320021
39320022
39320023
39320024
39320025
39320026
39320027
39320028
39320029
39320030
39320032
39320033
39320034
39320035
39320037
39320038
39320040
39320041
39320042
39320043
39320044
39320045
39320046
39320047
39320048
39320049
39320050
39320051
39320052
39320053
39320054
39320055
39320058
39320059
39320061
39320062
39320063
39320064
39320065
39320066
39320067
39320069
39320070
39320071
39320072
39320073
39320074
39320075
39320076
39320077
39320078
39320079
39320081
39320082
39320086
39320087
39320088
39320089
39320091
39320092
39320096
39320097
39320101
39320104
39320105
39320106
39320109
39320111
39320112
39320114
39320116
39320117
39320118
39320119
39320120
39320121
39320122
39320123
39320124
39320125
39320126
39320127
39320128
39320129
39320130
39320131
39320132
39320133
39320134
39320135
39320136
39320137
39320138
39320139
39320140
39320141
39320142
39320143
39320144
39320145
39320146
39320147
39320148
39320149
39320150
39320151
39320152
39320153
39320154
39320155
39320156
39320157
39320159
39320160
39320161
39320162
39320163
39320164
39320165
39320166
39320167
39320168
39320170
39320171
39320172
39320173
39320174
39320175
39320176
39320177
39320178
39320179
39320181
39320182
39320183
39320184
39320185
39320186
39320187
39320188
39320189
39320190
39320191
39320193
39320194
39320195
39320196
39320197
39320198
39320199
39320200
39320201
39320203
39320204
39320205
39320206
39320207
39320208
39320209
39320210
39320212
39320213
39320214
39320215
39320217
39320218
39320219
39320220
39320222
39320223
39320224
39320225
39320226
39320227
39320228
39320230
39320231
39320232
39320233
39320234
39320236
39320237
39320238
39320239
39320240
39320241
39320242
39320243
39320244
39320245
39320246
39320247
39320248
39320251
39320252
39320253
39320255
39320256
39320258
39320259
39320260
39320261
39320262
39320263
39320264
39320266
39320267
39320268
39320269
39320270
39320271
39320272
39320273
39320274
39320275
39320276
39320277
39320278
39320280
39320281
39320282
39320283
39320284
39320286
39320287
39320288
39320289
39320290
39320291
39320292
39320293
39320294
39320295
39320296
39320297
39320298
39320299
39320300
39320301
39320302
39320303
39320304
39320305
39320306
39320307
39320308
39320309
39320310
39320312
39320313
39320314
39320315
39320316
39320317
39320318
39320319
39320320
39320321
39320322
39320324
39320325
39320326
39320327
39320328
39320329
39320330
39320331
39320332
39320333
39320335
39320336
39320339
39320340
39320341
39320342
39320343
39320345
39320347
39320350
39320351
39320352
39320353
39320354
39320355
39320356
39320357
39320359
39320360
39320363
39320364
39320365
39320366
39320367
39320368
39320369
39320370
39320371
39320372
39320373
39320374
39320375
39320376
39320377
39320378
39320379
39320380
39320381
39320383
39320384
39320386
39320387
39320388
39320390
39320391
39320392
39320393
39320394
39320396
39320397
39320398
39320399
39320400
39320401
39320402
39320403
39320404
39320405
39320406
39320407
39320408
39320409
39320410
39320411
39320412
39320413
39320414
39320415
39320416
39320417
39320418
39320419
39320420
39320421
39320422
39320424
39320425
39320426
39320427
39320428
39320430
39320431
39320432
39320433
39320434
39320435
39320436
39320437
39320438
39320439
39320440
39320441
39320442
39320443
39320444
39320445
39320446
39320447
39320448
39320449
39320450
39320451
39320452
39320453
39320454
39320455
39320456
39320457
39320458
39320459
39320460
39320461
39320463
39320464
39320465
39320466
39320467
39320469
39320470
39320471
39320473
39320474
39320475
39320476
39320477
39320478
39320479
39320480
39320481
39320482
39320483
39320484
39320485
39320486
39320487
39320489
39320491
39320492
39320493
39320495
39320496
39320497
39320498
39320499
39320500
39320501
39320502
39320503
39320504
39320505
39320506
39320507
39320508
39320509
39320510
39320511
39320512
39320513
39320514
39320515
39320516
39320517
39320518
39320519
39320520
39320521
39320522
39320523
39320524
39320525
39320526
39320527
39320528
39320529
39320530
39320531
39320532
39320533
39320534
39320535
39320536
39320537
39320538
39320539
39320540
39320541
39320542
39320544
39320545
39320546
39320548
39320549
39320550
39320551
39320552
39320553
39320554
39320555
39320556
39320557
39320558
39320559
39320560
39320562
39320563
39320564
39320565
39320566
39320567
39320568
39320569
39320570
39320571
39320572
39320573
39320574
39320575
39320576
39320577
39320578
39320579
39320581
39320582
39320583
39320585
39320586
39320587
39320588
39320589
39320590
39320591
39320592
39320593
39320594
39320595
39320596
39320597
39320598
39320599
39320600
39320601
39320602
39320603
39320604
39320605
39320607
39320608
39320609
39320610
39320611
39320613
39320614
39320615
39320616
39320617
39320618
39320619
39320620
39320621
39320622
39320623
39320624
39320625
39320627
39320628
39320629
39320630
39320631
39320632
39320633
39320635
39320636
39320637
39320638
39320640
39320642
39320643
39320644
39320645
39320646
39320648
39320649
39320650
39320651
39320653
39320654
39320655
39320656
39320657
39320658
39320659
39320660
39320662
39320665
39320667
39320668
39320669
39320672
39320674
39320675
39320676
39320677
39320678
39320679
39320681
39320683
39320684
39320685
39320686
39320687
39320688
39320691
39320692
39320697
39320698
39320699
39320700
39320701
39320703
39320704
39320705
39320707
39320708
39320709
39320710
39320711
39320712
39320713
39320714
39320715
39320716
39320717
39320719
39320720
39320721
39320722
39320723
39320724
39320725
39320726
39320727
39320728
39320729
39320730
39320731
39320732
39320733
39320734
39320735
39320736
39320737
39320738
39320739
39320740
39320741
39320742
39320743
39320744
39320747
39320748
39320749
39320750
39320751
39320752
39320754
39320755
39320756
39320759
39320761
39320762
39320763
39320764
39320765
39320766
39320768
39320770
39320771
39320772
39320774
39320775
39320776
39320778
39320779
39320780
39320781
39320783
39320784
39320786
39320787
39320790
39320791
39320792
39320794
39320795
39320796
39320797
39320798
39320801
39320802
39320803
39320804
39320805
39320806
39320807
39320808
39320809
39320810
39320811
39320812
39320813
39320815
39320816
39320817
39320818
39320819
39320820
39320821
39320822
39320823
39320826
39320827
39320828
39320829
39320830
39320831
39320832
39320833
39320835
39320836
39320837
39320838
39320839
39320841
39320842
39320843
39320844
39320845
39320846
39320847
39320848
39320849
39320850
39320851
39320852
39320853
39320854
39320856
39320857
39320858
39320859
39320860
39320862
39320863
39320864
39320865
39320866
39320867
39320868
39320869
39320871
39320872
39320873
39320874
39320876
39320877
39320878
39320879
39320880
39320881
39320882
39320883
39320884
39320886
39320887
39320888
39320889
39320890
39320891
39320892
39320893
39320894
39320895
39320896
39320897
39320898
39320899
39320900
39320901
39320903
39320904
39320905
39320906
39320907
39320908
39320909
39320911
39320912
39320913
39320914
39320915
39320918
39320919
39320920
39320921
39320922
39320923
39320924
39320925
39320926
39320927
39320928
39320930
39320931
39320932
39320933
39320934
39320935
39320936
39320937
39320938
39320939
39320940
39320941
39320942
39320943
39320944
39320945
39320946
39320947
39320948
39320949
39320950
39320951
39320952
39320953
39320954
39320955
39320956
39320957
39320958
39320959
39320960
39320961
39320962
39320963
39320964
39320966
39320968
39320969
39320970
39320971
39320972
39320974
39320975
39320976
39320977
39320978
39320980
39320982
39320983
39320985
39320986
39320987
39320990
39320992
39320993
39320994
39320995
39320997
39320998
39320999
39321001
39321002
39321003
39321004
39321005
39321006
39321007
39321009
39321011
39321012
39321013
39321014
39321016
39321018
39321019
39321020
39321022
39321023
39321024
39321025
39321026
39321027
39321028
39321029
39321030
39321031
39321032
39321034
39321035
39321036
39321038
39321039
39321040
39321041
39321042
39321043
39321044
39321045
39321046
39321047
39321048
39321049
39321050
39321051
39321052
39321053
39321054
39321055
39321058
39321059
39321060
39321061
39321062
39321063
39321064
39321065
39321066
39321068
39321069
39321071
39321072
39321073
39321074
39321075
39321076
39321077
39321078
39321081
39321082
39321083
39321084
39321085
39321086
39321087
39321088
39321090
39321091
39321092
39321093
39321094
39321095
39321096
39321097
39321099
39321100
39321101
39321102
39321103
39321104
39321105
39321106
39321108
39321110
39321111
39321112
39321113
39321114
39321115
39321118
39321119
39321120
39321121
39321122
39321124
39321125
39321127
39321128
39321129
39321130
39321131
39321132
39321134
39321135
39321136
39321138
39321140
39321142
39321143
39321145
39321146
39321147
39321148
39321149
39321150
39321151
39321152
39321153
39321155
39321156
39321157
39321158
39321159
39321160
39321161
39321162
39321163
39321164
39321165
39321166
39321169
39321171
39321172
39321174
39321175
39321176
39321178
39321179
39321180
39321181
39321183
39321184
39321185
39321186
39321187
39321188
39321189
39321190
39321191
39321193
39321194
39321195
39321196
39321197
39321198
39321199
39321200
39321201
39321203
39321204
39321205
39321206
39321207
39321208
39321210
39321211
39321212
39321213
39321215
39321216
39321217
39321218
39321219
39321220
39321221
39321222
39321223
39321226
39321227
39321228
39321230
39321231
39321232
39321233
39321234
39321235
39321236
39321237
39321238
39321239
39321240
39321241
39321242
39321244
39321246
39321247
39321250
39321251
39321252
39321253
39321254
39321255
39321256
39321257
39321258
39321259
39321262
39321263
39321264
39321266
39321267
39321268
39321270
39321271
39321272
39321273
39321275
39321278
39321279
39321280
39321281
39321282
39321283
39321284
39321285
39321288
39321289
39321291
39321293
39321294
39321295
39321296
39321297
39321298
39321299
39321300
39321303
39321305
39321309
39321310
39321311
39321312
39321313
39321314
39321315
39321319
39321320
39321322
39321324
39321326
39321327
39321328
39321329
39321330
39321331
39321332
39321333
39321335
39321336
39321338
39321339
39321340
39321341
39321342
39321344
39321345
39321346
39321347
39321348
39321349
39321350
39321352
39321354
39321355
39321356
39321357
39321358
39321359
39321360
39321361
39321362
39321363
39321365
39321366
39321368
39321369
39321370
39321371
39321372
39321373
39321375
39321376
39321378
39321379
39321380
39321381
39321382
39321383
39321384
39321385
39321386
39321387
39321388
39321389
39321390
39321391
39321392
39321395
39321396
39321397
39321398
39321399
39321401
39321405
39321407
39321408
39321409
39321410
39321411
39321412
39321413
39321414
39321415
39321417
39321418
39321420
39321422
39321423
39321424
39321425
39321426
39321427
39321428
39321429
39321430
39321434
39321435
39321436
39321437
39321438
39321439
39321440
39321441
39321443
39321444
39321446
39321448
39321449
39321450
39321451
39321452
39321453
39321454
39321455
39321456
39321457
39321458
39321459
39321460
39321461
39321462
39321463
39321464
39321465
39321466
39321467
39321468
39321471
39321472
39321473
39321474
39321475
39321476
39321477
39321478
39321480
39321481
39321482
39321483
39321484
39321486
39321487
39321489
39321490
39321491
39321493
39321494
39321495
39321497
39321498
39321499
39321500
39321501
39321504
39321505
39321506
39321507
39321509
39321510
39321511
39321512
39321514
39321516
39321517
39321518
39321519
39321520
39321521
39321522
39321523
39321525
39321526
39321527
39321528
39321529
39321530
39321531
39321532
39321533
39321534
39321535
39321536
39321537
39321539
39321540
39321541
39321542
39321543
39321545
39321546
39321547
39321548
39321549
39321551
39321553
39321556
39321557
39321558
39321559
39321562
39321563
39321564
39321565
39321567
39321568
39321569
39321570
39321571
39321572
39321573
39321574
39321575
39321576
39321577
39321579
39321580
39321581
39321582
39321583
39321585
39321586
39321587
39321588
39321589
39321590
39321591
39321592
39321593
39321594
39321595
39321597
39321598
39321599