38768214
38768216
38768217
38768218
38768219
38768220
38768221
38768222
38768224
38768226
38768227
38768228
38768229
38768230
38768232
38768234
38768235
38768236
38768240
38768242
38768244
38768245
38768247
38768249
38768252
38768254
38768255
38768258
38768260
38768262
38768264
38768265
38768266
38768267
38768268
38768275
38768276
38768277
38768291
38768293
38768295
38768308
38768309
38768314
38768315
38768322
38768324
38768326
38768327
38768330
38768331
38768332
38768333
38768335
38768336
38768338
38768341
38768342
38768344
38768347
38768349
38768353
38768354
38768356
38768358
38768360
38768361
38768364
38768365
38768366
38768367
38768368
38768370
38768371
38768372
38768376
38768377
38768378
38768379
38768380
38768382
38768386
38768387
38768388
38768389
38768390
38768391
38768392
38768393
38768394
38768396
38768397
38768398
38768399
38768400
38768401
38768403
38768405
38768406
38768407
38768409
38768410
38768411
38768412
38768413
38768414
38768415
38768416
38768417
38768418
38768419
38768420
38768421
38768423
38768426
38768427
38768428
38768429
38768430
38768431
38768433
38768434
38768437
38768440
38768442
38768443
38768444
38768445
38768447
38768448
38768450
38768451
38768452
38768453
38768454
38768459
38768460
38768461
38768462
38768467
38768469
38768470
38768472
38768474
38768480
38768481
38768483
38768485
38768486
38768487
38768488
38768492
38768493
38768494
38768495
38768500
38768501
38768503
38768506
38768509
38768510
38768514
38768515
38768520
38768521
38768522
38768523
38768525
38768526
38768528
38768529
38768530
38768535
38768536
38768537
38768538
38768539
38768540
38768542
38768543
38768546
38768547
38768548
38768555
38768557
38768560
38768561
38768562
38768563
38768565
38768566
38768569
38768570
38768571
38768575
38768579
38768580
38768581
38768582
38768583
38768585
38768587
38768591
38768592
38768593
38768594
38768595
38768604
38768606
38768607
38768608
38768609
38768610
38768611
38768613
38768618
38768622
38768624
38768625
38768627
38768630
38768631
38768632
38768633
38768635
38768636
38768637
38768638
38768639
38768640
38768641
38768642
38768644
38768646
38768647
38768649
38768650
38768655
38768657
38768658
38768659
38768660
38768661
38768664
38768666
38768667
38768668
38768676
38768677
38768678
38768679
38768680
38768683
38768684
38768685
38768686
38768687
38768688
38768690
38768691
38768692
38768696
38768697
38768698
38768699
38768702
38768703
38768707
38768708
38768709
38768710
38768714
38768715
38768716
38768717
38768720
38768721
38768722
38768723
38768724
38768725
38768726
38768727
38768728
38768729
38768733
38768734
38768735
38768736
38768737
38768738
38768739
38768741
38768742
38768743
38768744
38768748
38768749
38768750
38768751
38768753
38768754
38768755
38768757
38768758
38768764
38768765
38768766
38768767
38768768
38768769
38768770
38768771
38768772
38768773
38768774
38768776
38768777
38768779
38768780
38768781
38768783
38768784
38768785
38768787
38768788
38768790
38768796
38768798
38768799
38768801
38768803
38768804
38768805
38768806
38768812
38768814
38768815
38768817
38768818
38768822
38768823
38768824
38768825
38768826
38768827
38768828
38768830
38768831
38768834
38768835
38768837
38768846
38768848
38768850
38768851
38768852
38768853
38768854
38768855
38768861
38768865
38768866
38768867
38768868
38768869
38768870
38768871
38768874
38768881
38768884
38768886
38768887
38768888
38768890
38768891
38768892
38768893
38768895
38768897
38768898
38768901
38768902
38768903
38768905
38768906
38768907
38768911
38768912
38768913
38768915
38768919
38768922
38768923
38768924
38768926
38768928
38768929
38768930
38768931
38768932
38768933
38768934
38768938
38768939
38768944
38768945
38768947
38768949
38768951
38768952
38768953
38768959
38768960
38768961
38768963
38768969
38768974
38768976
38768980
38768983
38768984
38768987
38768991
38768999
38769005
38769006
38769007
38769008
38769009
38769012
38769013
38769014
38769015
38769017
38769019
38769020
38769023
38769025
38769026
38769027
38769028
38769029
38769030
38769031
38769033
38769035
38769036
38769037
38769038
38769039
38769041
38769042
38769045
38769047
38769053
38769054
38769056
38769057
38769058
38769061
38769062
38769071
38769072
38769073
38769075
38769083
38769084
38769085
38769094
38769095
38769096
38769098
38769099
38769100
38769101
38769104
38769105
38769106
38769107
38769108
38769109
38769116
38769118
38769119
38769120
38769121
38769122
38769128
38769130
38769131
38769138
38769148
38769149
38769150
38769152
38769154
38769155
38769156
38769157
38769158
38769162
38769163
38769164
38769171
38769172
38769174
38769175
38769176
38769179
38769180
38769181
38769184
38769187
38769189
38769190
38769191
38769192
38769198
38769199
38769200
38769202
38769204
38769205
38769207
38769208
38769212
38769214
38769215
38769218
38769219
38769220
38769221
38769223
38769230
38769231
38769232
38769235
38769237
38769242
38769243
38761096
38761097
38761098
38761099
38761100
38761101
38761102
38761105
38761106
38761107
38761108
38761109
38761110
38761111
38761112
38761113
38761114
38761115
38761116
38761117
38761118
38761119
38761120
38761121
38761122
38761123
38761124
38761125
38761126
38761127
38761129
38761130
38761131
38761132
38761134
38761135
38761136
38761137
38761138
38761139
38761140
38761141
38761142
38761143
38761145
38761150
38761151
38761152
38761153
38761154
38761155
38761156
38761157
38761158
38761159
38761160
38761161
38761162
38761163
38761164
38761165
38761167
38761169
38761170
38761171
38761172
38761173
38761174
38761175
38761176
38761177
38761179
38761181
38761182
38761183
38761184
38761185
38761186
38761187
38761189
38761190
38761192
38761193
38761194
38761195
38761196
38761198
38761199
38761201
38761203
38761204
38761205
38761206
38761207
38761208
38761209
38761210
38761211
38761212
38761213
38761214
38761215
38761217
38761218
38761219
38761220
38761221
38761222
38761224
38761225
38761226
38761227
38761229
38761231
38761235
38761236
38761237
38761238
38761239
38761240
38761241
38761242
38761243
38761245
38761246
38761247
38761248
38761249
38761251
38761252
38761253
38761254
38761255
38761256
38761259
38761260
38761261
38761262
38761264
38761265
38761266
38761267
38761268
38761270
38761271
38761272
38761273
38761274
38761275
38761277
38761278
38761279
38761280
38761281
38761282
38761283
38761285
38761286
38761287
38761288
38761290
38761291
38761292
38761293
38761294
38761295
38761296
38761297
38761298
38761299
38761300
38761301
38761302
38761304
38761305
38761306
38761307
38761309
38761310
38761311
38761312
38761313
38761314
38761316
38761317
38761318
38761319
38761320
38761322
38761323
38761324
38761326
38761327
38761328
38761329
38761330
38761332
38761333
38761334
38761335
38761336
38761337
38761338
38761339
38761340
38761342
38761344
38761345
38761346
38761348
38761349
38761350
38761351
38761352
38761353
38761354
38761355
38761356
38761357
38761359
38761360
38761361
38761362
38761363
38761364
38761365
38761367
38761368
38761369
38761370
38761371
38761372
38761373
38761374
38761377
38761378
38761379
38761380
38761382
38761383
38761384
38761385
38761386
38761387
38761388
38761389
38761390
38761391
38761392
38761395
38761396
38761397
38761399
38761400
38761401
38761403
38761404
38761405
38761406
38761407
38761408
38761409
38761410
38761411
38761412
38761413
38761414
38761416
38761417
38761419
38761420
38761421
38761422
38761423
38761424
38761425
38761426
38761427
38761428
38761429
38761430
38761431
38761432
38761433
38761434
38761435
38761436
38761439
38761441
38761442
38761443
38761444
38761445
38761446
38761447
38761448
38761449
38761450
38761451
38761452
38761453
38761454
38761456
38761457
38761459
38761460
38761461
38761462
38761463
38761464
38761465
38761466
38761467
38761469
38761470
38761471
38761473
38761475
38761476
38761477
38761478
38761479
38761480
38761481
38761482
38761483
38761484
38761485
38761486
38761487
38761488
38761489
38761490
38761491
38761492
38761493
38761494
38761495
38761496
38761497
38761498
38761499
38761500
38761501
38761502
38761503
38761505
38761506
38761507
38761508
38761510
38761511
38761512
38761513
38761514
38761515
38761516
38761517
38761518
38761519
38761520
38761521
38761523
38761524
38761526
38761527
38761528
38761529
38761530
38761531
38761532
38761533
38761534
38761535
38761536
38761537
38761538
38761539
38761540
38761542
38761544
38761545
38761546
38761547
38761548
38761549
38761550
38761551
38761552
38761553
38761554
38761555
38761556
38761557
38761558
38761560
38761563
38761564
38761565
38761566
38761567
38761568
38761570
38761571
38761572
38761573
38761574
38761575
38761576
38761577
38761578
38761580
38761581
38761582
38761585
38761586
38761587
38761588
38761589
38761590
38761592
38761594
38761595
38761596
38761597
38761598
38761599
38761600
38761601
38761602
38761603
38761604
38761606
38761607
38761608
38761609
38761610
38761611
38761612
38761613
38761614
38761615
38761616
38761617
38761618
38761621
38761622
38761623
38761625
38761626
38761627
38761628
38761629
38761631
38761633
38761634
38761636
38761638
38761639
38761640
38761641
38761643
38761644
38761645
38761646
38761647
38761648
38761649
38761650
38761651
38761652
38761653
38761654
38761655
38761656
38761657
38761658
38761659
38761660
38761661
38761662
38761663
38761665
38761666
38761667
38761668
38761669
38761670
38761672
38761673
38761674
38761675
38761676
38761677
38761678
38761679
38761680
38761681
38761682
38761683
38761684
38761685
38761686
38761687
38761688
38761690
38761691
38761692
38761693
38761694
38761695
38761696
38761697
38761698
38761699
38761701
38761702
38761703
38761704
38761706
38761707
38761708
38761709
38761710
38761711
38761713
38761714
38761715
38761716
38761717
38761718
38761719
38761720
38761721
38761723
38761724
38761725
38761726
38761727
38761728
38761729
38761730
38761731
38761732
38761733
38761734
38761735
38761736
38761737
38761738
38761739
38761740
38761741
38761742
38761743
38761744
38761745
38761746
38761747
38761748
38761749
38761750
38761752
38761753
38761754
38761755
38761756
38761757
38761759
38761761
38761762
38761763
38761764
38761765
38761766
38761767
38761768
38761769
38761770
38761771
38761772
38761773
38761774
38761775
38761776
38761777
38761778
38761779
38761780
38761781
38761782
38761783
38761784
38761785
38761786
38761787
38761788
38761789
38761790
38761791
38761792
38761793
38761794
38761795
38761796
38761797
38761798
38761799
38761801
38761802
38761805
38761806
38761807
38761808
38761810
38761811
38761812
38761813
38761815
38761817
38761818
38761819
38761820
38761821
38761822
38761823
38761824
38761825
38761826
38761827
38761829
38761830
38761831
38761833
38761835
38761837
38761838
38761839
38761840
38761842
38761843
38761844
38761845
38761846
38761847
38761848
38761849
38761850
38761852
38761854
38761855
38761857
38761858
38761859
38761860
38761861
38761862
38761863
38761864
38761865
38761866
38761867
38761868
38761869
38761870
38761871
38761872
38761874
38761875
38761876
38761877
38761878
38761880
38761881
38761882
38761883
38761884
38761885
38761886
38761887
38761888
38761889
38761890
38761891
38761892
38761893
38761894
38761895
38761897
38761898
38761899
38761900
38761901
38761902
38761903
38761904
38761905
38761907
38761908
38761909
38761910
38761911
38761912
38761913
38761914
38761915
38761916
38761918
38761919
38761920
38761921
38761922
38761924
38761925
38761926
38761927
38761928
38761929
38761930
38761931
38761932
38761933
38761934
38761935
38761936
38761937
38761938
38761939
38761940
38761941
38761942
38761943
38761944
38761945
38761946
38761947
38761948
38761949
38761950
38761951
38761952
38761953
38761954
38761955
38761956
38761957
38761958
38761959
38761960
38761961
38761962
38761963
38761964
38761965
38761966
38761967
38761968
38761969
38761970
38761971
38761973
38761974
38761975
38761976
38761977
38761979
38761980
38761981
38761982
38761983
38761985
38761986
38761987
38761989
38761990
38761991
38761992
38761993
38761994
38761995
38761996
38761997
38761998
38761999
38762000
38762001
38762002
38762003
38762004
38762005
38762006
38762007
38762008
38762009
38762010
38762011
38762012
38762014
38762015
38762016
38762017
38762018
38762019
38762020
38762022
38762023
38762024
38762025
38762026
38762027
38762028
38762031
38762032
38762033
38762034
38762035
38762036
38762037
38762038
38762040
38762041
38762042
38762043
38762044
38762045
38762046
38762047
38762048
38762049
38762050
38762051
38762052
38762053
38762054
38762055
38762056
38762057
38762058
38762059
38762060
38762061
38762062
38762063
38762064
38762065
38762066
38762067
38762068
38762069
38762070
38762071
38762072
38762073
38762074
38762076
38762077
38762078
38762079
38762080
38762081
38762082
38762083
38762084
38762085
38762086
38762087
38762088
38762089
38762090
38762091
38762092
38762093
38762094
38762095
38762096
38762097
38762098
38762099
38762100
38762101
38762102
38762103
38762104
38762105
38762106
38762107
38762108
38762109
38762110
38762111
38762112
38762113
38762114
38762115
38762116
38762117
38762118
38762119
38762120
38762121
38762122
38762123
38762124
38762125
38762126
38762127
38762128
38762129
38762131
38762132
38762133
38762134
38762135
38762137
38762139
38762140
38762141
38762142
38762143
38762144
38762145
38762146
38762147
38762148
38762149
38762150
38762151
38762152
38762153
38762154
38762155
38762156
38762157
38762158
38762159
38762161
38762162
38762163
38762164
38762165
38762166
38762167
38762168
38762169
38762171
38762172
38762173
38762174
38762175
38762176
38762177
38762178
38762179
38762180
38762182
38762183
38762184
38762185
38762186
38762188
38762189
38762190
38762191
38762192
38762193
38762194
38762195
38762196
38762197
38762198
38762199
38762200
38762201
38762202
38762203
38762204
38762205
38762206
38762208
38762210
38762211
38762212
38762213
38762214
38762215
38762216
38762217
38762218
38762220
38762221
38762222
38762223
38762225
38762226
38762227
38762228
38762229
38762230
38762231
38762232
38762233
38762234
38762235
38762236
38762237
38762238
38762239
38762240
38762242
38762243
38762244
38762245
38762247
38762248
38762249
38762250
38762251
38762252
38762253
38762254
38762255
38762257
38762258
38762259
38762260
38762261
38762262
38762263
38762264
38762265
38762266
38762267
38762268
38762270
38762271
38762272
38762273
38762274
38762275
38762276
38762277
38762278
38762280
38762281
38762282
38762284
38762285
38762286
38762287
38762288
38762289
38762290
38762291
38762292
38762293
38762294
38762295
38762296
38762297
38762298
38762299
38762300
38762301
38762302
38762303
38762304
38762305
38762306
38762307
38762308
38762309
38762310
38762311
38762312
38762313
38762314
38762315
38762316
38762317
38762318
38762319
38762321
38762322
38762323
38762324
38762325
38762326
38762327
38762329
38762330
38762331
38762332
38762333
38762334
38762335
38762336
38762337
38762338
38762339
38762340
38762341
38762342
38762343
38762344
38762345
38762346
38762347
38762348
38762349
38762350
38762351
38762352
38762353
38762354
38762355
38762356
38762357
38762358
38762359
38762360
38762361
38762362
38762363
38762364
38762365
38762367
38762368
38762369
38762370
38762371
38762372
38762373
38762374
38762375
38762376
38762378
38762379
38762380
38762381
38762382
38762383
38762384
38762385
38762386
38762387
38762388
38762389
38762390
38762391
38762392
38762393
38762394
38762395
38762396
38762397
38762400
38762401
38762402
38762403
38762404
38762405
38762406
38762407
38762408
38762409
38762410
38762411
38762412
38762413
38762415
38762416
38762417
38762418
38762419
38762420
38762422
38762423
38762424
38762425
38762426
38762427
38762428
38762429
38762430
38762432
38762433
38762434
38762435
38762436
38762437
38762438
38762439
38762440
38762441
38762442
38762443
38762444
38762445
38762446
38762447
38762448
38762449
38762450
38762451
38762452
38762453
38762454
38762455
38762456
38762457
38762458
38762459
38762460
38762461
38762462
38762463
38762464
38762467
38762468
38762469
38762470
38762471
38762472
38762473
38762474
38762476
38762478
38762479
38762480
38762481
38762482
38762483
38762484
38762485
38762486
38762487
38762488
38762489
38762490
38762491
38762492
38762493
38762494
38762495
38762496
38762497
38762498
38762499
38762501
38762503
38762505
38762506
38762508
38762509
38762510
38762511
38762512
38762513
38762515
38762516
38762517
38762518
38762519
38762520
38762522
38762523
38762524
38762525
38762526
38762527
38762528
38762529
38762530
38762531
38762533
38762534
38762535
38762536
38762538
38762539
38762540
38762541
38762542
38762543
38762544
38762545
38762546
38762547
38762548
38762549
38762550
38762551
38762552
38762553
38762555
38762556
38762557
38762558
38762559
38762560
38762562
38762563
38762564
38762565
38762566
38762567
38762568
38762569
38762570
38762571
38762572
38762573
38762574
38762575
38762576
38762577
38762578
38762580
38762581
38762582
38762583
38762584
38762586
38762587
38762588
38762590
38762592
38762593
38762594
38762596
38762598
38762599
38762600
38762601
38762602
38762603
38762604
38762605
38762606
38762607
38762608
38762609
38762611
38762612
38762613
38762616
38762617
38762618
38762619
38762621
38762622
38762625
38762627
38762628
38762629
38762630
38762631
38762633
38762634
38762635
38762636
38762637
38762640
38762641
38762642
38762644
38762645
38762646
38762647
38762648
38762649
38762650
38762651
38762652
38762653
38762654
38762655
38762656
38762657
38762658
38762659
38762660
38762661
38762664
38762665
38762667
38762668
38762669
38762670
38762671
38762672
38762673
38762674
38762675
38762676
38762677
38762678
38762679
38762680
38762681
38762682
38762684
38762685
38762686
38762687
38762688
38762689
38762690
38762691
38762692
38762693
38762695
38762696
38762697
38762698
38762699
38762700
38762701
38762702
38762703
38762704
38762705
38762706
38762707
38762708
38762709
38762710
38762711
38762712
38762713
38762714
38762715
38762716
38762717
38762718
38762719
38762721
38762722
38762723
38762724
38762725
38762726
38762727
38762728
38762729
38762730
38762731
38762732
38762733
38762734
38762735
38762736
38762737
38762738
38762740
38762741
38762742
38762743
38762744
38762745
38762746
38762747
38762748
38762750
38762751
38762752
38762753
38762754
38762755
38762756
38762757
38762758
38762759
38762760
38762761
38762762
38762763
38762764
38762765
38762766
38762767
38762768
38762769
38762770
38762771
38762772
38762773
38762774
38762775
38762777
38762778
38762779
38762780
38762781
38762782
38762783
38762784
38762786
38762787
38762788
38762789
38762790
38762791
38762792
38762793
38762794
38762795
38762796
38762797
38762798
38762799
38762800
38762801
38762803
38762804
38762805
38762806
38762807
38762808
38762809
38762810
38762811
38762812
38762813
38762814
38762815
38762816
38762817
38762819
38762820
38762821
38762822
38762823
38762824
38762825
38762826
38762827
38762828
38762830
38762833
38762834
38762835
38762836
38762837
38762838
38762839
38762840
38762841
38762842
38762843
38762844
38762845
38762846
38762848
38762849
38762850
38762851
38762852
38762853
38762854
38762855
38762856
38762857
38762858
38762859
38762860
38762861
38762862
38762863
38762864
38762865
38762866
38762867
38762868
38762869
38762870
38762871
38762872
38762873
38762874
38762875
38762876
38762877
38762878
38762879
38762880
38762881
38762882
38762883
38762884
38762885
38762888
38762889
38762890
38762891
38762892
38762893
38762894
38762896
38762897
38762898
38762899
38762900
38762901
38762902
38762903
38762904
38762905
38762906
38762907
38762908
38762909
38762911
38762912
38762913
38762915
38762916
38762917
38762918
38762919
38762920
38762922
38762923
38762924
38762925
38762926
38762927
38762928
38762929
38762930
38762931
38762932
38762933
38762934
38762935
38762936
38762937
38762938
38762939
38762940
38762941
38762942
38762943
38762944
38762947
38762948
38762949
38762950
38762951
38762953
38762954
38762955
38762956
38762957
38762958
38762959
38762960
38762961
38762962
38762963
38762964
38762965
38762967
38762968
38762969
38762970
38762971
38762972
38762973
38762976
38762977
38762978
38762979
38762980
38762982
38762983
38762984
38762985
38762986
38762987
38762988
38762989
38762990
38762991
38762992
38762993
38762995
38762996
38762997
38762998
38762999
38763000
38763001
38763002
38763003
38763004
38763005
38763006
38763007
38763008
38763009
38763010
38763012
38763013
38763015
38763016
38763017
38763018
38763019
38763020
38763024
38763025
38763026
38763027
38763028
38763029
38763030
38763032
38763033
38763034
38763035
38763036
38763037
38763038
38763039
38763040
38763041
38763042
38763043
38763044
38763045
38763046
38763047
38763048
38763049
38763051
38763052
38763053
38763054
38763055
38763056
38763057
38763058
38763059
38763060
38763061
38763062
38763063
38763064
38763065
38763066
38763067
38763068
38763069
38763070
38763071
38763072
38763073
38763074
38763075
38763076
38763078
38763079
38763080
38763081
38763082
38763083
38763085
38763086
38763087
38763088
38763089
38763091
38763092
38763093
38763095
38763097
38763098
38763099
38763100
38763101
38763102
38763103
38763104
38763106
38763107
38763108
38763109
38763110
38763111
38763112
38763113
38763114
38763115
38763116
38763117
38763118
38763119
38763120
38763123
38763124
38763125
38763126
38763127
38763128
38763129
38763130
38763131
38763132
38763133
38763135
38763136
38763139
38763140
38763142
38763143
38763144
38763145
38763146
38763147
38763148
38763149
38763150
38763151
38763152
38763153
38763154
38763155
38763156
38763157
38763158
38763159
38763160
38763161
38763162
38763163
38763164
38763165
38763166
38763167
38763168
38763169
38763170
38763171
38763172
38763173
38763174
38763175
38763176
38763179
38763180
38763181
38763182
38763183
38763184
38763185
38763186
38763187
38763188
38763189
38763190
38763191
38763192
38763193
38763194
38763195
38763196
38763197
38763198
38763200
38763201
38763202
38763203
38763204
38763205
38763206
38763207
38763209
38763210
38763212
38763213
38763214
38763215
38763216
38763217
38763218
38763219
38763221
38763222
38763223
38763224
38763225
38763226
38763227
38763228
38763229
38763230
38763231
38763232
38763233
38763234
38763235
38763237
38763238
38763239
38763240
38763241
38763242
38763243
38763244
38763245
38763246
38763247
38763248
38763249
38763251
38763252
38763253
38763254
38763255
38763256
38763257
38763258
38763259
38763260
38763261
38763262
38763263
38763264
38763265
38763266
38763268
38763269
38763271
38763272
38763273
38763274
38763275
38763276
38763277
38763278
38763279
38763281
38763282
38763283
38763284
38763285
38763286
38763287
38763288
38763289
38763290
38763291
38763292
38763293
38763294
38763296
38763297
38763298
38763299
38763300
38763301
38763302
38763303
38763304
38763305
38763306
38763307
38763308
38763310
38763311
38763312
38763313
38763314
38763315
38763316
38763317
38763318
38763320
38763321
38763322
38763323
38763324
38763325
38763326
38763328
38763330
38763331
38763333
38763335
38763336
38763338
38763339
38763340
38763341
38763342
38763343
38763344
38763345
38763346
38763347
38763348
38763350
38763351
38763352
38763353
38763354
38763355
38763356
38763357
38763358
38763359
38763360
38763361
38763362
38763363
38763364
38763366
38763367
38763368
38763369
38763371
38763372
38763373
38763374
38763375
38763376
38763377
38763378
38763379
38763380
38763381
38763382
38763383
38763384
38763385
38763386
38763387
38763388
38763389
38763390
38763391
38763392
38763393
38763394
38763395
38763396
38763398
38763399
38763400
38763402
38763403
38763404
38763405
38763406
38763407
38763408
38763409
38763411
38763412
38763413
38763414
38763415
38763416
38763417
38763419
38763420
38763421
38763422
38763424
38763425
38763426
38763427
38763428
38763429
38763430
38763431
38763432
38763433
38763434
38763435
38763436
38763437
38763438
38763439
38763440
38763441
38763442
38763443
38763444
38763446
38763447
38763449
38763450
38763451
38763452
38763453
38763454
38763455
38763456
38763457
38763458
38763459
38763460
38763461
38763462
38763463
38763464
38763465
38763466
38763467
38763468
38763469
38763470
38763471
38763472
38763473
38763474
38763475
38763477
38763478
38763479
38763480
38763481
38763482
38763485
38763486
38763487
38763488
38763489
38763490
38763491
38763492
38763493
38763494
38763495
38763496
38763497
38763498
38763499
38763500
38763501
38763502
38763503
38763504
38763505
38763506
38763507
38763508
38763509
38763510
38763511
38763512
38763514
38763515
38763516
38763517
38763518
38763519
38763520
38763521
38763522
38763524
38763525
38763526
38763527
38763528
38763529
38763530
38763531
38763532
38763533
38763534
38763535
38763536
38763537
38763538
38763539
38763540
38763541
38763542
38763543
38763545
38763546
38763547
38763548
38763549
38763550
38763551
38763552
38763554
38763555
38763556
38763558
38763559
38763560
38763561
38763562
38763563
38763564
38763565
38763566
38763567
38763568
38763569
38763570
38763572
38763574
38763575
38763576
38763577
38763578
38763579
38763580
38763581
38763582
38763583
38763584
38763585
38763587
38763588
38763589
38763590
38763591
38763592
38763593
38763594
38763596
38763597
38763598
38763599
38763600
38763601
38763602
38763603
38763604
38763605
38763607
38763608
38763609
38763610
38763611
38763612
38763613
38763614
38763615
38763616
38763617
38763618
38763619
38763620
38763621
38763622
38763623
38763624
38763625
38763626
38763627
38763628
38763629
38763630
38763631
38763632
38763633
38763634
38763636
38763637
38763638
38763639
38763640
38763641
38763642
38763643
38763644
38763645
38763646
38763648
38763649
38763650
38763651
38763652
38763653
38763654
38763655
38763656
38763657
38763658
38763659
38763660
38763661
38763662
38763663
38763664
38763665
38763666
38763668
38763669
38763670
38763671
38763672
38763673
38763674
38763675
38763676
38763677
38763678
38763679
38763680
38763681
38763683
38763684
38763685
38763686
38763687
38763688
38763689
38763690
38763691
38763692
38763693
38763694
38763695
38763696
38763698
38763699
38763700
38763701
38763702
38763703
38763704
38763705
38763706
38763707
38763708
38763709
38763710
38763711
38763712
38763713
38763714
38763715
38763716
38763717
38763718
38763719
38763720
38763721
38763722
38763723
38763724
38763725
38763726
38763727
38763728
38763729
38763730
38763731
38763732
38763733
38763734
38763735
38763736
38763737
38763738
38763739
38763740
38763741
38763742
38763743
38763744
38763745
38763746
38763747
38763748
38763749
38763750
38763751
38763752
38763753
38763754
38763755
38763756
38763757
38763758
38763759
38763760
38763761
38763762
38763763
38763764
38763765
38763766
38763767
38763768
38763769
38763770
38763771
38763772
38763773
38763775
38763776
38763777
38763778
38763779
38763780
38763781
38763782
38763783
38763784
38763785
38763786
38763787
38763788
38763789
38763790
38763791
38763792
38763794
38763796
38763797
38763798
38763799
38763801
38763804
38763805
38763806
38763807
38763809
38763810
38763812
38763814
38763815
38763816
38763818
38763819
38763820
38763822
38763823
38763824
38763825
38763826
38763827
38763828
38763830
38763832
38763833
38763834
38763835
38763836
38763838
38763839
38763841
38763843
38763844
38763845
38763846
38763847
38763848
38763849
38763850
38763851
38763852
38763853
38763854
38763855
38763856
38763857
38763858
38763859
38763861
38763862
38763863
38763865
38763866
38763867
38763868
38763869
38763870
38763871
38763872
38763874
38763876
38763877
38763878
38763881
38763884
38763886
38763889
38763894
38763895
38763897
38763899
38763900
38763902
38763904
38763906
38763908
38763909
38763910
38763911
38763914
38763915
38763916
38763917
38763918
38763919
38763920
38763921
38763922
38763924
38763925
38763926
38763927
38763928
38763929
38763930
38763931
38763932
38763933
38763934
38763935
38763937
38763938
38763939
38763940
38763941
38763942
38763943
38763944
38763947
38763948
38763949
38763950
38763951
38763953
38763954
38763955
38763956
38763958
38763960
38763962
38763963
38763964
38763965
38763966
38763967
38763969
38763970
38763971
38763972
38763973
38763974
38763975
38763976
38763977
38763978
38763979
38763980
38763982
38763983
38763984
38763985
38763986
38763987
38763989
38763990
38763991
38763992
38763993
38763994
38763995
38763996
38763997
38763998
38763999
38764000
38764001
38764002
38764003
38764004
38764005
38764006
38764007
38764009
38764010
38764011
38764012
38764013
38764014
38764015
38764016
38764017
38764018
38764019
38764020
38764021
38764022
38764023
38764024
38764025
38764026
38764027
38764028
38764029
38764030
38764031
38764032
38764034
38764035
38764036
38764037
38764038
38764039
38764040
38764041
38764042
38764043
38764044
38764045
38764046
38764047
38764048
38764049
38764050
38764051
38764052
38764053
38764054
38764055
38764056
38764057
38764058
38764059
38764060
38764061
38764062
38764064
38764065
38764067
38764068
38764069
38764071
38764072
38764073
38764074
38764075
38764076
38764077
38764078
38764079
38764080
38764081
38764082
38764083
38764084
38764085
38764086
38764087
38764089
38764090
38764091
38764092
38764093
38764094
38764095
38764096
38764097
38764098
38764099
38764100
38764101
38764103
38764104
38764105
38764106
38764107
38764108
38764110
38764111
38764112
38764113
38764114
38764115
38764116
38764117
38764118
38764119
38764120
38764121
38764122
38764123
38764125
38764126
38764128
38764130
38764131
38764132
38764134
38764135
38764136
38764137
38764138
38764139
38764140
38764141
38764142
38764143
38764144
38764146
38764147
38764148
38764149
38764150
38764151
38764152
38764153
38764154
38764155
38764156
38764157
38764158
38764159
38764160
38764161
38764163
38764164
38764165
38764166
38764167
38764168
38764169
38764170
38764171
38764172
38764173
38764174
38764175
38764176
38764177
38764178
38764179
38764180
38764181
38764182
38764183
38764184
38764185
38764187
38764188
38764189
38764190
38764191
38764192
38764194
38764195
38764196
38764197
38764198
38764199
38764200
38764201
38764202
38764203
38764204
38764205
38764206
38764207
38764209
38764210
38764211
38764212
38764213
38764217
38764218
38764219
38764220
38764221
38764223
38764224
38764225
38764226
38764227
38764228
38764230
38764231
38764232
38764233
38764234
38764235
38764236
38764237
38764238
38764239
38764240
38764241
38764242
38764243
38764244
38764245
38764246
38764247
38764248
38764249
38764250
38764251
38764252
38764253
38764254
38764255
38764256
38764257
38764258
38764259
38764260
38764261
38764263
38764264
38764265
38764266
38764267
38764268
38764269
38764270
38764271
38764272
38764273
38764274
38764275
38764276
38764277
38764278
38764279
38764280
38764281
38764282
38764284
38764285
38764286
38764287
38764288
38764290
38764291
38764293
38764295
38764296
38764297
38764299
38764300
38764301
38764302
38764303
38764304
38764305
38764306
38764307
38764308
38764309
38764310
38764311
38764312
38764313
38764314
38764315
38764316
38764318
38764319
38764320
38764321
38764322
38764323
38764324
38764325
38764326
38764328
38764329
38764330
38764331
38764332
38764333
38764334
38764335
38764336
38764337
38764338
38764339
38764340
38764341
38764342
38764343
38764344
38764345
38764346
38764347
38764348
38764349
38764350
38764351
38764352
38764353
38764354
38764355
38764356
38764357
38764358
38764359
38764361
38764362
38764363
38764364
38764365
38764366
38764367
38764368
38764369
38764370
38764371
38764372
38764373
38764374
38764375
38764377
38764378
38764379
38764380
38764381
38764382
38764383
38764384
38764385
38764386
38764387
38764388
38764389
38764390
38764391
38764392
38764393
38764394
38764395
38764396
38764397
38764398
38764399
38764400
38764401
38764403
38764404
38764405
38764406
38764407
38764408
38764409
38764410
38764411
38764412
38764413
38764414
38764416
38764417
38764418
38764419
38764420
38764421
38764422
38764423
38764424
38764425
38764426
38764427
38764428
38764429
38764430
38764431
38764432
38764433
38764434
38764435
38764436
38764437
38764438
38764439
38764441
38764442
38764443
38764444
38764445
38764446
38764447
38764448
38764449
38764450
38764451
38764452
38764453
38764454
38764455
38764456
38764457
38764458
38764460
38764461
38764462
38764463
38764464
38764465
38764466
38764467
38764468
38764469
38764470
38764471
38764472
38764473
38764474
38764475
38764476
38764478
38764479
38764480
38764481
38764482
38764483
38764484
38764485
38764486
38764487
38764488
38764489
38764490
38764491
38764492
38764493
38764495
38764496
38764497
38764498
38764499
38764500
38764501
38764502
38764503
38764504
38764505
38764506
38764507
38764508
38764509
38764510
38764511
38764512
38764514
38764515
38764517
38764518
38764519
38764520
38764522
38764523
38764524
38764527
38764529
38764530
38764532
38764533
38764534
38764535
38764536
38764537
38764538
38764539
38764540
38764541
38764542
38764543
38764546
38764547
38764548
38764549
38764551
38764552
38764553
38764554
38764555
38764556
38764557
38764558
38764559
38764562
38764563
38764564
38764566
38764569
38764570
38764572
38764573
38764574
38764575
38764576
38764577
38764578
38764579
38764580
38764582
38764583
38764584
38764586
38764587
38764590
38764591
38764592
38764593
38764595
38764596
38764597
38764598
38764599
38764601
38764602
38764603
38764604
38764605
38764606
38764607
38764609
38764610
38764611
38764613
38764614
38764615
38764616
38764617
38764618
38764619
38764620
38764621
38764623
38764624
38764626
38764628
38764629
38764630
38764631
38764632
38764633
38764635
38764636
38764637
38764638
38764640
38764641
38764642
38764644
38764646
38764647
38764648
38764649
38764650
38764651
38764652
38764653
38764654
38764655
38764656
38764657
38764658
38764661
38764662
38764663
38764665
38764666
38764667
38764668
38764669
38764671
38764674
38764675
38764677
38764678
38764679
38764680
38764681
38764682
38764683
38764684
38764685
38764687
38764688
38764689
38764690
38764691
38764692
38764693
38764694
38764695
38764696
38764697
38764698
38764699
38764701
38764702
38764703
38764705
38764706
38764707
38764708
38764709
38764711
38764712
38764713
38764715
38764717
38764718
38764719
38764720
38764721
38764722
38764723
38764724
38764726
38764727
38764728
38764729
38764730
38764731
38764732
38764733
38764734
38764735
38764736
38764737
38764738
38764739
38764740
38764741
38764742
38764743
38764744
38764746
38764747
38764749
38764750
38764751
38764752
38764754
38764755
38764756
38764757
38764758
38764759
38764761
38764763
38764765
38764766
38764767
38764768
38764769
38764770
38764771
38764772
38764773
38764774
38764775
38764776
38764777
38764778
38764779
38764780
38764781
38764782
38764783
38764784
38764785
38764786
38764787
38764788
38764790
38764791
38764792
38764793
38764794
38764795
38764796
38764797
38764798
38764799
38764800
38764801
38764803
38764804
38764805
38764807
38764809
38764810
38764811
38764813
38764814
38764815
38764816
38764817
38764818
38764820
38764821
38764822
38764823
38764824
38764825
38764827
38764828
38764829
38764830
38764831
38764832
38764833
38764834
38764835
38764836
38764837
38764839
38764840
38764841
38764842
38764844
38764845
38764846
38764847
38764849
38764850
38764851
38764852
38764853
38764854
38764855
38764856
38764857
38764858
38764859
38764860
38764861
38764862
38764864
38764865
38764866
38764867
38764869
38764870
38764871
38764872
38764873
38764874
38764875
38764876
38764877
38764878
38764879
38764880
38764881
38764882
38764883
38764884
38764885
38764886
38764887
38764888
38764889
38764890
38764891
38764892
38764893
38764894
38764895
38764896
38764897
38764898
38764899
38764900
38764901
38764902
38764903
38764904
38764905
38764906
38764907
38764908
38764909
38764910
38764911
38764912
38764913
38764914
38764915
38764916
38764918
38764919
38764920
38764921
38764922
38764923
38764924
38764926
38764927
38764929
38764930
38764931
38764933
38764934
38764935
38764936
38764937
38764940
38764941
38764942
38764943
38764944
38764945
38764946
38764947
38764948
38764949
38764950
38764951
38764952
38764953
38764954
38764955
38764956
38764957
38764958
38764959
38764960
38764962
38764963
38764964
38764965
38764966
38764967
38764968
38764969
38764970
38764971
38764972
38764973
38764974
38764975
38764976
38764977
38764978
38764979
38764981
38764982
38764983
38764984
38764986
38764987
38764988
38764989
38764990
38764991
38764992
38764993
38764994
38764995
38764996
38764997
38764998
38764999
38765000
38765001
38765003
38765004
38765005
38765006
38765007
38765008
38765009
38765010
38765011
38765012
38765013
38765014
38765015
38765016
38765017
38765018
38765019
38765020
38765021
38765023
38765024
38765025
38765026
38765027
38765028
38765029
38765030
38765031
38765032
38765033
38765034
38765035
38765036
38765037
38765038
38765039
38765040
38765041
38765042
38765043
38765044
38765045
38765046
38765047
38765048
38765050
38765051
38765052
38765053
38765054
38765055
38765056
38765058
38765059
38765060
38765062
38765063
38765064
38765065
38765066
38765067
38765068
38765069
38765070
38765071
38765072
38765073
38765074
38765075
38765076
38765077
38765078
38765079
38765080
38765081
38765082
38765083
38765084
38765085
38765086
38765087
38765088
38765089
38765090
38765091
38765092
38765093
38765094
38765095
38765096
38765097
38765098
38765099
38765100
38765101
38765102
38765103
38765104
38765105
38765106
38765107
38765108
38765109
38765110
38765111
38765112
38765113
38765114
38765116
38765117
38765118
38765119
38765120
38765121
38765122
38765123
38765125
38765126
38765128
38765129
38765130
38765131
38765132
38765133
38765134
38765135
38765136
38765137
38765138
38765139
38765140
38765141
38765142
38765143
38765144
38765145
38765146
38765147
38765148
38765149
38765150
38765151
38765152
38765153
38765154
38765155
38765156
38765157
38765158
38765159
38765160
38765161
38765162
38765163
38765164
38765165
38765166
38765167
38765168
38765169
38765170
38765171
38765172
38765173
38765174
38765175
38765176
38765177
38765178
38765179
38765180
38765181
38765182
38765184
38765185
38765186
38765187
38765188
38765189
38765190
38765191
38765192
38765193
38765194
38765195
38765196
38765197
38765198
38765200
38765201
38765202
38765203
38765204
38765205
38765206
38765207
38765208
38765209
38765210
38765211
38765212
38765213
38765214
38765215
38765216
38765217
38765218
38765219
38765220
38765221
38765222
38765224
38765225
38765226
38765227
38765228
38765229
38765230
38765231
38765232
38765233
38765234
38765235
38765236
38765238
38765239
38765240
38765241
38765242
38765243
38765244
38765245
38765246
38765248
38765249
38765250
38765251
38765252
38765253
38765255
38765257
38765258
38765259
38765261
38765262
38765264
38765265
38765266
38765267
38765268
38765269
38765270
38765271
38765272
38765273
38765274
38765276
38765277
38765278
38765280
38765281
38765283
38765285
38765286
38765287
38765288
38765289
38765290
38765291
38765292
38765294
38765295
38765296
38765298
38765300
38765301
38765302
38765303
38765304
38765306
38765307
38765308
38765309
38765310
38765312
38765313
38765314
38765315
38765316
38765318
38765319
38765320
38765321
38765322
38765324
38765325
38765326
38765327
38765328
38765329
38765330
38765331
38765332
38765333
38765335
38765336
38765337
38765338
38765340
38765341
38765342
38765343
38765344
38765345
38765346
38765347
38765348
38765350
38765351
38765353
38765354
38765355
38765356
38765357
38765358
38765359
38765360
38765361
38765362
38765363
38765364
38765365
38765366
38765367
38765368
38765369
38765370
38765372
38765373
38765375
38765376
38765377
38765378
38765379
38765380
38765382
38765383
38765384
38765385
38765386
38765387
38765388
38765389
38765390
38765391
38765392
38765393
38765394
38765395
38765397
38765398
38765400
38765401
38765402
38765404
38765405
38765406
38765407
38765408
38765409
38765410
38765411
38765412
38765413
38765414
38765415
38765416
38765417
38765418
38765419
38765420
38765421
38765422
38765423
38765426
38765427
38765428
38765429
38765431
38765432
38765435
38765436
38765437
38765438
38765439
38765440
38765441
38765444
38765445
38765446
38765447
38765448
38765449
38765450
38765452
38765453
38765454
38765455
38765457
38765458
38765459
38765460
38765461
38765462
38765464
38765466
38765467
38765468
38765469
38765470
38765471
38765472
38765473
38765474
38765475
38765476
38765477
38765478
38765479
38765481
38765482
38765483
38765485
38765486
38765487
38765488
38765489
38765490
38765491
38765493
38765494
38765495
38765496
38765497
38765498
38765499
38765500
38765501
38765502
38765503
38765504
38765505
38765506
38765507
38765509
38765510
38765511
38765512
38765513
38765514
38765515
38765516
38765518
38765520
38765521
38765522
38765523
38765525
38765526
38765527
38765529
38765530
38765531
38765532
38765533
38765535
38765536
38765537
38765538
38765539
38765540
38765542
38765544
38765545
38765546
38765547
38765548
38765549
38765550
38765551
38765554
38765555
38765556
38765557
38765558
38765559
38765560
38765561
38765562
38765563
38765564
38765565
38765566
38765567
38765568
38765569
38765570
38765571
38765572
38765573
38765574
38765576
38765577
38765578
38765579
38765580
38765581
38765582
38765583
38765585
38765586
38765588
38765589
38765590
38765592
38765593
38765594
38765595
38765596
38765597
38765598
38765599
38765600
38765601
38765602
38765603
38765604
38765605
38765606
38765607
38765608
38765609
38765610
38765611
38765612
38765613
38765614
38765615
38765616
38765617
38765618
38765620
38765622
38765623
38765624
38765625
38765626
38765627
38765628
38765629
38765631
38765632
38765633
38765634
38765636
38765637
38765638
38765639
38765640
38765641
38765642
38765643
38765644
38765645
38765646
38765647
38765648
38765649
38765651
38765652
38765653
38765654
38765655
38765656
38765657
38765658
38765659
38765660
38765661
38765662
38765664
38765665
38765666
38765667
38765668
38765669
38765670
38765671
38765672
38765673
38765675
38765676
38765677
38765678
38765679
38765680
38765681
38765682
38765683
38765684
38765685
38765686
38765687
38765688
38765689
38765690
38765691
38765692
38765693
38765694
38765695
38765696
38765697
38765698
38765700
38765701
38765702
38765703
38765704
38765705
38765706
38765707
38765708
38765709
38765711
38765712
38765713
38765714
38765716
38765718
38765719
38765720
38765721
38765723
38765724
38765725
38765727
38765728
38765729
38765730
38765731
38765732
38765733
38765734
38765735
38765736
38765738
38765739
38765740
38765741
38765742
38765743
38765744
38765745
38765746
38765747
38765748
38765749
38765750
38765751
38765752
38765753
38765755
38765758
38765759
38765760
38765761
38765762
38765763
38765764
38765765
38765766
38765767
38765768
38765769
38765770
38765771
38765772
38765773
38765774
38765775
38765776
38765777
38765778
38765779
38765780
38765781
38765782
38765783
38765784
38765785
38765786
38765787
38765788
38765789
38765790
38765791
38765792
38765793
38765794
38765795
38765796
38765797
38765799
38765800
38765801
38765802
38765804
38765805
38765806
38765807
38765808
38765809
38765810
38765811
38765812
38765813
38765814
38765815
38765816
38765817
38765818
38765819
38765820
38765821
38765822
38765824
38765825
38765826
38765827
38765828
38765829
38765830
38765832
38765833
38765834
38765836
38765837
38765838
38765839
38765840
38765841
38765842
38765843
38765844
38765845
38765846
38765847
38765848
38765849
38765850
38765851
38765852
38765854
38765855
38765856
38765857
38765861
38765862
38765863
38765864
38765865
38765866
38765867
38765868
38765869
38765870
38765871
38765872
38765873
38765874
38765875
38765876
38765877
38765879
38765880
38765881
38765884
38765885
38765886
38765887
38765888
38765889
38765890
38765891
38765893
38765894
38765895
38765896
38765897
38765898
38765899
38765900
38765902
38765903
38765904
38765906
38765907
38765908
38765910
38765911
38765912
38765913
38765914
38765915
38765916
38765917
38765918
38765919
38765920
38765922
38765923
38765924
38765925
38765927
38765928
38765929
38765930
38765931
38765932
38765933
38765934
38765935
38765936
38765937
38765940
38765941
38765942
38765943
38765944
38765945
38765946
38765947
38765948
38765949
38765950
38765952
38765953
38765954
38765955
38765956
38765958
38765959
38765960
38765961
38765962
38765963
38765964
38765965
38765966
38765967
38765968
38765969
38765970
38765971
38765972
38765973
38765974
38765975
38765976
38765977
38765978
38765979
38765980
38765981
38765982
38765983
38765984
38765985
38765986
38765987
38765988
38765990
38765991
38765992
38765993
38765994
38765995
38765996
38765997
38765998
38766000
38766001
38766002
38766003
38766004
38766005
38766006
38766007
38766009
38766010
38766011
38766012
38766013
38766014
38766016
38766017
38766018
38766019
38766020
38766021
38766022
38766023
38766025
38766026
38766027
38766028
38766029
38766030
38766032
38766033
38766034
38766035
38766036
38766037
38766039
38766040
38766041
38766042
38766043
38766044
38766045
38766046
38766047
38766049
38766050
38766051
38766052
38766053
38766054
38766055
38766056
38766059
38766060
38766063
38766064
38766065
38766066
38766067
38766069
38766070
38766071
38766072
38766073
38766074
38766075
38766076
38766077
38766078
38766079
38766080
38766081
38766082
38766083
38766084
38766085
38766086
38766087
38766088
38766089
38766090
38766091
38766092
38766093
38766094
38766095
38766096
38766097
38766098
38766099
38766100
38766101
38766102
38766103
38766104
38766106
38766108
38766109
38766110
38766111
38766112
38766113
38766115
38766116
38766117
38766118
38766119
38766120
38766121
38766122
38766123
38766124
38766125
38766126
38766127
38766128
38766129
38766130
38766131
38766132
38766133
38766135
38766137
38766138
38766139
38766140
38766141
38766142
38766143
38766144
38766146
38766147
38766148
38766149
38766150
38766151
38766152
38766153
38766156
38766157
38766158
38766159
38766160
38766161
38766162
38766163
38766164
38766165
38766166
38766167
38766168
38766169
38766170
38766171
38766172
38766173
38766175
38766176
38766177
38766178
38766179
38766180
38766181
38766182
38766183
38766184
38766185
38766186
38766187
38766188
38766189
38766190
38766191
38766192
38766193
38766194
38766195
38766196
38766197
38766199
38766200
38766201
38766202
38766203
38766204
38766205
38766206
38766207
38766208
38766209
38766210
38766211
38766212
38766215
38766216
38766217
38766218
38766219
38766220
38766221
38766222
38766223
38766224
38766225
38766226
38766227
38766228
38766229
38766230
38766231
38766232
38766233
38766234
38766235
38766236
38766237
38766238
38766239
38766240
38766241
38766242
38766243
38766244
38766245
38766246
38766247
38766248
38766249
38766250
38766251
38766252
38766253
38766254
38766255
38766256
38766257
38766258
38766259
38766261
38766262
38766263
38766264
38766265
38766266
38766267
38766268
38766269
38766270
38766272
38766273
38766274
38766275
38766276
38766277
38766280
38766281
38766282
38766283
38766284
38766285
38766286
38766287
38766288
38766289
38766290
38766291
38766292
38766293
38766294
38766295
38766297
38766298
38766299
38766300
38766301
38766302
38766303
38766304
38766305
38766307
38766308
38766310
38766311
38766313
38766314
38766315
38766316
38766317
38766318
38766319
38766320
38766321
38766322
38766323
38766324
38766326
38766327
38766328
38766329
38766331
38766332
38766333
38766334
38766335
38766336
38766337
38766338
38766340
38766341
38766342
38766343
38766344
38766345
38766346
38766347
38766348
38766349
38766350
38766351
38766352
38766353
38766354
38766355
38766356
38766357
38766358
38766359
38766360
38766361
38766362
38766363
38766364
38766365
38766366
38766368
38766369
38766370
38766371
38766372
38766373
38766374
38766375
38766376
38766377
38766378
38766379
38766380
38766381
38766382
38766383
38766384
38766385
38766387
38766388
38766389
38766390
38766391
38766393
38766394
38766395
38766396
38766398
38766399
38766400
38766401
38766402
38766403
38766404
38766405
38766406
38766407
38766409
38766410
38766411
38766412
38766413
38766415
38766416
38766417
38766420
38766421
38766422
38766423
38766424
38766425
38766426
38766427
38766429
38766430
38766432
38766433
38766434
38766435
38766436
38766437
38766440
38766441
38766444
38766445
38766447
38766449
38766450
38766452
38766453
38766454
38766455
38766456
38766457
38766458
38766459
38766460
38766461
38766462
38766463
38766464
38766465
38766466
38766467
38766468
38766469
38766471
38766472
38766473
38766475
38766476
38766477
38766478
38766479
38766481
38766482
38766483
38766486
38766487
38766488
38766489
38766490
38766491
38766492
38766493
38766494
38766495
38766497
38766499
38766500
38766501
38766502
38766503
38766504
38766505
38766506
38766507
38766508
38766509
38766510
38766511
38766512
38766513
38766514
38766515
38766516
38766517
38766518
38766519
38766521
38766522
38766523
38766524
38766525
38766526
38766527
38766528
38766529
38766530
38766531
38766532
38766533
38766534
38766535
38766536
38766538
38766539
38766540
38766541
38766542
38766543
38766544
38766545
38766546
38766547
38766548
38766551
38766552
38766553
38766554
38766555
38766556
38766557
38766559
38766560
38766561
38766562
38766563
38766564
38766565
38766566
38766567
38766568
38766569
38766570
38766571
38766572
38766573
38766574
38766575
38766577
38766578
38766579
38766580
38766581
38766582
38766583
38766584
38766585
38766586
38766587
38766588
38766589
38766590
38766591
38766592
38766593
38766594
38766595
38766596
38766597
38766598
38766599
38766600
38766601
38766602
38766603
38766604
38766605
38766606
38766607
38766608
38766609
38766610
38766611
38766612
38766613
38766614
38766615
38766616
38766617
38766618
38766619
38766620
38766622
38766623
38766624
38766625
38766627
38766628
38766630
38766631
38766632
38766633
38766634
38766635
38766636
38766637
38766638
38766639
38766640
38766641
38766642
38766643
38766644
38766645
38766646
38766647
38766648
38766649
38766650
38766651
38766652
38766653
38766655
38766656
38766657
38766658
38766659
38766660
38766661
38766662
38766663
38766664
38766665
38766666
38766667
38766669
38766670
38766671
38766672
38766673
38766674
38766675
38766676
38766679
38766680
38766681
38766682
38766683
38766684
38766685
38766686
38766688
38766689
38766692
38766693
38766694
38766695
38766696
38766697
38766698
38766700
38766701
38766702
38766703
38766704
38766705
38766706
38766707
38766708
38766709
38766710
38766711
38766712
38766713
38766714
38766716
38766717
38766718
38766719
38766720
38766721
38766722
38766723
38766724
38766725
38766726
38766727
38766728
38766729
38766730
38766731
38766732
38766733
38766734
38766736
38766738
38766739
38766740
38766741
38766742
38766743
38766744
38766745
38766746
38766747
38766748
38766749
38766750
38766751
38766752
38766754
38766755
38766756
38766757
38766758
38766760
38766761
38766762
38766763
38766764
38766765
38766766
38766767
38766768
38766771
38766772
38766773
38766774
38766775
38766777
38766778
38766779
38766780
38766781
38766782
38766783
38766784
38766785
38766786
38766787
38766788
38766789
38766790
38766792
38766793
38766794
38766795
38766796
38766797
38766798
38766799
38766800
38766801
38766802
38766803
38766804
38766805
38766806
38766807
38766808
38766809
38766810
38766812
38766813
38766814
38766815
38766816
38766817
38766818
38766819
38766820
38766821
38766822
38766823
38766824
38766825
38766827
38766828
38766830
38766831
38766832
38766833
38766834
38766835
38766837
38766838
38766839
38766840
38766841
38766842
38766843
38766844
38766845
38766846
38766847
38766848
38766849
38766850
38766851
38766853
38766854
38766855
38766856
38766857
38766858
38766859
38766860
38766861
38766862
38766863
38766864
38766865
38766866
38766867
38766868
38766869
38766870
38766871
38766872
38766873
38766874
38766875
38766876
38766877
38766878
38766879
38766880
38766881
38766883
38766884
38766885
38766886
38766887
38766888
38766889
38766890
38766891
38766892
38766894
38766895
38766896
38766897
38766898
38766900
38766902
38766903
38766904
38766905
38766906
38766907
38766908
38766909
38766910
38766911
38766912
38766913
38766914
38766915
38766916
38766918
38766919
38766920
38766922
38766923
38766924
38766925
38766926
38766927
38766928
38766929
38766930
38766932
38766933
38766934
38766935
38766936
38766937
38766938
38766939
38766940
38766941
38766942
38766943
38766945
38766946
38766947
38766948
38766949
38766950
38766952
38766953
38766954
38766957
38766958
38766959
38766960
38766961
38766963
38766965
38766966
38766969
38766970
38766972
38766974
38766975
38766978
38766979
38766982
38766984
38766985
38766986
38766987
38766988
38766989
38766990
38766991
38766992
38766993
38766994
38766996
38766998
38766999
38767000
38767002
38767003
38767004
38767005
38767006
38767007
38767008
38767009
38767010
38767011
38767012
38767013
38767014
38767015
38767017
38767018
38767019
38767020
38767021
38767022
38767023
38767024
38767025
38767026
38767027
38767028
38767029
38767030
38767031
38767033
38767034
38767035
38767036
38767037
38767038
38767039
38767040
38767042
38767043
38767046
38767047
38767048
38767049
38767050
38767052
38767053
38767054
38767055
38767056
38767057
38767058
38767059
38767060
38767061
38767062
38767064
38767065
38767066
38767067
38767068
38767069
38767070
38767071
38767072
38767073
38767074
38767075
38767076
38767077
38767078
38767079
38767080
38767081
38767082
38767083
38767086
38767087
38767088
38767089
38767090
38767091
38767092
38767093
38767094
38767095
38767097
38767098
38767099
38767100
38767101
38767102
38767104
38767106
38767107
38767108
38767109
38767110
38767111
38767112
38767113
38767114
38767115
38767116
38767117
38767118
38767119
38767121
38767122
38767123
38767124
38767125
38767126
38767127
38767128
38767131
38767132
38767133
38767134
38767136
38767137
38767138
38767139
38767140
38767142
38767143
38767144
38767145
38767147
38767148
38767150
38767151
38767152
38767153
38767154
38767156
38767157
38767159
38767160
38767162
38767163
38767164
38767166
38767167
38767168
38767169
38767172
38767173
38767174
38767175
38767176
38767177
38767178
38767180
38767181
38767182
38767183
38767184
38767185
38767186
38767187
38767188
38767189
38767190
38767191
38767192
38767193
38767194
38767195
38767196
38767197
38767198
38767199
38767200
38767201
38767202
38767203
38767204
38767205
38767206
38767207
38767208
38767209
38767211
38767212
38767213
38767214
38767215
38767216
38767217
38767218
38767219
38767220
38767221
38767222
38767223
38767225
38767226
38767227
38767228
38767229
38767230
38767231
38767232
38767233
38767234
38767235
38767236
38767237
38767238
38767240
38767241
38767242
38767244
38767247
38767248
38767250
38767251
38767252
38767254
38767255
38767256
38767257
38767259
38767260
38767261
38767262
38767263
38767265
38767266
38767267
38767268
38767269
38767270
38767272
38767274
38767275
38767276
38767277
38767278
38767279
38767280
38767281
38767282
38767283
38767284
38767285
38767286
38767287
38767289
38767290
38767291
38767294
38767295
38767296
38767299
38767301
38767302
38767303
38767304
38767305
38767307
38767308
38767310
38767311
38767313
38767314
38767315
38767317
38767318
38767319
38767320
38767321
38767322
38767323
38767324
38767325
38767326
38767327
38767328
38767329
38767330
38767331
38767332
38767333
38767334
38767335
38767336
38767337
38767338
38767340
38767341
38767342
38767343
38767344
38767345
38767346
38767347
38767349
38767350
38767351
38767352
38767353
38767354
38767355
38767357
38767358
38767359
38767360
38767361
38767362
38767363
38767365
38767367
38767368
38767369
38767371
38767372
38767373
38767374
38767375
38767376
38767378
38767379
38767381
38767382
38767383
38767384
38767385
38767386
38767388
38767389
38767390
38767391
38767392
38767393
38767394
38767395
38767396
38767397
38767399
38767400
38767401
38767402
38767403
38767404
38767405
38767406
38767407
38767408
38767409
38767411
38767412
38767413
38767414
38767415
38767416
38767417
38767419
38767420
38767421
38767422
38767423
38767424
38767427
38767428
38767429
38767430
38767431
38767434
38767436
38767437
38767438
38767440
38767441
38767442
38767443
38767444
38767445
38767446
38767447
38767449
38767450
38767451
38767452
38767453
38767454
38767455
38767456
38767457
38767458
38767459
38767460
38767461
38767462
38767463
38767464
38767465
38767466
38767467
38767468
38767469
38767470
38767471
38767472
38767473
38767475
38767476
38767477
38767478
38767479
38767480
38767481
38767483
38767484
38767485
38767486
38767488
38767489
38767490
38767492
38767493
38767494
38767495
38767496
38767497
38767499
38767500
38767501
38767502
38767503
38767504
38767506
38767507
38767508
38767509
38767510
38767511
38767512
38767513
38767514
38767515
38767516
38767517
38767518
38767519
38767520
38767521
38767522
38767523
38767524
38767525
38767526
38767527
38767528
38767529
38767530
38767531
38767532
38767533
38767534
38767535
38767536
38767537
38767538
38767539
38767540
38767542
38767543
38767544
38767545
38767546
38767547
38767548
38767549
38767550
38767551
38767552
38767553
38767554
38767555
38767556
38767557
38767559
38767560
38767561
38767562
38767563
38767564
38767565
38767566
38767567
38767568
38767569
38767570
38767571
38767573
38767574
38767575
38767576
38767577
38767578
38767579
38767580
38767581
38767582
38767583
38767584
38767585
38767586
38767588
38767589
38767590
38767591
38767592
38767593
38767594
38767595
38767596
38767598
38767599
38767600
38767601
38767602
38767603
38767605
38767606
38767607
38767608
38767609
38767610
38767611
38767612
38767613
38767614
38767616
38767617
38767618
38767620
38767621
38767622
38767623
38767625
38767626
38767627
38767628
38767629
38767630
38767631
38767632
38767633
38767634
38767635
38767636
38767637
38767639
38767640
38767641
38767642
38767643
38767644
38767645
38767646
38767647
38767648
38767650
38767651
38767652
38767653
38767654
38767655
38767656
38767657
38767658
38767659
38767660
38767661
38767664
38767665
38767666
38767667
38767668
38767669
38767670
38767672
38767674
38767675
38767676
38767677
38767678
38767679
38767680
38767681
38767683
38767685
38767686
38767687
38767688
38767690
38767691
38767692
38767694
38767695
38767696
38767697
38767698
38767699
38767700
38767701
38767702
38767703
38767704
38767706
38767707
38767708
38767709
38767710
38767711
38767713
38767714
38767715
38767716
38767717
38767718
38767719
38767720
38767721
38767723
38767724
38767725
38767726
38767727
38767729
38767730
38767731
38767732
38767733
38767734
38767735
38767736
38767737
38767738
38767739
38767740
38767741
38767742
38767743
38767744
38767745
38767746
38767747
38767748
38767749
38767750
38767751
38767752
38767753
38767754
38767755
38767756
38767757
38767758
38767759
38767760
38767761
38767762
38767763
38767764
38767765
38767766
38767767
38767768
38767771
38767772
38767773
38767774
38767775
38767776
38767777
38767779
38767780
38767782
38767783
38767784
38767785
38767786
38767787
38767788
38767789
38767790
38767791
38767792
38767793
38767794
38767795
38767796
38767797
38767798
38767799
38767800
38767801
38767802
38767803
38767804
38767805
38767807
38767808
38767810
38767811
38767812
38767813
38767814
38767817
38767818
38767819
38767821
38767822
38767823
38767824
38767825
38767826
38767827
38767828
38767829
38767830
38767831
38767832
38767833
38767834
38767836
38767837
38767839
38767840
38767841
38767842
38767843
38767844
38767845
38767846
38767847
38767848
38767849
38767850
38767852
38767854
38767855
38767856
38767860
38767861
38767863
38767864
38767865
38767866
38767868
38767871
38767872
38767873
38767874
38767875
38767876
38767877
38767879
38767880
38767882
38767883
38767885
38767886
38767887
38767888
38767889
38767890
38767892
38767893
38767894
38767896
38767897
38767899
38767900
38767901
38767902
38767903
38767904
38767905
38767907
38767909
38767910
38767911
38767912
38767913
38767915
38767916
38767917
38767918
38767919
38767920
38767922
38767923
38767924
38767925
38767926
38767928
38767929
38767931
38767932
38767934
38767935
38767936
38767937
38767938
38767939
38767940
38767941
38767944
38767946
38767947
38767948
38767949
38767950
38767951
38767952
38767954
38767955
38767956
38767958
38767960
38767961
38767962
38767963
38767965
38767966
38767967
38767968
38767970
38767972
38767975
38767976
38767977
38767978
38767980
38767981
38767982
38767984
38767986
38767988
38767989
38767990
38767992
38767994
38767995
38767996
38767997
38767998
38767999
38768000
38768001
38768003
38768004
38768005
38768006
38768007
38768009
38768010
38768011
38768012
38768013
38768014
38768016
38768017
38768018
38768021
38768022
38768023
38768024
38768025
38768026
38768027
38768028
38768030
38768031
38768033
38768034
38768035
38768036
38768037
38768038
38768039
38768040
38768041
38768042
38768043
38768044
38768045
38768046
38768047
38768048
38768049
38768050
38768051
38768053
38768054
38768056
38768057
38768058
38768059
38768060
38768061
38768063
38768065
38768066
38768067
38768068
38768070
38768071
38768072
38768073
38768076
38768077
38768078
38768079
38768080
38768081
38768082
38768083
38768085
38768086
38768087
38768089
38768090
38768091
38768092
38768093
38768094
38768096
38768097
38768098
38768099
38768100
38768102
38768104
38768105
38768106
38768107
38768108
38768109
38768110
38768111
38768112
38768113
38768114
38768116
38768117
38768118
38768119
38768120
38768121
38768122
38768123
38768124
38768125
38768126
38768127
38768128
38768129
38768130
38768131
38768132
38768134
38768135
38768136
38768137
38768139
38768140
38768141
38768142
38768143
38768144
38768145
38768147
38768148
38768149
38768150
38768151
38768152
38768153
38768154
38768155
38768156
38768157
38768158
38768159
38768160
38768161
38768162
38768163
38768164
38768165
38768166
38768167
38768168
38768169
38768170
38768171
38768172
38768173
38768174
38768175
38768176
38768177
38768178
38768179
38768180
38768181
38768182
38768183
38768184
38768185
38768186
38768187
38768188
38768189
38768190
38768192
38768193
38768194
38768195
38768196
38768197
38768198
38768199
38768200
38768201
38768202
38768203
38768206
38768207
38768209
38768210
38768211
38768212
38768213
38768215
38768225
38768231
38768233
38768238
38768239
38768241
38768243
38768246
38768248
38768250
38768253
38768256
38768257
38768259
38768261
38768263
38768269
38768270
38768271
38768272
38768273
38768274
38768278
38768280
38768281
38768282
38768284
38768285
38768286
38768287
38768288
38768290
38768292
38768294
38768296
38768297
38768298
38768299
38768301
38768302
38768303
38768304
38768305
38768307
38768310
38768312
38768313
38768316
38768317
38768319
38768320
38768321
38768323
38768328
38768334
38768337
38768339
38768340
38768343
38768346
38768348
38768350
38768351
38768352
38768357
38768359
38768363
38768369
38768375
38768381
38768383
38768384
38768385
38768395
38768402
38768404
38768425
38768436
38768438
38768439
38768441
38768449
38768455
38768456
38768463
38768465
38768468
38768471
38768473
38768476
38768477
38768478
38768479
38768482
38768489
38768491
38768496
38768497
38768498
38768499
38768502
38768504
38768505
38768507
38768508
38768512
38768513
38768516
38768517
38768518
38768519
38768527
38768532
38768534
38768545
38768549
38768550
38768551
38768552
38768553
38768556
38768558
38768559
38768564
38768568
38768572
38768573
38768574
38768576
38768577
38768578
38768586
38768589
38768590
38768599
38768600
38768601
38768602
38768603
38768605
38768612
38768614
38768615
38768617
38768620
38768626
38768628
38768629
38768634
38768643
38768645
38768651
38768652
38768654
38768656
38768670
38768671
38768672
38768673
38768674
38768693
38768695
38768700
38768705
38768712
38768713
38768718
38768731
38768740
38768745
38768747
38768752
38768756
38768759
38768762
38768763
38768778
38768782
38768786
38768791
38768794
38768795
38768797
38768800
38768802
38768807
38768808
38768809
38768810
38768811
38768813
38768816
38768819
38768820
38768829
38768832
38768839
38768840
38768841
38768842
38768844
38768845
38768847
38768856
38768858
38768859
38768860
38768862
38768864
38768872
38768873
38768876
38768879
38768882
38768883
38768885
38768889
38768894
38768896
38768910
38768914
38768917
38768918
38768921
38768927
38768936
38768940
38768942
38768943
38768946
38768948
38768950
38768954
38768955
38768956
38768958
38768962
38768965
38768966
38768967
38768968
38768970
38768971
38768973
38768975
38768977
38768978
38768979
38768981
38768985
38768988
38768989
38768990
38768993
38768994
38768995
38768996
38768997
38768998
38769002
38769003
38769004
38769010
38769011
38769016
38769021
38769024
38769032
38769034
38769040
38769043
38769046
38769050
38769051
38769059
38769060
38769065
38769066
38769067
38769068
38769069
38769070
38769074
38769077
38769078
38769079
38769081
38769082
38769088
38769089
38769090
38769091
38769093
38769103
38769110
38769111
38769112
38769113
38769115
38769117
38769126
38769127
38769129
38769132
38769133
38769135
38769137
38769141
38769143
38769147
38769153
38769159
38769160
38769161
38769165
38769168
38769169
38769170
38769173
38769177
38769183
38769186
38769188
38769193
38769195
38769197
38769201
38769203
38769206
38769210
38769211
38769213
38769216
38769217
38769222
38769224
38769225
38769227
38769228
38769229
38769236
38769238
38769239
38769240
38769244
38769245
38769246
38769247
38769248
38769249
38769250
38769251
38769252
38769253
38769254
38769256
38769257
38769258
38769259
38769260
38769261
38769262
38769264
38769265
38769266
38769267
38769268
38769269
38769270
38769271
38769272
38769274
38769275
38769277
38769278
38769279
38769280
38769281
38769282
38769283
38769284
38769285
38769286
38769287
38769289
38769290
38769292
38769294
38769295
38769297
38769298
38769299
38769300
38769301
38769302
38769303
38769304
38769305
38769306
38769307
38769308
38769309
38769310
38769311
38769312
38769313
38769314
38769316
38769317
38769318
38769320
38769321
38769322
38769323
38769324
38769325
38769326
38769327
38769328
38769329
38769331
38769332
38769333
38769334
38769335
38769336
38769338
38769339
38769340
38769341
38769343
38769344
38769347
38769348
38769349
38769350
38769351
38769353
38769354
38769356
38769357
38769359
38769360
38769361
38769362
38769363
38769365
38769366
38769367
38769368
38769370
38769371
38769373
38769374
38769375
38769376
38769377
38769378
38769379
38769380
38769381
38769382
38769383
38769385
38769387
38769388
38769389
38769390
38769391
38769393
38769395
38769396
38769397
38769398
38769399
38769400
38769401
38769402
38769404
38769405
38769406
38769407
38769409
38769410
38769411
38769413
38769414
38769415
38769416
38769418
38769419
38769420
38769421
38769422
38769423
38769424
38769425
38769426
38769428
38769429
38769430
38769432
38769433
38769434
38769435
38769436
38769438
38769439
38769440
38769441
38769443
38769444
38769445
38769446
38769447
38769448
38769449
38769450
38769451
38769452
38769453
38769454
38769455
38769456
38769457
38769458
38769460
38769461
38769462
38769463
38769464
38769465
38769467
38769468
38769470
38769471
38769472
38769473
38769474
38769475
38769476
38769477
38769478
38769479
38769480
38769481
38769482
38769484
38769485
38769486
38769487
38769488
38769489
38769490
38769493
38769494
38769495
38769496
38769497
38769498
38769499
38769500
38769501
38769502
38769503
38769504
38769505
38769506
38769508
38769509
38769511
38769513
38769514
38769515
38769516
38769517
38769518
38769519
38769520
38769521
38769522
38769523
38769524
38769526
38769528
38769529
38769530
38769531
38769532
38769533
38769534
38769535
38769536
38769537
38769538
38769539
38769540
38769541
38769542
38769543
38769544
38769545
38769546
38769547
38769548
38769549
38769551
38769552
38769553
38769554
38769555
38769556
38769557
38769558
38769559
38769560
38769561
38769562
38769563
38769564
38769565
38769566
38769568
38769569
38769570
38769572
38769574
38769575
38769577
38769578
38769579
38769580
38769581
38769582
38769583
38769584
38769585
38769587
38769588
38769589
38769590
38769591
38769592
38769593
38769595
38769596
38769597
38769598
38769599
38769600
38769602
38769603
38769606
38769607
38769609
38769610
38769611
38769612
38769613
38769614
38769615
38769616
38769617
38769618
38769619
38769620
38769621
38769623
38769624
38769625
38769626
38769627
38769628
38769629
38769630
38769631
38769632
38769633
38769634
38769635
38769636
38769637
38769639
38769640
38769641
38769642
38769643
38769645
38769647
38769648
38769649
38769650
38769651
38769652
38769653
38769654
38769655
38769656
38769657
38769658
38769660
38769661
38769662
38769663
38769664
38769665
38769667
38769668
38769670
38769671
38769672
38769673
38769674
38769676
38769678
38769679
38769680
38769681
38769682
38769683
38769684
38769685
38769687
38769688
38769690
38769691
38769693
38769694
38769696
38769697
38769698
38769700
38769702
38769704
38769705
38769706
38769708
38769709
38769711
38769713
38769714
38769715
38769716
38769717
38769718
38769719
38769720
38769721
38769722
38769723
38769724
38769725
38769726
38769727
38769728
38769730
38769731
38769732
38769735
38769736
38769737
38769738
38769739
38769740
38769741
38769742
38769743
38769744
38769746
38769748
38769749
38769750
38769751
38769753
38769755
38769756
38769757
38769758
38769759
38769760
38769761
38769762
38769763
38769765
38769766
38769768
38769769
38769770
38769771
38769772
38769773
38769774
38769775
38769776
38769777
38769778
38769780
38769781
38769782
38769783
38769785
38769786
38769787
38769790
38769792
38769794
38769795
38769797
38769798
38769799
38769800
38769804
38769805
38769806
38769807
38769808
38769809
38769810
38769811
38769812
38769813
38769814
38769816
38769817
38769818
38769819
38769821
38769822
38769823
38769824
38769825
38769827
38769828
38769830
38769832
38769833
38769834
38769838
38769839
38769840
38769841
38769842
38769844
38769845
38769846
38769847
38769848
38769850
38769851
38769853
38769854
38769855
38769856
38769857
38769858
38769859
38769860
38769861
38769862
38769864
38769865
38769868
38769870
38769871
38769872
38769873
38769875
38769878
38769879
38769880
38769881
38769882
38769883
38769884
38769885
38769886
38769887
38769890
38769892
38769894
38769895
38769896
38769898
38769899
38769900
38769902
38769903
38769904
38769906
38769907
38769908
38769909
38769910
38769913
38769915
38769917
38769918
38769919
38769920
38769921
38769922
38769924
38769925
38769926
38769927
38769928
38769929
38769931
38769932
38769934
38769936
38769938
38769939
38769940
38769942
38769943
38769944
38769945
38769946
38769947
38769948
38769949
38769951
38769952
38769954
38769956
38769957
38769959
38769962
38769963
38769964
38769965
38769966
38769967
38769968
38769969
38769970
38769971
38769972
38769973
38769975
38769976
38769977
38769978
38769979
38769980
38769981
38769982
38769984
38769986
38769987
38769988
38769989
38769990
38769991
38769992
38769993
38769994
38769995
38769996
38769998
38769999
38770000
38770001
38770002
38770003
38770005
38770006
38770007
38770008
38770010
38770011
38770012
38770013
38770015
38770016
38770017
38770019
38770020
38770021
38770022
38770023
38770025
38770026
38770027
38770029
38770030
38770031
38770032
38770033
38770034
38770035
38770036
38770037
38770038
38770040
38770041
38770042
38770043
38770044
38770045
38770047
38770048
38770049
38770051
38770052
38770053
38770054
38770055
38770056
38770057
38770058
38770059
38770060
38770061
38770062
38770063
38770064
38770065
38770066
38770068
38770069
38770070
38770071
38770073
38770074
38770075
38770076
38770077
38770078
38770079
38770080
38770081
38770082
38770083
38770085
38770087
38770088
38770089
38770090
38770091
38770092
38770093
38770095
38770096
38770097
38770098
38770099
38770100
38770101
38770102
38770103
38770104
38770105
38770106
38770107
38770108
38770110
38770111
38770112
38770113
38770115
38770116
38770117
38770118
38770120
38770121
38770122
38770123
38770124
38770125
38770126
38770127
38770128
38770129
38770130
38770131
38770132
38770133
38770134
38770135
38770137
38770139
38770140
38770141
38770142
38770143
38770144
38770145
38770146
38770147
38770148
38770149
38770150
38770151
38770152
38770153
38770154
38770155
38770156
38770157
38770158
38770159
38770160
38770161
38770162
38770163
38770165
38770166
38770167
38770168
38770169
38770170
38770171
38770172
38770173
38770174
38770175
38770176
38770177
38770179
38770180
38770181
38770182
38770183
38770184
38770185
38770186
38770187
38770188
38770189
38770190
38770191
38770192
38770193
38770194
38770195
38770196
38770197
38770198
38770199
38770200
38770201
38770202
38770203
38770204
38770205
38770206
38770207
38770208
38770209
38770210
38770211
38770212
38770213
38770214
38770215
38770216
38770217
38770220
38770221
38770222
38770223
38770224
38770225
38770226
38770227
38770228
38770229
38770230
38770231
38770232
38770233
38770234
38770236
38770237
38770238
38770239
38770240
38770241
38770242
38770243
38770244
38770245
38770246
38770247
38770248
38770249
38770250
38770252
38770253
38770254
38770255
38770256
38770257
38770258
38770259
38770260
38770261
38770262
38770263
38770264
38770265
38770266
38770267
38770268
38770269
38770270
38770272
38770273
38770274
38770275
38770276
38770277