40729344
40729347
40729349
40729351
40729357
40729360
40729361
40729362
40729366
40729373
40729374
40729376
40729380
40729382
40729386
40729392
40729393
40729394
40729397
40729398
40729405
40729407
40729408
40729409
40729412
40729413
40729415
40729424
40728744
40728745
40728746
40728748
40728750
40728751
40728752
40728753
40728755
40728756
40728757
40728758
40728759
40728761
40728763
40728764
40728768
40728771
40728773
40728774
40728775
40728777
40728780
40728781
40728782
40728786
40728787
40728789
40728790
40728791
40728792
40728794
40728795
40728796
40728797
40728798
40728799
40728801
40728802
40728803
40728804
40728806
40728808
40728809
40728811
40728813
40728814
40728815
40728817
40728818
40728819
40728820
40728822
40728823
40728824
40728826
40728827
40728830
40728831
40728832
40728833
40728834
40728835
40728836
40728837
40728838
40728839
40728840
40728841
40728842
40728843
40728844
40728846
40728848
40728849
40728850
40728851
40728852
40728858
40728859
40728860
40728863
40728864
40728865
40728866
40728867
40728868
40728869
40728870
40728871
40728872
40728875
40728876
40728877
40728878
40728879
40728880
40728882
40728883
40728884
40728888
40728889
40728891
40728892
40728893
40728894
40728896
40728898
40728899
40728902
40728903
40728905
40728906
40728907
40728908
40728909
40728910
40728912
40728913
40728914
40728915
40728917
40728918
40728919
40728920
40728922
40728923
40728924
40728925
40728926
40728927
40728928
40728929
40728931
40728932
40728933
40728935
40728938
40728939
40728940
40728942
40728943
40728944
40728946
40728947
40728948
40728949
40728950
40728951
40728952
40728953
40728955
40728956
40728957
40728959
40728960
40728961
40728962
40728963
40728965
40728966
40728967
40728968
40728969
40728970
40728971
40728973
40728974
40728975
40728978
40728980
40728981
40728982
40728983
40728984
40728985
40728986
40728989
40728990
40728991
40728992
40728993
40728994
40728996
40728997
40728998
40728999
40729000
40729001
40729002
40729003
40729005
40729006
40729008
40729009
40729010
40729011
40729012
40729013
40729015
40729016
40729017
40729018
40729019
40729020
40729021
40729022
40729024
40729025
40729026
40729027
40729028
40729029
40729030
40729031
40729033
40729034
40729035
40729036
40729040
40729042
40729043
40729046
40729048
40729052
40729053
40729056
40729059
40729060
40729062
40729063
40729064
40729065
40729066
40729068
40729069
40729075
40729079
40729080
40729081
40729082
40729084
40729085
40729086
40729090
40729091
40729092
40729097
40729098
40729100
40729104
40729105
40729106
40729107
40729108
40729110
40729111
40729114
40729115
40729116
40729117
40729118
40729119
40729120
40729121
40729123
40729125
40729126
40729129
40729133
40729134
40729135
40729136
40729139
40729141
40729143
40729144
40729145
40729146
40729147
40729148
40729149
40729150
40729153
40729156
40729157
40729160
40729161
40729162
40729163
40729164
40729165
40729166
40729167
40729169
40729170
40729171
40729172
40729173
40729174
40729175
40729176
40729178
40729179
40729180
40729181
40729182
40729185
40729186
40729188
40729189
40729190
40729191
40729192
40729193
40729196
40729197
40729198
40729199
40729201
40729204
40729206
40729207
40729208
40729209
40729210
40729212
40729215
40729216
40729219
40729221
40729222
40729223
40729224
40729225
40729227
40729228
40729229
40729230
40729231
40729232
40729233
40729234
40729235
40729237
40729238
40729239
40729240
40729241
40729244
40729245
40729246
40729247
40729248
40729250
40729251
40729252
40729253
40729254
40729255
40729257
40729258
40729261
40729262
40729263
40729264
40729266
40729267
40729268
40729269
40729270
40729271
40729273
40729275
40729277
40729278
40729280
40729282
40729283
40729284
40729286
40729287
40729288
40729290
40729295
40729298
40729299
40729300
40729301
40729302
40729304
40729305
40729306
40729308
40729311
40729312
40729316
40729317
40729318
40729319
40729320
40729322
40729324
40729326
40729327
40729328
40729329
40729331
40729332
40729333
40729334
40729335
40729336
40729337
40729338
40729345
40729346
40729348
40729350
40729352
40729355
40729356
40729358
40729359
40729363
40729364
40729365
40729367
40729368
40729372
40729375
40729378
40729381
40729383
40729384
40729390
40729391
40729395
40729396
40729399
40729400
40729402
40729403
40729404
40729406
40729411
40729410
40729416
40721354
40721355
40721356
40721357
40721358
40721359
40721360
40721362
40721363
40721364
40721365
40721366
40721367
40721368
40721370
40721371
40721372
40721373
40721374
40721375
40721376
40721377
40721378
40721379
40721380
40721381
40721382
40721383
40721384
40721385
40721386
40721387
40721388
40721389
40721390
40721391
40721392
40721393
40721394
40721395
40721396
40721397
40721398
40721399
40721400
40721402
40721403
40721404
40721406
40721407
40721408
40721409
40721410
40721411
40721413
40721414
40721415
40721416
40721417
40721418
40721419
40721420
40721421
40721423
40721424
40721425
40721426
40721427
40721429
40721430
40721432
40721433
40721434
40721435
40721436
40721437
40721438
40721439
40721440
40721441
40721443
40721444
40721445
40721447
40721448
40721449
40721450
40721451
40721452
40721453
40721454
40721455
40721456
40721457
40721458
40721460
40721462
40721463
40721464
40721465
40721466
40721467
40721468
40721469
40721470
40721471
40721472
40721473
40721474
40721475
40721477
40721478
40721479
40721480
40721481
40721482
40721483
40721484
40721485
40721487
40721489
40721490
40721491
40721492
40721493
40721494
40721495
40721496
40721497
40721498
40721499
40721500
40721501
40721502
40721503
40721504
40721505
40721506
40721507
40721509
40721510
40721517
40721518
40721519
40721520
40721521
40721522
40721523
40721524
40721525
40721526
40721527
40721528
40721529
40721530
40721532
40721533
40721534
40721536
40721537
40721538
40721539
40721540
40721541
40721542
40721543
40721544
40721545
40721546
40721547
40721548
40721549
40721550
40721551
40721552
40721554
40721555
40721556
40721557
40721558
40721559
40721560
40721561
40721562
40721563
40721564
40721565
40721566
40721567
40721568
40721570
40721571
40721572
40721573
40721574
40721575
40721576
40721577
40721578
40721579
40721580
40721581
40721582
40721583
40721584
40721585
40721586
40721587
40721588
40721589
40721590
40721591
40721592
40721593
40721594
40721596
40721597
40721599
40721601
40721602
40721604
40721605
40721606
40721607
40721608
40721609
40721610
40721612
40721613
40721614
40721615
40721616
40721617
40721618
40721619
40721620
40721621
40721622
40721623
40721624
40721625
40721626
40721627
40721628
40721629
40721633
40721634
40721635
40721636
40721637
40721638
40721639
40721641
40721642
40721643
40721644
40721645
40721646
40721648
40721650
40721651
40721653
40721655
40721656
40721658
40721660
40721661
40721662
40721663
40721664
40721665
40721667
40721669
40721670
40721671
40721672
40721673
40721674
40721675
40721676
40721677
40721678
40721679
40721681
40721682
40721683
40721684
40721685
40721686
40721688
40721689
40721690
40721691
40721692
40721693
40721694
40721696
40721697
40721698
40721699
40721700
40721701
40721702
40721703
40721704
40721705
40721706
40721707
40721708
40721709
40721710
40721712
40721713
40721714
40721715
40721716
40721717
40721719
40721720
40721721
40721722
40721723
40721724
40721725
40721726
40721727
40721728
40721729
40721730
40721731
40721732
40721733
40721734
40721735
40721736
40721737
40721738
40721739
40721740
40721741
40721743
40721744
40721746
40721748
40721749
40721750
40721751
40721752
40721754
40721755
40721756
40721758
40721759
40721760
40721761
40721762
40721763
40721764
40721765
40721766
40721767
40721768
40721769
40721770
40721771
40721772
40721773
40721775
40721776
40721777
40721778
40721779
40721780
40721781
40721782
40721783
40721784
40721785
40721786
40721787
40721788
40721789
40721790
40721791
40721792
40721793
40721794
40721796
40721797
40721798
40721799
40721800
40721801
40721803
40721805
40721806
40721807
40721808
40721809
40721810
40721812
40721813
40721814
40721815
40721817
40721818
40721819
40721821
40721822
40721823
40721824
40721825
40721826
40721827
40721828
40721829
40721830
40721831
40721832
40721833
40721834
40721835
40721836
40721837
40721838
40721839
40721840
40721841
40721842
40721843
40721844
40721845
40721846
40721847
40721848
40721849
40721850
40721851
40721852
40721853
40721855
40721856
40721857
40721858
40721859
40721860
40721861
40721862
40721864
40721865
40721866
40721867
40721868
40721869
40721870
40721871
40721872
40721873
40721874
40721875
40721876
40721877
40721878
40721880
40721881
40721883
40721884
40721886
40721887
40721888
40721889
40721890
40721891
40721892
40721893
40721894
40721895
40721896
40721897
40721898
40721899
40721900
40721901
40721902
40721903
40721905
40721906
40721907
40721908
40721909
40721911
40721912
40721913
40721914
40721916
40721917
40721918
40721919
40721920
40721921
40721922
40721923
40721924
40721925
40721926
40721927
40721928
40721929
40721930
40721931
40721932
40721934
40721935
40721936
40721937
40721938
40721939
40721940
40721941
40721942
40721943
40721944
40721945
40721946
40721947
40721948
40721949
40721950
40721951
40721952
40721953
40721954
40721955
40721956
40721957
40721958
40721959
40721960
40721961
40721962
40721963
40721964
40721965
40721966
40721968
40721969
40721970
40721971
40721972
40721974
40721975
40721976
40721977
40721978
40721979
40721981
40721982
40721983
40721984
40721986
40721987
40721988
40721989
40721990
40721991
40721992
40721994
40721996
40721999
40722000
40722002
40722003
40722004
40722005
40722008
40722009
40722010
40722012
40722013
40722014
40722015
40722016
40722017
40722018
40722019
40722020
40722021
40722022
40722023
40722024
40722025
40722026
40722027
40722028
40722029
40722030
40722031
40722032
40722033
40722034
40722035
40722037
40722038
40722039
40722040
40722041
40722042
40722043
40722044
40722045
40722046
40722047
40722048
40722049
40722050
40722051
40722052
40722053
40722054
40722055
40722056
40722057
40722058
40722059
40722060
40722061
40722062
40722063
40722064
40722066
40722067
40722068
40722069
40722070
40722071
40722072
40722073
40722074
40722075
40722076
40722077
40722078
40722079
40722080
40722081
40722082
40722083
40722084
40722085
40722086
40722088
40722089
40722090
40722091
40722092
40722093
40722094
40722095
40722096
40722097
40722098
40722099
40722100
40722101
40722102
40722103
40722104
40722105
40722106
40722107
40722108
40722109
40722110
40722112
40722113
40722114
40722115
40722116
40722117
40722118
40722119
40722120
40722121
40722122
40722123
40722124
40722125
40722126
40722127
40722128
40722129
40722130
40722132
40722133
40722134
40722135
40722136
40722139
40722140
40722141
40722143
40722144
40722145
40722146
40722147
40722148
40722149
40722151
40722152
40722153
40722154
40722155
40722156
40722157
40722158
40722159
40722160
40722161
40722162
40722163
40722164
40722165
40722166
40722167
40722168
40722169
40722171
40722172
40722173
40722174
40722175
40722176
40722177
40722178
40722179
40722180
40722182
40722183
40722184
40722185
40722187
40722188
40722189
40722191
40722192
40722194
40722195
40722196
40722197
40722198
40722199
40722200
40722201
40722202
40722203
40722204
40722205
40722206
40722207
40722208
40722209
40722213
40722214
40722215
40722217
40722218
40722219
40722220
40722221
40722223
40722224
40722225
40722226
40722227
40722228
40722229
40722230
40722231
40722232
40722233
40722234
40722235
40722236
40722237
40722238
40722239
40722240
40722241
40722242
40722243
40722244
40722245
40722246
40722247
40722248
40722249
40722250
40722251
40722252
40722253
40722254
40722255
40722256
40722258
40722259
40722261
40722262
40722263
40722264
40722265
40722266
40722267
40722268
40722269
40722270
40722271
40722272
40722273
40722274
40722275
40722276
40722277
40722278
40722279
40722281
40722282
40722283
40722284
40722286
40722287
40722288
40722289
40722290
40722291
40722293
40722294
40722295
40722296
40722297
40722298
40722299
40722300
40722301
40722304
40722305
40722306
40722307
40722308
40722309
40722310
40722311
40722312
40722313
40722314
40722315
40722316
40722317
40722319
40722320
40722321
40722322
40722323
40722324
40722325
40722326
40722327
40722328
40722329
40722330
40722331
40722332
40722333
40722334
40722335
40722337
40722338
40722339
40722340
40722341
40722342
40722343
40722344
40722345
40722346
40722347
40722348
40722349
40722350
40722351
40722353
40722354
40722355
40722356
40722357
40722358
40722359
40722360
40722361
40722362
40722363
40722364
40722365
40722366
40722367
40722368
40722369
40722370
40722371
40722372
40722373
40722375
40722376
40722377
40722378
40722379
40722380
40722381
40722382
40722383
40722384
40722385
40722386
40722387
40722388
40722389
40722390
40722391
40722392
40722393
40722394
40722395
40722396
40722397
40722398
40722399
40722400
40722401
40722402
40722403
40722404
40722405
40722406
40722407
40722409
40722410
40722411
40722412
40722413
40722414
40722415
40722416
40722417
40722418
40722420
40722421
40722422
40722423
40722424
40722425
40722426
40722427
40722428
40722429
40722430
40722431
40722432
40722433
40722434
40722435
40722436
40722437
40722438
40722439
40722441
40722442
40722443
40722444
40722445
40722446
40722447
40722448
40722449
40722450
40722451
40722452
40722453
40722454
40722455
40722456
40722457
40722458
40722459
40722460
40722461
40722462
40722463
40722464
40722465
40722466
40722467
40722468
40722469
40722470
40722471
40722472
40722473
40722474
40722476
40722477
40722478
40722479
40722480
40722481
40722483
40722484
40722485
40722486
40722487
40722488
40722489
40722490
40722491
40722492
40722493
40722495
40722496
40722497
40722498
40722499
40722500
40722501
40722502
40722503
40722504
40722505
40722506
40722507
40722508
40722509
40722510
40722511
40722512
40722514
40722515
40722516
40722517
40722518
40722519
40722520
40722521
40722522
40722523
40722524
40722526
40722527
40722528
40722529
40722530
40722531
40722532
40722533
40722535
40722536
40722537
40722538
40722540
40722541
40722542
40722543
40722544
40722545
40722546
40722547
40722549
40722550
40722552
40722553
40722556
40722557
40722558
40722559
40722560
40722561
40722562
40722563
40722564
40722565
40722566
40722567
40722568
40722569
40722570
40722571
40722572
40722573
40722574
40722575
40722576
40722578
40722579
40722580
40722581
40722582
40722583
40722584
40722585
40722586
40722587
40722588
40722590
40722591
40722592
40722593
40722595
40722596
40722597
40722598
40722599
40722600
40722601
40722602
40722603
40722604
40722605
40722606
40722607
40722608
40722609
40722610
40722611
40722612
40722613
40722614
40722615
40722616
40722617
40722618
40722620
40722621
40722622
40722623
40722624
40722625
40722626
40722627
40722628
40722629
40722630
40722631
40722632
40722633
40722634
40722635
40722636
40722637
40722638
40722639
40722640
40722641
40722642
40722643
40722644
40722645
40722646
40722647
40722648
40722649
40722650
40722651
40722652
40722653
40722654
40722655
40722656
40722657
40722658
40722659
40722660
40722661
40722662
40722663
40722664
40722665
40722666
40722668
40722670
40722671
40722672
40722673
40722674
40722676
40722677
40722678
40722680
40722681
40722682
40722683
40722684
40722685
40722686
40722687
40722688
40722689
40722690
40722692
40722694
40722695
40722696
40722697
40722698
40722699
40722701
40722702
40722703
40722704
40722705
40722706
40722707
40722708
40722710
40722711
40722712
40722714
40722715
40722716
40722717
40722718
40722719
40722721
40722722
40722723
40722724
40722725
40722726
40722727
40722728
40722733
40722734
40722736
40722737
40722738
40722739
40722741
40722742
40722743
40722744
40722745
40722747
40722748
40722749
40722750
40722752
40722753
40722754
40722755
40722756
40722757
40722759
40722761
40722762
40722764
40722765
40722766
40722767
40722768
40722769
40722770
40722771
40722772
40722773
40722774
40722775
40722776
40722777
40722778
40722779
40722781
40722782
40722783
40722784
40722785
40722786
40722787
40722788
40722789
40722790
40722791
40722792
40722793
40722794
40722795
40722796
40722797
40722799
40722800
40722802
40722803
40722804
40722805
40722806
40722807
40722809
40722810
40722811
40722812
40722814
40722815
40722816
40722818
40722819
40722820
40722821
40722822
40722823
40722824
40722825
40722826
40722827
40722828
40722829
40722830
40722831
40722832
40722833
40722834
40722835
40722836
40722837
40722838
40722839
40722840
40722841
40722842
40722843
40722844
40722845
40722846
40722847
40722848
40722849
40722851
40722852
40722853
40722854
40722855
40722856
40722858
40722859
40722860
40722861
40722862
40722863
40722864
40722865
40722866
40722868
40722869
40722870
40722871
40722872
40722873
40722874
40722875
40722876
40722877
40722879
40722880
40722882
40722883
40722884
40722885
40722886
40722887
40722888
40722889
40722890
40722896
40722897
40722898
40722900
40722902
40722903
40722904
40722905
40722906
40722907
40722908
40722909
40722911
40722912
40722913
40722914
40722915
40722918
40722919
40722920
40722921
40722922
40722924
40722925
40722926
40722927
40722928
40722929
40722930
40722931
40722932
40722933
40722935
40722937
40722938
40722939
40722941
40722942
40722943
40722944
40722945
40722946
40722947
40722948
40722949
40722950
40722951
40722952
40722953
40722954
40722955
40722956
40722957
40722958
40722959
40722960
40722961
40722962
40722963
40722964
40722966
40722967
40722968
40722969
40722970
40722971
40722972
40722973
40722974
40722975
40722976
40722977
40722979
40722980
40722981
40722983
40722984
40722985
40722986
40722988
40722989
40722990
40722991
40722992
40722993
40722994
40722995
40722996
40722997
40722998
40722999
40723001
40723002
40723003
40723004
40723005
40723006
40723007
40723008
40723009
40723010
40723011
40723012
40723013
40723014
40723015
40723016
40723017
40723018
40723019
40723020
40723021
40723022
40723023
40723024
40723025
40723026
40723027
40723028
40723029
40723030
40723031
40723032
40723033
40723035
40723036
40723037
40723038
40723039
40723041
40723042
40723043
40723044
40723045
40723048
40723049
40723050
40723051
40723052
40723053
40723054
40723055
40723056
40723057
40723058
40723059
40723060
40723061
40723062
40723063
40723064
40723065
40723066
40723067
40723068
40723069
40723070
40723071
40723072
40723073
40723074
40723076
40723077
40723078
40723079
40723080
40723081
40723083
40723084
40723085
40723086
40723087
40723088
40723089
40723090
40723092
40723093
40723094
40723095
40723096
40723097
40723098
40723099
40723101
40723102
40723103
40723104
40723105
40723106
40723108
40723111
40723112
40723113
40723114
40723115
40723116
40723117
40723118
40723119
40723120
40723122
40723123
40723124
40723125
40723126
40723128
40723129
40723130
40723131
40723132
40723133
40723134
40723135
40723136
40723137
40723139
40723140
40723141
40723142
40723143
40723144
40723145
40723146
40723148
40723149
40723150
40723151
40723152
40723153
40723155
40723156
40723157
40723158
40723159
40723160
40723161
40723162
40723163
40723164
40723166
40723167
40723168
40723169
40723170
40723171
40723172
40723173
40723174
40723175
40723176
40723177
40723178
40723179
40723180
40723181
40723183
40723184
40723185
40723186
40723187
40723188
40723189
40723190
40723191
40723192
40723193
40723194
40723197
40723198
40723199
40723201
40723202
40723203
40723204
40723205
40723206
40723207
40723208
40723209
40723210
40723211
40723212
40723213
40723214
40723216
40723217
40723219
40723220
40723221
40723222
40723224
40723225
40723226
40723228
40723229
40723230
40723234
40723235
40723237
40723238
40723239
40723240
40723241
40723242
40723243
40723244
40723245
40723246
40723247
40723248
40723249
40723250
40723251
40723252
40723253
40723254
40723255
40723256
40723257
40723259
40723260
40723262
40723263
40723264
40723265
40723266
40723267
40723268
40723270
40723271
40723272
40723273
40723274
40723275
40723276
40723278
40723279
40723280
40723281
40723282
40723283
40723285
40723286
40723288
40723289
40723290
40723292
40723293
40723294
40723295
40723296
40723297
40723298
40723299
40723300
40723301
40723302
40723303
40723304
40723305
40723306
40723307
40723308
40723309
40723311
40723312
40723313
40723314
40723315
40723316
40723317
40723318
40723319
40723320
40723321
40723322
40723323
40723324
40723326
40723327
40723328
40723329
40723330
40723331
40723332
40723333
40723334
40723335
40723337
40723338
40723339
40723340
40723341
40723342
40723343
40723345
40723346
40723348
40723349
40723350
40723351
40723352
40723354
40723356
40723357
40723358
40723359
40723361
40723362
40723363
40723364
40723365
40723366
40723367
40723368
40723369
40723371
40723372
40723373
40723374
40723376
40723377
40723381
40723383
40723384
40723385
40723386
40723387
40723388
40723389
40723390
40723391
40723392
40723393
40723394
40723395
40723396
40723397
40723398
40723399
40723400
40723401
40723402
40723403
40723404
40723405
40723406
40723407
40723408
40723409
40723410
40723411
40723412
40723413
40723414
40723415
40723416
40723418
40723420
40723421
40723422
40723423
40723424
40723426
40723427
40723428
40723429
40723430
40723431
40723433
40723434
40723435
40723438
40723439
40723442
40723444
40723445
40723446
40723448
40723449
40723450
40723452
40723453
40723454
40723455
40723456
40723458
40723459
40723460
40723461
40723462
40723464
40723465
40723467
40723469
40723470
40723472
40723473
40723474
40723475
40723476
40723477
40723478
40723479
40723480
40723481
40723482
40723483
40723484
40723485
40723487
40723489
40723490
40723491
40723492
40723493
40723494
40723496
40723497
40723498
40723499
40723500
40723503
40723504
40723505
40723507
40723508
40723509
40723510
40723511
40723512
40723513
40723515
40723516
40723517
40723518
40723520
40723521
40723522
40723523
40723525
40723526
40723527
40723528
40723529
40723530
40723531
40723532
40723533
40723534
40723536
40723537
40723538
40723539
40723540
40723541
40723542
40723543
40723544
40723545
40723549
40723552
40723553
40723554
40723556
40723557
40723558
40723559
40723560
40723561
40723562
40723563
40723564
40723565
40723566
40723567
40723568
40723569
40723570
40723571
40723573
40723574
40723575
40723576
40723578
40723579
40723580
40723582
40723584
40723585
40723586
40723589
40723590
40723591
40723592
40723593
40723594
40723595
40723596
40723597
40723598
40723599
40723600
40723601
40723602
40723603
40723604
40723605
40723606
40723607
40723608
40723609
40723610
40723611
40723612
40723613
40723614
40723615
40723616
40723617
40723618
40723620
40723621
40723622
40723623
40723624
40723625
40723626
40723627
40723628
40723629
40723631
40723632
40723634
40723636
40723638
40723639
40723640
40723641
40723642
40723643
40723644
40723647
40723648
40723649
40723650
40723651
40723652
40723653
40723654
40723657
40723658
40723659
40723660
40723661
40723662
40723663
40723664
40723665
40723668
40723670
40723671
40723672
40723674
40723675
40723676
40723677
40723678
40723679
40723681
40723682
40723683
40723684
40723685
40723686
40723687
40723689
40723690
40723691
40723692
40723693
40723694
40723695
40723696
40723697
40723698
40723699
40723700
40723701
40723702
40723703
40723704
40723705
40723706
40723707
40723709
40723710
40723711
40723712
40723713
40723714
40723715
40723716
40723717
40723718
40723719
40723720
40723721
40723723
40723724
40723725
40723726
40723727
40723728
40723729
40723730
40723731
40723732
40723733
40723734
40723735
40723737
40723738
40723739
40723740
40723741
40723742
40723743
40723744
40723745
40723746
40723747
40723748
40723749
40723750
40723752
40723753
40723754
40723755
40723756
40723757
40723758
40723759
40723760
40723761
40723762
40723763
40723764
40723765
40723766
40723767
40723768
40723769
40723770
40723772
40723773
40723774
40723775
40723776
40723777
40723778
40723780
40723781
40723782
40723783
40723784
40723786
40723787
40723789
40723790
40723791
40723792
40723793
40723794
40723795
40723796
40723798
40723799
40723800
40723802
40723803
40723804
40723805
40723806
40723807
40723808
40723809
40723810
40723811
40723813
40723814
40723815
40723816
40723817
40723818
40723819
40723820
40723821
40723822
40723823
40723824
40723825
40723826
40723827
40723828
40723829
40723830
40723831
40723834
40723835
40723837
40723838
40723840
40723841
40723842
40723843
40723844
40723845
40723846
40723847
40723851
40723852
40723853
40723854
40723855
40723857
40723858
40723859
40723861
40723862
40723863
40723866
40723867
40723869
40723870
40723871
40723872
40723873
40723874
40723875
40723876
40723877
40723879
40723880
40723881
40723883
40723884
40723885
40723886
40723887
40723888
40723889
40723890
40723891
40723892
40723893
40723894
40723895
40723896
40723897
40723898
40723899
40723900
40723901
40723902
40723903
40723904
40723905
40723906
40723907
40723908
40723909
40723910
40723912
40723913
40723914
40723915
40723916
40723917
40723918
40723919
40723920
40723922
40723923
40723924
40723925
40723926
40723927
40723928
40723929
40723930
40723931
40723932
40723933
40723935
40723936
40723937
40723938
40723939
40723940
40723941
40723943
40723944
40723945
40723946
40723947
40723948
40723949
40723952
40723953
40723954
40723955
40723956
40723957
40723958
40723960
40723961
40723962
40723963
40723964
40723965
40723966
40723967
40723968
40723969
40723970
40723971
40723972
40723973
40723974
40723975
40723977
40723978
40723979
40723980
40723981
40723982
40723983
40723984
40723986
40723987
40723988
40723989
40723990
40723991
40723992
40723993
40723994
40723995
40723996
40723998
40723999
40724000
40724001
40724002
40724004
40724005
40724006
40724009
40724010
40724011
40724012
40724013
40724014
40724015
40724016
40724018
40724019
40724020
40724021
40724022
40724023
40724024
40724025
40724026
40724027
40724031
40724033
40724034
40724035
40724036
40724037
40724038
40724039
40724040
40724041
40724042
40724043
40724045
40724046
40724047
40724048
40724049
40724050
40724051
40724052
40724054
40724055
40724057
40724058
40724059
40724060
40724061
40724062
40724063
40724064
40724065
40724066
40724067
40724068
40724069
40724070
40724071
40724072
40724073
40724074
40724075
40724076
40724077
40724079
40724081
40724082
40724083
40724084
40724085
40724086
40724088
40724089
40724090
40724091
40724092
40724093
40724094
40724095
40724096
40724097
40724098
40724099
40724100
40724101
40724102
40724103
40724104
40724105
40724106
40724108
40724110
40724111
40724112
40724113
40724114
40724116
40724117
40724118
40724119
40724120
40724121
40724122
40724123
40724124
40724125
40724126
40724127
40724129
40724130
40724131
40724132
40724133
40724134
40724136
40724137
40724138
40724139
40724140
40724142
40724143
40724144
40724145
40724146
40724147
40724148
40724149
40724150
40724151
40724152
40724153
40724154
40724155
40724156
40724157
40724158
40724159
40724160
40724163
40724164
40724165
40724166
40724167
40724168
40724169
40724170
40724171
40724173
40724174
40724175
40724176
40724177
40724178
40724179
40724180
40724181
40724183
40724184
40724185
40724186
40724187
40724188
40724190
40724191
40724192
40724193
40724194
40724195
40724196
40724197
40724198
40724199
40724200
40724202
40724203
40724204
40724205
40724206
40724207
40724208
40724209
40724210
40724211
40724212
40724213
40724214
40724215
40724216
40724217
40724218
40724219
40724220
40724221
40724222
40724223
40724224
40724225
40724226
40724227
40724228
40724230
40724232
40724233
40724234
40724235
40724236
40724237
40724238
40724239
40724240
40724241
40724242
40724243
40724244
40724245
40724246
40724247
40724248
40724249
40724250
40724251
40724252
40724254
40724255
40724256
40724257
40724259
40724260
40724261
40724262
40724263
40724265
40724266
40724267
40724268
40724270
40724271
40724272
40724273
40724274
40724275
40724276
40724278
40724279
40724280
40724281
40724282
40724283
40724284
40724285
40724286
40724287
40724289
40724290
40724291
40724292
40724293
40724295
40724296
40724297
40724298
40724299
40724300
40724301
40724302
40724303
40724304
40724305
40724306
40724307
40724308
40724309
40724311
40724312
40724313
40724314
40724315
40724316
40724317
40724318
40724319
40724320
40724321
40724322
40724323
40724324
40724325
40724326
40724327
40724328
40724330
40724331
40724332
40724333
40724335
40724336
40724337
40724338
40724339
40724340
40724341
40724342
40724343
40724344
40724345
40724347
40724348
40724349
40724350
40724351
40724352
40724353
40724354
40724355
40724356
40724357
40724358
40724360
40724361
40724362
40724363
40724364
40724365
40724366
40724367
40724369
40724370
40724371
40724372
40724375
40724376
40724377
40724378
40724379
40724380
40724381
40724382
40724383
40724384
40724385
40724386
40724387
40724388
40724389
40724391
40724393
40724394
40724395
40724396
40724397
40724398
40724399
40724400
40724401
40724402
40724403
40724404
40724405
40724406
40724407
40724408
40724409
40724410
40724411
40724412
40724413
40724414
40724415
40724416
40724417
40724419
40724420
40724422
40724423
40724424
40724425
40724426
40724431
40724432
40724433
40724434
40724435
40724436
40724439
40724440
40724441
40724442
40724443
40724444
40724445
40724446
40724447
40724448
40724449
40724452
40724453
40724454
40724455
40724456
40724457
40724458
40724459
40724460
40724461
40724462
40724464
40724465
40724466
40724467
40724470
40724472
40724473
40724475
40724476
40724477
40724478
40724480
40724482
40724483
40724485
40724486
40724487
40724488
40724489
40724491
40724492
40724493
40724495
40724496
40724498
40724499
40724500
40724501
40724502
40724503
40724504
40724505
40724506
40724507
40724508
40724509
40724510
40724511
40724512
40724513
40724514
40724515
40724518
40724519
40724520
40724521
40724522
40724523
40724526
40724527
40724528
40724530
40724531
40724533
40724534
40724535
40724536
40724537
40724538
40724539
40724541
40724542
40724543
40724544
40724545
40724548
40724549
40724550
40724551
40724552
40724553
40724554
40724555
40724556
40724558
40724559
40724560
40724561
40724562
40724563
40724564
40724565
40724566
40724567
40724568
40724569
40724570
40724571
40724572
40724573
40724574
40724575
40724576
40724577
40724578
40724579
40724580
40724581
40724582
40724584
40724585
40724586
40724587
40724588
40724589
40724590
40724591
40724592
40724593
40724594
40724595
40724596
40724597
40724598
40724599
40724600
40724602
40724603
40724604
40724605
40724606
40724607
40724609
40724610
40724612
40724613
40724615
40724616
40724617
40724618
40724620
40724622
40724623
40724624
40724625
40724626
40724627
40724628
40724629
40724631
40724632
40724634
40724635
40724636
40724638
40724639
40724640
40724641
40724642
40724643
40724645
40724646
40724647
40724648
40724649
40724650
40724651
40724652
40724653
40724654
40724655
40724656
40724657
40724658
40724659
40724660
40724661
40724662
40724663
40724666
40724667
40724668
40724670
40724671
40724673
40724674
40724675
40724676
40724677
40724678
40724679
40724680
40724681
40724683
40724684
40724685
40724686
40724688
40724689
40724690
40724691
40724692
40724693
40724694
40724695
40724696
40724697
40724698
40724699
40724700
40724701
40724702
40724703
40724704
40724705
40724706
40724707
40724708
40724709
40724710
40724712
40724713
40724714
40724715
40724716
40724717
40724718
40724719
40724720
40724721
40724722
40724723
40724724
40724725
40724726
40724727
40724728
40724729
40724730
40724731
40724732
40724733
40724734
40724735
40724736
40724738
40724739
40724740
40724741
40724742
40724743
40724744
40724745
40724746
40724747
40724748
40724749
40724750
40724752
40724753
40724754
40724755
40724756
40724757
40724758
40724759
40724760
40724761
40724762
40724763
40724764
40724765
40724766
40724768
40724769
40724770
40724771
40724772
40724773
40724774
40724775
40724778
40724779
40724780
40724781
40724782
40724785
40724786
40724787
40724788
40724789
40724790
40724791
40724792
40724793
40724794
40724795
40724797
40724798
40724799
40724800
40724801
40724803
40724804
40724805
40724806
40724809
40724811
40724812
40724813
40724814
40724815
40724816
40724817
40724818
40724819
40724820
40724821
40724822
40724823
40724824
40724825
40724826
40724827
40724830
40724831
40724832
40724833
40724835
40724836
40724837
40724838
40724839
40724841
40724842
40724843
40724844
40724845
40724847
40724848
40724850
40724851
40724852
40724853
40724854
40724855
40724856
40724858
40724859
40724860
40724863
40724864
40724865
40724866
40724869
40724870
40724871
40724872
40724873
40724874
40724875
40724876
40724877
40724878
40724879
40724881
40724882
40724883
40724884
40724885
40724886
40724887
40724888
40724890
40724891
40724892
40724893
40724894
40724895
40724896
40724897
40724900
40724901
40724902
40724903
40724904
40724905
40724906
40724907
40724908
40724909
40724910
40724911
40724912
40724913
40724914
40724915
40724916
40724917
40724918
40724919
40724920
40724921
40724922
40724923
40724924
40724926
40724927
40724928
40724929
40724931
40724932
40724933
40724934
40724935
40724936
40724937
40724938
40724939
40724940
40724941
40724942
40724943
40724944
40724945
40724946
40724947
40724949
40724950
40724951
40724952
40724953
40724954
40724955
40724957
40724958
40724959
40724960
40724961
40724962
40724963
40724965
40724966
40724967
40724969
40724970
40724971
40724972
40724974
40724975
40724976
40724977
40724978
40724979
40724980
40724981
40724982
40724983
40724984
40724985
40724986
40724987
40724988
40724989
40724990
40724991
40724992
40724993
40724994
40724995
40724996
40724998
40724999
40725000
40725002
40725003
40725005
40725006
40725008
40725009
40725010
40725011
40725012
40725013
40725014
40725015
40725016
40725017
40725018
40725019
40725020
40725021
40725022
40725023
40725024
40725025
40725026
40725027
40725028
40725029
40725030
40725031
40725033
40725034
40725035
40725036
40725037
40725038
40725039
40725040
40725043
40725044
40725045
40725046
40725047
40725048
40725049
40725051
40725052
40725053
40725055
40725056
40725057
40725058
40725059
40725060
40725061
40725062
40725063
40725065
40725066
40725067
40725069
40725071
40725072
40725073
40725076
40725079
40725080
40725081
40725082
40725083
40725084
40725085
40725086
40725087
40725088
40725089
40725090
40725091
40725092
40725093
40725094
40725095
40725096
40725097
40725098
40725100
40725101
40725102
40725104
40725105
40725106
40725107
40725108
40725109
40725110
40725111
40725112
40725114
40725115
40725116
40725117
40725119
40725120
40725121
40725122
40725123
40725124
40725125
40725126
40725127
40725129
40725130
40725131
40725132
40725133
40725134
40725135
40725136
40725137
40725138
40725139
40725140
40725141
40725142
40725143
40725144
40725145
40725146
40725147
40725148
40725149
40725150
40725152
40725153
40725155
40725156
40725157
40725158
40725160
40725162
40725163
40725164
40725166
40725167
40725168
40725169
40725170
40725171
40725172
40725173
40725174
40725175
40725176
40725177
40725178
40725180
40725181
40725184
40725185
40725187
40725188
40725190
40725192
40725193
40725195
40725196
40725197
40725198
40725199
40725200
40725202
40725203
40725204
40725206
40725207
40725208
40725209
40725210
40725213
40725214
40725215
40725216
40725217
40725218
40725219
40725220
40725222
40725223
40725225
40725226
40725227
40725228
40725229
40725230
40725231
40725232
40725233
40725234
40725236
40725237
40725238
40725239
40725240
40725241
40725242
40725243
40725244
40725245
40725246
40725247
40725249
40725250
40725257
40725258
40725259
40725261
40725262
40725263
40725264
40725265
40725266
40725267
40725268
40725269
40725270
40725271
40725272
40725273
40725274
40725276
40725277
40725278
40725280
40725284
40725285
40725286
40725287
40725288
40725289
40725290
40725291
40725292
40725293
40725294
40725295
40725296
40725297
40725298
40725299
40725300
40725301
40725302
40725303
40725304
40725305
40725306
40725307
40725308
40725309
40725310
40725311
40725312
40725313
40725314
40725315
40725317
40725318
40725319
40725320
40725321
40725322
40725325
40725326
40725327
40725328
40725329
40725330
40725331
40725332
40725333
40725334
40725335
40725336
40725337
40725338
40725339
40725340
40725341
40725342
40725343
40725344
40725345
40725347
40725348
40725350
40725351
40725352
40725353
40725354
40725355
40725356
40725357
40725358
40725359
40725360
40725361
40725362
40725364
40725365
40725367
40725368
40725369
40725370
40725371
40725372
40725373
40725374
40725375
40725376
40725378
40725379
40725380
40725381
40725382
40725383
40725384
40725386
40725387
40725388
40725390
40725391
40725392
40725393
40725394
40725395
40725396
40725397
40725398
40725399
40725400
40725401
40725402
40725403
40725404
40725405
40725406
40725407
40725408
40725409
40725410
40725411
40725412
40725413
40725414
40725415
40725416
40725417
40725418
40725419
40725420
40725421
40725422
40725423
40725424
40725425
40725426
40725427
40725428
40725430
40725431
40725432
40725434
40725436
40725437
40725438
40725439
40725440
40725441
40725442
40725444
40725446
40725447
40725448
40725449
40725450
40725451
40725452
40725453
40725455
40725456
40725457
40725458
40725459
40725460
40725461
40725463
40725464
40725466
40725467
40725468
40725470
40725471
40725473
40725474
40725476
40725477
40725478
40725479
40725480
40725481
40725482
40725483
40725484
40725485
40725486
40725487
40725490
40725492
40725493
40725494
40725495
40725497
40725498
40725500
40725501
40725502
40725503
40725504
40725505
40725506
40725509
40725510
40725511
40725512
40725513
40725514
40725516
40725517
40725518
40725519
40725520
40725521
40725523
40725524
40725526
40725527
40725528
40725529
40725530
40725531
40725532
40725533
40725534
40725535
40725536
40725537
40725538
40725539
40725541
40725542
40725543
40725544
40725545
40725546
40725547
40725548
40725549
40725550
40725551
40725552
40725553
40725554
40725555
40725556
40725557
40725558
40725559
40725560
40725562
40725563
40725564
40725566
40725567
40725569
40725570
40725571
40725572
40725573
40725574
40725575
40725576
40725577
40725578
40725580
40725581
40725582
40725583
40725585
40725586
40725587
40725588
40725589
40725591
40725592
40725593
40725594
40725595
40725596
40725597
40725598
40725599
40725600
40725601
40725602
40725603
40725604
40725605
40725607
40725608
40725609
40725610
40725611
40725613
40725615
40725616
40725617
40725618
40725619
40725620
40725621
40725622
40725623
40725624
40725625
40725626
40725627
40725629
40725630
40725631
40725633
40725634
40725635
40725636
40725637
40725638
40725639
40725640
40725641
40725642
40725643
40725644
40725645
40725646
40725647
40725649
40725650
40725651
40725652
40725653
40725654
40725655
40725656
40725660
40725661
40725662
40725664
40725665
40725666
40725667
40725668
40725669
40725670
40725671
40725672
40725673
40725675
40725676
40725677
40725680
40725682
40725683
40725684
40725685
40725686
40725687
40725688
40725689
40725690
40725691
40725694
40725695
40725696
40725697
40725698
40725699
40725700
40725701
40725702
40725703
40725704
40725705
40725707
40725708
40725709
40725711
40725712
40725713
40725714
40725715
40725716
40725717
40725718
40725719
40725720
40725721
40725722
40725723
40725724
40725725
40725726
40725727
40725728
40725729
40725730
40725731
40725732
40725733
40725734
40725735
40725736
40725737
40725738
40725739
40725740
40725741
40725742
40725743
40725744
40725745
40725746
40725748
40725749
40725750
40725752
40725754
40725755
40725756
40725757
40725758
40725759
40725760
40725761
40725762
40725763
40725764
40725765
40725766
40725767
40725768
40725769
40725770
40725771
40725772
40725774
40725775
40725776
40725777
40725778
40725780
40725781
40725782
40725784
40725785
40725786
40725787
40725788
40725789
40725790
40725791
40725792
40725793
40725794
40725795
40725796
40725797
40725798
40725799
40725800
40725801
40725802
40725803
40725804
40725805
40725806
40725807
40725808
40725809
40725810
40725811
40725812
40725813
40725814
40725815
40725816
40725818
40725819
40725820
40725821
40725823
40725825
40725826
40725827
40725828
40725829
40725830
40725831
40725832
40725834
40725835
40725836
40725837
40725838
40725839
40725840
40725841
40725842
40725843
40725845
40725846
40725847
40725848
40725849
40725850
40725851
40725853
40725854
40725855
40725856
40725857
40725858
40725859
40725860
40725861
40725862
40725863
40725864
40725865
40725866
40725868
40725869
40725871
40725872
40725873
40725875
40725876
40725877
40725878
40725879
40725880
40725881
40725882
40725883
40725884
40725885
40725886
40725887
40725888
40725889
40725890
40725891
40725892
40725893
40725894
40725895
40725896
40725897
40725898
40725900
40725901
40725902
40725903
40725904
40725905
40725906
40725907
40725908
40725909
40725910
40725911
40725912
40725914
40725915
40725916
40725918
40725920
40725921
40725922
40725924
40725925
40725926
40725927
40725928
40725929
40725930
40725931
40725933
40725934
40725935
40725936
40725938
40725939
40725940
40725942
40725943
40725944
40725945
40725946
40725947
40725948
40725949
40725950
40725951
40725952
40725953
40725954
40725958
40725959
40725960
40725961
40725962
40725963
40725964
40725965
40725967
40725968
40725969
40725970
40725971
40725974
40725975
40725976
40725977
40725978
40725981
40725982
40725984
40725985
40725986
40725987
40725988
40725989
40725990
40725991
40725992
40725993
40725994
40725995
40725996
40725998
40725999
40726000
40726001
40726002
40726003
40726005
40726007
40726008
40726009
40726010
40726011
40726012
40726015
40726016
40726017
40726018
40726019
40726020
40726021
40726024
40726025
40726029
40726031
40726033
40726034
40726035
40726036
40726037
40726038
40726039
40726040
40726041
40726042
40726043
40726044
40726045
40726046
40726047
40726049
40726050
40726051
40726052
40726054
40726055
40726057
40726059
40726060
40726061
40726063
40726066
40726067
40726068
40726069
40726070
40726071
40726072
40726073
40726074
40726075
40726076
40726078
40726079
40726080
40726081
40726082
40726083
40726084
40726085
40726086
40726088
40726089
40726090
40726091
40726095
40726096
40726097
40726098
40726100
40726101
40726102
40726103
40726104
40726105
40726106
40726107
40726108
40726110
40726112
40726113
40726115
40726116
40726117
40726118
40726119
40726120
40726122
40726124
40726125
40726126
40726127
40726128
40726129
40726130
40726131
40726132
40726134
40726135
40726136
40726137
40726138
40726140
40726141
40726143
40726144
40726145
40726146
40726147
40726150
40726151
40726153
40726154
40726155
40726156
40726157
40726159
40726160
40726161
40726162
40726163
40726164
40726165
40726167
40726169
40726170
40726171
40726172
40726173
40726174
40726175
40726176
40726177
40726179
40726181
40726182
40726183
40726184
40726185
40726187
40726189
40726190
40726191
40726192
40726193
40726194
40726195
40726196
40726197
40726198
40726199
40726200
40726201
40726202
40726203
40726204
40726205
40726206
40726207
40726208
40726209
40726210
40726211
40726212
40726214
40726215
40726216
40726217
40726218
40726219
40726220
40726221
40726222
40726223
40726225
40726226
40726227
40726228
40726229
40726230
40726231
40726232
40726233
40726234
40726235
40726236
40726237
40726238
40726239
40726240
40726241
40726242
40726243
40726244
40726246
40726248
40726249
40726251
40726252
40726253
40726254
40726255
40726256
40726257
40726259
40726264
40726265
40726266
40726267
40726268
40726269
40726270
40726271
40726272
40726273
40726276
40726279
40726280
40726282
40726284
40726285
40726286
40726288
40726289
40726291
40726292
40726293
40726294
40726295
40726296
40726297
40726298
40726299
40726300
40726301
40726302
40726303
40726304
40726305
40726306
40726307
40726308
40726309
40726310
40726311
40726312
40726313
40726314
40726315
40726316
40726317
40726318
40726319
40726320
40726322
40726324
40726325
40726326
40726327
40726328
40726329
40726330
40726331
40726332
40726333
40726334
40726335
40726338
40726339
40726340
40726341
40726342
40726343
40726344
40726345
40726346
40726347
40726348
40726349
40726350
40726351
40726352
40726354
40726355
40726356
40726357
40726358
40726359
40726360
40726362
40726363
40726364
40726365
40726366
40726367
40726368
40726369
40726370
40726371
40726373
40726375
40726376
40726377
40726379
40726380
40726381
40726382
40726383
40726384
40726385
40726386
40726388
40726389
40726390
40726391
40726392
40726393
40726394
40726395
40726396
40726397
40726398
40726400
40726401
40726402
40726404
40726405
40726406
40726407
40726408
40726409
40726410
40726411
40726412
40726413
40726414
40726415
40726416
40726417
40726418
40726419
40726421
40726422
40726424
40726425
40726426
40726427
40726428
40726429
40726430
40726431
40726433
40726434
40726435
40726436
40726437
40726438
40726439
40726440
40726441
40726442
40726443
40726445
40726446
40726447
40726448
40726449
40726450
40726451
40726452
40726455
40726456
40726457
40726458
40726459
40726461
40726463
40726464
40726465
40726466
40726467
40726468
40726469
40726470
40726471
40726472
40726473
40726474
40726475
40726476
40726477
40726479
40726481
40726482
40726484
40726486
40726487
40726488
40726489
40726490
40726491
40726492
40726493
40726495
40726496
40726497
40726498
40726499
40726500
40726501
40726503
40726504
40726505
40726507
40726508
40726509
40726511
40726512
40726513
40726514
40726515
40726516
40726518
40726519
40726520
40726521
40726522
40726523
40726524
40726525
40726526
40726527
40726528
40726529
40726531
40726532
40726533
40726534
40726535
40726536
40726537
40726538
40726539
40726540
40726541
40726543
40726544
40726545
40726547
40726548
40726549
40726550
40726551
40726554
40726555
40726556
40726557
40726558
40726560
40726561
40726562
40726563
40726564
40726565
40726567
40726568
40726570
40726571
40726572
40726573
40726575
40726576
40726577
40726578
40726579
40726581
40726582
40726583
40726584
40726585
40726587
40726588
40726589
40726590
40726591
40726592
40726595
40726597
40726598
40726599
40726600
40726601
40726602
40726603
40726604
40726605
40726606
40726607
40726608
40726609
40726610
40726611
40726612
40726613
40726614
40726615
40726616
40726617
40726618
40726619
40726620
40726621
40726622
40726623
40726624
40726625
40726626
40726627
40726628
40726629
40726630
40726631
40726632
40726633
40726634
40726635
40726636
40726637
40726638
40726639
40726640
40726641
40726642
40726643
40726644
40726646
40726647
40726648
40726649
40726650
40726652
40726653
40726654
40726655
40726657
40726658
40726659
40726660
40726661
40726662
40726663
40726664
40726665
40726666
40726667
40726668
40726669
40726670
40726671
40726672
40726673
40726674
40726675
40726676
40726677
40726678
40726679
40726680
40726681
40726683
40726685
40726686
40726687
40726688
40726689
40726691
40726692
40726693
40726694
40726695
40726696
40726697
40726699
40726701
40726702
40726703
40726704
40726705
40726706
40726707
40726708
40726709
40726710
40726711
40726712
40726713
40726714
40726716
40726717
40726718
40726719
40726720
40726721
40726722
40726723
40726724
40726725
40726726
40726728
40726730
40726731
40726732
40726733
40726734
40726735
40726736
40726737
40726738
40726739
40726740
40726741
40726742
40726743
40726744
40726745
40726747
40726748
40726749
40726751
40726752
40726753
40726754
40726755
40726756
40726757
40726758
40726759
40726760
40726761
40726762
40726763
40726764
40726765
40726766
40726767
40726768
40726769
40726770
40726771
40726772
40726773
40726775
40726776
40726777
40726778
40726779
40726780
40726781
40726782
40726783
40726785
40726786
40726787
40726788
40726789
40726790
40726791
40726793
40726795
40726796
40726797
40726798
40726799
40726800
40726801
40726802
40726803
40726804
40726806
40726807
40726808
40726809
40726810
40726811
40726812
40726814
40726815
40726816
40726817
40726818
40726819
40726820
40726821
40726823
40726824
40726825
40726826
40726827
40726828
40726829
40726830
40726831
40726832
40726834
40726835
40726836
40726837
40726838
40726839
40726840
40726841
40726842
40726843
40726844
40726847
40726849
40726850
40726851
40726852
40726853
40726854
40726855
40726856
40726857
40726858
40726859
40726860
40726861
40726862
40726863
40726864
40726867
40726868
40726869
40726870
40726871
40726872
40726874
40726875
40726878
40726879
40726880
40726881
40726882
40726883
40726884
40726885
40726886
40726887
40726888
40726889
40726890
40726891
40726892
40726893
40726894
40726895
40726898
40726899
40726900
40726902
40726903
40726904
40726905
40726906
40726907
40726909
40726910
40726911
40726913
40726914
40726915
40726916
40726917
40726918
40726919
40726920
40726921
40726923
40726924
40726925
40726926
40726927
40726928
40726929
40726930
40726931
40726932
40726933
40726934
40726935
40726936
40726937
40726938
40726939
40726940
40726941
40726942
40726943
40726944
40726945
40726946
40726947
40726948
40726949
40726950
40726951
40726952
40726953
40726954
40726956
40726957
40726959
40726960
40726961
40726962
40726964
40726965
40726966
40726968
40726969
40726970
40726971
40726972
40726973
40726974
40726975
40726976
40726978
40726979
40726981
40726983
40726984
40726985
40726986
40726987
40726988
40726989
40726990
40726991
40726992
40726993
40726994
40726996
40726997
40726999
40727001
40727002
40727003
40727004
40727005
40727006
40727007
40727008
40727009
40727010
40727011
40727013
40727014
40727015
40727016
40727017
40727018
40727019
40727020
40727022
40727023
40727024
40727025
40727026
40727027
40727028
40727029
40727030
40727031
40727032
40727033
40727034
40727035
40727036
40727038
40727039
40727041
40727042
40727043
40727044
40727046
40727047
40727048
40727049
40727050
40727051
40727052
40727053
40727054
40727055
40727056
40727057
40727058
40727059
40727060
40727061
40727062
40727063
40727064
40727065
40727068
40727069
40727070
40727071
40727072
40727073
40727074
40727075
40727076
40727077
40727078
40727079
40727080
40727081
40727082
40727084
40727085
40727086
40727087
40727088
40727089
40727090
40727091
40727092
40727094
40727095
40727097
40727098
40727099
40727100
40727101
40727102
40727103
40727104
40727105
40727106
40727107
40727108
40727110
40727111
40727112
40727113
40727114
40727115
40727116
40727117
40727118
40727120
40727121
40727123
40727124
40727125
40727126
40727127
40727128
40727130
40727131
40727132
40727133
40727134
40727135
40727136
40727137
40727139
40727141
40727142
40727143
40727144
40727145
40727146
40727147
40727148
40727149
40727150
40727151
40727152
40727153
40727154
40727155
40727156
40727157
40727158
40727159
40727160
40727161
40727162
40727163
40727164
40727165
40727166
40727167
40727168
40727169
40727170
40727171
40727172
40727173
40727174
40727176
40727177
40727178
40727179
40727181
40727182
40727183
40727184
40727186
40727187
40727188
40727189
40727190
40727191
40727192
40727193
40727194
40727195
40727196
40727197
40727199
40727200
40727203
40727204
40727205
40727206
40727207
40727208
40727209
40727210
40727212
40727213
40727214
40727215
40727216
40727218
40727219
40727221
40727222
40727223
40727224
40727225
40727226
40727227
40727228
40727229
40727230
40727231
40727233
40727234
40727235
40727236
40727237
40727239
40727240
40727241
40727242
40727244
40727246
40727247
40727248
40727249
40727250
40727251
40727252
40727254
40727255
40727256
40727257
40727258
40727259
40727260
40727261
40727262
40727263
40727265
40727267
40727268
40727269
40727270
40727271
40727272
40727275
40727277
40727280
40727281
40727282
40727283
40727284
40727285
40727286
40727287
40727288
40727289
40727290
40727291
40727292
40727293
40727294
40727295
40727296
40727297
40727298
40727299
40727300
40727301
40727303
40727305
40727306
40727307
40727308
40727309
40727310
40727311
40727313
40727314
40727316
40727317
40727318
40727319
40727320
40727322
40727323
40727325
40727326
40727327
40727328
40727329
40727330
40727331
40727332
40727333
40727334
40727335
40727336
40727337
40727340
40727341
40727342
40727343
40727344
40727346
40727347
40727348
40727349
40727351
40727352
40727353
40727354
40727355
40727357
40727358
40727359
40727360
40727361
40727363
40727364
40727365
40727366
40727367
40727368
40727369
40727370
40727371
40727372
40727374
40727375
40727376
40727377
40727378
40727379
40727380
40727381
40727382
40727384
40727385
40727386
40727388
40727389
40727390
40727391
40727393
40727395
40727396
40727397
40727398
40727399
40727400
40727401
40727402
40727403
40727404
40727405
40727406
40727407
40727408
40727409
40727410
40727411
40727412
40727413
40727415
40727416
40727417
40727418
40727419
40727420
40727421
40727422
40727423
40727426
40727428
40727429
40727430
40727431
40727432
40727433
40727434
40727435
40727436
40727437
40727438
40727439
40727440
40727441
40727442
40727443
40727444
40727445
40727446
40727447
40727448
40727450
40727451
40727452
40727453
40727454
40727455
40727456
40727457
40727458
40727459
40727460
40727461
40727463
40727464
40727465
40727466
40727467
40727468
40727469
40727470
40727471
40727472
40727473
40727474
40727475
40727476
40727477
40727478
40727480
40727481
40727482
40727483
40727484
40727485
40727486
40727487
40727488
40727489
40727490
40727491
40727492
40727493
40727494
40727495
40727496
40727497
40727498
40727499
40727500
40727501
40727502
40727504
40727505
40727506
40727507
40727508
40727510
40727511
40727512
40727513
40727514
40727515
40727516
40727517
40727518
40727519
40727520
40727521
40727522
40727523
40727524
40727525
40727526
40727527
40727529
40727530
40727531
40727532
40727533
40727534
40727535
40727536
40727537
40727538
40727539
40727540
40727542
40727543
40727544
40727545
40727546
40727547
40727548
40727549
40727550
40727551
40727553
40727554
40727555
40727556
40727557
40727558
40727559
40727560
40727561
40727562
40727564
40727565
40727566
40727567
40727568
40727569
40727570
40727571
40727572
40727573
40727574
40727575
40727576
40727577
40727578
40727579
40727580
40727582
40727584
40727585
40727586
40727588
40727589
40727590
40727591
40727593
40727594
40727595
40727597
40727598
40727599
40727600
40727601
40727602
40727603
40727604
40727605
40727606
40727609
40727610
40727611
40727612
40727613
40727614
40727615
40727616
40727617
40727618
40727619
40727622
40727623
40727624
40727625
40727626
40727627
40727628
40727629
40727630
40727631
40727632
40727633
40727634
40727636
40727637
40727638
40727639
40727640
40727642
40727643
40727644
40727645
40727646
40727647
40727648
40727649
40727650
40727651
40727652
40727653
40727654
40727655
40727656
40727658
40727659
40727660
40727661
40727663
40727665
40727667
40727668
40727669
40727671
40727672
40727673
40727674
40727675
40727676
40727677
40727678
40727680
40727681
40727682
40727683
40727684
40727685
40727686
40727687
40727688
40727689
40727690
40727691
40727692
40727695
40727696
40727697
40727698
40727699
40727700
40727701
40727702
40727703
40727705
40727706
40727707
40727708
40727709
40727710
40727711
40727712
40727713
40727714
40727715
40727716
40727717
40727718
40727719
40727720
40727723
40727725
40727726
40727727
40727728
40727729
40727730
40727731
40727732
40727733
40727734
40727735
40727737
40727738
40727740
40727741
40727742
40727745
40727746
40727747
40727748
40727749
40727750
40727751
40727752
40727753
40727754
40727755
40727756
40727757
40727758
40727759
40727761
40727762
40727763
40727764
40727765
40727766
40727767
40727768
40727769
40727770
40727771
40727772
40727773
40727774
40727775
40727776
40727777
40727778
40727779
40727780
40727781
40727782
40727783
40727784
40727785
40727786
40727787
40727788
40727789
40727790
40727792
40727793
40727794
40727795
40727796
40727797
40727798
40727799
40727800
40727801
40727802
40727803
40727804
40727805
40727806
40727807
40727809
40727810
40727811
40727812
40727813
40727814
40727815
40727817
40727818
40727819
40727820
40727821
40727822
40727823
40727824
40727825
40727826
40727827
40727828
40727830
40727831
40727832
40727833
40727835
40727836
40727837
40727838
40727839
40727840
40727841
40727842
40727843
40727844
40727845
40727846
40727847
40727848
40727849
40727850
40727851
40727852
40727853
40727855
40727856
40727857
40727858
40727859
40727860
40727861
40727863
40727865
40727866
40727867
40727868
40727869
40727870
40727871
40727872
40727873
40727874
40727876
40727877
40727879
40727880
40727881
40727882
40727883
40727884
40727885
40727886
40727887
40727888
40727889
40727890
40727891
40727892
40727893
40727894
40727896
40727897
40727898
40727899
40727900
40727902
40727904
40727905
40727906
40727907
40727908
40727909
40727910
40727911
40727912
40727913
40727914
40727915
40727916
40727917
40727918
40727920
40727921
40727922
40727924
40727925
40727926
40727927
40727929
40727930
40727931
40727932
40727933
40727934
40727935
40727936
40727937
40727938
40727939
40727940
40727941
40727942
40727943
40727946
40727948
40727949
40727950
40727951
40727952
40727953
40727955
40727956
40727957
40727958
40727959
40727960
40727961
40727962
40727963
40727964
40727965
40727966
40727967
40727968
40727969
40727970
40727971
40727972
40727973
40727975
40727976
40727977
40727978
40727979
40727980
40727981
40727983
40727985
40727986
40727988
40727989
40727990
40727991
40727992
40727994
40727995
40727996
40727997
40727998
40727999
40728000
40728001
40728002
40728003
40728004
40728005
40728006
40728007
40728009
40728010
40728011
40728012
40728013
40728014
40728015
40728016
40728018
40728019
40728020
40728021
40728022
40728023
40728024
40728026
40728027
40728028
40728029
40728030
40728031
40728032
40728033
40728034
40728035
40728036
40728037
40728038
40728039
40728040
40728041
40728042
40728044
40728045
40728046
40728047
40728048
40728049
40728050
40728051
40728052
40728053
40728054
40728055
40728056
40728057
40728058
40728059
40728060
40728061
40728062
40728063
40728064
40728065
40728066
40728067
40728068
40728070
40728071
40728072
40728073
40728075
40728076
40728077
40728078
40728080
40728081
40728082
40728083
40728087
40728088
40728089
40728090
40728091
40728092
40728094
40728095
40728096
40728097
40728098
40728099
40728100
40728102
40728105
40728107
40728108
40728109
40728110
40728112
40728113
40728114
40728115
40728116
40728117
40728118
40728119
40728120
40728121
40728122
40728123
40728124
40728125
40728126
40728127
40728129
40728130
40728131
40728132
40728133
40728135
40728137
40728138
40728139
40728140
40728142
40728143
40728144
40728145
40728147
40728148
40728149
40728150
40728152
40728153
40728154
40728155
40728156
40728157
40728158
40728159
40728160
40728162
40728163
40728164
40728166
40728168
40728169
40728170
40728171
40728172
40728173
40728174
40728175
40728176
40728179
40728180
40728181
40728182
40728183
40728184
40728186
40728189
40728190
40728191
40728192
40728193
40728194
40728195
40728197
40728198
40728201
40728202
40728203
40728205
40728206
40728207
40728208
40728210
40728211
40728212
40728213
40728214
40728215
40728216
40728218
40728219
40728220
40728221
40728222
40728223
40728224
40728225
40728227
40728228
40728229
40728230
40728231
40728234
40728235
40728236
40728237
40728238
40728239
40728240
40728242
40728243
40728244
40728245
40728246
40728247
40728248
40728249
40728252
40728253
40728254
40728255
40728257
40728258
40728260
40728261
40728262
40728263
40728264
40728266
40728267
40728268
40728269
40728270
40728271
40728272
40728273
40728275
40728277
40728278
40728280
40728281
40728282
40728283
40728284
40728285
40728286
40728287
40728288
40728289
40728290
40728291
40728292
40728293
40728294
40728295
40728296
40728297
40728298
40728300
40728301
40728302
40728303
40728304
40728305
40728306
40728307
40728308
40728309
40728310
40728311
40728312
40728313
40728315
40728317
40728318
40728319
40728320
40728321
40728322
40728323
40728324
40728325
40728326
40728327
40728328
40728329
40728330
40728331
40728332
40728334
40728335
40728336
40728337
40728338
40728339
40728340
40728342
40728344
40728345
40728346
40728347
40728348
40728350
40728351
40728352
40728353
40728354
40728355
40728356
40728357
40728358
40728359
40728360
40728361
40728362
40728363
40728365
40728366
40728367
40728368
40728369
40728371
40728372
40728373
40728374
40728377
40728378
40728379
40728381
40728382
40728383
40728384
40728385
40728386
40728387
40728388
40728389
40728390
40728391
40728392
40728393
40728395
40728396
40728397
40728398
40728399
40728401
40728403
40728405
40728406
40728408
40728409
40728410
40728411
40728412
40728413
40728414
40728415
40728416
40728417
40728418
40728419
40728420
40728421
40728422
40728423
40728424
40728425
40728427
40728429
40728430
40728431
40728432
40728433
40728434
40728435
40728436
40728437
40728438
40728439
40728440
40728441
40728443
40728444
40728445
40728447
40728448
40728449
40728451
40728452
40728453
40728454
40728455
40728456
40728457
40728459
40728460
40728461
40728462
40728463
40728464
40728465
40728466
40728467
40728468
40728469
40728470
40728471
40728473
40728474
40728475
40728476
40728477
40728478
40728479
40728480
40728482
40728483
40728485
40728486
40728487
40728488
40728490
40728491
40728492
40728494
40728495
40728496
40728497
40728498
40728499
40728500
40728501
40728502
40728504
40728505
40728506
40728507
40728508
40728509
40728510
40728511
40728512
40728513
40728514
40728515
40728517
40728518
40728519
40728521
40728523
40728524
40728525
40728526
40728527
40728528
40728529
40728530
40728532
40728533
40728534
40728535
40728536
40728537
40728538
40728539
40728540
40728542
40728543
40728544
40728545
40728546
40728547
40728548
40728549
40728551
40728552
40728553
40728554
40728555
40728556
40728557
40728558
40728559
40728560
40728561
40728562
40728565
40728566
40728567
40728568
40728569
40728570
40728571
40728572
40728574
40728575
40728576
40728577
40728578
40728579
40728580
40728581
40728582
40728583
40728584
40728585
40728586
40728587
40728588
40728589
40728590
40728591
40728592
40728593
40728594
40728595
40728597
40728598
40728599
40728600
40728601
40728602
40728603
40728604
40728606
40728607
40728608
40728609
40728611
40728612
40728613
40728614
40728617
40728618
40728619
40728620
40728621
40728622
40728623
40728624
40728625
40728626
40728627
40728628
40728629
40728630
40728631
40728633
40728634
40728635
40728639
40728640
40728641
40728642
40728643
40728644
40728645
40728646
40728648
40728649
40728650
40728652
40728653
40728654
40728656
40728657
40728658
40728659
40728660
40728661
40728663
40728664
40728665
40728666
40728667
40728668
40728669
40728670
40728671
40728672
40728673
40728674
40728675
40728676
40728677
40728678
40728679
40728680
40728681
40728682
40728683
40728685
40728686
40728687
40728688
40728689
40728690
40728691
40728692
40728693
40728694
40728695
40728696
40728697
40728698
40728699
40728700
40728701
40728702
40728703
40728704
40728705
40728706
40728707
40728708
40728709
40728710
40728711
40728712
40728713
40728714
40728715
40728716
40728717
40728718
40728719
40728720
40728721
40728722
40728723
40728724
40728725
40728726
40728727
40728728
40728729
40728731
40728732
40728733
40728734
40728736
40728737
40728738
40728739
40728741
40728742
40728743
40728749
40728754
40728760
40728765
40728769
40728770
40728772
40728778
40728779
40728784
40728785
40728788
40728800
40728793
40728810
40728828
40728829
40728847
40728853
40728854
40728855
40728857
40728861
40728862
40728873
40728874
40728881
40728885
40728886
40728887
40728890
40728895
40728897
40728900
40728911
40728916
40728921
40728930
40728934
40728936
40728937
40728941
40728945
40728954
40728964
40728976
40728977
40728987
40729004
40729014
40729023
40729032
40729037
40729041
40729045
40729049
40729050
40729055
40729058
40729061
40729067
40729070
40729073
40729074
40729077
40729083
40729087
40729094
40729096
40729099
40729101
40729103
40729109
40729112
40729122
40729124
40729128
40729131
40729132
40729138
40729151
40729152
40729154
40729155
40729159
40729168
40729183
40729184
40729187
40729194
40729195
40729200
40729211
40729214
40729217
40729220
40729226
40729236
40729242
40729243
40729256
40729259
40729276
40729279
40729281
40729285
40729289
40729291
40729293
40729294
40729296
40729315
40729321
40729325
40729339
40729340
40729342
40729343
40729354
40729371
40729377
40729379
40729385
40729388
40729389
40729401
40729414
40729417
40729418
40729419
40729421
40729422
40729423
40729425
40729426
40729427
40729429
40729428
40729431