39190529
39190530
39190531
39190533
39190534
39190535
39190536
39190537
39190538
39190540
39190541
39190542
39190543
39190544
39190545
39190546
39190547
39190548
39190549
39190550
39190551
39190552
39190553
39190555
39190556
39190557
39190558
39190559
39190560
39190562
39190563
39190564
39190565
39190566
39190567
39190569
39190570
39190571
39190572
39190573
39190574
39190575
39190576
39190577
39190578
39190579
39190580
39190581
39190582
39190583
39190584
39190585
39190587
39190588
39190589
39190590
39190591
39190592
39190593
39190594
39190595
39190596
39190598
39190599
39190600
39190601
39190602
39190603
39190604
39190605
39190607
39190608
39190609
39190610
39190611
39190613
39190614
39190615
39190616
39190617
39190619
39190620
39190621
39190623
39190624
39190625
39190626
39190627
39190628
39190629
39190630
39190631
39190632
39190633
39190634
39190635
39190636
39190637
39190638
39190639
39190640
39190641
39190643
39190644
39190645
39190646
39190647
39190648
39190649
39190650
39190651
39190652
39190654
39190655
39190656
39190657
39190658
39190659
39190662
39190663
39190664
39190666
39190668
39190669
39190670
39190674
39190675
39190676
39190677
39190678
39190679
39190680
39190682
39190683
39190685
39190686
39190688
39190691
39190692
39190693
39190695
39190696
39190697
39190698
39190699
39190700
39190701
39190702
39190703
39190704
39190706
39190707
39190708
39190710
39190711
39190714
39190715
39190716
39190717
39190718
39190721
39190722
39190723
39190724
39190726
39190727
39190728
39190729
39190730
39190732
39190733
39190734
39190735
39190736
39190737
39190738
39190739
39190741
39190743
39190744
39190746
39190748
39190749
39190750
39190751
39190753
39190755
39190756
39190757
39190758
39190759
39190760
39190761
39190762
39190763
39190764
39190765
39190767
39190768
39190769
39190770
39190771
39190772
39190773
39190774
39190777
39190778
39190779
39190780
39190782
39190783
39190784
39190785
39190786
39190787
39190788
39190789
39190790
39190791
39190792
39190793
39190794
39190796
39190797
39190798
39190801
39190803
39190804
39190805
39190807
39190808
39190809
39190810
39190811
39190812
39190813
39190814
39190815
39190816
39190817
39190821
39190822
39190823
39190824
39190825
39190826
39190827
39190829
39190830
39190831
39190832
39190833
39190834
39190835
39190837
39190838
39190839
39190840
39190841
39190842
39190844
39190845
39190846
39190847
39190848
39190849
39190850
39190851
39190852
39190853
39190854
39190855
39190856
39190857
39190858
39190859
39190860
39190862
39190863
39190864
39190865
39190866
39190867
39190868
39190869
39190870
39190872
39190873
39190875
39190876
39190877
39190878
39190880
39190881
39190882
39190883
39190884
39190886
39190887
39190888
39190890
39190892
39190893
39190894
39190895
39190896
39190897
39190898
39190899
39190900
39190901
39190902
39190903
39190904
39190905
39190906
39190907
39190908
39190909
39190911
39190912
39190913
39190914
39190915
39190917
39190919
39190920
39190921
39190922
39190923
39190925
39190927
39190928
39190929
39190931
39190932
39190933
39190934
39190935
39190937
39190938
39190939
39190940
39190941
39190943
39190944
39190945
39190946
39190947
39190948
39190950
39190951
39190952
39190953
39190954
39190955
39190957
39190958
39190959
39190960
39190961
39190962
39190963
39190964
39190965
39190966
39190967
39190969
39190971
39190972
39190973
39190974
39190975
39190976
39190977
39190978
39190982
39190983
39190984
39190985
39190986
39190987
39190988
39190989
39190991
39190992
39190993
39190994
39190995
39190996
39190997
39190998
39190999
39191000
39191001
39191002
39191004
39191005
39191006
39191008
39191009
39191010
39191011
39191012
39191014
39191016
39191017
39191018
39191019
39191020
39191021
39191022
39191024
39191025
39191026
39191027
39191029
39191030
39191032
39191033
39191034
39191035
39191037
39191038
39191039
39191040
39191042
39191043
39191044
39191046
39191047
39191048
39191049
39191050
39191051
39191052
39191053
39191054
39191055
39191056
39191057
39191058
39191059
39191061
39191062
39191063
39191064
39191065
39191066
39191067
39191068
39191069
39191070
39191072
39191073
39191074
39191075
39191076
39191077
39191078
39191079
39191080
39191081
39191082
39191083
39191084
39191085
39191086
39191087
39191088
39191089
39191090
39191092
39191093
39191094
39191095
39191096
39191097
39191098
39191099
39191100
39191101
39191102
39191103
39191104
39191105
39191106
39191108
39191109
39191110
39191111
39191112
39191113
39191114
39191115
39191116
39191117
39191118
39191121
39191122
39191123
39191124
39191125
39191126
39191127
39191128
39191130
39191131
39191132
39191133
39191134
39191135
39191137
39191138
39191139
39191140
39191141
39191142
39191143
39191144
39191145
39191147
39191148
39191149
39191150
39191151
39191152
39191153
39191154
39191155
39191156
39191157
39191158
39191159
39191160
39191161
39191162
39191163
39191164
39191165
39191166
39191167
39191168
39191169
39191170
39191171
39191172
39191173
39191174
39191175
39191176
39191177
39191178
39191179
39191180
39191181
39191182
39191184
39191186
39191187
39191188
39191189
39191190
39191191
39191192
39191195
39191196
39191197
39191198
39191199
39191201
39191202
39191203
39191204
39191205
39191206
39191207
39191208
39191210
39191213
39191214
39191215
39191216
39191218
39191219
39191220
39191221
39191222
39191223
39191224
39191225
39191226
39191227
39191228
39191229
39191231
39191232
39191233
39191234
39191235
39191237
39191239
39191240
39191241
39191242
39191244
39191245
39191246
39191247
39191248
39191249
39191250
39191251
39191252
39191253
39191254
39191255
39191256
39191257
39191259
39191260
39191261
39191262
39191263
39191264
39191265
39191266
39191267
39191269
39191270
39191271
39191272
39191273
39191275
39191276
39191277
39191278
39191279
39191280
39191281
39191282
39191283
39181091
39181092
39181093
39181094
39181096
39181097
39181098
39181099
39181101
39181102
39181103
39181104
39181105
39181106
39181107
39181108
39181110
39181111
39181112
39181113
39181114
39181115
39181116
39181117
39181118
39181119
39181120
39181121
39181122
39181124
39181126
39181127
39181129
39181130
39181131
39181132
39181133
39181134
39181135
39181136
39181137
39181138
39181139
39181140
39181142
39181144
39181145
39181146
39181147
39181148
39181149
39181150
39181151
39181152
39181153
39181154
39181155
39181156
39181157
39181158
39181159
39181160
39181161
39181162
39181163
39181164
39181166
39181167
39181168
39181169
39181170
39181171
39181172
39181173
39181174
39181175
39181176
39181177
39181178
39181179
39181180
39181181
39181182
39181183
39181184
39181185
39181186
39181187
39181188
39181189
39181190
39181191
39181192
39181193
39181194
39181195
39181196
39181197
39181198
39181199
39181200
39181201
39181202
39181203
39181204
39181205
39181206
39181207
39181208
39181209
39181210
39181211
39181212
39181213
39181214
39181215
39181216
39181217
39181219
39181220
39181221
39181222
39181225
39181226
39181227
39181228
39181229
39181231
39181233
39181234
39181235
39181236
39181238
39181239
39181240
39181241
39181242
39181243
39181244
39181245
39181246
39181247
39181248
39181249
39181251
39181252
39181253
39181254
39181255
39181256
39181257
39181258
39181259
39181260
39181261
39181262
39181263
39181264
39181265
39181266
39181267
39181269
39181270
39181271
39181272
39181273
39181274
39181275
39181276
39181277
39181278
39181279
39181280
39181281
39181282
39181283
39181284
39181285
39181286
39181287
39181288
39181289
39181290
39181291
39181292
39181293
39181294
39181295
39181296
39181297
39181298
39181299
39181300
39181301
39181302
39181303
39181305
39181306
39181307
39181308
39181309
39181310
39181311
39181312
39181313
39181314
39181316
39181317
39181318
39181319
39181321
39181322
39181323
39181324
39181325
39181326
39181328
39181330
39181331
39181332
39181333
39181334
39181335
39181336
39181339
39181340
39181341
39181342
39181343
39181344
39181345
39181346
39181347
39181349
39181350
39181351
39181352
39181353
39181354
39181355
39181356
39181357
39181358
39181359
39181360
39181361
39181362
39181363
39181364
39181365
39181366
39181368
39181370
39181371
39181372
39181374
39181375
39181376
39181377
39181380
39181381
39181383
39181384
39181385
39181386
39181387
39181388
39181389
39181390
39181392
39181393
39181395
39181396
39181397
39181398
39181399
39181400
39181401
39181402
39181403
39181404
39181405
39181406
39181407
39181408
39181409
39181410
39181411
39181412
39181413
39181415
39181417
39181418
39181419
39181420
39181421
39181422
39181423
39181425
39181426
39181427
39181428
39181429
39181431
39181432
39181433
39181434
39181435
39181436
39181437
39181438
39181440
39181441
39181442
39181443
39181444
39181445
39181446
39181447
39181449
39181450
39181451
39181452
39181453
39181454
39181455
39181456
39181458
39181459
39181460
39181462
39181463
39181464
39181465
39181466
39181468
39181469
39181470
39181471
39181472
39181473
39181474
39181475
39181477
39181478
39181481
39181482
39181483
39181484
39181485
39181486
39181487
39181488
39181489
39181490
39181491
39181492
39181493
39181494
39181495
39181496
39181497
39181499
39181500
39181501
39181502
39181503
39181504
39181505
39181506
39181507
39181508
39181509
39181510
39181511
39181512
39181513
39181514
39181515
39181516
39181517
39181520
39181521
39181522
39181523
39181524
39181525
39181526
39181527
39181528
39181529
39181530
39181531
39181532
39181533
39181536
39181537
39181538
39181539
39181540
39181543
39181544
39181545
39181546
39181548
39181550
39181551
39181552
39181553
39181554
39181555
39181557
39181559
39181560
39181561
39181562
39181564
39181566
39181567
39181569
39181570
39181571
39181572
39181573
39181574
39181575
39181576
39181578
39181579
39181581
39181582
39181583
39181584
39181585
39181586
39181587
39181588
39181589
39181591
39181592
39181593
39181594
39181595
39181597
39181598
39181599
39181600
39181601
39181603
39181604
39181605
39181606
39181607
39181608
39181609
39181611
39181613
39181614
39181615
39181616
39181617
39181618
39181619
39181621
39181623
39181624
39181625
39181626
39181627
39181628
39181629
39181630
39181632
39181633
39181634
39181635
39181637
39181638
39181639
39181640
39181642
39181643
39181645
39181646
39181647
39181648
39181649
39181650
39181653
39181654
39181655
39181656
39181657
39181658
39181659
39181660
39181661
39181662
39181663
39181664
39181665
39181666
39181667
39181668
39181669
39181671
39181672
39181673
39181674
39181675
39181676
39181677
39181678
39181679
39181680
39181681
39181682
39181683
39181684
39181685
39181686
39181687
39181688
39181689
39181690
39181691
39181692
39181693
39181694
39181695
39181696
39181697
39181698
39181699
39181700
39181701
39181702
39181703
39181704
39181705
39181706
39181707
39181708
39181710
39181711
39181712
39181713
39181714
39181715
39181716
39181718
39181719
39181720
39181721
39181722
39181723
39181724
39181725
39181726
39181727
39181728
39181729
39181730
39181731
39181732
39181733
39181734
39181736
39181737
39181738
39181739
39181740
39181741
39181742
39181743
39181744
39181745
39181746
39181747
39181748
39181749
39181750
39181751
39181752
39181753
39181754
39181755
39181756
39181757
39181758
39181759
39181760
39181761
39181763
39181764
39181765
39181766
39181767
39181768
39181769
39181770
39181771
39181772
39181773
39181774
39181775
39181776
39181777
39181778
39181779
39181780
39181781
39181782
39181783
39181784
39181786
39181789
39181790
39181791
39181792
39181793
39181794
39181795
39181796
39181797
39181798
39181799
39181800
39181801
39181802
39181803
39181804
39181805
39181806
39181807
39181808
39181809
39181810
39181811
39181812
39181813
39181814
39181815
39181816
39181817
39181818
39181819
39181820
39181821
39181822
39181824
39181825
39181826
39181827
39181828
39181829
39181830
39181831
39181832
39181834
39181835
39181837
39181839
39181840
39181841
39181842
39181843
39181844
39181845
39181846
39181847
39181848
39181849
39181850
39181851
39181852
39181853
39181854
39181855
39181857
39181858
39181859
39181860
39181862
39181863
39181864
39181865
39181866
39181867
39181868
39181869
39181870
39181871
39181872
39181873
39181874
39181875
39181876
39181877
39181878
39181879
39181880
39181881
39181882
39181883
39181884
39181885
39181886
39181887
39181888
39181889
39181890
39181891
39181892
39181893
39181894
39181895
39181896
39181897
39181898
39181899
39181900
39181901
39181902
39181903
39181904
39181905
39181906
39181907
39181908
39181909
39181910
39181911
39181912
39181913
39181914
39181915
39181916
39181917
39181918
39181919
39181920
39181921
39181922
39181923
39181925
39181926
39181927
39181928
39181929
39181930
39181931
39181932
39181933
39181934
39181935
39181936
39181937
39181939
39181940
39181941
39181942
39181943
39181944
39181945
39181946
39181947
39181949
39181950
39181951
39181952
39181953
39181954
39181955
39181956
39181957
39181958
39181959
39181960
39181961
39181962
39181963
39181964
39181965
39181967
39181968
39181969
39181970
39181971
39181972
39181973
39181974
39181975
39181977
39181978
39181979
39181980
39181981
39181982
39181983
39181984
39181985
39181986
39181987
39181988
39181989
39181990
39181991
39181992
39181993
39181994
39181995
39181996
39181997
39181998
39181999
39182001
39182002
39182003
39182004
39182005
39182006
39182007
39182008
39182009
39182010
39182011
39182012
39182013
39182014
39182015
39182016
39182017
39182018
39182019
39182020
39182021
39182022
39182023
39182024
39182025
39182026
39182027
39182028
39182029
39182030
39182031
39182032
39182034
39182035
39182036
39182037
39182038
39182039
39182040
39182041
39182042
39182044
39182045
39182046
39182048
39182049
39182050
39182051
39182052
39182053
39182054
39182055
39182056
39182057
39182058
39182059
39182060
39182061
39182062
39182063
39182064
39182065
39182066
39182067
39182069
39182070
39182071
39182072
39182073
39182074
39182075
39182076
39182077
39182078
39182079
39182080
39182081
39182082
39182084
39182085
39182086
39182087
39182088
39182089
39182090
39182091
39182092
39182093
39182094
39182095
39182096
39182097
39182099
39182100
39182101
39182102
39182103
39182104
39182105
39182106
39182107
39182108
39182109
39182110
39182111
39182113
39182114
39182115
39182116
39182118
39182119
39182120
39182121
39182122
39182124
39182126
39182127
39182128
39182129
39182130
39182131
39182132
39182134
39182135
39182136
39182137
39182139
39182140
39182141
39182142
39182143
39182144
39182146
39182147
39182148
39182149
39182150
39182152
39182153
39182154
39182155
39182157
39182158
39182159
39182161
39182162
39182163
39182164
39182165
39182166
39182167
39182168
39182169
39182170
39182171
39182172
39182173
39182174
39182175
39182176
39182177
39182178
39182179
39182180
39182182
39182183
39182186
39182187
39182188
39182189
39182190
39182191
39182192
39182193
39182194
39182195
39182196
39182198
39182199
39182200
39182201
39182202
39182203
39182204
39182205
39182206
39182207
39182208
39182209
39182210
39182211
39182212
39182213
39182214
39182215
39182216
39182217
39182218
39182219
39182220
39182221
39182222
39182223
39182225
39182226
39182227
39182228
39182229
39182230
39182231
39182234
39182235
39182236
39182237
39182238
39182239
39182240
39182241
39182243
39182244
39182245
39182246
39182247
39182248
39182249
39182250
39182251
39182252
39182254
39182255
39182256
39182257
39182258
39182259
39182260
39182261
39182263
39182264
39182265
39182266
39182268
39182269
39182270
39182271
39182272
39182273
39182274
39182275
39182276
39182277
39182278
39182279
39182281
39182282
39182283
39182285
39182286
39182287
39182288
39182289
39182290
39182291
39182292
39182293
39182294
39182295
39182296
39182297
39182298
39182299
39182300
39182302
39182303
39182304
39182305
39182306
39182307
39182308
39182309
39182310
39182311
39182312
39182313
39182314
39182315
39182316
39182317
39182318
39182319
39182320
39182321
39182322
39182324
39182325
39182326
39182327
39182328
39182329
39182330
39182331
39182332
39182333
39182334
39182335
39182336
39182337
39182338
39182340
39182341
39182342
39182343
39182344
39182345
39182346
39182347
39182348
39182349
39182350
39182351
39182352
39182353
39182354
39182355
39182356
39182357
39182358
39182359
39182360
39182361
39182362
39182364
39182365
39182366
39182367
39182370
39182371
39182372
39182373
39182374
39182375
39182376
39182377
39182378
39182379
39182380
39182382
39182383
39182384
39182385
39182386
39182387
39182388
39182389
39182391
39182392
39182393
39182394
39182395
39182396
39182397
39182398
39182399
39182400
39182401
39182402
39182403
39182404
39182405
39182406
39182407
39182408
39182409
39182410
39182411
39182412
39182413
39182415
39182416
39182417
39182418
39182420
39182421
39182422
39182423
39182424
39182425
39182426
39182427
39182428
39182429
39182430
39182431
39182432
39182434
39182435
39182436
39182437
39182438
39182439
39182440
39182441
39182442
39182443
39182444
39182445
39182446
39182447
39182448
39182449
39182450
39182451
39182453
39182454
39182455
39182456
39182457
39182458
39182459
39182460
39182462
39182463
39182464
39182465
39182467
39182468
39182469
39182470
39182471
39182472
39182473
39182474
39182475
39182476
39182477
39182478
39182480
39182482
39182483
39182484
39182485
39182486
39182487
39182488
39182489
39182490
39182491
39182492
39182493
39182494
39182495
39182496
39182497
39182498
39182499
39182500
39182501
39182502
39182503
39182504
39182505
39182506
39182507
39182508
39182509
39182510
39182511
39182512
39182513
39182514
39182515
39182516
39182517
39182518
39182519
39182520
39182521
39182522
39182523
39182524
39182525
39182526
39182527
39182528
39182529
39182530
39182531
39182532
39182533
39182534
39182535
39182536
39182537
39182538
39182539
39182540
39182541
39182542
39182543
39182544
39182545
39182546
39182547
39182548
39182549
39182550
39182551
39182552
39182553
39182554
39182555
39182556
39182557
39182558
39182559
39182560
39182561
39182562
39182563
39182564
39182565
39182566
39182567
39182568
39182569
39182570
39182571
39182572
39182573
39182574
39182575
39182576
39182577
39182578
39182579
39182580
39182581
39182582
39182583
39182584
39182585
39182586
39182587
39182588
39182589
39182590
39182591
39182592
39182593
39182594
39182595
39182596
39182597
39182598
39182599
39182600
39182601
39182602
39182603
39182604
39182605
39182606
39182607
39182608
39182609
39182610
39182611
39182612
39182613
39182614
39182615
39182616
39182617
39182618
39182619
39182620
39182621
39182622
39182623
39182624
39182625
39182626
39182627
39182628
39182629
39182630
39182631
39182632
39182633
39182634
39182635
39182636
39182637
39182638
39182639
39182641
39182642
39182643
39182644
39182645
39182646
39182647
39182648
39182649
39182650
39182651
39182652
39182653
39182654
39182655
39182656
39182657
39182658
39182659
39182660
39182661
39182662
39182663
39182664
39182665
39182666
39182667
39182668
39182669
39182670
39182671
39182672
39182673
39182674
39182675
39182676
39182677
39182678
39182679
39182680
39182681
39182682
39182684
39182685
39182686
39182688
39182689
39182690
39182691
39182692
39182693
39182694
39182695
39182696
39182697
39182698
39182699
39182700
39182701
39182702
39182703
39182704
39182705
39182706
39182707
39182708
39182709
39182710
39182711
39182712
39182713
39182715
39182716
39182717
39182718
39182719
39182720
39182721
39182722
39182723
39182724
39182725
39182726
39182727
39182729
39182730
39182731
39182732
39182733
39182734
39182735
39182736
39182737
39182738
39182739
39182740
39182741
39182743
39182744
39182745
39182746
39182747
39182749
39182750
39182751
39182752
39182753
39182754
39182756
39182757
39182758
39182759
39182760
39182761
39182762
39182764
39182765
39182766
39182767
39182768
39182769
39182770
39182771
39182772
39182774
39182775
39182776
39182777
39182778
39182780
39182781
39182782
39182783
39182784
39182785
39182786
39182787
39182788
39182790
39182791
39182792
39182793
39182794
39182795
39182796
39182797
39182798
39182799
39182800
39182801
39182802
39182804
39182805
39182806
39182807
39182809
39182811
39182812
39182813
39182814
39182815
39182816
39182817
39182818
39182819
39182820
39182821
39182822
39182823
39182824
39182825
39182826
39182827
39182828
39182829
39182830
39182831
39182832
39182833
39182834
39182835
39182837
39182838
39182839
39182840
39182841
39182842
39182843
39182845
39182846
39182847
39182848
39182849
39182850
39182851
39182852
39182853
39182854
39182856
39182857
39182858
39182859
39182860
39182861
39182862
39182863
39182864
39182865
39182866
39182867
39182868
39182870
39182871
39182872
39182873
39182874
39182876
39182877
39182878
39182879
39182880
39182882
39182883
39182884
39182885
39182886
39182887
39182888
39182889
39182890
39182891
39182892
39182893
39182894
39182895
39182896
39182897
39182898
39182899
39182900
39182901
39182902
39182904
39182905
39182906
39182907
39182909
39182910
39182911
39182912
39182914
39182915
39182916
39182918
39182919
39182920
39182921
39182922
39182923
39182926
39182928
39182929
39182930
39182932
39182933
39182934
39182935
39182936
39182937
39182938
39182939
39182940
39182942
39182943
39182944
39182945
39182946
39182947
39182948
39182949
39182950
39182951
39182952
39182953
39182954
39182955
39182956
39182957
39182958
39182959
39182960
39182961
39182962
39182963
39182964
39182965
39182967
39182968
39182969
39182970
39182971
39182972
39182973
39182974
39182975
39182976
39182977
39182978
39182979
39182980
39182981
39182982
39182983
39182984
39182985
39182986
39182988
39182989
39182991
39182992
39182993
39182994
39182995
39182996
39182997
39182998
39182999
39183000
39183001
39183002
39183003
39183004
39183006
39183007
39183008
39183009
39183012
39183013
39183014
39183015
39183016
39183018
39183019
39183020
39183021
39183022
39183024
39183025
39183026
39183028
39183029
39183030
39183031
39183032
39183033
39183034
39183036
39183037
39183038
39183039
39183040
39183041
39183042
39183043
39183044
39183045
39183046
39183047
39183050
39183051
39183052
39183053
39183054
39183055
39183057
39183058
39183059
39183061
39183062
39183064
39183065
39183066
39183067
39183069
39183070
39183071
39183072
39183073
39183074
39183075
39183076
39183077
39183078
39183079
39183080
39183081
39183082
39183083
39183085
39183086
39183087
39183088
39183090
39183091
39183092
39183093
39183094
39183095
39183096
39183097
39183098
39183099
39183100
39183101
39183102
39183103
39183104
39183105
39183106
39183107
39183108
39183109
39183110
39183112
39183113
39183114
39183115
39183116
39183117
39183118
39183119
39183120
39183122
39183123
39183124
39183125
39183126
39183128
39183129
39183130
39183131
39183132
39183133
39183134
39183135
39183136
39183138
39183139
39183140
39183141
39183142
39183143
39183145
39183146
39183147
39183148
39183149
39183150
39183151
39183152
39183153
39183154
39183155
39183156
39183157
39183158
39183160
39183161
39183162
39183163
39183164
39183165
39183166
39183167
39183168
39183169
39183170
39183171
39183172
39183173
39183174
39183176
39183177
39183178
39183179
39183180
39183181
39183182
39183183
39183184
39183185
39183186
39183187
39183188
39183189
39183190
39183191
39183192
39183193
39183194
39183195
39183196
39183197
39183198
39183199
39183200
39183201
39183202
39183203
39183204
39183205
39183206
39183207
39183208
39183209
39183210
39183211
39183212
39183213
39183214
39183215
39183216
39183217
39183218
39183219
39183220
39183221
39183222
39183223
39183224
39183226
39183227
39183229
39183230
39183231
39183232
39183233
39183234
39183235
39183236
39183237
39183238
39183239
39183240
39183242
39183243
39183244
39183245
39183246
39183247
39183248
39183249
39183250
39183251
39183252
39183253
39183255
39183256
39183257
39183258
39183259
39183260
39183261
39183262
39183263
39183264
39183265
39183266
39183267
39183268
39183269
39183270
39183271
39183272
39183273
39183274
39183275
39183276
39183279
39183280
39183282
39183283
39183284
39183285
39183286
39183287
39183288
39183289
39183291
39183292
39183293
39183294
39183295
39183296
39183297
39183298
39183300
39183301
39183302
39183303
39183304
39183305
39183306
39183307
39183308
39183309
39183310
39183311
39183312
39183313
39183314
39183315
39183316
39183317
39183318
39183319
39183320
39183321
39183322
39183323
39183324
39183325
39183326
39183327
39183328
39183329
39183332
39183333
39183334
39183335
39183337
39183338
39183339
39183340
39183343
39183344
39183345
39183346
39183347
39183348
39183349
39183350
39183351
39183353
39183354
39183355
39183356
39183358
39183359
39183360
39183361
39183362
39183363
39183364
39183365
39183366
39183367
39183369
39183370
39183371
39183372
39183373
39183375
39183379
39183380
39183381
39183382
39183383
39183384
39183386
39183387
39183389
39183390
39183391
39183392
39183393
39183394
39183396
39183397
39183398
39183399
39183400
39183402
39183403
39183404
39183405
39183406
39183408
39183409
39183411
39183412
39183413
39183414
39183415
39183416
39183417
39183418
39183419
39183420
39183421
39183422
39183423
39183424
39183425
39183426
39183427
39183428
39183429
39183430
39183431
39183432
39183434
39183435
39183436
39183437
39183439
39183440
39183441
39183443
39183445
39183446
39183447
39183448
39183449
39183450
39183452
39183453
39183454
39183455
39183456
39183458
39183459
39183460
39183461
39183462
39183463
39183464
39183465
39183466
39183467
39183468
39183470
39183471
39183472
39183473
39183474
39183475
39183476
39183477
39183478
39183479
39183480
39183481
39183482
39183483
39183485
39183487
39183488
39183489
39183490
39183491
39183492
39183493
39183494
39183495
39183496
39183497
39183498
39183499
39183501
39183502
39183503
39183504
39183505
39183506
39183507
39183508
39183509
39183510
39183511
39183512
39183513
39183514
39183515
39183516
39183517
39183518
39183519
39183520
39183521
39183522
39183523
39183524
39183526
39183527
39183528
39183529
39183530
39183531
39183533
39183534
39183535
39183536
39183537
39183539
39183540
39183541
39183542
39183544
39183545
39183546
39183547
39183548
39183549
39183550
39183552
39183553
39183554
39183555
39183556
39183557
39183558
39183559
39183560
39183561
39183562
39183563
39183565
39183566
39183567
39183568
39183569
39183570
39183571
39183572
39183573
39183575
39183576
39183577
39183578
39183579
39183580
39183581
39183582
39183583
39183584
39183585
39183586
39183587
39183588
39183589
39183590
39183592
39183594
39183595
39183596
39183597
39183598
39183599
39183600
39183601
39183602
39183603
39183604
39183605
39183606
39183607
39183608
39183609
39183610
39183611
39183612
39183613
39183614
39183615
39183616
39183617
39183618
39183619
39183620
39183621
39183622
39183623
39183625
39183626
39183627
39183628
39183630
39183631
39183632
39183633
39183634
39183635
39183636
39183637
39183638
39183639
39183640
39183642
39183643
39183644
39183645
39183646
39183647
39183648
39183649
39183650
39183651
39183653
39183654
39183655
39183656
39183657
39183658
39183659
39183660
39183661
39183662
39183663
39183664
39183665
39183667
39183668
39183669
39183670
39183671
39183672
39183673
39183674
39183675
39183676
39183677
39183678
39183679
39183680
39183681
39183682
39183683
39183685
39183686
39183687
39183688
39183690
39183691
39183692
39183693
39183695
39183696
39183697
39183698
39183699
39183700
39183701
39183702
39183703
39183704
39183705
39183706
39183708
39183710
39183711
39183712
39183713
39183714
39183716
39183717
39183718
39183719
39183720
39183721
39183722
39183723
39183724
39183725
39183726
39183727
39183728
39183729
39183730
39183731
39183733
39183734
39183735
39183736
39183737
39183738
39183739
39183740
39183741
39183742
39183744
39183745
39183746
39183747
39183748
39183749
39183750
39183751
39183752
39183753
39183754
39183755
39183756
39183757
39183758
39183759
39183760
39183761
39183762
39183764
39183765
39183766
39183767
39183768
39183769
39183770
39183771
39183772
39183774
39183775
39183776
39183777
39183778
39183780
39183781
39183782
39183783
39183784
39183785
39183786
39183787
39183788
39183789
39183790
39183791
39183792
39183794
39183795
39183796
39183797
39183798
39183799
39183800
39183801
39183802
39183803
39183804
39183805
39183806
39183807
39183808
39183810
39183811
39183813
39183814
39183815
39183816
39183817
39183818
39183819
39183820
39183821
39183823
39183824
39183825
39183827
39183828
39183829
39183830
39183832
39183833
39183834
39183835
39183836
39183837
39183838
39183840
39183841
39183842
39183843
39183844
39183845
39183846
39183847
39183849
39183850
39183851
39183852
39183853
39183854
39183855
39183856
39183858
39183859
39183860
39183862
39183863
39183864
39183865
39183866
39183867
39183868
39183869
39183872
39183873
39183875
39183876
39183877
39183879
39183880
39183882
39183883
39183884
39183885
39183887
39183888
39183889
39183890
39183891
39183892
39183893
39183894
39183895
39183896
39183897
39183898
39183900
39183901
39183902
39183903
39183904
39183905
39183906
39183907
39183908
39183909
39183910
39183912
39183914
39183915
39183917
39183918
39183919
39183921
39183922
39183923
39183924
39183925
39183926
39183927
39183928
39183929
39183931
39183932
39183934
39183935
39183936
39183937
39183938
39183939
39183941
39183942
39183943
39183944
39183945
39183946
39183947
39183948
39183949
39183950
39183952
39183953
39183954
39183955
39183956
39183959
39183960
39183961
39183962
39183963
39183966
39183967
39183968
39183969
39183970
39183972
39183973
39183974
39183976
39183977
39183978
39183979
39183980
39183981
39183982
39183983
39183984
39183985
39183987
39183988
39183989
39183990
39183991
39183992
39183994
39183995
39183996
39183997
39183998
39183999
39184000
39184001
39184002
39184003
39184004
39184005
39184006
39184008
39184009
39184011
39184012
39184013
39184014
39184015
39184016
39184017
39184018
39184019
39184022
39184023
39184024
39184026
39184027
39184028
39184030
39184031
39184033
39184035
39184037
39184038
39184039
39184040
39184042
39184043
39184044
39184045
39184046
39184048
39184050
39184052
39184053
39184054
39184055
39184056
39184057
39184058
39184059
39184060
39184063
39184064
39184065
39184066
39184067
39184069
39184070
39184072
39184073
39184074
39184076
39184077
39184078
39184079
39184080
39184082
39184083
39184084
39184085
39184086
39184087
39184088
39184089
39184090
39184091
39184092
39184093
39184094
39184095
39184096
39184097
39184098
39184099
39184100
39184101
39184103
39184104
39184105
39184106
39184107
39184108
39184109
39184110
39184111
39184112
39184113
39184114
39184115
39184117
39184118
39184119
39184123
39184124
39184126
39184127
39184128
39184130
39184131
39184132
39184133
39184134
39184135
39184137
39184138
39184139
39184140
39184141
39184142
39184143
39184144
39184145
39184146
39184147
39184148
39184149
39184151
39184153
39184154
39184155
39184156
39184157
39184158
39184159
39184160
39184161
39184162
39184163
39184164
39184166
39184167
39184168
39184169
39184170
39184172
39184173
39184175
39184176
39184177
39184178
39184179
39184180
39184181
39184182
39184183
39184184
39184186
39184187
39184188
39184189
39184192
39184193
39184194
39184195
39184196
39184197
39184198
39184199
39184200
39184201
39184202
39184203
39184204
39184205
39184206
39184207
39184208
39184209
39184211
39184212
39184214
39184215
39184216
39184217
39184218
39184219
39184220
39184221
39184222
39184223
39184224
39184225
39184226
39184227
39184228
39184229
39184230
39184231
39184232
39184233
39184235
39184236
39184237
39184238
39184239
39184240
39184242
39184243
39184244
39184246
39184248
39184249
39184250
39184251
39184252
39184253
39184254
39184255
39184256
39184257
39184258
39184259
39184260
39184261
39184262
39184263
39184264
39184265
39184266
39184267
39184268
39184269
39184271
39184272
39184273
39184274
39184275
39184276
39184277
39184278
39184279
39184280
39184281
39184282
39184283
39184284
39184285
39184286
39184287
39184288
39184289
39184290
39184291
39184292
39184293
39184294
39184295
39184296
39184297
39184298
39184300
39184301
39184303
39184304
39184306
39184307
39184308
39184310
39184311
39184312
39184313
39184314
39184315
39184316
39184317
39184318
39184319
39184320
39184321
39184322
39184324
39184325
39184326
39184327
39184328
39184329
39184330
39184331
39184332
39184333
39184334
39184335
39184336
39184337
39184339
39184340
39184342
39184343
39184344
39184345
39184346
39184347
39184348
39184349
39184350
39184351
39184352
39184353
39184354
39184355
39184356
39184357
39184358
39184359
39184360
39184361
39184362
39184363
39184364
39184365
39184366
39184367
39184368
39184369
39184370
39184371
39184372
39184374
39184375
39184376
39184377
39184378
39184379
39184380
39184382
39184383
39184384
39184385
39184386
39184387
39184388
39184389
39184391
39184392
39184393
39184394
39184395
39184396
39184397
39184398
39184399
39184400
39184401
39184402
39184403
39184404
39184405
39184406
39184407
39184408
39184409
39184410
39184411
39184412
39184414
39184415
39184416
39184417
39184418
39184419
39184420
39184421
39184423
39184424
39184425
39184426
39184427
39184428
39184429
39184430
39184431
39184432
39184434
39184435
39184436
39184437
39184438
39184439
39184440
39184441
39184442
39184443
39184444
39184445
39184447
39184448
39184449
39184450
39184451
39184452
39184454
39184455
39184456
39184460
39184461
39184462
39184463
39184464
39184465
39184467
39184468
39184470
39184472
39184474
39184475
39184476
39184478
39184479
39184480
39184481
39184482
39184483
39184484
39184485
39184487
39184488
39184489
39184490
39184491
39184492
39184493
39184494
39184495
39184496
39184498
39184499
39184500
39184503
39184504
39184505
39184506
39184508
39184509
39184510
39184511
39184512
39184513
39184514
39184515
39184516
39184517
39184518
39184519
39184520
39184522
39184523
39184524
39184525
39184526
39184527
39184528
39184529
39184530
39184531
39184532
39184533
39184534
39184535
39184536
39184537
39184538
39184539
39184541
39184542
39184543
39184544
39184545
39184546
39184548
39184550
39184552
39184553
39184554
39184555
39184556
39184557
39184558
39184559
39184560
39184561
39184562
39184563
39184564
39184565
39184566
39184567
39184568
39184569
39184570
39184571
39184572
39184573
39184574
39184575
39184576
39184578
39184579
39184580
39184581
39184582
39184583
39184584
39184585
39184586
39184587
39184588
39184589
39184590
39184591
39184592
39184593
39184594
39184595
39184596
39184597
39184598
39184599
39184600
39184601
39184602
39184603
39184604
39184605
39184606
39184607
39184608
39184609
39184610
39184611
39184613
39184614
39184615
39184616
39184617
39184618
39184620
39184621
39184623
39184624
39184625
39184626
39184627
39184628
39184629
39184630
39184631
39184633
39184634
39184635
39184636
39184637
39184638
39184639
39184640
39184641
39184642
39184643
39184644
39184646
39184647
39184648
39184649
39184650
39184651
39184652
39184653
39184654
39184655
39184656
39184657
39184658
39184659
39184660
39184661
39184662
39184663
39184664
39184665
39184666
39184668
39184669
39184670
39184671
39184672
39184674
39184675
39184676
39184677
39184678
39184679
39184681
39184682
39184683
39184685
39184686
39184687
39184688
39184689
39184691
39184693
39184694
39184695
39184696
39184697
39184699
39184700
39184702
39184703
39184704
39184705
39184706
39184707
39184708
39184709
39184710
39184711
39184714
39184715
39184717
39184718
39184719
39184720
39184721
39184722
39184723
39184724
39184725
39184726
39184727
39184728
39184729
39184730
39184732
39184733
39184734
39184735
39184736
39184737
39184738
39184739
39184740
39184741
39184742
39184744
39184745
39184746
39184748
39184749
39184750
39184751
39184752
39184754
39184755
39184756
39184757
39184758
39184759
39184760
39184761
39184762
39184763
39184764
39184765
39184766
39184767
39184768
39184769
39184770
39184771
39184772
39184773
39184774
39184775
39184776
39184778
39184779
39184780
39184781
39184782
39184783
39184784
39184786
39184787
39184788
39184789
39184790
39184791
39184793
39184795
39184796
39184797
39184798
39184799
39184800
39184801
39184802
39184803
39184804
39184805
39184806
39184807
39184808
39184809
39184810
39184811
39184812
39184813
39184814
39184815
39184816
39184817
39184820
39184821
39184822
39184823
39184824
39184825
39184826
39184827
39184828
39184829
39184830
39184831
39184832
39184833
39184834
39184835
39184836
39184837
39184838
39184840
39184841
39184842
39184843
39184845
39184846
39184847
39184849
39184851
39184852
39184853
39184854
39184855
39184856
39184857
39184858
39184860
39184861
39184862
39184864
39184866
39184867
39184868
39184869
39184870
39184871
39184872
39184873
39184874
39184875
39184876
39184877
39184878
39184879
39184880
39184881
39184882
39184883
39184884
39184885
39184886
39184887
39184888
39184889
39184890
39184891
39184892
39184893
39184896
39184897
39184898
39184899
39184900
39184901
39184902
39184903
39184904
39184905
39184906
39184907
39184909
39184910
39184911
39184912
39184915
39184916
39184917
39184918
39184919
39184920
39184922
39184923
39184924
39184925
39184926
39184927
39184928
39184930
39184931
39184932
39184933
39184934
39184935
39184937
39184938
39184939
39184940
39184941
39184942
39184944
39184948
39184949
39184950
39184951
39184952
39184953
39184954
39184955
39184956
39184957
39184958
39184959
39184960
39184962
39184963
39184964
39184965
39184966
39184968
39184969
39184970
39184971
39184972
39184973
39184974
39184975
39184978
39184979
39184981
39184983
39184984
39184985
39184986
39184987
39184988
39184989
39184990
39184991
39184992
39184993
39184994
39184995
39184996
39184997
39184998
39184999
39185000
39185001
39185002
39185003
39185004
39185005
39185006
39185007
39185008
39185009
39185010
39185012
39185013
39185014
39185015
39185016
39185017
39185018
39185020
39185022
39185023
39185024
39185025
39185026
39185027
39185028
39185029
39185030
39185031
39185032
39185034
39185035
39185036
39185037
39185040
39185041
39185042
39185043
39185044
39185045
39185047
39185048
39185049
39185050
39185051
39185052
39185053
39185054
39185055
39185056
39185057
39185058
39185059
39185060
39185061
39185062
39185063
39185064
39185066
39185067
39185068
39185070
39185071
39185072
39185073
39185074
39185075
39185076
39185077
39185078
39185080
39185081
39185082
39185083
39185084
39185085
39185086
39185087
39185089
39185090
39185091
39185092
39185094
39185095
39185096
39185097
39185098
39185099
39185100
39185102
39185103
39185105
39185106
39185107
39185108
39185109
39185110
39185111
39185112
39185113
39185115
39185116
39185117
39185118
39185119
39185120
39185121
39185122
39185123
39185124
39185125
39185126
39185127
39185128
39185129
39185130
39185131
39185132
39185133
39185135
39185136
39185137
39185140
39185141
39185142
39185143
39185144
39185145
39185147
39185148
39185149
39185150
39185151
39185153
39185154
39185155
39185156
39185157
39185158
39185159
39185160
39185162
39185163
39185164
39185165
39185166
39185167
39185168
39185169
39185170
39185171
39185172
39185173
39185174
39185175
39185176
39185177
39185178
39185179
39185180
39185181
39185182
39185183
39185184
39185185
39185186
39185187
39185188
39185189
39185190
39185191
39185192
39185193
39185194
39185195
39185196
39185197
39185198
39185199
39185202
39185203
39185204
39185205
39185206
39185207
39185208
39185209
39185211
39185212
39185213
39185214
39185215
39185216
39185218
39185219
39185220
39185221
39185222
39185223
39185224
39185225
39185226
39185227
39185228
39185229
39185231
39185232
39185233
39185234
39185235
39185236
39185237
39185238
39185239
39185240
39185241
39185243
39185244
39185245
39185246
39185247
39185248
39185249
39185250
39185251
39185252
39185254
39185255
39185256
39185257
39185258
39185259
39185260
39185262
39185263
39185264
39185265
39185266
39185267
39185268
39185269
39185270
39185272
39185273
39185274
39185275
39185276
39185277
39185278
39185279
39185280
39185281
39185282
39185283
39185284
39185286
39185287
39185288
39185289
39185290
39185291
39185292
39185293
39185294
39185295
39185296
39185297
39185298
39185300
39185301
39185302
39185303
39185304
39185305
39185306
39185308
39185309
39185310
39185311
39185313
39185314
39185315
39185316
39185317
39185319
39185320
39185321
39185322
39185323
39185324
39185325
39185326
39185328
39185329
39185330
39185331
39185332
39185333
39185335
39185336
39185337
39185338
39185339
39185340
39185341
39185342
39185343
39185344
39185347
39185348
39185349
39185350
39185351
39185352
39185353
39185354
39185355
39185356
39185357
39185358
39185359
39185360
39185361
39185362
39185366
39185367
39185368
39185370
39185371
39185372
39185373
39185374
39185375
39185376
39185378
39185379
39185380
39185381
39185382
39185383
39185384
39185386
39185387
39185388
39185389
39185390
39185391
39185394
39185395
39185396
39185398
39185399
39185400
39185401
39185403
39185405
39185406
39185407
39185408
39185409
39185410
39185411
39185412
39185413
39185415
39185416
39185417
39185419
39185420
39185421
39185422
39185423
39185424
39185425
39185426
39185427
39185428
39185429
39185431
39185432
39185433
39185434
39185435
39185437
39185439
39185441
39185442
39185443
39185444
39185445
39185446
39185447
39185448
39185449
39185450
39185451
39185452
39185453
39185454
39185455
39185456
39185457
39185458
39185459
39185460
39185461
39185463
39185464
39185466
39185467
39185468
39185469
39185471
39185473
39185474
39185475
39185476
39185477
39185478
39185479
39185480
39185481
39185482
39185483
39185484
39185485
39185486
39185487
39185488
39185489
39185491
39185492
39185493
39185494
39185495
39185496
39185497
39185498
39185499
39185500
39185501
39185502
39185503
39185504
39185506
39185507
39185508
39185509
39185510
39185511
39185512
39185513
39185514
39185515
39185516
39185517
39185518
39185519
39185520
39185521
39185523
39185524
39185525
39185526
39185527
39185528
39185529
39185530
39185531
39185532
39185533
39185534
39185535
39185536
39185537
39185538
39185539
39185541
39185542
39185543
39185544
39185545
39185546
39185547
39185548
39185549
39185550
39185551
39185552
39185553
39185554
39185555
39185556
39185557
39185558
39185559
39185560
39185562
39185563
39185564
39185565
39185567
39185568
39185569
39185571
39185572
39185573
39185574
39185575
39185576
39185577
39185578
39185579
39185580
39185581
39185582
39185583
39185584
39185586
39185587
39185588
39185590
39185591
39185593
39185594
39185595
39185596
39185598
39185599
39185600
39185601
39185602
39185603
39185604
39185605
39185606
39185607
39185608
39185609
39185611
39185612
39185614
39185615
39185616
39185617
39185618
39185619
39185620
39185621
39185622
39185623
39185624
39185625
39185626
39185627
39185628
39185629
39185630
39185631
39185632
39185633
39185634
39185635
39185636
39185637
39185638
39185639
39185640
39185641
39185643
39185645
39185646
39185647
39185648
39185649
39185651
39185652
39185653
39185654
39185655
39185656
39185657
39185658
39185659
39185660
39185661
39185662
39185663
39185664
39185665
39185666
39185667
39185668
39185669
39185670
39185671
39185673
39185675
39185676
39185677
39185678
39185679
39185681
39185682
39185684
39185685
39185687
39185688
39185689
39185690
39185691
39185692
39185693
39185694
39185695
39185696
39185697
39185698
39185699
39185700
39185702
39185703
39185704
39185705
39185706
39185707
39185708
39185710
39185711
39185712
39185713
39185714
39185715
39185716
39185717
39185718
39185719
39185721
39185722
39185723
39185724
39185725
39185726
39185727
39185728
39185729
39185731
39185733
39185734
39185735
39185736
39185737
39185738
39185739
39185740
39185741
39185743
39185744
39185745
39185747
39185748
39185749
39185750
39185753
39185754
39185755
39185757
39185758
39185759
39185760
39185761
39185763
39185764
39185765
39185766
39185767
39185768
39185769
39185771
39185772
39185773
39185774
39185775
39185776
39185777
39185780
39185781
39185782
39185783
39185784
39185785
39185786
39185787
39185788
39185789
39185790
39185791
39185792
39185793
39185794
39185795
39185796
39185797
39185798
39185799
39185800
39185801
39185802
39185803
39185804
39185805
39185807
39185808
39185809
39185811
39185812
39185813
39185814
39185815
39185816
39185818
39185819
39185820
39185821
39185822
39185823
39185824
39185825
39185826
39185827
39185828
39185829
39185830
39185831
39185832
39185833
39185834
39185835
39185836
39185838
39185839
39185840
39185841
39185842
39185843
39185844
39185845
39185846
39185847
39185848
39185849
39185850
39185851
39185852
39185853
39185854
39185855
39185856
39185857
39185858
39185859
39185860
39185861
39185862
39185863
39185864
39185865
39185866
39185867
39185868
39185869
39185870
39185871
39185872
39185873
39185874
39185875
39185876
39185877
39185879
39185880
39185881
39185882
39185884
39185885
39185886
39185887
39185888
39185889
39185891
39185892
39185893
39185894
39185895
39185896
39185897
39185898
39185899
39185900
39185902
39185903
39185905
39185906
39185907
39185908
39185909
39185910
39185911
39185912
39185913
39185914
39185915
39185917
39185919
39185920
39185921
39185922
39185923
39185924
39185925
39185926
39185927
39185928
39185929
39185930
39185931
39185932
39185933
39185934
39185936
39185937
39185938
39185939
39185940
39185941
39185942
39185943
39185944
39185945
39185946
39185947
39185948
39185951
39185952
39185953
39185954
39185955
39185956
39185957
39185959
39185961
39185962
39185963
39185964
39185965
39185966
39185967
39185968
39185969
39185970
39185971
39185972
39185973
39185974
39185976
39185977
39185978
39185979
39185981
39185982
39185983
39185984
39185985
39185986
39185988
39185989
39185990
39185991
39185992
39185993
39185994
39185995
39185996
39185997
39185998
39185999
39186000
39186001
39186002
39186003
39186004
39186006
39186007
39186008
39186009
39186010
39186013
39186014
39186015
39186016
39186017
39186018
39186019
39186020
39186021
39186022
39186023
39186025
39186026
39186027
39186028
39186029
39186030
39186031
39186032
39186033
39186036
39186037
39186038
39186039
39186041
39186042
39186043
39186044
39186045
39186046
39186047
39186049
39186050
39186051
39186052
39186053
39186054
39186055
39186056
39186057
39186058
39186059
39186060
39186063
39186064
39186065
39186066
39186067
39186068
39186069
39186070
39186071
39186072
39186073
39186075
39186076
39186077
39186078
39186079
39186080
39186081
39186082
39186083
39186086
39186087
39186088
39186090
39186091
39186095
39186096
39186097
39186098
39186100
39186101
39186103
39186104
39186105
39186106
39186107
39186108
39186111
39186113
39186114
39186115
39186116
39186117
39186118
39186119
39186120
39186121
39186122
39186124
39186126
39186128
39186129
39186130
39186133
39186134
39186135
39186136
39186137
39186138
39186139
39186140
39186141
39186143
39186144
39186145
39186146
39186148
39186150
39186151
39186152
39186154
39186155
39186156
39186157
39186158
39186159
39186160
39186161
39186162
39186163
39186164
39186165
39186166
39186167
39186168
39186169
39186170
39186171
39186172
39186173
39186174
39186175
39186176
39186177
39186178
39186179
39186180
39186181
39186182
39186183
39186184
39186185
39186186
39186187
39186188
39186189
39186190
39186192
39186193
39186194
39186195
39186196
39186198
39186199
39186200
39186201
39186202
39186203
39186204
39186205
39186206
39186207
39186208
39186209
39186210
39186211
39186214
39186215
39186216
39186217
39186218
39186219
39186220
39186221
39186222
39186223
39186224
39186225
39186226
39186227
39186228
39186229
39186230
39186231
39186232
39186233
39186234
39186235
39186236
39186237
39186238
39186239
39186240
39186241
39186242
39186243
39186244
39186246
39186247
39186248
39186250
39186251
39186252
39186253
39186254
39186255
39186256
39186257
39186258
39186259
39186260
39186261
39186263
39186264
39186265
39186266
39186267
39186268
39186269
39186270
39186272
39186273
39186274
39186275
39186276
39186277
39186278
39186279
39186280
39186281
39186282
39186283
39186284
39186285
39186286
39186287
39186288
39186289
39186290
39186291
39186292
39186293
39186294
39186295
39186296
39186298
39186299
39186300
39186301
39186302
39186303
39186305
39186306
39186307
39186308
39186309
39186310
39186311
39186312
39186313
39186314
39186315
39186316
39186318
39186319
39186320
39186321
39186322
39186323
39186324
39186325
39186326
39186327
39186328
39186329
39186330
39186331
39186332
39186333
39186334
39186335
39186336
39186337
39186338
39186339
39186340
39186341
39186342
39186343
39186344
39186345
39186346
39186347
39186348
39186349
39186350
39186351
39186352
39186353
39186354
39186355
39186356
39186357
39186358
39186359
39186360
39186361
39186362
39186363
39186364
39186365
39186366
39186367
39186368
39186369
39186371
39186372
39186373
39186374
39186375
39186376
39186377
39186378
39186379
39186380
39186382
39186384
39186385
39186387
39186388
39186389
39186391
39186392
39186393
39186394
39186395
39186396
39186397
39186398
39186399
39186401
39186402
39186403
39186404
39186406
39186407
39186408
39186409
39186410
39186411
39186412
39186413
39186414
39186415
39186416
39186417
39186420
39186421
39186422
39186423
39186424
39186425
39186426
39186427
39186428
39186429
39186430
39186431
39186432
39186433
39186434
39186435
39186436
39186438
39186439
39186440
39186441
39186442
39186443
39186444
39186445
39186446
39186447
39186448
39186449
39186450
39186451
39186452
39186453
39186454
39186455
39186456
39186457
39186458
39186459
39186460
39186462
39186463
39186464
39186465
39186466
39186467
39186468
39186469
39186470
39186471
39186472
39186474
39186476
39186477
39186479
39186480
39186481
39186482
39186483
39186484
39186485
39186486
39186487
39186488
39186489
39186490
39186491
39186492
39186493
39186494
39186495
39186496
39186498
39186499
39186501
39186502
39186503
39186504
39186505
39186506
39186507
39186508
39186509
39186511
39186512
39186513
39186515
39186516
39186517
39186518
39186519
39186520
39186522
39186523
39186524
39186525
39186526
39186527
39186528
39186529
39186530
39186532
39186533
39186534
39186535
39186537
39186538
39186539
39186540
39186541
39186542
39186543
39186544
39186545
39186546
39186547
39186548
39186549
39186550
39186551
39186553
39186554
39186555
39186556
39186557
39186559
39186561
39186562
39186563
39186564
39186565
39186566
39186567
39186568
39186569
39186570
39186571
39186572
39186573
39186574
39186575
39186576
39186577
39186578
39186579
39186581
39186583
39186585
39186586
39186588
39186591
39186592
39186593
39186594
39186595
39186596
39186597
39186598
39186599
39186600
39186601
39186602
39186603
39186604
39186605
39186606
39186607
39186608
39186609
39186610
39186611
39186614
39186615
39186616
39186617
39186618
39186619
39186620
39186621
39186622
39186623
39186624
39186626
39186628
39186629
39186631
39186632
39186633
39186634
39186635
39186636
39186637
39186638
39186639
39186640
39186641
39186642
39186643
39186644
39186645
39186646
39186647
39186648
39186649
39186650
39186652
39186653
39186654
39186655
39186656
39186657
39186658
39186660
39186661
39186662
39186663
39186664
39186665
39186666
39186667
39186669
39186670
39186672
39186673
39186675
39186676
39186677
39186678
39186679
39186680
39186681
39186683
39186684
39186685
39186686
39186687
39186689
39186690
39186691
39186692
39186693
39186694
39186695
39186696
39186697
39186698
39186699
39186700
39186701
39186702
39186703
39186704
39186705
39186707
39186708
39186710
39186711
39186712
39186713
39186715
39186716
39186717
39186718
39186720
39186721
39186722
39186723
39186724
39186725
39186726
39186727
39186730
39186731
39186732
39186733
39186734
39186735
39186736
39186737
39186738
39186739
39186740
39186741
39186742
39186743
39186744
39186745
39186747
39186748
39186749
39186750
39186751
39186752
39186753
39186754
39186755
39186756
39186757
39186759
39186760
39186761
39186762
39186763
39186764
39186765
39186766
39186767
39186769
39186770
39186771
39186773
39186774
39186775
39186776
39186777
39186778
39186779
39186780
39186781
39186782
39186783
39186786
39186787
39186788
39186789
39186790
39186791
39186792
39186793
39186794
39186795
39186796
39186797
39186799
39186800
39186801
39186802
39186803
39186804
39186805
39186806
39186807
39186808
39186809
39186810
39186811
39186812
39186813
39186814
39186815
39186816
39186818
39186819
39186820
39186822
39186823
39186824
39186825
39186826
39186828
39186829
39186830
39186831
39186832
39186833
39186834
39186835
39186836
39186837
39186838
39186839
39186840
39186841
39186842
39186843
39186844
39186845
39186846
39186847
39186848
39186849
39186851
39186852
39186853
39186854
39186855
39186856
39186857
39186858
39186859
39186860
39186861
39186862
39186863
39186864
39186865
39186866
39186867
39186868
39186870
39186871
39186872
39186873
39186874
39186875
39186876
39186877
39186878
39186879
39186880
39186881
39186882
39186883
39186885
39186887
39186888
39186889
39186892
39186893
39186894
39186896
39186898
39186899
39186900
39186901
39186903
39186905
39186906
39186907
39186908
39186909
39186910
39186911
39186912
39186914
39186915
39186918
39186919
39186920
39186921
39186922
39186923
39186924
39186925
39186927
39186928
39186929
39186930
39186931
39186932
39186933
39186934
39186935
39186936
39186937
39186938
39186939
39186940
39186941
39186943
39186945
39186946
39186947
39186948
39186949
39186950
39186951
39186952
39186953
39186955
39186956
39186957
39186958
39186959
39186960
39186961
39186962
39186963
39186964
39186965
39186966
39186967
39186968
39186969
39186972
39186973
39186974
39186975
39186976
39186977
39186978
39186979
39186980
39186982
39186983
39186984
39186986
39186987
39186988
39186989
39186990
39186991
39186992
39186993
39186994
39186995
39186997
39186998
39186999
39187000
39187001
39187002
39187003
39187004
39187005
39187006
39187007
39187008
39187009
39187010
39187011
39187012
39187013
39187015
39187016
39187017
39187018
39187019
39187020
39187021
39187022
39187023
39187024
39187025
39187026
39187027
39187028
39187029
39187030
39187031
39187034
39187035
39187036
39187037
39187038
39187039
39187040
39187041
39187042
39187043
39187044
39187045
39187046
39187047
39187048
39187049
39187050
39187051
39187052
39187054
39187055
39187056
39187057
39187058
39187059
39187060
39187061
39187063
39187064
39187065
39187066
39187067
39187068
39187069
39187070
39187071
39187072
39187074
39187075
39187077
39187078
39187079
39187080
39187081
39187082
39187083
39187084
39187087
39187088
39187089
39187090
39187092
39187093
39187094
39187095
39187096
39187097
39187098
39187099
39187100
39187101
39187102
39187103
39187104
39187106
39187107
39187108
39187109
39187111
39187112
39187113
39187114
39187115
39187117
39187118
39187120
39187121
39187122
39187123
39187125
39187126
39187127
39187128
39187129
39187130
39187131
39187132
39187134
39187135
39187136
39187138
39187139
39187140
39187141
39187143
39187144
39187145
39187146
39187147
39187148
39187150
39187151
39187152
39187153
39187154
39187155
39187156
39187157
39187158
39187159
39187160
39187161
39187162
39187163
39187164
39187165
39187166
39187168
39187169
39187171
39187173
39187175
39187176
39187179
39187180
39187181
39187182
39187183
39187184
39187185
39187186
39187187
39187188
39187189
39187190
39187191
39187192
39187194
39187195
39187197
39187198
39187199
39187200
39187201
39187202
39187203
39187204
39187205
39187206
39187208
39187209
39187210
39187211
39187212
39187213
39187215
39187216
39187217
39187218
39187220
39187221
39187222
39187223
39187224
39187225
39187226
39187227
39187228
39187229
39187230
39187231
39187232
39187233
39187234
39187235
39187236
39187237
39187238
39187239
39187241
39187243
39187245
39187246
39187248
39187249
39187250
39187251
39187252
39187253
39187254
39187255
39187256
39187258
39187259
39187260
39187262
39187263
39187264
39187266
39187267
39187268
39187269
39187270
39187271
39187272
39187273
39187274
39187275
39187276
39187277
39187279
39187280
39187281
39187283
39187284
39187285
39187287
39187289
39187290
39187291
39187292
39187294
39187295
39187296
39187298
39187299
39187300
39187301
39187302
39187304
39187305
39187306
39187307
39187308
39187309
39187310
39187311
39187312
39187313
39187314
39187315
39187316
39187317
39187318
39187319
39187320
39187321
39187322
39187323
39187324
39187325
39187326
39187327
39187328
39187329
39187330
39187331
39187332
39187334
39187335
39187336
39187337
39187338
39187339
39187340
39187341
39187342
39187343
39187344
39187345
39187346
39187347
39187348
39187349
39187350
39187352
39187353
39187354
39187355
39187356
39187357
39187358
39187359
39187360
39187361
39187362
39187363
39187364
39187365
39187367
39187368
39187369
39187371
39187372
39187373
39187374
39187375
39187376
39187377
39187378
39187379
39187380
39187381
39187382
39187383
39187384
39187385
39187386
39187387
39187388
39187389
39187390
39187391
39187392
39187393
39187394
39187395
39187397
39187399
39187400
39187402
39187404
39187405
39187407
39187408
39187409
39187410
39187411
39187412
39187413
39187414
39187415
39187418
39187419
39187420
39187421
39187422
39187423
39187424
39187425
39187426
39187427
39187428
39187429
39187430
39187431
39187432
39187433
39187435
39187436
39187437
39187438
39187439
39187441
39187442
39187445
39187446
39187447
39187448
39187449
39187450
39187451
39187452
39187453
39187454
39187456
39187457
39187458
39187459
39187460
39187461
39187463
39187464
39187465
39187466
39187468
39187469
39187470
39187472
39187474
39187475
39187476
39187477
39187478
39187479
39187480
39187481
39187482
39187484
39187485
39187486
39187487
39187488
39187489
39187490
39187491
39187492
39187493
39187494
39187495
39187496
39187498
39187499
39187500
39187501
39187502
39187503
39187504
39187505
39187506
39187507
39187508
39187509
39187510
39187511
39187512
39187513
39187514
39187515
39187516
39187517
39187518
39187519
39187520
39187521
39187522
39187525
39187526
39187527
39187528
39187529
39187530
39187531
39187532
39187533
39187534
39187535
39187536
39187538
39187539
39187540
39187541
39187543
39187544
39187545
39187546
39187549
39187550
39187551
39187552
39187553
39187554
39187555
39187557
39187558
39187559
39187560
39187561
39187562
39187563
39187564
39187565
39187566
39187567
39187568
39187569
39187570
39187571
39187572
39187573
39187574
39187575
39187576
39187577
39187578
39187580
39187581
39187583
39187584
39187587
39187588
39187589
39187590
39187591
39187593
39187594
39187595
39187597
39187598
39187599
39187600
39187601
39187602
39187605
39187606
39187607
39187608
39187609
39187611
39187612
39187613
39187614
39187615
39187616
39187617
39187618
39187619
39187620
39187621
39187625
39187626
39187628
39187630
39187632
39187633
39187634
39187635
39187637
39187638
39187640
39187641
39187642
39187643
39187644
39187645
39187647
39187648
39187649
39187651
39187652
39187653
39187654
39187655
39187656
39187658
39187659
39187661
39187662
39187663
39187664
39187665
39187666
39187667
39187668
39187669
39187670
39187671
39187672
39187673
39187674
39187675
39187676
39187677
39187678
39187679
39187680
39187681
39187682
39187683
39187684
39187685
39187686
39187687
39187688
39187689
39187690
39187691
39187694
39187695
39187698
39187699
39187700
39187701
39187702
39187703
39187704
39187705
39187706
39187707
39187709
39187711
39187712
39187713
39187714
39187715
39187716
39187717
39187718
39187719
39187720
39187721
39187722
39187723
39187724
39187725
39187726
39187727
39187729
39187730
39187731
39187732
39187733
39187734
39187735
39187736
39187737
39187738
39187739
39187740
39187741
39187743
39187744
39187746
39187747
39187748
39187749
39187750
39187751
39187753
39187754
39187755
39187756
39187757
39187759
39187760
39187761
39187762
39187763
39187764
39187765
39187766
39187767
39187768
39187769
39187770
39187771
39187773
39187774
39187775
39187776
39187777
39187778
39187779
39187780
39187781
39187782
39187783
39187784
39187785
39187786
39187787
39187788
39187789
39187790
39187791
39187792
39187793
39187794
39187795
39187796
39187797
39187799
39187800
39187802
39187803
39187805
39187806
39187807
39187810
39187812
39187816
39187817
39187818
39187819
39187820
39187821
39187822
39187823
39187824
39187825
39187826
39187827
39187831
39187832
39187833
39187834
39187835
39187836
39187837
39187838
39187839
39187840
39187841
39187842
39187843
39187844
39187845
39187846
39187847
39187848
39187849
39187850
39187852
39187853
39187855
39187856
39187858
39187859
39187860
39187861
39187862
39187863
39187864
39187865
39187866
39187867
39187868
39187869
39187870
39187872
39187873
39187874
39187875
39187876
39187878
39187879
39187881
39187882
39187883
39187884
39187885
39187886
39187887
39187888
39187889
39187890
39187891
39187892
39187893
39187894
39187895
39187896
39187897
39187898
39187899
39187900
39187901
39187902
39187903
39187904
39187905
39187907
39187908
39187909
39187910
39187911
39187912
39187913
39187915
39187916
39187917
39187919
39187920
39187921
39187923
39187924
39187925
39187926
39187927
39187928
39187929
39187930
39187931
39187932
39187933
39187934
39187935
39187936
39187937
39187938
39187939
39187940
39187941
39187942
39187945
39187946
39187947
39187949
39187950
39187952
39187953
39187955
39187956
39187957
39187958
39187959
39187960
39187961
39187962
39187964
39187965
39187966
39187967
39187968
39187969
39187970
39187971
39187972
39187973
39187974
39187975
39187976
39187977
39187978
39187979
39187980
39187981
39187982
39187983
39187984
39187985
39187986
39187987
39187988
39187989
39187990
39187991
39187992
39187994
39187996
39187997
39187998
39187999
39188000
39188002
39188003
39188004
39188005
39188006
39188007
39188008
39188009
39188010
39188011
39188012
39188013
39188014
39188015
39188016
39188018
39188019
39188022
39188023
39188024
39188026
39188028
39188030
39188031
39188032
39188033
39188034
39188035
39188036
39188037
39188039
39188040
39188041
39188042
39188043
39188045
39188046
39188047
39188048
39188049
39188050
39188051
39188052
39188053
39188054
39188055
39188056
39188057
39188058
39188060
39188061
39188063
39188064
39188065
39188067
39188068
39188069
39188070
39188071
39188072
39188073
39188074
39188075
39188076
39188077
39188078
39188079
39188080
39188081
39188083
39188084
39188085
39188086
39188087
39188088
39188090
39188091
39188092
39188094
39188095
39188096
39188097
39188098
39188099
39188100
39188101
39188102
39188103
39188104
39188105
39188106
39188107
39188108
39188109
39188110
39188111
39188112
39188113
39188114
39188115
39188116
39188117
39188118
39188121
39188122
39188123
39188124
39188125
39188126
39188128
39188129
39188131
39188132
39188133
39188134
39188135
39188136
39188137
39188139
39188140
39188141
39188142
39188143
39188144
39188146
39188147
39188148
39188149
39188150
39188151
39188152
39188153
39188154
39188155
39188156
39188157
39188160
39188161
39188162
39188163
39188164
39188166
39188167
39188168
39188169
39188170
39188171
39188172
39188173
39188174
39188175
39188176
39188177
39188180
39188181
39188182
39188183
39188184
39188185
39188187
39188188
39188189
39188191
39188192
39188193
39188194
39188195
39188196
39188198
39188200
39188202
39188204
39188205
39188206
39188208
39188209
39188212
39188214
39188217
39188218
39188219
39188220
39188221
39188222
39188224
39188225
39188226
39188227
39188228
39188229
39188231
39188232
39188233
39188234
39188235
39188236
39188237
39188238
39188239
39188240
39188241
39188242
39188243
39188244
39188246
39188247
39188248
39188249
39188250
39188252
39188253
39188254
39188255
39188256
39188257
39188258
39188259
39188260
39188261
39188262
39188263
39188264
39188268
39188269
39188270
39188271
39188272
39188273
39188274
39188275
39188276
39188278
39188279
39188280
39188281
39188282
39188284
39188286
39188287
39188288
39188289
39188290
39188291
39188292
39188293
39188294
39188296
39188298
39188300
39188301
39188302
39188303
39188304
39188305
39188306
39188307
39188308
39188309
39188310
39188311
39188312
39188313
39188314
39188316
39188318
39188319
39188320
39188321
39188322
39188323
39188324
39188326
39188327
39188328
39188329
39188333
39188334
39188335
39188336
39188337
39188338
39188339
39188341
39188342
39188343
39188345
39188346
39188347
39188348
39188349
39188350
39188351
39188352
39188353
39188354
39188355
39188356
39188357
39188358
39188360
39188361
39188362
39188363
39188364
39188366
39188367
39188368
39188369
39188370
39188371
39188373
39188374
39188375
39188376
39188377
39188378
39188379
39188380
39188381
39188382
39188383
39188384
39188385
39188386
39188388
39188390
39188391
39188392
39188393
39188395
39188396
39188397
39188398
39188399
39188400
39188401
39188402
39188403
39188404
39188405
39188406
39188409
39188410
39188411
39188412
39188413
39188414
39188415
39188416
39188417
39188418
39188420
39188421
39188424
39188425
39188426
39188428
39188430
39188431
39188433
39188434
39188435
39188436
39188437
39188438
39188440
39188441
39188442
39188443
39188445
39188446
39188447
39188448
39188449
39188450
39188452
39188453
39188455
39188456
39188457
39188459
39188460
39188462
39188463
39188464
39188466
39188467
39188468
39188469
39188470
39188471
39188472
39188473
39188475
39188477
39188478
39188479
39188481
39188483
39188484
39188485
39188486
39188487
39188488
39188489
39188490
39188491
39188492
39188493
39188494
39188495
39188498
39188499
39188500
39188501
39188502
39188503
39188504
39188506
39188507
39188508
39188509
39188510
39188511
39188512
39188513
39188514
39188515
39188516
39188517
39188518
39188520
39188521
39188522
39188525
39188526
39188527
39188528
39188529
39188530
39188533
39188534
39188535
39188536
39188537
39188538
39188539
39188540
39188541
39188542
39188543
39188544
39188546
39188547
39188548
39188549
39188551
39188553
39188554
39188555
39188556
39188557
39188558
39188559
39188560
39188561
39188562
39188564
39188565
39188567
39188569
39188571
39188572
39188573
39188574
39188575
39188577
39188580
39188581
39188582
39188583
39188584
39188585
39188588
39188589
39188590
39188591
39188592
39188593
39188594
39188595
39188596
39188597
39188598
39188599
39188601
39188602
39188603
39188604
39188605
39188606
39188607
39188609
39188610
39188611
39188612
39188613
39188614
39188616
39188617
39188619
39188620
39188621
39188623
39188624
39188625
39188626
39188627
39188629
39188630
39188631
39188633
39188634
39188635
39188636
39188637
39188638
39188639
39188640
39188641
39188642
39188643
39188644
39188645
39188647
39188648
39188649
39188650
39188651
39188652
39188653
39188654
39188655
39188656
39188657
39188659
39188660
39188661
39188662
39188663
39188664
39188665
39188666
39188667
39188668
39188669
39188670
39188671
39188672
39188673
39188674
39188675
39188676
39188677
39188678
39188679
39188680
39188681
39188682
39188683
39188684
39188685
39188686
39188687
39188688
39188689
39188690
39188691
39188692
39188693
39188695
39188696
39188697
39188698
39188699
39188700
39188701
39188702
39188704
39188705
39188706
39188707
39188708
39188709
39188710
39188712
39188713
39188715
39188716
39188717
39188718
39188719
39188720
39188721
39188722
39188723
39188724
39188725
39188726
39188727
39188728
39188729
39188730
39188731
39188732
39188733
39188734
39188735
39188736
39188738
39188739
39188740
39188741
39188742
39188743
39188744
39188745
39188746
39188748
39188749
39188750
39188751
39188754
39188755
39188756
39188757
39188759
39188760
39188762
39188763
39188764
39188765
39188766
39188767
39188768
39188769
39188770
39188771
39188772
39188773
39188774
39188775
39188776
39188778
39188779
39188780
39188781
39188782
39188783
39188785
39188786
39188788
39188789
39188790
39188791
39188793
39188794
39188795
39188796
39188797
39188798
39188799
39188800
39188801
39188802
39188803
39188804
39188805
39188807
39188808
39188809
39188810
39188811
39188812
39188814
39188815
39188816
39188817
39188818
39188819
39188820
39188821
39188822
39188823
39188824
39188826
39188827
39188828
39188829
39188830
39188831
39188832
39188833
39188835
39188837
39188838
39188839
39188841
39188842
39188843
39188844
39188845
39188846
39188847
39188848
39188850
39188852
39188853
39188855
39188857
39188858
39188860
39188861
39188862
39188863
39188864
39188865
39188866
39188867
39188868
39188872
39188873
39188874
39188876
39188877
39188878
39188879
39188880
39188882
39188883
39188886
39188887
39188890
39188892
39188893
39188894
39188895
39188896
39188897
39188901
39188902
39188905
39188906
39188907
39188908
39188909
39188910
39188911
39188914
39188917
39188918
39188919
39188921
39188922
39188923
39188924
39188926
39188927
39188928
39188929
39188931
39188932
39188933
39188934
39188936
39188938
39188939
39188940
39188941
39188942
39188943
39188944
39188945
39188946
39188947
39188948
39188951
39188952
39188953
39188955
39188957
39188959
39188960
39188961
39188962
39188963
39188965
39188966
39188967
39188968
39188970
39188971
39188972
39188973
39188974
39188975
39188976
39188977
39188979
39188980
39188981
39188983
39188984
39188985
39188986
39188987
39188988
39188990
39188991
39188992
39188993
39188995
39188996
39188997
39188998
39188999
39189000
39189001
39189002
39189003
39189004
39189005
39189006
39189007
39189008
39189009
39189010
39189011
39189012
39189013
39189014
39189016
39189017
39189019
39189020
39189022
39189023
39189024
39189025
39189026
39189027
39189028
39189029
39189030
39189031
39189034
39189035
39189036
39189037
39189039
39189041
39189042
39189043
39189044
39189046
39189047
39189048
39189049
39189050
39189051
39189054
39189055
39189057
39189058
39189060
39189061
39189062
39189063
39189065
39189066
39189067
39189068
39189069
39189070
39189071
39189074
39189075
39189078
39189079
39189080
39189081
39189082
39189084
39189085
39189086
39189089
39189090
39189091
39189092
39189094
39189097
39189098
39189099
39189101
39189102
39189103
39189104
39189105
39189107
39189108
39189110
39189111
39189113
39189115
39189116
39189117
39189118
39189119
39189120
39189121
39189122
39189123
39189124
39189125
39189126
39189127
39189128
39189129
39189130
39189132
39189133
39189134
39189135
39189136
39189137
39189138
39189139
39189140
39189143
39189144
39189145
39189146
39189147
39189148
39189149
39189151
39189152
39189153
39189154
39189155
39189156
39189157
39189158
39189159
39189160
39189162
39189163
39189164
39189165
39189167
39189170
39189171
39189173
39189174
39189175
39189177
39189178
39189180
39189181
39189182
39189183
39189184
39189185
39189186
39189187
39189188
39189189
39189191
39189192
39189194
39189195
39189196
39189197
39189198
39189199
39189201
39189202
39189203
39189204
39189205
39189206
39189208
39189209
39189211
39189212
39189213
39189214
39189215
39189216
39189217
39189219
39189222
39189223
39189225
39189227
39189228
39189229
39189230
39189231
39189232
39189233
39189234
39189235
39189236
39189237
39189238
39189239
39189240
39189241
39189242
39189243
39189244
39189246
39189247
39189248
39189249
39189251
39189252
39189253
39189254
39189255
39189257
39189258
39189259
39189260
39189262
39189263
39189264
39189265
39189267
39189268
39189269
39189270
39189271
39189272
39189273
39189274
39189275
39189277
39189278
39189279
39189280
39189284
39189285
39189287
39189288
39189289
39189290
39189292
39189293
39189294
39189295
39189296
39189297
39189301
39189302
39189303
39189304
39189306
39189308
39189309
39189311
39189312
39189314
39189315
39189317
39189318
39189320
39189321
39189322
39189323
39189324
39189325
39189326
39189327
39189328
39189329
39189330
39189331
39189332
39189333
39189334
39189335
39189336
39189337
39189339
39189340
39189341
39189343
39189344
39189345
39189346
39189347
39189348
39189349
39189350
39189351
39189352
39189353
39189354
39189355
39189356
39189357
39189358
39189360
39189362
39189363
39189364
39189365
39189366
39189367
39189368
39189370
39189372
39189373
39189374
39189375
39189376
39189377
39189378
39189380
39189381
39189382
39189383
39189384
39189385
39189386
39189387
39189388
39189391
39189392
39189393
39189394
39189395
39189397
39189398
39189399
39189400
39189401
39189402
39189403
39189404
39189405
39189406
39189407
39189410
39189411
39189412
39189413
39189414
39189416
39189417
39189418
39189419
39189420
39189421
39189422
39189423
39189424
39189425
39189426
39189427
39189428
39189429
39189430
39189431
39189432
39189433
39189434
39189435
39189436
39189437
39189438
39189439
39189440
39189441
39189442
39189443
39189445
39189446
39189448
39189449
39189450
39189452
39189454
39189455
39189456
39189457
39189458
39189459
39189461
39189462
39189463
39189464
39189465
39189466
39189467
39189468
39189469
39189470
39189471
39189472
39189473
39189474
39189475
39189476
39189477
39189478
39189479
39189480
39189481
39189482
39189483
39189484
39189485
39189486
39189487
39189488
39189489
39189490
39189491
39189492
39189493
39189494
39189495
39189496
39189497
39189498
39189499
39189500
39189501
39189503
39189504
39189505
39189506
39189507
39189508
39189509
39189510
39189511
39189512
39189513
39189514
39189515
39189516
39189517
39189518
39189519
39189520
39189521
39189522
39189523
39189524
39189525
39189526
39189527
39189528
39189529
39189530
39189531
39189532
39189534
39189535
39189538
39189539
39189540
39189541
39189542
39189543
39189544
39189545
39189546
39189547
39189548
39189549
39189550
39189552
39189553
39189554
39189555
39189556
39189557
39189558
39189559
39189560
39189561
39189563
39189564
39189565
39189566
39189567
39189568
39189569
39189570
39189571
39189572
39189573
39189574
39189575
39189576
39189577
39189578
39189579
39189580
39189581
39189582
39189583
39189584
39189585
39189586
39189587
39189589
39189591
39189592
39189593
39189594
39189595
39189596
39189598
39189599
39189600
39189602
39189603
39189604
39189605
39189609
39189610
39189611
39189613
39189614
39189615
39189616
39189617
39189618
39189619
39189620
39189621
39189623
39189624
39189625
39189626
39189627
39189628
39189629
39189630
39189631
39189633
39189634
39189635
39189636
39189637
39189638
39189639
39189640
39189641
39189642
39189643
39189645
39189646
39189647
39189649
39189650
39189651
39189652
39189653
39189655
39189656
39189657
39189659
39189661
39189662
39189663
39189665
39189667
39189669
39189670
39189672
39189673
39189675
39189676
39189677
39189679
39189680
39189681
39189682
39189683
39189684
39189685
39189687
39189688
39189689
39189691
39189693
39189694
39189695
39189696
39189697
39189698
39189699
39189701
39189702
39189706
39189707
39189708
39189709
39189711
39189712
39189713
39189715
39189716
39189719
39189720
39189722
39189724
39189725
39189726
39189727
39189729
39189730
39189731
39189732
39189733
39189734
39189736
39189738
39189739
39189740
39189741
39189742
39189744
39189745
39189746
39189747
39189748
39189749
39189750
39189751
39189753
39189755
39189756
39189757
39189758
39189759
39189761
39189763
39189765
39189767
39189768
39189769
39189770
39189771
39189773
39189774
39189775
39189777
39189779
39189780
39189781
39189782
39189783
39189784
39189785
39189786
39189787
39189788
39189789
39189790
39189791
39189792
39189793
39189794
39189795
39189797
39189798
39189799
39189800
39189801
39189802
39189803
39189804
39189805
39189806
39189807
39189808
39189809
39189810
39189811
39189812
39189813
39189815
39189816
39189817
39189818
39189819
39189820
39189821
39189822
39189823
39189824
39189826
39189828
39189830
39189831
39189832
39189833
39189835
39189836
39189837
39189838
39189839
39189840
39189841
39189842
39189843
39189844
39189845
39189846
39189848
39189849
39189850
39189851
39189852
39189853
39189854
39189855
39189856
39189858
39189859
39189860
39189861
39189862
39189863
39189864
39189867
39189869
39189870
39189873
39189874
39189875
39189876
39189878
39189880
39189881
39189883
39189884
39189885
39189886
39189887
39189888
39189889
39189890
39189891
39189893
39189894
39189895
39189896
39189897
39189898
39189899
39189900
39189901
39189902
39189903
39189904
39189905
39189907
39189908
39189909
39189911
39189912
39189913
39189915
39189917
39189918
39189919
39189920
39189921
39189922
39189923
39189924
39189926
39189927
39189928
39189930
39189931
39189932
39189933
39189934
39189935
39189936
39189937
39189938
39189939
39189940
39189941
39189942
39189943
39189944
39189945
39189947
39189948
39189950
39189952
39189953
39189954
39189955
39189956
39189957
39189958
39189959
39189960
39189961
39189963
39189964
39189965
39189966
39189967
39189969
39189970
39189972
39189975
39189976
39189977
39189978
39189979
39189980
39189981
39189982
39189983
39189984
39189985
39189986
39189988
39189989
39189990
39189991
39189992
39189993
39189994
39189996
39189997
39189998
39189999
39190000
39190001
39190002
39190003
39190004
39190005
39190006
39190008
39190009
39190010
39190011
39190012
39190014
39190015
39190016
39190017
39190019
39190020
39190021
39190022
39190023
39190024
39190025
39190026
39190027
39190028
39190029
39190030
39190032
39190033
39190034
39190035
39190036
39190038
39190040
39190042
39190043
39190044
39190045
39190046
39190048
39190049
39190050
39190051
39190052
39190053
39190054
39190055
39190057
39190058
39190059
39190060
39190061
39190063
39190064
39190065
39190066
39190067
39190068
39190070
39190071
39190072
39190074
39190075
39190076
39190077
39190078
39190079
39190080
39190081
39190082
39190083
39190084
39190085
39190088
39190089
39190090
39190091
39190092
39190093
39190094
39190095
39190096
39190097
39190098
39190099
39190100
39190101
39190102
39190103
39190104
39190105
39190106
39190107
39190108
39190109
39190110
39190111
39190112
39190113
39190114
39190115
39190116
39190117
39190118
39190119
39190120
39190121
39190124
39190125
39190126
39190127
39190128
39190129
39190130
39190132
39190133
39190134
39190135
39190139
39190140
39190141
39190142
39190143
39190144
39190146
39190147
39190148
39190149
39190150
39190151
39190152
39190154
39190155
39190156
39190157
39190158
39190160
39190161
39190162
39190163
39190164
39190165
39190166
39190167
39190169
39190170
39190171
39190173
39190174
39190175
39190176
39190177
39190178
39190179
39190181
39190182
39190183
39190184
39190185
39190187
39190188
39190189
39190190
39190191
39190192
39190193
39190194
39190195
39190196
39190197
39190198
39190199
39190200
39190202
39190203
39190204
39190205
39190206
39190207
39190209
39190211
39190212
39190214
39190215
39190216
39190218
39190219
39190220
39190221
39190222
39190223
39190225
39190226
39190227
39190229
39190231
39190232
39190233
39190234
39190235
39190237
39190238
39190239
39190240
39190241
39190242
39190244
39190245
39190246
39190247
39190248
39190249
39190250
39190251
39190252
39190253
39190254
39190255
39190256
39190257
39190258
39190260
39190261
39190262
39190264
39190265
39190266
39190267
39190268
39190269
39190270
39190271
39190272
39190273
39190274
39190275
39190276
39190277
39190278
39190279
39190280
39190281
39190282
39190283
39190284
39190285
39190286
39190287
39190288
39190289
39190290
39190291
39190292
39190293
39190294
39190295
39190296
39190297
39190298
39190299
39190300
39190301
39190302
39190304
39190305
39190306
39190307
39190308
39190309
39190310
39190311
39190312
39190313
39190314
39190315
39190316
39190317
39190318
39190320
39190321
39190322
39190323
39190324
39190325
39190326
39190327
39190328
39190329
39190331
39190333
39190334
39190335
39190337
39190338
39190340
39190342
39190343
39190344
39190345
39190346
39190347
39190348
39190349
39190350
39190351
39190352
39190353
39190354
39190355
39190356
39190357
39190358
39190359
39190360
39190361
39190363
39190364
39190365
39190367
39190368
39190370
39190372
39190373
39190374
39190375
39190377
39190378
39190379
39190380
39190381
39190382
39190383
39190384
39190386
39190387
39190389
39190390
39190391
39190392
39190393
39190394
39190395
39190396
39190398
39190399
39190402
39190403
39190404
39190405
39190406
39190407
39190408
39190409
39190411
39190412
39190413
39190414
39190415
39190416
39190417
39190419
39190420
39190421
39190425
39190426
39190427
39190429
39190430
39190432
39190433
39190434
39190435
39190436
39190437
39190439
39190440
39190441
39190442
39190443
39190444
39190445
39190446
39190447
39190448
39190449
39190450
39190451
39190452
39190454
39190456
39190457
39190458
39190460
39190461
39190463
39190464
39190465
39190467
39190468
39190469
39190470
39190471
39190472
39190473
39190475
39190476
39190477
39190478
39190479
39190480
39190481
39190483
39190484
39190485
39190486
39190487
39190488
39190489
39190490
39190492
39190493
39190494
39190496
39190497
39190498
39190499
39190500
39190501
39190502
39190503
39190504
39190507
39190508
39190509
39190511
39190512
39190513
39190514
39190515
39190516
39190517
39190518
39190519
39190520
39190521
39190522
39190523
39190524
39190525