41169435
41169436
41169437
41169439
41169442
41169445
41169446
41169447
41169448
41169449
41169450
41169452
41169453
41169454
41169455
41169456
41169457
41169458
41169459
41169460
41169462
41169463
41169464
41169466
41169467
41169468
41169469
41169470
41169471
41169472
41169473
41169474
41169475
41169476
41169477
41169478
41169479
41169481
41169482
41169483
41169484
41169485
41169487
41169488
41169489
41169490
41169491
41169492
41169493
41169494
41169495
41169496
41169497
41169498
41169499
41169500
41169501
41169503
41169504
41169505
41169506
41169507
41169508
41169509
41169510
41169511
41169512
41169516
41169517
41169518
41169519
41169520
41169522
41169523
41169524
41169525
41169526
41169527
41169528
41169529
41169532
41169533
41169534
41169535
41169536
41169537
41169538
41169539
41169540
41169541
41169542
41169543
41169544
41169545
41169546
41169547
41169548
41169549
41169550
41169551
41169552
41169553
41169554
41169555
41169556
41169557
41169558
41169559
41169561
41169562
41169563
41169564
41169565
41169566
41169567
41169568
41169570
41169571
41169572
41169573
41169574
41169575
41169576
41169577
41169578
41169579
41169580
41169581
41169582
41169583
41169584
41169585
41169586
41169587
41169588
41169589
41169591
41169592
41169594
41169595
41169597
41169599
41169600
41169601
41169603
41169604
41169605
41169606
41169607
41169608
41169609
41169611
41169612
41169613
41169614
41169615
41169617
41169619
41169620
41169622
41169623
41169627
41169629
41169630
41169631
41169633
41169634
41169635
41169636
41169637
41169638
41169639
41169640
41169641
41169642
41169644
41169647
41169649
41169650
41169651
41169652
41169653
41169654
41169655
41169656
41169657
41169658
41169660
41169661
41169662
41169663
41169664
41169665
41169667
41169670
41169671
41169672
41169673
41169674
41169675
41169676
41169677
41169678
41169679
41169680
41169681
41169682
41169683
41169684
41169685
41169686
41169687
41169688
41169689
41169690
41169691
41169692
41169693
41169694
41169695
41169696
41169697
41169698
41169699
41169700
41169701
41169702
41169703
41169704
41169705
41169706
41169707
41169708
41169709
41169710
41169711
41169712
41169713
41169714
41169715
41169716
41169717
41169718
41169719
41169720
41169721
41169723
41169724
41169725
41169726
41169727
41169728
41169729
41169730
41169731
41169733
41169734
41169735
41169736
41169737
41169738
41169739
41169740
41169741
41169742
41169743
41169744
41169745
41169746
41169747
41169748
41169749
41169750
41169751
41169753
41169755
41169756
41169757
41169758
41169760
41169761
41169764
41169765
41169766
41169767
41169769
41169770
41169771
41169772
41169773
41169775
41169776
41169777
41169778
41169779
41169780
41169781
41169782
41169783
41169784
41169785
41169786
41169788
41169789
41169791
41169792
41169793
41169794
41169795
41169796
41169797
41169798
41169800
41169801
41169802
41169804
41169805
41169806
41169808
41169809
41169810
41169811
41169813
41169814
41169815
41169816
41169817
41169819
41169820
41169821
41169822
41169824
41169825
41169826
41169827
41169828
41169829
41169830
41169831
41169832
41169833
41169834
41169835
41169836
41169837
41169838
41169839
41169840
41169841
41169842
41169843
41169844
41169845
41169846
41169847
41169848
41169849
41169850
41169851
41169852
41169853
41169854
41169855
41169856
41169857
41169858
41169859
41169860
41169861
41169862
41169863
41169864
41169865
41169866
41169867
41169868
41169869
41169870
41169872
41169873
41169875
41169877
41169878
41169879
41169880
41169881
41169882
41169883
41169884
41169885
41169886
41169887
41169888
41169889
41169890
41169891
41169892
41169894
41169896
41169897
41169898
41169899
41169900
41169901
41169902
41169903
41169904
41169905
41169906
41169908
41169909
41169910
41169911
41169912
41169914
41169915
41169916
41169917
41169918
41169919
41169920
41169922
41169923
41169924
41169925
41169926
41169927
41169928
41169929
41169930
41169932
41169933
41169934
41169935
41169936
41169937
41169938
41169939
41169940
41169941
41169942
41169943
41169944
41169945
41169947
41169948
41169950
41169951
41169952
41169953
41169954
41169957
41169958
41169959
41169960
41169961
41169962
41169963
41169964
41169966
41169967
41169968
41169969
41169970
41169971
41169972
41169973
41169974
41169975
41169976
41169977
41169978
41169979
41169980
41169981
41169982
41169983
41169985
41169986
41169987
41169988
41169989
41169990
41169992
41169994
41169996
41169997
41169998
41170000
41170001
41170003
41170004
41170005
41170006
41170007
41170009
41170010
41170013
41170015
41170016
41170021
41170022
41170023
41170024
41170025
41170027
41170028
41170029
41170030
41170031
41170032
41170034
41170036
41170037
41170038
41170039
41170042
41170045
41170047
41170048
41170052
41170054
41170055
41170056
41170057
41170058
41170060
41170061
41170062
41170065
41170066
41170067
41170068
41170069
41170070
41170071
41170072
41170073
41170074
41170075
41170077
41170078
41170079
41170080
41170081
41170083
41170084
41170085
41170086
41170087
41170088
41170089
41170090
41170091
41170092
41170093
41170094
41170095
41170096
41170097
41170098
41170099
41170101
41170102
41170103
41170104
41170106
41170107
41170114
41170119
41170121
41170122
41170123
41170124
41170125
41170126
41170128
41170130
41170131
41170132
41170133
41170134
41170135
41170137
41170138
41170139
41170140
41170141
41170142
41170143
41170145
41170146
41170147
41170149
41170150
41170151
41170152
41170154
41170155
41170156
41170157
41170158
41170159
41170161
41170162
41170163
41170164
41170166
41170167
41170168
41170169
41170170
41170171
41170173
41170174
41170175
41170176
41170177
41170178
41170179
41170180
41170181
41170182
41170183
41170185
41170186
41170187
41170188
41170189
41170190
41170191
41170192
41170194
41170195
41170196
41170197
41170199
41170200
41170201
41170202
41170203
41170204
41170205
41170207
41170208
41170209
41170210
41170211
41170212
41170213
41170214
41170215
41170217
41170218
41170219
41170221
41170222
41170223
41170224
41170225
41170226
41170227
41170228
41170229
41170230
41170231
41170232
41170233
41170234
41170235
41170236
41170237
41170238
41170239
41170241
41170242
41170243
41170244
41170245
41170246
41170247
41170249
41170250
41170251
41170252
41170253
41170254
41170255
41170256
41170257
41170258
41170259
41170260
41170262
41170263
41170264
41170266
41170267
41170269
41170270
41170274
41170277
41170281
41170288
41170291
41170293
41170296
41170297
41170299
41170300
41170301
41170302
41170305
41170308
41170310
41170314
41170317
41170318
41170319
41170320
41170321
41170322
41170323
41170324
41170325
41170326
41170327
41170328
41170329
41170330
41170331
41170332
41170333
41170334
41170335
41170336
41170337
41170338
41170339
41170340
41170342
41170343
41170344
41170345
41170346
41170347
41170348
41170349
41170350
41170353
41170354
41170355
41170356
41170358
41170359
41170360
41170361
41170363
41170364
41170365
41170367
41170368
41170369
41170370
41170371
41170372
41170373
41170374
41170375
41170376
41170377
41170378
41170379
41170380
41170381
41170382
41170383
41170384
41170385
41170386
41170387
41170388
41170390
41170391
41170393
41170394
41170396
41170398
41170399
41170402
41170403
41170404
41170405
41170406
41170408
41170410
41170412
41170414
41170417
41170419
41170420
41170424
41170426
41170427
41170429
41170430
41170431
41170432
41170433
41170434
41170435
41170437
41170438
41170439
41170440
41170441
41170442
41170443
41170444
41170445
41170446
41170447
41170448
41170449
41170450
41170451
41170452
41170453
41170454
41170455
41170457
41170458
41170459
41170460
41170461
41170463
41170464
41170465
41170466
41170467
41170468
41170469
41170470
41170471
41170472
41170473
41170474
41170475
41170476
41170477
41170478
41170479
41170481
41170482
41170483
41170484
41170485
41170486
41170487
41170488
41170489
41170490
41170491
41170492
41170493
41170494
41170496
41170497
41170498
41170499
41170500
41170501
41170502
41170503
41170504
41170505
41170506
41170507
41170508
41170509
41170510
41170511
41170512
41170513
41170514
41170516
41170517
41170518
41170519
41170520
41170521
41170522
41170523
41170524
41170525
41170527
41170528
41170529
41170530
41170531
41170532
41170534
41170535
41170536
41170537
41170538
41170540
41170541
41170542
41170543
41170544
41170546
41170547
41170548
41170549
41170550
41170551
41170552
41170553
41170554
41170555
41170556
41170557
41170558
41170559
41170560
41170561
41170562
41170563
41170565
41170566
41170568
41170569
41170570
41170571
41170572
41170573
41170574
41170576
41170577
41170578
41170579
41170580
41170581
41170582
41170583
41170584
41170586
41170587
41170588
41170590
41170591
41170592
41170594
41170595
41170597
41170598
41170599
41170600
41170601
41170602
41170603
41170604
41170605
41170606
41170607
41170608
41170609
41170611
41170612
41170613
41170614
41170615
41170616
41170617
41170618
41170619
41170620
41170621
41170623
41170624
41170625
41170626
41170627
41170628
41170629
41170630
41170631
41170632
41170634
41170635
41170636
41170637
41170638
41170639
41170640
41170642
41170643
41170644
41170645
41170646
41170647
41170648
41170649
41170651
41170652
41170653
41170654
41170655
41170656
41170657
41170658
41170659
41170660
41170662
41170663
41170664
41170665
41170666
41170667
41170668
41170669
41170670
41170671
41170672
41170673
41170674
41170675
41170677
41170678
41170679
41170680
41170681
41170682
41170683
41170684
41170685
41170686
41170687
41170688
41170689
41170690
41170691
41170692
41170693
41170695
41170696
41170697
41170698
41170699
41170700
41170701
41170702
41170703
41170704
41170706
41170707
41170708
41170709
41170710
41170711
41170712
41170713
41170714
41170715
41170716
41170717
41170718
41170719
41170720
41170721
41170722
41170723
41170725
41170727
41170728
41170729
41170730
41170731
41170732
41170733
41170734
41170735
41170736
41170737
41170738
41170739
41170740
41170741
41170742
41170743
41170744
41170745
41170746
41170748
41170750
41170751
41170752
41170755
41170756
41170757
41170759
41170762
41170763
41170765
41170767
41170769
41170770
41170771
41170772
41170773
41170774
41170775
41170776
41170777
41170779
41170780
41170782
41170783
41170785
41170786
41170789
41170791
41170792
41170793
41170794
41170795
41170797
41170798
41170799
41170802
41170804
41170805
41170807
41170809
41170811
41170814
41170815
41170817
41170818
41170820
41170821
41170824
41170826
41170827
41170829
41170830
41170831
41170833
41170835
41170836
41170838
41170839
41170841
41170842
41170843
41170845
41170846
41170847
41170848
41170849
41170851
41170852
41170853
41170854
41170856
41170857
41170859
41170860
41170863
41170864
41170866
41170867
41170869
41170870
41170872
41170873
41170876
41170877
41170879
41170880
41170881
41170882
41170883
41170886
41170887
41170888
41170890
41170891
41170892
41170894
41170896
41170897
41170898
41170899
41170900
41170901
41170902
41170903
41170904
41170905
41170906
41170908
41170909
41170910
41170913
41170915
41170916
41170917
41170919
41170920
41170922
41170923
41170924
41170925
41170929
41170931
41170932
41170935
41170937
41170938
41170940
41170941
41170942
41170943
41170949
41170950
41170952
41170953
41170954
41170955
41170956
41170957
41170958
41170960
41170964
41170967
41170969
41170970
41170972
41170973
41170974
41170975
41170976
41170977
41170979
41170980
41170981
41170983
41170984
41170985
41170986
41170987
41170988
41170990
41170991
41170992
41170994
41170995
41170996
41170997
41170998
41170999
41171000
41171002
41171003
41171005
41171008
41171009
41171011
41171014
41171018
41171020
41171022
41171025
41171026
41171028
41171031
41171032
41171033
41171034
41171035
41171038
41171040
41171042
41171043
41171045
41171047
41171048
41171049
41171052
41171054
41171056
41171057
41171059
41171060
41171061
41171062
41171064
41171065
41171067
41171068
41171069
41171070
41171071
41171072
41171073
41171074
41171075
41171076
41171077
41171078
41171080
41171081
41171083
41171084
41171085
41171086
41171087
41171089
41171090
41171091
41171093
41171094
41171095
41171097
41171098
41171099
41171100
41171102
41171103
41171105
41171106
41171107
41171108
41171109
41171110
41171111
41171112
41171113
41171114
41171116
41171118
41171119
41171120
41171121
41171122
41171123
41171124
41171125
41171126
41171127
41171128
41171129
41171130
41171131
41171132
41171133
41171134
41171135
41171137
41171138
41171139
41171140
41171141
41171142
41171143
41171144
41171145
41171146
41171148
41171149
41171150
41171151
41171152
41171154
41171155
41171156
41171157
41171159
41171160
41171161
41171162
41171163
41171164
41171165
41171166
41171167
41171168
41171169
41171170
41171171
41171173
41171174
41171175
41171176
41171177
41171178
41171179
41171180
41171183
41171184
41171185
41171186
41171187
41171188
41171189
41171190
41171192
41171193
41171194
41171195
41171196
41171197
41171198
41171199
41171200
41171201
41171202
41171203
41171204
41171205
41171206
41171207
41171208
41171209
41171210
41171211
41171212
41171213
41171214
41171215
41171216
41171217
41171218
41171219
41171221
41171222
41171224
41171225
41171226
41171228
41171229
41171230
41171231
41171232
41171233
41171234
41171235
41171236
41171237
41171238
41171239
41171240
41171242
41171243
41171244
41171246
41171247
41171248
41171249
41171250
41171252
41171253
41171255
41171256
41171258
41171259
41171260
41171261
41171262
41171263
41171264
41171266
41171267
41171268
41171269
41171271
41171272
41171273
41171274
41171275
41171276
41171277
41171278
41171279
41171280
41171281
41171282
41171283
41171285
41171287
41171288
41171289
41171290
41171291
41171292
41171293
41171294
41171296
41171297
41171299
41171300
41171301
41171302
41171304
41171305
41171306
41171308
41171309
41171310
41171311
41171312
41171313
41171314
41171315
41171317
41171318
41171320
41171321
41171322
41171325
41171326
41171327
41171328
41171329
41171330
41171331
41171332
41171333
41171334
41171335
41171336
41171337
41171338
41171339
41171340
41171341
41171342
41171343
41171344
41171346
41171347
41171348
41171350
41171352
41171354
41171355
41171357
41171358
41171359
41171360
41171361
41171362
41171363
41171365
41171366
41171367
41171368
41171369
41171371
41171373
41171374
41171376
41171378
41171379
41171380
41171381
41171383
41171384
41171385
41171386
41171387
41171388
41171389
41171390
41171391
41171392
41171393
41171394
41171395
41171396
41171397
41171398
41171400
41171401
41171402
41171404
41171405
41171407
41171408
41171409
41171410
41171411
41171414
41171415
41171416
41171417
41171418
41171419
41171420
41171421
41171422
41171423
41171424
41171425
41171426
41171427
41171428
41171429
41171430
41171431
41171432
41171434
41171435
41171436
41171437
41171438
41171439
41171440
41171441
41171442
41171443
41171444
41171445
41171446
41171447
41171448
41171449
41171451
41171452
41171454
41171455
41171456
41171458
41171459
41171460
41171461
41171462
41171463
41171465
41171466
41171467
41171468
41171469
41171470
41171471
41171472
41171473
41171474
41171475
41171476
41171477
41171478
41171479
41171480
41171481
41171482
41171483
41171484
41171485
41171486
41171487
41171488
41171489
41171490
41171491
41171492
41171493
41171494
41171496
41171497
41171498
41171499
41171500
41171501
41171502
41171503
41171505
41171507
41171508
41171509
41171510
41171511
41171512
41171513
41171514
41171516
41171517
41171518
41171520
41171521
41171522
41171523
41171524
41171525
41171526
41171527
41171529
41171531
41171532
41171533
41171534
41171535
41171536
41171537
41171538
41171539
41171540
41171541
41171542
41171543
41171544
41171545
41171546
41171548
41171549
41171550
41171551
41171552
41171553
41171554
41171555
41171556
41171557
41171559
41171561
41171562
41171563
41171565
41171566
41171567
41171568
41171569
41171570
41171571
41171572
41171573
41171574
41171575
41171576
41171577
41171578
41171579
41171580
41171581
41171582
41171586
41171587
41171588
41171589
41171590
41171591
41171592
41171593
41171594
41171595
41171596
41171597
41171599
41171600
41171601
41171602
41171603
41171604
41171605
41171606
41171607
41171608
41171609
41171610
41171611
41171612
41171613
41171614
41171615
41171616
41171617
41171618
41171619
41171621
41171622
41171623
41171625
41171628
41171629
41171630
41171631
41171632
41171633
41171634
41171635
41171636
41171637
41171638
41171639
41171640
41171641
41171642
41171644
41171645
41171647
41171648
41171649
41171652
41171653
41171654
41171655
41171656
41171657
41171658
41171659
41171660
41171661
41171663
41171664
41171665
41171667
41171668
41171669
41171670
41171672
41171675
41171678
41171679
41171681
41171683
41171684
41171685
41171686
41171687
41171689
41171690
41171692
41171693
41171694
41171696
41171697
41171698
41171699
41171700
41171701
41171703
41171704
41171705
41171707
41171708
41171709
41171711
41171712
41171713
41171714
41171715
41171716
41171717
41171718
41171719
41171720
41171722
41171723
41171725
41171726
41171729
41171730
41171731
41171732
41171733
41171734
41171735
41171736
41171737
41171738
41171739
41171740
41171741
41171742
41171743
41171744
41171745
41171748
41171749
41171750
41171751
41171752
41171753
41171756
41171757
41171758
41171759
41171760
41171761
41171762
41171766
41171767
41171768
41171769
41171770
41171771
41171772
41171773
41171774
41171775
41171776
41171777
41171778
41171779
41171780
41171781
41171782
41171783
41171784
41171786
41171787
41171788
41171789
41171790
41171791
41171792
41171793
41171794
41171795
41171796
41171798
41171800
41171802
41171803
41171804
41171805
41171806
41171807
41171809
41171811
41171812
41171813
41171814
41171815
41171816
41171817
41171818
41171819
41171820
41171821
41171822
41171823
41171824
41171825
41171827
41171828
41171830
41171831
41171832
41171833
41171834
41171835
41171837
41171838
41171839
41171840
41171841
41171842
41171843
41171844
41171845
41171846
41171847
41171848
41171849
41171850
41171851
41171852
41171854
41171855
41171857
41171858
41171859
41171862
41171864
41171866
41171867
41171869
41171870
41171871
41171873
41171874
41171875
41171876
41171877
41171878
41171879
41171881
41171882
41171883
41171884
41171885
41171886
41171887
41171888
41171889
41171890
41171891
41171892
41171893
41171894
41171895
41171896
41171898
41171899
41171900
41171901
41171902
41171903
41171904
41171905
41171906
41171907
41171908
41171909
41171913
41171914
41171915
41171916
41171917
41171918
41171919
41171920
41171921
41171922
41171923
41171924
41171925
41171926
41171927
41171928
41171929
41171930
41171931
41171932
41171933
41171935
41171937
41171938
41171939
41171940
41171941
41171942
41171943
41171944
41171945
41171948
41171949
41171950
41171951
41171952
41171953
41171954
41171955
41171956
41171958
41171959
41171960
41171961
41171963
41171965
41171966
41171967
41171968
41171969
41171972
41171973
41171975
41171976
41171977
41171978
41171979
41171980
41171981
41171983
41171984
41171985
41171986
41171987
41171988
41171989
41171991
41171992
41171993
41171994
41171995
41171996
41171997
41171998
41171999
41172000
41172001
41172003
41172004
41172005
41172006
41172007
41172008
41172009
41172010
41172011
41172012
41172013
41172014
41172016
41172018
41172019
41172020
41172021
41172022
41172023
41172024
41172025
41172026
41172027
41172029
41172030
41172031
41172032
41172034
41172035
41172036
41172037
41172038
41172039
41172040
41172041
41172042
41172043
41172044
41172045
41172046
41172047
41172048
41172049
41172050
41172051
41172052
41172053
41172054
41172055
41172056
41172057
41172060
41172061
41172064
41172065
41172067
41172068
41172069
41172070
41172071
41172072
41172073
41172074
41172075
41172076
41172077
41172078
41172079
41172080
41172081
41172082
41172083
41172084
41172085
41172086
41172087
41172088
41172089
41172090
41172091
41172092
41172093
41172094
41172095
41172096
41172097
41172098
41172100
41172101
41172102
41172103
41172105
41172106
41172107
41172108
41172109
41172110
41172111
41172112
41172113
41172114
41172115
41172116
41172117
41172118
41172120
41172121
41172122
41172123
41172124
41172125
41172126
41172127
41172128
41172129
41172131
41172132
41172133
41172135
41172136
41172137
41172138
41172139
41172140
41172141
41172142
41172146
41172147
41172148
41172149
41172150
41172151
41172152
41172153
41172155
41172156
41172157
41172158
41172159
41172160
41172161
41172162
41172163
41172164
41172165
41172166
41172167
41172168
41172170
41172172
41172173
41172174
41172175
41172176
41172177
41172178
41172179
41172180
41172184
41172185
41172186
41172187
41172188
41172189
41172191
41172192
41172193
41172194
41172196
41172197
41172198
41172199
41172200
41172201
41172202
41172203
41172204
41172205
41172206
41172207
41172208
41172209
41172210
41172211
41172212
41172213
41172214
41172215
41172216
41172217
41172218
41172219
41172220
41172221
41172222
41172223
41172224
41172225
41172226
41172227
41172228
41172229
41172230
41172231
41172232
41172233
41172234
41172235
41172236
41172238
41172239
41172240
41172241
41172242
41172243
41172244
41172245
41172246
41172247
41172248
41172249
41172250
41172251
41172252
41172254
41172255
41172256
41172257
41172258
41172259
41172260
41172261
41172262
41172263
41172264
41172265
41172266
41172268
41172269
41172270
41172271
41172272
41172273
41172274
41172275
41172276
41172277
41172278
41172279
41172280
41172281
41172282
41172283
41172284
41172285
41172286
41172287
41172288
41172289
41172290
41172292
41172293
41172294
41172295
41172296
41172297
41172299
41172300
41172301
41172302
41172303
41172304
41172305
41172306
41172307
41172308
41172309
41172310
41172311
41172312
41172314
41172315
41172316
41172317
41172319
41172320
41172321
41172322
41172323
41172325
41172326
41172327
41172328
41172329
41172330
41172333
41172334
41172336
41172338
41172339
41172340
41172341
41172342
41172343
41172344
41172345
41172347
41172348
41172349
41172350
41172351
41172352
41172353
41172354
41172356
41172357
41172358
41172360
41172362
41172363
41172364
41172365
41172366
41172367
41172368
41172369
41172370
41172371
41172372
41172373
41172375
41172376
41172377
41172378
41172379
41172380
41172381
41172382
41172383
41172384
41172385
41172386
41172387
41172388
41172390
41172392
41172393
41172394
41172395
41172397
41172398
41172399
41172400
41172401
41172402
41172403
41172404
41172405
41172407
41172409
41172410
41172411
41172412
41172413
41172414
41172415
41172416
41172417
41172418
41172419
41172420
41172424
41172425
41172426
41172427
41172428
41172429
41172430
41172431
41172432
41172434
41172436
41172437
41172438
41172439
41172440
41172441
41172443
41172444
41172445
41172446
41172447
41172448
41172449
41172450
41172453
41172454
41172455
41172457
41172459
41172460
41172461
41172463
41172464
41172465
41172466
41172468
41172469
41172470
41172471
41172473
41172474
41172475
41172476
41172477
41172479
41172480
41172481
41172483
41172484
41172485
41172486
41172487
41172489
41172490
41172491
41172492
41172493
41172495
41172496
41172497
41172498
41172499
41172500
41172501
41172502
41172504
41172505
41172506
41172507
41172508
41172509
41172510
41172511
41172512
41172513
41172514
41172515
41172517
41172518
41172519
41172520
41172521
41172523
41172524
41172525
41172526
41172527
41172528
41172529
41172530
41172531
41172533
41172534
41172535
41172536
41172538
41172540
41172541
41172542
41172543
41172544
41172545
41172546
41172547
41172548
41172549
41172550
41172551
41172552
41172553
41172554
41172555
41172557
41172558
41172559
41172560
41172561
41172563
41172564
41172565
41172566
41172567
41172568
41172569
41172570
41172571
41172572
41172573
41172574
41172575
41172576
41172577
41172578
41172579
41172580
41172581
41172582
41172583
41172584
41172585
41172586
41172588
41172589
41172590
41172593
41172594
41172595
41172597
41172598
41172599
41172600
41172601
41172602
41172604
41172605
41172606
41172607
41172608
41172609
41172610
41172611
41172612
41172613
41172614
41172615
41172616
41172617
41172618
41172619
41172620
41172622
41172623
41172624
41172625
41172626
41172627
41172629
41172630
41172631
41172632
41172633
41172636
41172637
41172638
41172639
41172640
41172642
41172643
41172644
41172645
41172646
41172647
41172648
41172649
41172650
41172651
41172652
41172653
41172654
41172656
41172657
41172658
41172659
41172660
41172661
41172662
41172663
41172664
41172665
41172666
41172667
41172668
41172669
41172670
41172671
41172673
41172675
41172676
41172677
41172678
41172679
41172680
41172681
41172682
41172683
41172684
41172685
41172686
41172687
41172688
41172689
41172691
41172693
41172694
41172696
41172697
41172698
41172701
41172702
41172704
41172705
41172706
41172707
41172710
41172711
41172712
41172713
41172714
41172715
41172716
41172717
41172718
41172719
41172720
41172721
41172722
41172723
41172725
41172726
41172727
41172728
41172729
41172730
41172731
41172732
41172733
41172736
41172737
41172738
41172739
41172740
41172741
41172742
41172743
41172744
41172746
41172747
41172748
41172749
41172750
41172751
41172752
41172753
41172754
41172755
41172756
41172758
41172759
41172761
41172762
41172763
41172764
41172765
41172766
41172767
41172768
41172769
41172770
41172771
41172772
41172773
41172774
41172775
41172776
41172777
41172778
41172779
41172780
41172783
41172784
41172786
41172787
41172788
41172789
41172790
41172791
41172792
41172794
41172795
41172796
41172797
41172798
41172799
41172800
41172802
41172803
41172804
41172805
41172806
41172807
41172808
41172809
41172811
41172813
41172814
41172815
41172816
41172817
41172818
41172819
41172820
41172821
41172822
41172823
41172824
41172825
41172826
41172827
41172828
41172829
41172830
41172831
41172832
41172833
41172834
41172835
41172836
41172837
41172838
41172839
41172840
41172842
41172843
41172844
41172845
41172846
41172847
41172848
41172849
41172850
41172851
41172852
41172853
41172854
41172856
41172857
41172858
41172859
41172860
41172861
41172862
41172863
41172864
41172865
41172866
41172868
41172869
41172870
41172871
41172872
41172873
41172874
41172875
41172876
41172877
41172878
41172879
41172880
41172881
41172882
41172883
41172884
41172885
41172886
41172887
41172888
41172890
41172891
41172892
41172893
41172894
41172895
41172896
41172897
41172898
41172899
41172900
41172901
41172902
41172903
41172905
41172906
41172907
41172908
41172909
41172910
41172911
41172912
41172913
41172914
41172916
41172917
41172918
41172919
41172920
41172921
41172922
41172923
41172924
41172925
41172926
41172927
41172928
41172929
41172930
41172931
41172932
41172933
41172935
41172936
41172937
41172938
41172939
41172940
41172941
41172942
41172943
41172944
41172945
41172946
41172947
41172949
41172950
41172951
41172952
41172953
41172954
41172955
41172956
41172958
41172961
41172963
41172964
41172965
41172966
41172967
41172968
41172969
41172971
41172972
41172973
41172974
41172975
41172976
41172977
41172979
41172980
41172981
41172982
41172983
41172984
41172986
41172987
41172988
41172989
41172991
41172992
41172993
41172994
41172995
41172996
41172997
41172998
41172999
41173000
41173001
41173002
41173003
41173004
41173005
41173006
41173008
41173009
41173010
41173011
41173012
41173014
41173015
41173016
41173017
41173018
41173019
41173020
41173021
41173022
41173023
41173025
41173027
41173028
41173029
41173030
41173031
41173032
41173033
41173034
41173035
41173036
41173039
41173040
41173041
41173042
41173043
41173044
41173045
41173046
41173048
41173049
41173051
41173052
41173053
41173054
41173055
41173056
41173057
41173058
41173059
41173062
41173063
41173064
41173065
41173066
41173067
41173068
41173070
41173071
41173072
41173074
41173075
41173077
41173078
41173079
41173080
41173081
41173082
41173083
41173084
41173085
41173086
41173087
41173088
41173089
41173090
41173091
41173092
41173093
41173094
41173095
41173096
41173098
41173099
41173100
41173101
41173102
41173103
41173104
41173105
41173107
41173108
41173109
41173111
41173112
41173113
41173114
41173115
41173116
41173117
41173119
41173120
41173121
41173122
41173123
41173124
41173125
41173126
41173127
41173128
41173129
41173130
41173132
41173133
41173134
41173135
41173136
41173137
41173138
41173139
41173140
41173141
41173142
41173144
41173145
41173146
41173148
41173149
41173150
41173151
41173152
41173153
41173154
41173155
41173156
41173157
41173158
41173159
41173160
41173161
41173163
41173165
41173166
41173167
41173168
41173169
41173170
41173171
41173172
41173173
41173174
41173175
41173176
41173177
41173178
41173179
41173180
41173181
41173182
41173183
41173184
41173185
41173186
41173187
41173188
41173189
41173190
41173191
41173192
41173194
41173195
41173197
41173198
41173199
41173200
41173201
41173202
41173203
41173204
41173205
41173206
41173207
41173209
41173210
41173211
41173212
41173213
41173214
41173215
41173216
41173217
41173218
41173219
41173220
41173222
41173223
41173225
41173226
41173228
41173229
41173230
41173231
41173232
41173233
41173235
41173236
41173237
41173238
41173239
41173240
41173241
41173242
41173243
41173244
41173245
41173247
41173248
41173249
41173250
41173251
41173252
41173254
41173255
41173257
41173258
41173261
41173263
41173264
41173265
41173266
41173267
41173268
41173269
41173270
41173272
41173274
41173276
41173277
41173278
41173279
41173280
41173281
41173282
41173283
41173284
41173285
41173286
41173287
41173288
41173289
41173291
41173293
41173294
41173297
41173298
41173299
41173300
41173301
41173302
41173303
41173304
41173305
41173307
41173308
41173310
41173311
41173312
41173314
41173315
41173317
41173319
41173320
41173321
41173322
41173324
41173326
41173327
41173328
41173329
41173330
41173331
41173332
41173335
41173336
41173338
41173341
41173342
41173343
41173346
41173347
41173349
41173350
41173352
41173353
41173354
41173355
41173356
41173358
41173359
41173360
41173362
41173363
41173364
41173365
41173367
41173370
41173371
41173372
41173373
41173375
41173376
41173378
41173380
41173381
41173383
41173384
41173387
41173388
41173389
41173390
41173391
41173392
41173395
41173396
41173397
41173399
41173400
41173401
41173403
41173404
41173405
41173406
41173407
41173408
41173409
41173410
41173413
41173415
41173417
41173418
41173419
41173422
41173426
41173427
41173428
41173430
41173432
41173433
41173434
41173435
41173437
41173438
41173439
41173440
41173442
41173443
41173444
41173445
41173446
41173448
41173449
41173450
41173451
41173454
41173456
41173457
41173459
41173460
41173461
41173463
41173464
41173465
41173466
41173467
41173469
41173470
41173471
41173472
41173474
41173475
41173477
41173478
41173479
41173480
41173482
41173483
41173485
41173486
41173487
41173489
41173491
41173492
41173493
41173494
41173495
41173496
41173497
41173499
41173500
41173501
41173502
41173504
41173505
41173507
41173510
41173512
41173513
41173514
41173515
41173516
41173517
41173518
41173519
41173520
41173521
41173522
41173523
41173524
41173525
41173526
41173527
41173528
41173529
41173530
41173531
41173532
41173534
41173535
41173536
41173537
41173538
41173540
41173541
41173542
41173543
41173545
41173546
41173547
41173549
41173550
41173551
41173553
41173554
41173555
41173556
41173557
41173558
41173561
41173562
41173563
41173564
41173565
41173566
41173567
41173568
41173569
41173570
41173571
41173572
41173573
41173574
41173575
41173576
41173577
41173578
41173579
41173580
41173581
41173582
41173583
41173584
41173585
41173586
41173587
41173588
41173589
41173590
41173592
41173593
41173594
41173595
41173596
41173597
41173598
41173599
41173600
41173601
41173602
41173603
41173606
41173607
41173608
41173609
41173610
41173612
41173613
41173614
41173615
41173616
41173617
41173618
41173619
41173620
41173621
41173622
41173624
41173625
41173626
41173628
41173630
41173631
41173632
41173633
41173634
41173635
41173636
41173637
41173638
41173639
41173640
41173641
41173642
41173643
41173644
41173646
41173647
41173648
41173649
41173650
41173651
41173652
41173653
41173654
41173655
41173656
41173657
41173659
41173660
41173661
41173662
41173663
41173664
41173665
41173666
41173667
41173668
41173669
41173671
41173672
41173673
41173674
41173677
41173679
41173682
41173684
41173685
41173686
41173687
41173688
41173689
41173690
41173691
41173692
41173693
41173695
41173696
41173697
41173698
41173699
41173700
41173701
41173702
41173704
41173705
41173706
41173707
41173708
41173709
41173710
41173711
41173712
41173714
41173715
41173717
41173718
41173721
41173722
41173723
41173724
41173725
41173727
41173728
41173729
41173730
41173731
41173732
41173733
41173734
41173735
41173736
41173737
41173738
41173739
41173740
41173741
41173742
41173744
41173745
41173746
41173748
41173749
41173750
41173751
41173752
41173753
41173754
41173755
41173756
41173757
41173758
41173759
41173761
41173762
41173763
41173764
41173765
41173766
41173767
41173768
41173769
41173770
41173771
41173772
41173773
41173775
41173776
41173777
41173778
41173779
41173781
41173782
41173783
41173784
41173786
41173787
41173788
41173789
41173791
41173795
41173796
41173797
41173798
41173800
41173801
41173802
41173803
41173804
41173805
41173806
41173807
41173808
41173809
41173810
41173811
41173813
41173814
41173815
41173816
41173817
41173819
41173820
41173821
41173822
41173823
41173824
41173825
41173828
41173829
41173830
41173831
41173833
41173835
41173836
41173837
41173838
41173839
41173840
41173841
41173842
41173843
41173844
41173845
41173846
41173847
41173848
41173849
41173850
41173852
41173853
41173855
41173856
41173857
41173858
41173859
41173860
41173861
41173862
41173863
41173864
41173865
41173866
41173868
41173869
41173870
41173871
41173872
41173873
41173874
41173875
41173876
41173878
41173880
41173881
41173882
41173883
41173884
41173885
41173887
41173888
41173890
41173891
41173892
41173893
41173894
41173895
41173896
41173897
41173898
41173899
41173900
41173901
41173903
41173904
41173906
41173907
41173908
41173909
41173910
41173911
41173912
41173913
41173914
41173915
41173916
41173917
41173918
41173919
41173920
41173922
41173924
41173925
41173926
41173927
41173928
41173929
41173931
41173932
41173933
41173934
41173935
41173936
41173937
41173938
41173939
41173940
41173941
41173942
41173944
41173945
41173946
41173947
41173948
41173949
41173950
41173951
41173952
41173955
41173956
41173957
41173958
41173960
41173962
41173963
41173964
41173965
41173966
41173967
41173968
41173970
41173971
41173972
41173974
41173975
41173976
41173977
41173978
41173979
41173980
41173981
41173982
41173983
41173984
41173985
41173986
41173987
41173988
41173989
41173990
41173991
41173992
41173993
41173994
41173995
41173996
41173997
41173998
41174000
41174001
41174002
41174003
41174004
41174005
41174006
41174007
41174008
41174009
41174010
41174011
41174012
41174013
41174014
41174015
41174016
41174017
41174018
41174019
41174020
41174021
41174022
41174024
41174025
41174026
41174027
41174028
41174030
41174031
41174032
41174033
41174034
41174035
41174036
41174037
41174040
41174041
41174042
41174044
41174045
41174046
41174047
41174048
41174049
41174050
41174051
41174052
41174053
41174054
41174055
41174056
41174057
41174058
41174060
41174061
41174062
41174063
41174064
41174065
41174066
41174067
41174068
41174069
41174070
41174071
41174072
41174073
41174074
41174075
41174076
41174077
41174078
41174079
41174080
41174081
41174082
41174083
41174085
41174086
41174087
41174088
41174089
41174090
41174091
41174092
41174093
41174094
41174095
41174096
41174097
41174098
41174099
41174101
41174102
41174103
41174104
41174105
41174106
41174107
41174108
41174109
41174110
41174111
41174112
41174113
41174114
41174115
41174116
41174117
41174118
41174119
41174120
41174121
41174122
41174123
41174125
41174126
41174127
41174128
41174130
41174131
41174132
41174133
41174134
41174135
41174136
41174137
41174139
41174140
41174141
41174142
41174143
41174144
41174145
41174146
41174147
41174148
41174149
41174150
41174151
41174152
41174153
41174154
41174156
41174157
41174158
41174159
41174160
41174161
41174162
41174163
41174164
41174165
41174166
41174167
41174168
41174169
41174170
41174171
41174174
41174175
41174176
41174177
41174179
41174180
41174181
41174182
41174184
41174186
41174187
41174189
41174190
41174191
41174192
41174193
41174194
41174195
41174196
41174197
41174198
41174199
41174200
41174201
41174202
41174203
41174204
41174205
41174206
41174207
41174208
41174210
41174211
41174212
41174213
41174214
41174215
41174216
41174217
41174218
41174219
41174220
41174221
41174222
41174223
41174224
41174226
41174228
41174229
41174230
41174231
41174232
41174233
41174234
41174235
41174236
41174237
41174238
41174239
41174240
41174241
41174242
41174243
41174244
41174245
41174246
41174247
41174248
41174249
41174250
41174251
41174252
41174253
41174254
41174255
41174256
41174257
41174258
41174259
41174260
41174261
41174262
41174264
41174265
41174266
41174267
41174269
41174270
41174271
41174272
41174273
41174274
41174275
41174276
41174278
41174279
41174280
41174281
41174282
41174283
41174285
41174286
41174287
41174288
41174289
41174291
41174292
41174295
41174296
41174297
41174299
41174300
41174301
41174302
41174303
41174304
41174305
41174306
41174307
41174308
41174309
41174310
41174311
41174312
41174313
41174314
41174315
41174316
41174317
41174318
41174319
41174320
41174321
41174322
41174323
41174324
41174325
41174326
41174327
41174328
41174329
41174330
41174331
41174332
41174334
41174335
41174336
41174337
41174338
41174340
41174341
41174342
41174343
41174344
41174345
41174346
41174347
41174348
41174350
41174351
41174352
41174353
41174354
41174355
41174356
41174357
41174358
41174359
41174360
41174361
41174362
41174363
41174364
41174365
41174366
41174367
41174368
41174369
41174370
41174371
41174372
41174373
41174374
41174375
41174376
41174377
41174378
41174379
41174380
41174381
41174382
41174383
41174384
41174385
41174386
41174387
41174388
41174389
41174390
41174391
41174392
41174394
41174395
41174396
41174397
41174398
41174399
41174400
41174402
41174403
41174404
41174405
41174406
41174407
41174408
41174409
41174410
41174412
41174413
41174414
41174415
41174416
41174417
41174418
41174419
41174420
41174421
41174422
41174423
41174424
41174425
41174426
41174427
41174428
41174429
41174430
41174431
41174433
41174434
41174436
41174437
41174438
41174439
41174441
41174443
41174445
41174446
41174447
41174448
41174450
41174451
41174452
41174453
41174454
41174455
41174456
41174457
41174458
41174459
41174461
41174462
41174464
41174465
41174466
41174467
41174468
41174469
41174472
41174473
41174474
41174475
41174476
41174477
41174478
41174479
41174480
41174481
41174482
41174484
41174486
41174487
41174488
41174489
41174490
41174491
41174492
41174493
41174494
41174495
41174496
41174497
41174499
41174502
41174503
41174504
41174505
41174506
41174508
41174509
41174512
41174513
41174515
41174516
41174517
41174518
41174519
41174520
41174521
41174522
41174523
41174524
41174525
41174526
41174527
41174528
41174530
41174531
41174532
41174533
41174534
41174535
41174536
41174537
41174539
41174540
41174541
41174543
41174544
41174545
41174546
41174547
41174548
41174549
41174551
41174552
41174553
41174554
41174555
41174556
41174557
41174558
41174559
41174560
41174561
41174562
41174563
41174565
41174566
41174567
41174569
41174570
41174571
41174572
41174575
41174576
41174577
41174578
41174579
41174581
41174582
41174583
41174584
41174585
41174586
41174587
41174588
41174590
41174591
41174592
41174593
41174594
41174595
41174597
41174598
41174600
41174603
41174604
41174605
41174606
41174607
41174608
41174610
41174611
41174612
41174613
41174614
41174615
41174616
41174617
41174618
41174619
41174620
41174621
41174622
41174623
41174624
41174625
41174626
41174627
41174628
41174629
41174630
41174631
41174632
41174634
41174635
41174636
41174637
41174638
41174639
41174640
41174641
41174642
41174643
41174644
41174645
41174647
41174648
41174649
41174650
41174651
41174652
41174653
41174654
41174655
41174656
41174657
41174658
41174659
41174660
41174662
41174663
41174664
41174665
41174666
41174668
41174669
41174670
41174672
41174674
41174675
41174676
41174677
41174678
41174679
41174680
41174681
41174682
41174684
41174685
41174686
41174687
41174688
41174689
41174690
41174691
41174692
41174693
41174694
41174695
41174696
41174697
41174698
41174699
41174700
41174701
41174702
41174703
41174705
41174706
41174707
41174708
41174709
41174710
41174711
41174713
41174715
41174716
41174717
41174718
41174719
41174720
41174721
41174723
41174725
41174726
41174727
41174728
41174729
41174731
41174732
41174733
41174735
41174736
41174737
41174738
41174739
41174740
41174741
41174742
41174744
41174745
41174746
41174747
41174748
41174749
41174750
41174751
41174753
41174754
41174755
41174756
41174757
41174758
41174759
41174760
41174761
41174762
41174763
41174764
41174767
41174768
41174769
41174770
41174771
41174772
41174774
41174775
41174777
41174778
41174779
41174780
41174781
41174782
41174783
41174784
41174785
41174786
41174787
41174788
41174789
41174791
41174792
41174793
41174794
41174795
41174796
41174797
41174798
41174800
41174801
41174802
41174803
41174804
41174805
41174806
41174807
41174808
41174810
41174811
41174812
41174813
41174814
41174815
41174816
41174817
41174818
41174819
41174821
41174822
41174823
41174824
41174825
41174826
41174827
41174828
41174829
41174830
41174831
41174832
41174833
41174834
41174835
41174836
41174837
41174838
41174839
41174840
41174841
41174842
41174843
41174845
41174846
41174847
41174848
41174849
41174850
41174851
41174852
41174854
41174855
41174856
41174857
41174858
41174859
41174861
41174862
41174863
41174864
41174865
41174866
41174868
41174869
41174871
41174872
41174873
41174874
41174875
41174876
41174877
41174878
41174881
41174882
41174883
41174884
41174885
41174886
41174887
41174888
41174889
41174891
41174892
41174893
41174894
41174895
41174896
41174897
41174898
41174899
41174900
41174901
41174902
41174903
41174904
41174905
41174907
41174908
41174909
41174910
41174911
41174912
41174913
41174914
41174915
41174916
41174917
41174918
41174919
41174920
41174921
41174923
41174924
41174925
41174926
41174927
41174928
41174930
41174931
41174932
41174933
41174934
41174935
41174936
41174937
41174938
41174939
41174940
41174941
41174943
41174944
41174945
41174946
41174947
41174948
41174949
41174950
41174951
41174952
41174953
41174955
41174956
41174957
41174958
41174959
41174960
41174961
41174962
41174964
41174965
41174966
41174967
41174968
41174969
41174970
41174971
41174972
41174973
41174974
41174975
41174977
41174978
41174979
41174980
41174982
41174985
41174987
41174988
41174991
41174993
41174994
41174995
41174997
41174998
41175001
41175002
41175003
41175004
41175006
41175007
41175009
41175010
41175011
41175013
41175014
41175015
41175016
41175017
41175018
41175019
41175021
41175022
41175023
41175026
41175028
41175030
41175031
41175032
41175034
41175035
41175036
41175037
41175038
41175040
41175041
41175045
41175046
41175047
41175048
41175050
41175051
41175052
41175053
41175054
41175055
41175056
41175057
41175058
41175060
41175061
41175062
41175063
41175064
41175065
41175066
41175068
41175069
41175070
41175071
41175072
41175073
41175074
41175075
41175076
41175077
41175079
41175080
41175081
41175082
41175083
41175084
41175085
41175087
41175089
41175090
41175092
41175093
41175095
41175096
41175097
41175098
41175100
41175101
41175102
41175103
41175104
41175105
41175106
41175107
41175108
41175110
41175111
41175112
41175113
41175114
41175115
41175116
41175117
41175118
41175119
41175120
41175121
41175122
41175123
41175125
41175126
41175128
41175129
41175130
41175132
41175133
41175134
41175135
41175136
41175137
41175139
41175140
41175141
41175142
41175143
41175144
41175145
41175146
41175147
41175148
41175149
41175150
41175152
41175153
41175154
41175155
41175156
41175159
41175160
41175161
41175162
41175163
41175164
41175165
41175166
41175167
41175168
41175170
41175171
41175172
41175173
41175174
41175175
41175177
41175179
41175180
41175181
41175182
41175183
41175184
41175185
41175186
41175188
41175190
41175191
41175192
41175193
41175195
41175196
41175197
41175198
41175199
41175200
41175201
41175202
41175203
41175204
41175206
41175207
41175208
41175209
41175210
41175211
41175213
41175214
41175215
41175217
41175218
41175220
41175221
41175223
41175224
41175225
41175226
41175227
41175228
41175229
41175232
41175233
41175234
41175235
41175236
41175237
41175239
41175240
41175241
41175242
41175244
41175245
41175246
41175247
41175248
41175249
41175250
41175251
41175252
41175253
41175254
41175256
41175258
41175260
41175262
41175263
41175264
41175265
41175266
41175267
41175268
41175269
41175270
41175271
41175272
41175273
41175275
41175276
41175277
41175278
41175280
41175281
41175283
41175284
41175285
41175286
41175288
41175289
41175290
41175291
41175292
41175294
41175295
41175297
41175298
41175299
41175300
41175301
41175302
41175304
41175306
41175307
41175308
41175309
41175311
41175312
41175313
41175314
41175315
41175316
41175317
41175319
41175320
41175321
41175322
41175324
41175325
41175326
41175327
41175328
41175330
41175331
41175332
41175333
41175334
41175335
41175336
41175338
41175339
41175340
41175342
41175344
41175345
41175346
41175347
41175348
41175349
41175350
41175352
41175354
41175355
41175356
41175357
41175358
41175359
41175360
41175361
41175362
41175363
41175366
41175367
41175368
41175369
41175370
41175372
41175373
41175375
41175376
41175377
41175379
41175380
41175381
41175382
41175383
41175385
41175386
41175387
41175388
41175389
41175391
41175392
41175393
41175395
41175396
41175397
41175398
41175399
41175401
41175402
41175403
41175405
41175406
41175407
41175408
41175409
41175410
41175411
41175413
41175414
41175417
41175418
41175419
41175420
41175421
41175422
41175423
41175425
41175427
41175428
41175429
41175430
41175431
41175432
41175433
41175434
41175435
41175439
41175440
41175441
41175443
41175444
41175445
41175446
41175447
41175448
41175449
41175451
41175452
41175453
41175455
41175456
41175457
41175458
41175459
41175460
41175461
41175462
41175465
41175466
41175467
41175468
41175469
41175470
41175471
41175472
41175473
41175476
41175477
41175479
41175480
41175481
41175482
41175483
41175484
41175485
41175486
41175487
41175488
41175489
41175490
41175491
41175493
41175495
41175496
41175497
41175498
41175500
41175501
41175502
41175503
41175506
41175508
41175509
41175510
41175511
41175512
41175513
41175514
41175515
41175516
41175517
41175518
41175519
41175520
41175521
41175523
41175524
41175525
41175526
41175527
41175528
41175529
41175530
41175531
41175532
41175533
41175534
41175535
41175536
41175538
41175539
41175540
41175541
41175542
41175543
41175544
41175545
41175546
41175547
41175549
41175550
41175551
41175552
41175553
41175554
41175555
41175556
41175557
41175558
41175559
41175560
41175561
41175562
41175563
41175564
41175565
41175566
41175567
41175568
41175569
41175570
41175571
41175572
41175573
41175574
41175575
41175576
41175577
41175578
41175580
41175581
41175582
41175585
41175586
41175588
41175589
41175590
41175593
41175594
41175595
41175596
41175597
41175600
41175601
41175602
41175603
41175605
41175606
41175607
41175608
41175609
41175610
41175611
41175613
41175614
41175615
41175616
41175617
41175618
41175619
41175622
41175623
41175624
41175625
41175626
41175627
41175630
41175631
41175633
41175634
41175635
41175637
41175639
41175640
41175642
41175643
41175644
41175645
41175646
41175647
41175648
41175649
41175650
41175651
41175652
41175653
41175654
41175655
41175656
41175658
41175661
41175662
41175663
41175664
41175665
41175666
41175667
41175668
41175669
41175670
41175671
41175672
41175673
41175674
41175677
41175678
41175681
41175682
41175683
41175684
41175685
41175686
41175687
41175688
41175689
41175690
41175691
41175692
41175693
41175694
41175695
41175696
41175697
41175698
41175699
41175701
41175702
41175703
41175704
41175705
41175706
41175707
41175708
41175709
41175710
41175711
41175713
41175714
41175715
41175718
41175719
41175720
41175721
41175722
41175723
41175724
41175725
41175726
41175727
41175728
41175730
41175731
41175732
41175733
41175734
41175735
41175736
41175737
41175738
41175739
41175740
41175742
41175743
41175744
41175746
41175747
41175748
41175749
41175750
41175751
41175752
41175753
41175754
41175755
41175756
41175757
41175759
41175760
41175761
41175762
41175763
41175767
41175769
41175770
41175771
41175772
41175773
41175774
41175775
41175776
41175777
41175779
41175781
41175782
41175783
41175784
41175786
41175787
41175788
41175791
41175793
41175794
41175795
41175796
41175797
41175798
41175799
41175800
41175801
41175802
41175803
41175804
41175805
41175806
41175807
41175808
41175809
41175810
41175812
41175813
41175814
41175815
41175817
41175818
41175819
41175820
41175821
41175822
41175823
41175824
41175825
41175826
41175827
41175828
41175829
41175830
41175831
41175832
41175833
41175835
41175836
41175837
41175838
41175839
41175840
41175842
41175843
41175844
41175845
41175846
41175847
41175848
41175849
41175850
41175851
41175852
41175853
41175855
41175856
41175858
41175859
41175860
41175861
41175862
41175863
41175864
41175865
41175866
41175867
41175868
41175869
41175870
41175871
41175872
41175873
41175874
41175875
41175876
41175877
41175878
41175879
41175880
41175881
41175882
41175883
41175884
41175886
41175887
41175888
41175890
41175891
41175892
41175893
41175894
41175895
41175896
41175897
41175898
41175899
41175901
41175902
41175903
41175905
41175906
41175907
41175908
41175909
41175911
41175912
41175913
41175914
41175915
41175916
41175917
41175918
41175919
41175920
41175921
41175922
41175923
41175924
41175925
41175926
41175927
41175928
41175930
41175931
41175932
41175933
41175934
41175935
41175936
41175937
41175938
41175939
41175940
41175941
41175942
41175943
41175944
41175945
41175946
41175947
41175948
41175949
41175950
41175951
41175952
41175954
41175955
41175957
41175958
41175959
41175960
41175961
41175962
41175963
41175964
41175965
41175966
41175967
41175968
41175969
41175970
41175971
41175972
41175973
41175974
41175975
41175976
41175977
41175978
41175979
41175980
41175981
41175982
41175983
41175984
41175985
41175986
41175987
41175989
41175990
41175991
41175992
41175993
41175994
41175995
41175996
41175997
41175998
41175999
41176000
41176001
41176002
41176003
41176005
41176006
41176009
41176010
41176011
41176012
41176013
41176014
41176015
41176016
41176017
41176019
41176020
41176021
41176022
41176023
41176024
41176025
41176026
41176027
41176028
41176030
41176031
41176032
41176033
41176034
41176035
41176036
41176037
41176039
41176040
41176041
41176042
41176043
41176044
41176046
41176047
41176049
41176050
41176051
41176052
41176053
41176054
41176055
41176057
41176059
41176060
41176061
41176062
41176064
41176065
41176067
41176068
41176069
41176070
41176071
41176072
41176073
41176074
41176075
41176076
41176077
41176078
41176079
41176080
41176081
41176083
41176084
41176085
41176088
41176089
41176090
41176091
41176092
41176093
41176094
41176095
41176096
41176097
41176099
41176100
41176101
41176102
41176103
41176104
41176105
41176107
41176108
41176109
41176110
41176111
41176112
41176113
41176114
41176115
41176116
41176117
41176118
41176119
41176121
41176123
41176124
41176125
41176126
41176127
41176128
41176129
41176130
41176131
41176132
41176133
41176134
41176135
41176136
41176137
41176138
41176139
41176141
41176143
41176144
41176145
41176147
41176148
41176149
41176150
41176151
41176152
41176153
41176154
41176155
41176156
41176157
41176158
41176159
41176160
41176162
41176163
41176165
41176167
41176169
41176170
41176171
41176173
41176174
41176175
41176176
41176178
41176179
41176180
41176181
41176183
41176184
41176186
41176189
41176190
41176191
41176193
41176194
41176196
41176197
41176198
41176199
41176200
41176202
41176203
41176204
41176205
41176206
41176207
41176209
41176210
41176211
41176212
41176213
41176214
41176215
41176217
41176218
41176219
41176220
41176221
41176222
41176223
41176224
41176225
41176226
41176227
41176229
41176230
41176231
41176232
41176233
41176235
41176236
41176237
41176238
41176239
41176240
41176241
41176242
41176243
41176244
41176245
41176246
41176247
41176248
41176249
41176250
41176252
41176253
41176254
41176255
41176256
41176257
41176258
41176259
41176260
41176261
41176262
41176263
41176264
41176265
41176266
41176267
41176268
41176269
41176270
41176271
41176273
41176274
41176276
41176277
41176279
41176280
41176281
41176283
41176284
41176285
41176286
41176287
41176288
41176290
41176291
41176292
41176293
41176294
41176296
41176297
41176298
41176299
41176300
41176301
41176302
41176304
41176305
41176306
41176308
41176309
41176310
41176311
41176312
41176313
41176314
41176315
41176316
41176318
41176321
41176322
41176323
41176324
41176325
41176326
41176327
41176328
41176329
41176331
41176332
41176333
41176334
41176335
41176336
41176337
41176338
41176339
41176340
41176341
41176342
41176343
41176344
41176345
41176346
41176347
41176348
41176349
41176350
41176351
41176353
41176354
41176355
41176356
41176357
41176358
41176359
41176360
41176361
41176362
41176363
41176364
41176365
41176366
41176367
41176368
41176369
41176370
41176372
41176373
41176375
41176376
41176377
41176378
41176379
41176380
41176381
41176383
41176384
41176385
41176386
41176387
41176388
41176389
41176390
41176391
41176393
41176394
41176395
41176396
41176397
41176398
41176399
41176401
41176402
41176403
41176406
41176407
41176409
41176410
41176411
41176413
41176414
41176415
41176416
41176417
41176418
41176419
41176420
41176421
41176422
41176423
41176424
41176425
41176427
41176428
41176429
41176430
41176431
41176432
41176434
41176435
41176437
41176438
41176439
41176440
41176441
41176443
41176444
41176445
41176446
41176447
41176448
41176449
41176450
41176452
41176453
41176454
41176455
41176456
41176457
41176458
41176460
41176461
41176462
41176464
41176465
41176466
41176468
41176469
41176471
41176472
41176473
41176474
41176475
41176476
41176477
41176478
41176479
41176481
41176482
41176483
41176484
41176485
41176486
41176487
41176488
41176489
41176490
41176491
41176492
41176494
41176495
41176496
41176497
41176499
41176500
41176501
41176502
41176503
41176504
41176505
41176506
41176507
41176508
41176509
41176510
41176512
41176513
41176514
41176515
41176516
41176517
41176519
41176521
41176522
41176523
41176524
41176525
41176527
41176529
41176530
41176531
41176532
41176533
41176534
41176535
41176538
41176539
41176540
41176541
41176542
41176543
41176544
41176546
41176547
41176549
41176550
41176551
41176552
41176553
41176554
41176555
41176556
41176557
41176558
41176559
41176560
41176561
41176562
41176563
41176564
41176565
41176566
41176567
41176568
41176569
41176570
41176571
41176572
41176573
41176576
41176577
41176578
41176579
41176580
41176583
41176585
41176586
41176587
41176588
41176590
41176591
41176592
41176594
41176595
41176597
41176598
41176599
41176600
41176601
41176602
41176603
41176604
41176605
41176606
41176607
41176608
41176609
41176610
41176611
41176612
41176613
41176614
41176615
41176616
41176617
41176618
41176619
41176620
41176621
41176622
41176623
41176624
41176625
41176626
41176627
41176628
41176629
41176630
41176631
41176632
41176633
41176634
41176635
41176636
41176637
41176638
41176639
41176641
41176642
41176643
41176644
41176645
41176646
41176647
41176648
41176649
41176650
41176651
41176652
41176653
41176654
41176657
41176658
41176659
41176660
41176661
41176662
41176663
41176664
41176665
41176666
41176667
41176669
41176670
41176671
41176672
41176673
41176674
41176675
41176676
41176677
41176678
41176679
41176680
41176684
41176686
41176688
41176689
41176690
41176691
41176695
41176696
41176699
41176700
41176703
41176705
41176707
41176709
41176710
41176711
41176712
41176714
41176715
41176716
41176717
41176719
41176720
41176721
41176723
41176725
41176728
41176732
41176733
41176734
41176735
41176737
41176738
41176739
41176740
41176741
41176742
41176743
41176744
41176745
41176746
41176747
41176748
41176749
41176750
41176751
41176752
41176753
41176754
41176757
41176758
41176759
41176760
41176761
41176762
41176763
41176764
41176765
41176766
41176767
41176768
41176769
41176770
41176771
41176772
41176773
41176774
41176775
41176776
41176778
41176779
41176780
41176784
41176785
41176786
41176789
41176790
41176791
41176792
41176793
41176794
41176795
41176796
41176797
41176798
41176799
41176800
41176802
41176803
41176804
41176805
41176806
41176808
41176809
41176810
41176811
41176812
41176813
41176814
41176816
41176817
41176818
41176819
41176820
41176821
41176822
41176823
41176824
41176825
41176827
41176828
41176829
41176830
41176832
41176833
41176834
41176835
41176836
41176837
41176838
41176839
41176840
41176841
41176843
41176844
41176846
41176849
41176850
41176851
41176852
41176853
41176854
41176855
41176856
41176858
41176859
41176860
41176861
41176862
41176863
41176864
41176865
41176866
41176867
41176868
41176869
41176871
41176872
41176873
41176874
41176875
41176876
41176878
41176879
41176880
41176881
41176883
41176885
41176887
41176888
41176889
41176890
41176891
41176892
41176893
41176894
41176895
41176896
41176897
41176898
41176899
41176901
41176903
41176904
41176905
41176906
41176907
41176908
41176909
41176910
41176911
41176912
41176914
41176915
41176916
41176918
41176919
41176920
41176921
41176922
41176924
41176925
41176926
41176927
41176930
41176931
41176932
41176933
41176934
41176935
41176936
41176937
41176938
41176939
41176940
41176941
41176942
41176943
41176945
41176946
41176947
41176948
41176950
41176951
41176952
41176954
41176955
41176956
41176957
41176958
41176959
41176960
41176961
41176962
41176964
41176965
41176966
41176967
41176968
41176969
41176970
41176971
41176972
41176973
41176974
41176975
41176978
41176979
41176980
41176981
41176983
41176985
41176986
41176987
41176988
41176989
41176991
41176992
41176993
41176994
41176995
41176997
41176998
41176999
41177000
41177001
41177002
41177003
41177004
41177005
41177006
41177007
41177008
41177009
41177011
41177012
41177013
41177014
41177016
41177017
41177018
41177021
41177022
41177023
41177024
41177025
41177026
41177027
41177028
41177029
41177030
41177031
41177032
41177033
41177034
41177035
41177036
41177037
41177038
41177039
41177040
41177041
41177042
41177043
41177044
41177046
41177047
41177048
41177049
41177050
41177051
41177052
41177053
41177055
41177056
41177057
41177058
41177059
41177060
41177061
41177062
41177064
41177065
41177066
41177067
41177068
41177069
41177070
41177071
41177072
41177074
41177075
41177076
41177077
41177078
41177079
41177080
41177081
41177083
41177084
41177085
41177086
41177087
41177088
41177091
41177092
41177093
41177094
41177095
41177096
41177097
41177098
41177099
41177100
41177101
41177102
41177104
41177105
41177107
41177108
41177109
41177110
41177111
41177112
41177113
41177114
41177115
41177116
41177117
41177118
41177119
41177120
41177121
41177122
41177123
41177124
41177125
41177126
41177127
41177128
41177129
41177130
41177131
41177132
41177133
41177134
41177135
41177137
41177138
41177140
41177141
41177142
41177143
41177144
41177145
41177146
41177147
41177148
41177149
41177150
41177151
41177153
41177154
41177155
41177156
41177157
41177158
41177159
41177160
41177161
41177162
41177163
41177164
41177165
41177167
41177168
41177169
41177170
41177171
41177172
41177173
41177174
41177176
41177177
41177178
41177179
41177180
41177181
41177182
41177183
41177185
41177186
41177187
41177188
41177189
41177190
41177191
41177193
41177194
41177195
41177198
41177199
41177200
41177201
41177202
41177203
41177205
41177206
41177207
41177208
41177209
41177210
41177212
41177213
41177214
41177215
41177216
41177217
41177218
41177219
41177220
41177221
41177222
41177223
41177224
41177225
41177227
41177228
41177230
41177231
41177232
41177233
41177234
41177235
41177236
41177237
41177238
41177239
41177240
41177241
41177242
41177243
41177244
41177245
41177246
41177247
41177248
41177249
41177250
41177251
41177252
41177253
41177254
41177255
41177257
41177258
41177259
41177260
41177261
41177263
41177265
41177266
41177267
41177269
41177270
41177271
41177273
41177274
41177275
41177276
41177277
41177278
41177279
41177280
41177282
41177283
41177284
41177285
41177286
41177287
41177288
41177289
41177291
41177292
41177293
41177294
41177295
41177296
41177298
41177299
41177300
41177301
41177302
41177304
41177306
41177307
41177308
41177309
41177310
41177311
41177312
41177313
41177314
41177315
41177317
41177318
41177319
41177320
41177321
41177322
41177323
41177324
41177325
41177326
41177327
41177328
41177329
41177331
41177332
41177334
41177335
41177336
41177337
41177338
41177339
41177340
41177342
41177343
41177344
41177345
41177346
41177347
41177348
41177349
41177351
41177352
41177354
41177355
41177356
41177357
41177358
41177360
41177362
41177363
41177364
41177365
41177366
41177367
41177368
41177369
41177370
41177372
41177374
41177376
41177377
41177378
41177379
41177380
41177381
41177382
41177383
41177384
41177385
41177386
41177387
41177388
41177389
41177390
41177391
41177392
41177393
41177394
41177395
41177396
41177397
41177399
41177400
41177401
41177402
41177403
41177404
41177405
41177406
41177407
41177408
41177409
41177410
41177411
41177412
41177413
41177414
41177415
41177417
41177418
41177420
41177421
41177423
41177424
41177425
41177426
41177427
41177428
41177429
41177430
41177431
41177433
41177434
41177435
41177437
41177438
41177439
41177440
41177441
41177442
41177443
41177444
41177448
41177449
41177450
41177451
41177452
41177453
41177454
41177455
41177456
41177457
41177458
41177459
41177460
41177461
41177463
41177464
41177465
41177466
41177467
41177468
41177470
41177471
41177472
41177473
41177474
41177475
41177476
41177477
41177479
41177480
41177481
41177483
41177484
41177485
41177486
41177487
41177488
41177489
41177490
41177492
41177493
41177496
41177497
41177498
41177499
41177501
41177502
41177503
41177504
41177506
41177507
41177508
41177510
41177511
41177512
41177513
41177514
41177516
41177517
41177518
41177520
41177521
41177522
41177523
41177525
41177526
41177527
41177528
41177529
41177531
41177532
41177533
41177534
41177535
41177536
41177538
41177539
41177540
41177541
41177542
41177544
41177545
41177546
41177548
41177549
41177550
41177551
41177552
41177553
41177554
41177557
41177558
41177559
41177560
41177561
41177562
41177563
41177564
41177566
41177567
41177568
41177569
41177570
41177571
41177573
41177576
41177577
41177578
41177579
41177580
41177581
41177582
41177583
41177584
41177585
41177586
41177587
41177588
41177589
41177590
41177591
41177592
41177593
41177594
41177596
41177597
41177598
41177599
41177600
41177601
41177602
41177604
41177605
41177606
41177607
41177608
41177610
41177612
41177613
41177614
41177615
41177616
41177617
41177618
41177619
41177620
41177621
41177622
41177623
41177625
41177627
41177628
41177630
41177631
41177632
41177633
41177634
41177635
41177636
41177637
41177638
41177639
41177640
41177641
41177642
41177644
41177646
41177647
41177648
41177649
41177651
41177652
41177653
41177654
41177655
41177656
41177657
41177658
41177660
41177661
41177663
41177664
41177666
41177667
41177668
41177669
41177670
41177671
41177672
41177673
41177674
41177675
41177676
41177677
41177678
41177679
41177680
41177681
41177683
41177684
41177685
41177686
41177687
41177688
41177689
41177690
41177692
41177693
41177694
41177695
41177696
41177697
41177698
41177699
41177700
41177702
41177703
41177704
41177705
41177706
41177707
41177708
41177709
41177711
41177712
41177714
41177715
41177716
41177717
41177718
41177719
41177720
41177722
41177723
41177725
41177726
41177729
41177730
41177731
41177732
41177734
41177735
41177736
41177737
41177738
41177739
41177740
41177741
41177742
41177743
41177744
41177745
41177746
41177747
41177748
41177749
41177750
41177751
41177752
41177753
41177754
41177755
41177756
41177757
41177758
41177759
41177761
41177762
41177763
41177764
41177765
41177766
41177767
41177769
41177770
41177771
41177774
41177775
41177776
41177777
41177778
41177779
41177781
41177782
41177783
41177784
41177785
41177787
41177788
41177790
41177791
41177792
41177794
41177795
41177797
41177798
41177799
41177800
41177801
41177804
41177805
41177806
41177807
41177808
41177809
41177810
41177811
41177812
41177813
41177814
41177815
41177816
41177817
41177818
41177819
41177820
41177821
41177822
41177823
41177825
41177826
41177827
41177828
41177829
41177830
41177831
41177832
41177833
41177834
41177835
41177836
41177837
41177838
41177840
41177841
41177842
41177843
41177844
41177845
41177846
41177847
41177848
41177849
41177851
41177852
41177853
41177854
41177855
41177856
41177858
41177860
41177868
41177861
41177864
41177865
41177866
41177867
41177869
41177870
41177871
41177872
41177875
41177877
41177878
41177879
41177880
41177882
41177883
41177884
41177885
41177886
41177887
41177888
41177889
41177890
41177892
41177893
41177894
41177896
41177895
41177898
41177899
41177900
41177897
41177902
41177903
41177901
41177904
41177909
41177910
41177912
41177913
41177914
41177915
41177916
41177917
41177918
41177921
41177922
41177923
41177924
41177925
41177926
41177927
41177928
41177929
41177930
41177931
41177932
41177933
41177936
41177937
41177938
41177940
41177942
41177943
41177944
41177946
41177947
41177948
41177949
41177950
41177951
41177952
41177953
41177956
41177957
41177958
41177959
41177960
41177962
41177963
41177964
41177965
41177966
41177967
41177968
41177969
41177970
41177971
41177972
41177973
41177975
41177976
41177977
41177978
41177979
41177980
41177981
41177982
41177983
41177984
41177985
41177986
41177987
41177988
41177989
41177990
41177991
41177992
41177993
41177994
41177995
41177996
41177997
41177998
41177999
41178000
41178001
41178002
41178003
41178004
41178005
41178006
41178007
41178008
41178009
41178010
41178011
41178012
41178013
41178014
41178016
41178017
41178018
41178019
41178020
41178021
41178022
41178023
41178024
41178026
41178027
41178028
41178029
41178030
41178031
41178032
41178034
41178035
41178036
41178037
41178039
41178040
41178041
41178042
41178043
41178044
41178045
41178046
41178047
41178048
41178049
41178051
41178052
41178053
41178054
41178055
41178056
41178057
41178058
41178059
41178060
41178062
41178063
41178064
41178065
41178066
41178067
41178068
41178069
41178070
41178071
41178072
41178073
41178075
41178077
41178079
41178081
41178084
41178085
41178086
41178087
41178088
41178089
41178090
41178091
41178092
41178093
41178094
41178095
41178096
41178097
41178099
41178100
41178101
41178102
41178103
41178104
41178105
41178106
41178107
41178108
41178109
41178110
41178111
41178112
41178114
41178115
41178116
41178117
41178118
41178119
41178120
41178121
41178122
41178123
41178124
41178125
41178126
41178128
41178129
41178130
41178131
41178132
41178133
41178135
41178136
41178137
41178138
41178139
41178140
41178141
41178142
41178143
41178144
41178145
41178146
41178147
41178148
41178149
41178150
41178151
41178152
41178153
41178154
41178155
41178156
41178157
41178158
41178159
41178161
41178162
41178163
41178164
41178167
41178168
41178170
41178171
41178172
41178173
41178174
41178175
41178176
41178177
41178179
41178180
41178181
41178182
41178183
41178185
41178186
41178187
41178188
41178189
41178190
41178191
41178192
41178193
41178194
41178195
41178196
41178197
41178198
41178199
41178200
41178201
41178203
41178204
41178205
41178206
41178207
41178209
41178210
41178211
41178212
41178213
41178214
41178215
41178216
41178217
41178218
41178219
41178220
41178222
41178223
41178224
41178226
41178227
41178228
41178229
41178230
41178231
41178232
41178233
41178234
41178235
41178236
41178237
41178238
41178239
41178240
41178242
41178243
41178244
41178245
41178247
41178248
41178250
41178251
41178252
41178256
41178260
41178262
41178263
41178265
41178266
41178268
41178269
41178272
41178273
41178274
41178275
41178276
41178277
41178279
41178281
41178284
41178286
41178287
41178289
41178292
41178293
41178294
41178296
41178297
41178298
41178301
41178302
41178303
41178304
41178305
41178306
41178308
41178309
41178310
41178311
41178312
41178313
41178314
41178315
41178316
41178317
41178319
41178320
41178321
41178322
41178323
41178324
41178325
41178326
41178327
41178328
41178329
41178330
41178332
41178333
41178334
41178336
41178337
41178339
41178340
41178341
41178342
41178343
41178344
41178345
41178346
41178349
41178350
41178351
41178352
41178353
41178354
41178355
41178357
41178358
41178359
41178360
41178361
41178362
41178364
41178365
41178366
41178367
41178368
41178369
41178371
41178372
41178373
41178374
41178376
41178377
41178378
41178379
41178380
41178381
41178382
41178383
41178384
41178385
41178386
41178387
41178388
41178389
41178390
41178391
41178392
41178393
41178394
41178395
41178396
41178397
41178398
41178399
41178400
41178401
41178402
41178403
41178404
41178405
41178406
41178407
41178408
41178409
41178410
41178411
41178412
41178413
41178414
41178415
41178417
41178420
41178421
41178423
41178424
41178425
41178426
41178427
41178428
41178429
41178430
41178431
41178432
41178433
41178434
41178436
41178437
41178438
41178439
41178440
41178441
41178442
41178443
41178444
41178445
41178446
41178448
41178449
41178451
41178452
41178454
41178455
41178456
41178457
41178458
41178460
41178461
41178462
41178463
41178464
41178465
41178466
41178467
41178468
41178469
41177863