41130148
41130149
41130150
41130151
41130159
41130162
41130163
41130164
41130168
41130178
41130179
41130181
41130182
41130183
41130184
41130185
41130187
41130189
41130191
41130192
41130193
41130198
41130211
41130224
41130228
41130234
41130244
41130251
41130259
41130281
41130282
41130288
41130291
41130293
41130294
41130296
41130297
41130298
41130299
41130300
41130301
41130302
41130306
41130307
41130308
41130309
41130310
41130312
41130314
41130315
41130316
41130318
41130319
41130320
41130321
41130322
41130323
41130324
41130325
41130326
41130327
41130328
41130330
41130331
41130332
41130333
41130334
41130336
41130337
41130338
41130339
41130341
41130342
41130343
41130344
41130345
41130346
41130347
41130348
41130349
41130350
41130353
41130354
41130392
41130393
41130399
41130447
41130454
41130468
41130471
41130472
41130476
41130493
41130494
41130507
41130647
41130648
41130654
41130655
41130656
41125890
41125892
41125893
41125894
41125895
41125896
41125897
41125898
41125899
41125900
41125901
41125902
41125903
41125905
41125906
41125907
41125908
41125909
41125910
41125911
41125912
41125913
41125914
41125915
41125916
41125917
41125918
41125920
41125921
41125922
41125923
41125924
41125925
41125926
41125927
41125928
41125929
41125930
41125931
41125933
41125934
41125935
41125936
41125937
41125938
41125939
41125940
41125942
41125943
41125946
41125947
41125948
41125949
41125950
41125952
41125953
41125954
41125955
41125956
41125957
41125958
41125960
41125961
41125962
41125963
41125964
41125965
41125966
41125968
41125969
41125970
41125971
41125972
41125973
41125974
41125975
41125976
41125977
41125978
41125979
41125980
41125981
41125982
41125983
41125984
41125985
41125987
41125988
41125989
41125990
41125991
41125992
41125993
41125994
41125995
41125996
41125997
41125998
41125999
41126000
41126001
41126002
41126003
41126004
41126005
41126006
41126007
41126008
41126010
41126012
41126013
41126014
41126015
41126016
41126017
41126018
41126019
41126022
41126023
41126024
41126025
41126026
41126027
41126028
41126030
41126031
41126032
41126033
41126034
41126035
41126036
41126037
41126038
41126039
41126040
41126041
41126042
41126044
41126045
41126046
41126047
41126048
41126050
41126053
41126054
41126055
41126056
41126057
41126058
41126060
41126061
41126062
41126063
41126064
41126065
41126066
41126067
41126068
41126069
41126070
41126071
41126072
41126073
41126074
41126075
41126076
41126077
41126078
41126079
41126080
41126081
41126083
41126084
41126085
41126086
41126087
41126088
41126089
41126090
41126091
41126092
41126093
41126095
41126096
41126097
41126098
41126099
41126100
41126101
41126102
41126103
41126104
41126105
41126106
41126107
41126108
41126109
41126110
41126111
41126112
41126113
41126114
41126115
41126116
41126117
41126118
41126119
41126120
41126121
41126122
41126123
41126124
41126125
41126126
41126127
41126129
41126130
41126131
41126132
41126133
41126134
41126135
41126136
41126137
41126138
41126139
41126140
41126141
41126142
41126143
41126144
41126145
41126146
41126148
41126149
41126150
41126151
41126152
41126153
41126154
41126155
41126156
41126157
41126159
41126160
41126161
41126162
41126163
41126164
41126165
41126166
41126167
41126168
41126169
41126170
41126171
41126173
41126174
41126175
41126176
41126177
41126179
41126180
41126181
41126182
41126183
41126184
41126185
41126187
41126188
41126189
41126190
41126191
41126192
41126193
41126194
41126195
41126196
41126197
41126198
41126201
41126202
41126203
41126204
41126205
41126206
41126207
41126208
41126209
41126210
41126211
41126212
41126213
41126215
41126218
41126219
41126221
41126222
41126223
41126224
41126225
41126227
41126228
41126229
41126230
41126231
41126232
41126233
41126234
41126235
41126236
41126237
41126238
41126239
41126240
41126241
41126242
41126244
41126245
41126246
41126247
41126249
41126250
41126251
41126252
41126253
41126254
41126255
41126257
41126258
41126259
41126260
41126261
41126262
41126263
41126264
41126265
41126266
41126267
41126268
41126269
41126271
41126272
41126275
41126276
41126277
41126278
41126279
41126280
41126281
41126282
41126283
41126284
41126285
41126286
41126287
41126289
41126290
41126291
41126292
41126293
41126295
41126296
41126297
41126298
41126300
41126301
41126302
41126303
41126304
41126305
41126306
41126307
41126309
41126310
41126311
41126313
41126314
41126315
41126316
41126318
41126319
41126320
41126321
41126322
41126324
41126325
41126326
41126327
41126328
41126329
41126330
41126331
41126332
41126333
41126334
41126335
41126337
41126338
41126339
41126340
41126341
41126342
41126343
41126344
41126345
41126346
41126347
41126348
41126349
41126350
41126352
41126353
41126354
41126355
41126356
41126357
41126358
41126359
41126360
41126361
41126362
41126364
41126365
41126366
41126367
41126369
41126370
41126371
41126372
41126374
41126375
41126378
41126379
41126380
41126381
41126382
41126383
41126384
41126386
41126387
41126388
41126390
41126391
41126392
41126393
41126394
41126396
41126397
41126398
41126399
41126400
41126401
41126402
41126403
41126404
41126405
41126406
41126407
41126408
41126410
41126411
41126412
41126413
41126414
41126417
41126418
41126419
41126420
41126422
41126423
41126424
41126425
41126426
41126428
41126429
41126433
41126434
41126435
41126436
41126437
41126439
41126440
41126441
41126442
41126443
41126444
41126445
41126446
41126448
41126449
41126450
41126451
41126452
41126453
41126454
41126457
41126458
41126459
41126460
41126462
41126464
41126465
41126466
41126467
41126469
41126470
41126471
41126472
41126473
41126474
41126475
41126476
41126477
41126478
41126479
41126480
41126481
41126482
41126483
41126484
41126485
41126486
41126487
41126488
41126489
41126491
41126492
41126493
41126494
41126495
41126496
41126497
41126498
41126499
41126500
41126502
41126503
41126504
41126505
41126506
41126507
41126508
41126509
41126510
41126511
41126513
41126514
41126515
41126516
41126517
41126518
41126519
41126521
41126522
41126523
41126524
41126525
41126526
41126527
41126528
41126529
41126530
41126531
41126532
41126533
41126534
41126535
41126536
41126537
41126538
41126540
41126541
41126544
41126545
41126547
41126549
41126550
41126552
41126555
41126557
41126558
41126559
41126560
41126564
41126565
41126566
41126567
41126568
41126569
41126571
41126572
41126573
41126574
41126575
41126577
41126578
41126580
41126582
41126583
41126584
41126585
41126586
41126587
41126588
41126589
41126590
41126591
41126592
41126593
41126595
41126596
41126597
41126598
41126600
41126601
41126602
41126603
41126604
41126605
41126606
41126607
41126608
41126609
41126610
41126611
41126612
41126613
41126614
41126615
41126616
41126617
41126620
41126621
41126622
41126623
41126624
41126625
41126626
41126627
41126628
41126629
41126630
41126631
41126632
41126633
41126634
41126635
41126636
41126637
41126638
41126639
41126640
41126641
41126642
41126643
41126644
41126645
41126646
41126647
41126648
41126649
41126651
41126652
41126653
41126655
41126656
41126657
41126658
41126659
41126660
41126661
41126662
41126663
41126664
41126665
41126667
41126668
41126669
41126670
41126671
41126672
41126673
41126674
41126675
41126676
41126677
41126680
41126681
41126682
41126683
41126684
41126685
41126687
41126688
41126689
41126691
41126692
41126693
41126694
41126695
41126696
41126697
41126700
41126703
41126704
41126705
41126706
41126707
41126708
41126709
41126710
41126712
41126713
41126714
41126715
41126716
41126717
41126718
41126719
41126720
41126721
41126722
41126723
41126724
41126725
41126727
41126728
41126729
41126730
41126732
41126733
41126734
41126736
41126737
41126738
41126741
41126742
41126743
41126744
41126745
41126746
41126747
41126748
41126749
41126750
41126751
41126753
41126754
41126755
41126756
41126757
41126758
41126759
41126760
41126762
41126763
41126764
41126765
41126766
41126768
41126769
41126770
41126771
41126772
41126773
41126774
41126775
41126776
41126777
41126778
41126779
41126780
41126781
41126782
41126783
41126784
41126785
41126786
41126787
41126788
41126789
41126790
41126791
41126792
41126793
41126794
41126795
41126796
41126797
41126798
41126799
41126800
41126802
41126803
41126804
41126805
41126806
41126808
41126809
41126810
41126811
41126812
41126813
41126814
41126816
41126817
41126818
41126820
41126822
41126823
41126824
41126825
41126826
41126827
41126828
41126829
41126830
41126831
41126832
41126834
41126835
41126836
41126837
41126838
41126839
41126840
41126841
41126842
41126843
41126844
41126845
41126846
41126847
41126848
41126849
41126850
41126851
41126852
41126853
41126854
41126855
41126856
41126858
41126859
41126860
41126861
41126862
41126863
41126864
41126865
41126866
41126867
41126868
41126869
41126870
41126872
41126873
41126874
41126875
41126878
41126879
41126880
41126881
41126882
41126883
41126884
41126885
41126886
41126887
41126888
41126889
41126890
41126891
41126892
41126893
41126894
41126895
41126896
41126897
41126898
41126899
41126900
41126901
41126902
41126903
41126904
41126905
41126907
41126909
41126910
41126911
41126912
41126915
41126916
41126917
41126919
41126920
41126921
41126922
41126923
41126924
41126925
41126926
41126927
41126928
41126930
41126931
41126932
41126933
41126934
41126935
41126937
41126938
41126939
41126940
41126941
41126943
41126944
41126945
41126946
41126947
41126948
41126949
41126950
41126951
41126952
41126953
41126954
41126955
41126956
41126957
41126958
41126959
41126960
41126961
41126963
41126964
41126965
41126967
41126968
41126969
41126970
41126972
41126973
41126975
41126976
41126977
41126978
41126979
41126980
41126981
41126982
41126984
41126986
41126987
41126988
41126989
41126990
41126991
41126992
41126993
41126994
41126995
41126996
41126999
41127000
41127001
41127002
41127004
41127005
41127006
41127007
41127008
41127009
41127010
41127012
41127013
41127014
41127015
41127016
41127017
41127018
41127019
41127020
41127022
41127024
41127025
41127026
41127028
41127029
41127031
41127032
41127033
41127034
41127035
41127036
41127037
41127039
41127040
41127041
41127042
41127043
41127044
41127046
41127047
41127049
41127050
41127051
41127052
41127053
41127054
41127055
41127058
41127059
41127060
41127062
41127063
41127064
41127065
41127066
41127068
41127069
41127070
41127072
41127074
41127075
41127076
41127078
41127079
41127080
41127081
41127082
41127083
41127085
41127087
41127088
41127089
41127091
41127092
41127093
41127094
41127095
41127096
41127097
41127098
41127099
41127101
41127102
41127103
41127104
41127105
41127106
41127107
41127108
41127109
41127110
41127111
41127112
41127113
41127114
41127116
41127117
41127118
41127119
41127120
41127121
41127123
41127124
41127125
41127126
41127127
41127128
41127129
41127130
41127131
41127132
41127133
41127134
41127135
41127136
41127137
41127138
41127139
41127140
41127141
41127142
41127143
41127144
41127145
41127146
41127147
41127148
41127149
41127151
41127152
41127154
41127155
41127156
41127158
41127159
41127160
41127161
41127162
41127163
41127164
41127165
41127166
41127167
41127168
41127169
41127170
41127171
41127172
41127173
41127174
41127175
41127176
41127177
41127178
41127179
41127180
41127181
41127182
41127183
41127184
41127185
41127187
41127188
41127189
41127190
41127191
41127192
41127193
41127194
41127195
41127196
41127197
41127198
41127199
41127200
41127201
41127202
41127203
41127204
41127205
41127206
41127207
41127208
41127209
41127210
41127211
41127212
41127213
41127214
41127215
41127216
41127217
41127218
41127219
41127220
41127221
41127222
41127224
41127225
41127227
41127228
41127229
41127230
41127231
41127233
41127234
41127235
41127236
41127237
41127238
41127239
41127240
41127241
41127242
41127244
41127245
41127246
41127247
41127248
41127249
41127250
41127251
41127252
41127253
41127254
41127255
41127257
41127258
41127259
41127260
41127261
41127262
41127263
41127264
41127265
41127266
41127268
41127269
41127270
41127271
41127272
41127273
41127274
41127276
41127278
41127279
41127280
41127281
41127282
41127283
41127284
41127285
41127286
41127287
41127288
41127289
41127290
41127291
41127292
41127293
41127294
41127295
41127296
41127297
41127298
41127299
41127300
41127301
41127302
41127304
41127305
41127306
41127307
41127308
41127309
41127310
41127311
41127312
41127314
41127316
41127317
41127318
41127319
41127320
41127321
41127322
41127323
41127324
41127325
41127326
41127328
41127330
41127331
41127332
41127333
41127334
41127335
41127336
41127339
41127340
41127341
41127342
41127343
41127344
41127345
41127347
41127348
41127349
41127350
41127351
41127352
41127353
41127354
41127355
41127356
41127357
41127358
41127359
41127360
41127361
41127363
41127364
41127365
41127366
41127367
41127369
41127370
41127371
41127372
41127373
41127374
41127375
41127376
41127377
41127378
41127379
41127381
41127382
41127383
41127384
41127385
41127386
41127388
41127389
41127391
41127392
41127393
41127394
41127396
41127397
41127398
41127399
41127400
41127401
41127402
41127403
41127406
41127407
41127410
41127412
41127413
41127414
41127415
41127416
41127417
41127418
41127419
41127420
41127421
41127422
41127423
41127424
41127425
41127426
41127427
41127428
41127429
41127430
41127431
41127432
41127433
41127434
41127435
41127436
41127437
41127438
41127439
41127440
41127441
41127442
41127443
41127444
41127445
41127446
41127447
41127448
41127449
41127450
41127451
41127452
41127453
41127454
41127455
41127456
41127458
41127459
41127460
41127461
41127462
41127463
41127464
41127465
41127466
41127467
41127468
41127469
41127470
41127471
41127472
41127473
41127474
41127475
41127477
41127478
41127479
41127480
41127482
41127483
41127484
41127485
41127486
41127487
41127488
41127489
41127490
41127491
41127492
41127493
41127494
41127495
41127496
41127498
41127499
41127500
41127501
41127502
41127503
41127504
41127505
41127506
41127507
41127509
41127510
41127511
41127512
41127514
41127515
41127517
41127518
41127519
41127521
41127522
41127523
41127524
41127525
41127527
41127528
41127529
41127530
41127531
41127532
41127533
41127535
41127536
41127538
41127539
41127540
41127542
41127543
41127544
41127545
41127546
41127547
41127548
41127549
41127550
41127551
41127552
41127553
41127554
41127556
41127557
41127559
41127560
41127561
41127562
41127563
41127564
41127565
41127566
41127567
41127568
41127570
41127571
41127572
41127574
41127575
41127576
41127577
41127578
41127579
41127580
41127582
41127583
41127586
41127587
41127588
41127589
41127590
41127591
41127593
41127594
41127595
41127596
41127597
41127598
41127599
41127600
41127601
41127602
41127603
41127604
41127605
41127606
41127608
41127609
41127611
41127612
41127613
41127614
41127615
41127616
41127617
41127618
41127619
41127620
41127621
41127622
41127623
41127624
41127625
41127626
41127627
41127628
41127629
41127630
41127631
41127632
41127633
41127634
41127635
41127636
41127637
41127638
41127639
41127640
41127642
41127643
41127644
41127647
41127649
41127650
41127651
41127653
41127654
41127655
41127656
41127657
41127658
41127659
41127660
41127661
41127663
41127664
41127665
41127666
41127668
41127669
41127670
41127671
41127672
41127673
41127675
41127676
41127677
41127678
41127680
41127681
41127682
41127684
41127685
41127686
41127687
41127689
41127691
41127692
41127694
41127695
41127696
41127697
41127698
41127699
41127701
41127702
41127703
41127705
41127707
41127708
41127709
41127710
41127711
41127712
41127714
41127715
41127716
41127717
41127718
41127719
41127720
41127721
41127722
41127723
41127724
41127725
41127726
41127727
41127728
41127729
41127732
41127733
41127734
41127735
41127736
41127737
41127738
41127739
41127740
41127741
41127742
41127743
41127744
41127745
41127746
41127747
41127748
41127749
41127750
41127751
41127752
41127754
41127755
41127756
41127757
41127758
41127760
41127762
41127763
41127765
41127766
41127768
41127769
41127771
41127772
41127773
41127774
41127775
41127776
41127777
41127778
41127779
41127780
41127782
41127783
41127784
41127785
41127786
41127787
41127788
41127789
41127791
41127792
41127793
41127794
41127796
41127797
41127798
41127799
41127800
41127801
41127802
41127803
41127804
41127805
41127806
41127807
41127808
41127809
41127810
41127811
41127812
41127813
41127815
41127816
41127817
41127818
41127819
41127821
41127822
41127823
41127824
41127825
41127826
41127827
41127828
41127829
41127830
41127831
41127832
41127833
41127834
41127835
41127836
41127837
41127839
41127841
41127842
41127843
41127844
41127845
41127846
41127847
41127848
41127850
41127851
41127852
41127853
41127854
41127855
41127857
41127858
41127859
41127860
41127861
41127862
41127863
41127864
41127866
41127867
41127869
41127871
41127873
41127874
41127875
41127876
41127877
41127878
41127879
41127880
41127881
41127883
41127884
41127885
41127886
41127887
41127888
41127889
41127890
41127891
41127892
41127894
41127895
41127896
41127897
41127898
41127899
41127900
41127901
41127903
41127904
41127905
41127906
41127907
41127908
41127909
41127910
41127911
41127912
41127913
41127914
41127915
41127916
41127917
41127918
41127919
41127920
41127921
41127922
41127923
41127924
41127925
41127926
41127927
41127928
41127930
41127931
41127932
41127933
41127934
41127935
41127936
41127937
41127938
41127939
41127940
41127941
41127942
41127943
41127944
41127945
41127946
41127948
41127949
41127950
41127953
41127954
41127955
41127956
41127957
41127958
41127959
41127961
41127962
41127963
41127964
41127965
41127967
41127968
41127969
41127971
41127973
41127974
41127975
41127976
41127977
41127978
41127979
41127980
41127981
41127982
41127983
41127984
41127985
41127986
41127987
41127988
41127989
41127990
41127991
41127992
41127993
41127994
41127995
41127996
41127997
41127998
41127999
41128000
41128001
41128002
41128003
41128004
41128006
41128007
41128008
41128010
41128011
41128012
41128013
41128014
41128015
41128016
41128017
41128018
41128020
41128022
41128023
41128025
41128026
41128027
41128028
41128029
41128030
41128031
41128032
41128033
41128034
41128035
41128036
41128037
41128038
41128039
41128040
41128041
41128042
41128043
41128044
41128045
41128046
41128047
41128048
41128049
41128050
41128052
41128053
41128054
41128055
41128056
41128057
41128058
41128060
41128061
41128062
41128063
41128064
41128065
41128067
41128068
41128069
41128070
41128071
41128072
41128073
41128074
41128075
41128076
41128077
41128079
41128084
41128087
41128088
41128089
41128090
41128091
41128092
41128094
41128095
41128096
41128097
41128098
41128099
41128100
41128101
41128102
41128103
41128105
41128106
41128107
41128108
41128109
41128110
41128111
41128112
41128113
41128114
41128115
41128116
41128117
41128118
41128119
41128120
41128121
41128122
41128123
41128124
41128125
41128126
41128127
41128128
41128129
41128130
41128131
41128132
41128133
41128135
41128136
41128137
41128138
41128139
41128140
41128141
41128142
41128143
41128144
41128145
41128146
41128147
41128148
41128149
41128150
41128151
41128152
41128153
41128154
41128155
41128156
41128157
41128158
41128159
41128160
41128161
41128162
41128163
41128164
41128165
41128166
41128168
41128170
41128171
41128172
41128175
41128179
41128180
41128181
41128182
41128183
41128184
41128185
41128186
41128187
41128188
41128189
41128190
41128191
41128192
41128193
41128194
41128195
41128196
41128197
41128198
41128199
41128200
41128201
41128202
41128204
41128205
41128206
41128207
41128208
41128209
41128210
41128211
41128212
41128213
41128214
41128215
41128216
41128217
41128218
41128220
41128221
41128222
41128223
41128225
41128227
41128228
41128229
41128232
41128233
41128235
41128236
41128238
41128239
41128240
41128241
41128243
41128244
41128245
41128247
41128248
41128249
41128250
41128251
41128252
41128253
41128254
41128255
41128256
41128257
41128258
41128261
41128264
41128265
41128266
41128267
41128269
41128270
41128271
41128272
41128273
41128274
41128275
41128276
41128278
41128279
41128281
41128283
41128285
41128288
41128289
41128291
41128292
41128293
41128294
41128296
41128297
41128298
41128299
41128300
41128301
41128302
41128303
41128304
41128305
41128306
41128307
41128308
41128309
41128310
41128311
41128312
41128313
41128314
41128315
41128316
41128318
41128319
41128320
41128321
41128324
41128325
41128326
41128327
41128329
41128330
41128331
41128332
41128333
41128334
41128335
41128336
41128337
41128338
41128339
41128340
41128341
41128342
41128343
41128345
41128347
41128348
41128349
41128350
41128351
41128352
41128353
41128354
41128356
41128357
41128359
41128360
41128361
41128362
41128363
41128364
41128365
41128368
41128369
41128370
41128371
41128372
41128374
41128375
41128377
41128378
41128379
41128381
41128382
41128383
41128384
41128385
41128386
41128387
41128388
41128389
41128391
41128393
41128394
41128395
41128396
41128397
41128398
41128401
41128402
41128403
41128404
41128405
41128406
41128407
41128408
41128409
41128410
41128411
41128412
41128413
41128414
41128415
41128416
41128417
41128418
41128419
41128420
41128421
41128422
41128423
41128424
41128425
41128426
41128427
41128428
41128429
41128430
41128431
41128432
41128434
41128435
41128436
41128437
41128438
41128439
41128440
41128441
41128442
41128443
41128444
41128445
41128446
41128447
41128448
41128449
41128450
41128451
41128452
41128453
41128454
41128455
41128456
41128457
41128458
41128459
41128461
41128463
41128465
41128466
41128467
41128468
41128469
41128471
41128472
41128473
41128474
41128476
41128478
41128479
41128480
41128481
41128482
41128483
41128484
41128485
41128486
41128487
41128490
41128491
41128492
41128493
41128494
41128496
41128497
41128498
41128499
41128500
41128502
41128503
41128504
41128505
41128506
41128507
41128508
41128510
41128511
41128512
41128513
41128514
41128515
41128516
41128517
41128518
41128519
41128520
41128521
41128522
41128523
41128524
41128525
41128526
41128527
41128528
41128529
41128530
41128531
41128532
41128534
41128535
41128537
41128538
41128539
41128540
41128541
41128542
41128543
41128544
41128545
41128546
41128547
41128548
41128549
41128550
41128551
41128552
41128553
41128554
41128555
41128556
41128557
41128558
41128559
41128561
41128562
41128563
41128564
41128565
41128566
41128567
41128569
41128570
41128571
41128573
41128575
41128576
41128577
41128578
41128579
41128580
41128581
41128582
41128583
41128584
41128585
41128586
41128587
41128589
41128590
41128591
41128592
41128593
41128594
41128596
41128597
41128598
41128603
41128605
41128606
41128607
41128608
41128609
41128613
41128614
41128615
41128616
41128617
41128618
41128620
41128621
41128622
41128624
41128625
41128626
41128628
41128629
41128630
41128633
41128634
41128635
41128636
41128639
41128640
41128641
41128642
41128643
41128644
41128645
41128646
41128648
41128649
41128650
41128651
41128652
41128653
41128654
41128657
41128658
41128660
41128662
41128663
41128664
41128666
41128667
41128668
41128669
41128671
41128673
41128674
41128677
41128679
41128680
41128681
41128682
41128683
41128684
41128685
41128686
41128687
41128689
41128690
41128691
41128692
41128693
41128695
41128696
41128697
41128700
41128703
41128707
41128709
41128710
41128711
41128712
41128713
41128714
41128715
41128716
41128718
41128719
41128720
41128721
41128722
41128723
41128725
41128726
41128727
41128728
41128729
41128731
41128732
41128733
41128735
41128736
41128738
41128740
41128743
41128744
41128745
41128746
41128747
41128748
41128749
41128750
41128752
41128754
41128755
41128756
41128757
41128758
41128759
41128762
41128763
41128764
41128767
41128768
41128769
41128770
41128774
41128775
41128776
41128777
41128778
41128779
41128780
41128781
41128783
41128784
41128785
41128786
41128787
41128789
41128791
41128792
41128794
41128795
41128796
41128798
41128799
41128800
41128801
41128803
41128804
41128805
41128807
41128808
41128809
41128810
41128811
41128812
41128813
41128814
41128815
41128816
41128817
41128818
41128819
41128820
41128821
41128822
41128824
41128825
41128826
41128827
41128828
41128829
41128830
41128831
41128833
41128834
41128835
41128836
41128837
41128838
41128839
41128840
41128841
41128842
41128843
41128844
41128845
41128846
41128847
41128848
41128849
41128850
41128851
41128852
41128853
41128854
41128855
41128856
41128858
41128859
41128860
41128861
41128862
41128863
41128864
41128865
41128866
41128867
41128868
41128869
41128870
41128871
41128872
41128873
41128874
41128875
41128876
41128877
41128878
41128879
41128880
41128882
41128884
41128886
41128888
41128889
41128890
41128891
41128893
41128894
41128895
41128896
41128897
41128899
41128900
41128901
41128903
41128904
41128906
41128907
41128908
41128909
41128910
41128911
41128912
41128913
41128914
41128915
41128916
41128917
41128918
41128919
41128920
41128921
41128922
41128923
41128924
41128925
41128926
41128927
41128928
41128929
41128930
41128932
41128933
41128934
41128935
41128936
41128937
41128938
41128940
41128941
41128942
41128943
41128944
41128945
41128946
41128947
41128949
41128950
41128951
41128952
41128953
41128954
41128955
41128956
41128957
41128958
41128960
41128961
41128962
41128963
41128964
41128965
41128966
41128967
41128968
41128969
41128970
41128971
41128972
41128973
41128974
41128975
41128976
41128977
41128978
41128979
41128980
41128981
41128982
41128983
41128984
41128985
41128986
41128987
41128988
41128990
41128991
41128992
41128993
41128994
41128995
41128996
41128997
41128998
41128999
41129000
41129001
41129002
41129003
41129004
41129006
41129007
41129008
41129009
41129010
41129011
41129012
41129013
41129014
41129015
41129016
41129017
41129018
41129019
41129020
41129021
41129022
41129023
41129024
41129026
41129028
41129029
41129031
41129032
41129033
41129034
41129035
41129036
41129038
41129039
41129040
41129041
41129042
41129043
41129044
41129045
41129046
41129047
41129048
41129049
41129050
41129051
41129052
41129053
41129055
41129056
41129057
41129058
41129059
41129060
41129061
41129062
41129063
41129064
41129066
41129067
41129068
41129069
41129070
41129072
41129074
41129076
41129077
41129078
41129079
41129080
41129082
41129085
41129086
41129087
41129093
41129094
41129098
41129099
41129101
41129102
41129104
41129105
41129106
41129107
41129108
41129109
41129110
41129111
41129112
41129113
41129114
41129115
41129116
41129117
41129118
41129119
41129120
41129121
41129122
41129123
41129124
41129125
41129126
41129127
41129128
41129130
41129131
41129132
41129133
41129134
41129135
41129137
41129138
41129140
41129141
41129142
41129143
41129144
41129145
41129146
41129147
41129148
41129149
41129150
41129151
41129152
41129153
41129154
41129155
41129156
41129157
41129158
41129159
41129160
41129161
41129162
41129163
41129164
41129166
41129167
41129168
41129169
41129170
41129171
41129172
41129173
41129174
41129175
41129176
41129178
41129179
41129180
41129181
41129183
41129186
41129187
41129188
41129189
41129190
41129191
41129192
41129193
41129194
41129195
41129196
41129197
41129198
41129199
41129200
41129201
41129202
41129203
41129204
41129205
41129206
41129207
41129208
41129209
41129210
41129211
41129212
41129213
41129214
41129215
41129216
41129217
41129218
41129219
41129220
41129221
41129222
41129224
41129225
41129226
41129227
41129228
41129229
41129230
41129231
41129232
41129233
41129234
41129235
41129236
41129237
41129238
41129239
41129240
41129241
41129242
41129243
41129244
41129245
41129246
41129247
41129248
41129249
41129250
41129253
41129254
41129255
41129256
41129257
41129258
41129259
41129260
41129261
41129262
41129263
41129264
41129265
41129266
41129267
41129268
41129269
41129271
41129272
41129273
41129275
41129276
41129277
41129279
41129280
41129281
41129282
41129285
41129286
41129288
41129289
41129290
41129292
41129295
41129296
41129297
41129298
41129299
41129301
41129302
41129304
41129305
41129306
41129307
41129308
41129310
41129311
41129312
41129313
41129314
41129315
41129317
41129318
41129319
41129320
41129321
41129322
41129323
41129325
41129326
41129327
41129329
41129330
41129331
41129332
41129333
41129334
41129335
41129337
41129338
41129339
41129340
41129341
41129342
41129343
41129345
41129346
41129347
41129348
41129349
41129350
41129351
41129353
41129354
41129356
41129357
41129358
41129359
41129360
41129362
41129364
41129365
41129366
41129367
41129368
41129369
41129370
41129371
41129372
41129375
41129377
41129378
41129379
41129380
41129381
41129382
41129383
41129385
41129386
41129387
41129388
41129389
41129390
41129391
41129392
41129393
41129394
41129395
41129396
41129398
41129399
41129401
41129402
41129403
41129404
41129405
41129406
41129407
41129408
41129409
41129410
41129411
41129412
41129413
41129414
41129415
41129416
41129417
41129418
41129419
41129420
41129421
41129422
41129423
41129424
41129425
41129426
41129427
41129428
41129429
41129430
41129431
41129432
41129433
41129434
41129435
41129436
41129437
41129438
41129439
41129440
41129441
41129442
41129443
41129444
41129445
41129447
41129448
41129449
41129450
41129451
41129453
41129454
41129455
41129456
41129457
41129458
41129459
41129460
41129461
41129462
41129463
41129465
41129466
41129467
41129469
41129470
41129471
41129472
41129473
41129475
41129476
41129477
41129478
41129479
41129480
41129481
41129483
41129484
41129485
41129486
41129487
41129488
41129489
41129490
41129492
41129493
41129494
41129495
41129497
41129498
41129500
41129501
41129502
41129503
41129504
41129505
41129506
41129507
41129508
41129509
41129510
41129511
41129512
41129513
41129514
41129515
41129516
41129517
41129518
41129519
41129522
41129523
41129524
41129525
41129526
41129527
41129528
41129529
41129530
41129531
41129532
41129533
41129535
41129536
41129537
41129538
41129539
41129540
41129541
41129542
41129543
41129544
41129545
41129547
41129548
41129549
41129551
41129552
41129553
41129554
41129555
41129556
41129557
41129558
41129559
41129560
41129561
41129562
41129566
41129567
41129568
41129569
41129571
41129572
41129573
41129574
41129575
41129576
41129577
41129578
41129579
41129580
41129581
41129582
41129583
41129584
41129585
41129586
41129587
41129588
41129589
41129590
41129591
41129592
41129593
41129594
41129597
41129598
41129599
41129600
41129601
41129602
41129603
41129604
41129605
41129607
41129608
41129609
41129610
41129611
41129612
41129613
41129614
41129615
41129616
41129617
41129618
41129619
41129620
41130076
41129622
41129623
41129624
41129625
41129626
41129627
41129628
41129629
41129630
41129631
41129632
41129633
41129634
41129635
41129636
41129637
41129638
41129639
41129640
41129641
41129642
41129643
41129644
41129645
41129646
41129648
41129649
41129650
41129651
41129652
41129653
41129655
41129656
41129657
41129659
41129660
41129661
41129662
41129663
41129664
41129666
41129667
41129668
41129669
41129670
41129671
41129672
41129674
41129675
41129676
41129677
41129678
41129679
41129680
41129681
41129682
41129683
41129685
41129687
41129688
41129689
41129690
41129691
41129692
41129693
41129694
41129695
41129696
41129697
41129698
41129699
41129700
41129701
41129702
41129703
41129704
41129705
41129706
41129707
41129708
41129710
41129711
41129713
41129714
41129715
41129716
41129717
41129718
41129719
41129720
41129721
41129722
41129723
41129724
41129725
41129726
41129727
41129728
41129729
41129730
41129731
41129732
41129733
41129734
41129735
41129736
41129737
41129738
41129739
41129740
41129741
41129742
41129743
41129744
41129745
41129746
41129747
41129748
41129749
41129750
41129751
41129752
41129753
41129754
41129756
41129757
41129758
41129759
41129760
41129761
41129762
41129763
41129764
41129765
41129766
41129768
41129769
41129770
41129771
41129772
41129773
41129774
41129775
41129776
41129777
41129778
41129779
41129780
41129781
41129782
41129783
41129785
41129786
41129787
41129788
41129789
41129790
41129791
41129792
41129793
41129794
41129795
41129796
41129797
41129798
41129799
41129800
41129802
41129803
41129804
41129805
41129806
41129807
41129808
41129809
41129810
41129811
41129812
41129813
41129814
41129815
41129816
41129817
41129818
41129819
41129820
41129821
41129822
41129823
41129824
41129825
41129826
41129827
41129828
41129829
41129830
41129831
41129832
41129833
41129835
41129836
41129837
41129838
41129839
41129840
41129841
41129842
41129845
41129846
41129847
41129848
41129849
41129850
41129851
41129852
41129853
41129854
41129855
41129856
41129857
41129858
41129859
41129860
41129861
41129862
41129863
41129864
41129865
41129866
41129867
41129868
41129869
41129870
41129871
41129872
41129873
41129874
41129875
41129876
41129878
41129879
41129880
41129881
41129882
41129883
41129884
41129885
41129886
41129887
41129888
41129889
41129890
41129891
41129892
41129893
41129894
41129895
41129896
41129897
41129898
41129899
41129900
41129901
41129902
41129903
41129904
41129905
41129906
41129907
41129908
41129909
41129910
41129911
41129912
41129913
41129914
41129915
41129916
41129917
41129918
41129919
41129920
41129921
41129922
41129923
41129924
41129925
41129926
41129927
41129928
41129929
41129930
41129931
41129932
41129933
41129934
41129935
41129936
41129937
41129938
41129939
41129940
41129941
41129942
41129943
41129944
41129945
41129946
41129947
41129948
41129949
41129950
41129951
41129952
41129953
41129954
41129955
41129957
41129958
41129959
41129960
41129961
41129962
41129963
41129965
41129966
41129967
41129968
41129969
41129970
41129971
41129973
41129974
41129975
41129976
41129977
41129978
41129979
41129980
41129981
41129982
41129983
41129984
41129985
41129986
41129987
41129988
41129989
41129990
41129991
41129992
41129993
41129994
41129995
41129996
41129997
41129998
41129999
41130000
41130001
41130002
41130003
41130004
41130153
41130006
41130007
41130008
41130009
41130010
41130011
41130012
41130014
41130015
41130016
41130018
41130019
41130020
41130022
41130023
41130024
41130025
41130027
41130028
41130029
41130030
41130033
41130034
41130035
41130036
41130037
41130038
41130039
41130040
41130041
41130042
41130043
41130161
41130045
41130047
41130048
41130049
41130050
41130051
41130052
41130053
41130054
41130055
41130056
41130057
41130058
41130059
41130060
41130061
41130062
41130063
41130064
41130065
41130066
41130067
41130068
41130069
41130070
41130071
41130072
41130073
41130074
41130075
41130166
41130077
41130078
41130079
41130080
41130081
41130082
41130083
41130084
41130085
41130086
41130087
41130088
41130089
41130091
41130092
41130093
41130094
41130095
41130096
41130098
41130099
41130100
41130101
41130102
41130103
41130173
41130105
41130107
41130108
41130109
41130110
41130112
41130113
41130114
41130115
41130116
41130117
41130118
41130119
41130120
41130121
41130122
41130123
41130177
41130125
41130126
41130127
41130128
41130129
41130130
41130131
41130132
41130133
41130134
41130135
41130136
41130137
41130138
41130139
41130141
41130142
41130140
41130143
41130146
41130144
41130145
41130152
41130154
41130155
41130156
41130160
41130169
41130170
41130171
41130172
41130174
41130175
41130176
41130180
41130188
41130190
41130186
41130194
41130195
41130209
41130196
41130197
41130231
41130239
41130201
41130247
41130249
41130248
41130253
41130204
41130205
41130206
41130271
41130207
41130273
41130208
41130275
41130280
41130279
41130283
41130210
41130290
41130212
41130214
41130305
41130215
41130216
41130217
41130317
41130218
41130219
41130329
41130220
41130335
41130221
41130222
41130223
41130225
41130226
41130363
41130365
41130375
41130227
41130368
41130378
41130379
41130229
41130384
41130232
41130394
41130397
41130233
41130398
41130418
41130235
41130236
41130237
41130238
41130429
41130430
41130240
41130242
41130241
41130459
41130243
41130245
41130246
41130473
41130477
41130479
41130481
41130495
41130252
41130503
41130505
41130509
41130255
41130514
41130520
41130256
41130516
41130523
41130257
41130258
41130526
41130528
41130537
41130542
41130546
41130261
41130263
41130264
41130554
41130265
41130560
41130266
41130577
41130578
41130268
41130267
41130269
41130579
41130581
41130582
41130585
41130586
41130587
41130588
41130589
41130592
41130593
41130272
41130602
41130603
41130274
41130609
41130276
41130616
41130277
41130278
41130633
41130635
41130634
41130644
41130645
41130650
41130651
41130284
41130285
41130661
41130662
41130286
41130676
41130287
41130838
41130351
41130352
41131007
41131008
41130355
41131018
41131021
41130357
41131023
41131024
41130358
41131029
41131030
41130359
41131033
41131035
41131036
41130360
41131039
41131041
41130361
41131042
41131044
41131043
41131046
41130362
41131048
41131049
41131053
41131054
41131056
41131057
41131059
41130364
41131058
41131061
41131067
41131062
41131069
41131063
41131064
41131065
41130366
41131075
41130367
41131073
41131074
41131076
41131079
41131080
41131081
41131082
41131084
41131085
41131091
41130370
41131093
41131094
41130371
41131097
41131100
41130372
41131102
41131103
41131104
41130373
41131114
41130374
41131112
41131113
41131120
41131116
41131117
41131118
41130376
41131121
41131124
41130377
41131127
41131128
41131131
41131134
41131135
41131130
41131132
41131133
41131140
41131141
41131139
41130380
41131143
41131142
41131145
41130381
41131146
41131147
41131144
41131149
41130382
41131150
41131151
41131152
41131153
41130383
41131154
41130385
41130386
41130387
41131178
41130388
41131185
41130389
41130390
41130391
41131204
41131219
41130396
41131225
41131227
41131230
41131243
41131244
41131245
41131248
41131249
41131251
41131252
41131253
41131254
41131255
41130402
41131257
41131259
41131260
41130403
41131262
41131264
41131265
41130404
41131268
41131269
41131270
41130405
41131273
41131274
41130406
41131276
41131279
41131278
41131281
41130407
41131280
41131283
41130408
41131284
41131285
41131288
41130409
41131290
41131291
41131293
41130410
41131294
41131295
41131296
41131297
41130411
41131299
41131300
41131301
41131303
41130412
41131304
41131305
41131306
41131307
41130413
41131308
41131309
41131310
41131311
41131312
41131313
41131314
41131315
41131317
41130415
41131318
41131319
41131321
41130416
41131324
41130417
41131326
41131328
41131329
41131331
41131332
41131333
41131334
41131336
41130419
41131337
41131338
41131340
41131341
41130420
41131342
41131343
41131344
41131345
41130421
41131346
41131347
41131349
41131350
41130422
41131351
41131352
41131353
41131354
41130423
41131355
41131357
41131358
41131359
41130424
41131360
41131362
41131364
41130425
41131366
41131367
41131369
41130426
41131370
41131373
41131374
41131375
41130427
41131376
41131377
41131378
41131379
41130428
41131380
41131381
41131382
41131383
41131384
41131389
41131392
41130431
41131398
41131399
41131400
41131401
41130433
41131404
41131406
41131407
41130434
41131410
41131411
41131412
41130435
41131414
41131416
41130436
41131422
41130437
41131432
41131433
41131437
41131438
41131439
41130439
41131442
41131444
41131445
41130440
41131447
41131448
41130442
41131449
41131450
41130441
41131461
41130443
41131455
41131456
41131457
41131458
41130444
41131459
41131462
41131463
41130445
41131464
41131466
41131467
41131468
41130446
41131470
41131471
41131474
41131475
41131476
41131477
41131478
41131479
41130448
41131480
41131484
41131489
41131490
41130449
41131494
41131495
41130450
41131497
41130452
41130453
41131511
41131513
41131515
41131519
41130455
41131520
41131521
41131523
41130457
41131524
41131534
41130456
41131527
41130458
41131537
41131538
41131539
41131540
41131542
41130460
41131543
41131544
41131545
41131547
41130461
41131548
41131549
41131555
41131550
41131557
41131558
41131551
41131560
41131553
41130463
41131554
41131561
41131562
41131563
41130464
41131564
41130465
41131568
41130466
41131572
41131573
41130467
41131583
41130469
41130470
41131611
41131613
41131614
41131615
41130474
41130475
41131630
41131631
41131632
41131633
41131635
41131637
41131638
41131641
41131642
41130480
41131648
41131651
41131653
41130482
41130483
41131665
41131668
41130485
41130486
41130487
41130488
41130489
41130490
41130491
41130492
41131723
41131725
41130496
41131727
41131728
41131730
41130497
41131733
41131734
41130498
41131737
41131738
41131739
41131740
41130499
41131743
41131744
41131745
41130500
41131747
41131748
41131750
41130501
41131751
41131752
41131753
41131754
41131755
41130502
41131757
41131758
41131759
41131760
41131761
41131762
41130504
41131769
41131771
41131772
41131774
41131775
41131776
41131787
41131788
41131789
41131790
41131791
41131792
41131793
41131794
41131795
41130510
41131796
41131797
41131798
41131799
41131800
41130511
41131802
41131803
41131804
41131805
41131807
41131808
41131809
41131810
41130513
41131811
41131812
41131813
41131814
41131815
41131816
41131817
41131818
41131819
41131820
41130515
41131822
41131823
41131824
41131826
41131827
41131828
41131829
41131830
41130517
41131831
41131832
41131833
41131835
41131836
41131837
41131838
41130519
41131840
41131841
41131842
41131843
41131844
41131845
41131846
41131847
41131848
41131849
41130521
41131853
41130522
41131855
41131856
41131858
41131859
41131860
41131861
41131862
41131863
41131864
41130524
41131865
41131866
41131867
41131868
41131869
41130525
41131870
41131871
41131872
41131873
41131874
41131875
41131877
41131878
41131879
41130527
41131880
41131881
41131882
41131883
41131884
41131887
41131888
41131889
41130529
41131890
41131891
41131892
41131893
41131896
41131897
41131898
41131899
41131900
41131901
41131902
41131903
41131904
41131905
41130532
41131906
41131907
41131908
41131909
41130533
41131910
41131917
41131918
41131911
41130534
41131920
41131922
41131923
41131915
41130535
41131925
41131926
41131928
41131929
41130536
41131930
41131932
41131933
41131934
41131935
41131936
41131938
41131939
41130538
41131940
41131941
41131942
41131944
41130539
41131945
41131947
41131948
41130540
41131950
41131951
41131953
41131954
41130541
41131955
41131958
41131959
41131960
41131961
41131963
41131964
41130543
41131965
41131967
41131968
41131969
41130544
41131970
41131972
41131973
41131974
41130545
41131975
41131976
41131977
41131978
41131980
41131981
41131982
41130547
41131986
41131988
41131989
41130548
41131990
41131991
41131992
41131993
41130549
41131994
41131996
41131997
41131998
41130550
41131999
41132000
41132001
41132002
41130551
41132003
41132004
41132006
41132007
41130552
41132008
41132009
41132011
41132012
41130553
41132013
41132014
41132015
41132016
41132017
41132018
41132019
41132020
41132021
41132022
41132023
41132024
41132025
41132026
41130556
41132027
41132028
41132029
41132031
41130557
41132032
41132033
41132034
41132036
41130558
41132037
41132035
41132039
41132040
41130559
41132041
41132038
41132044
41132043
41132046
41132047
41132049
41132048
41132045
41132051
41130561
41132053
41132054
41132055
41132056
41130562
41132057
41132058
41132059
41132060
41130563
41132063
41132064
41132065
41132066
41130564
41132067
41132068
41132069
41132070
41130565
41132073
41132074
41132076
41132077
41130566
41132079
41132080
41132081
41132082
41130567
41132083
41132084
41132085
41132088
41130568
41132089
41132090
41132092
41132093
41130569
41132095
41132096
41132099
41132100
41130570
41132101
41132102
41132104
41132105
41130571
41132106
41132107
41132108
41132109
41132110
41132111
41132113
41132114
41132115
41132116
41132117
41132118
41130574
41132121
41132122
41132123
41132124
41130575
41132125
41132126
41132127
41132128
41130576
41132130
41132131
41132132
41132133
41132134
41132137
41132138
41132139
41132140
41132141
41132142
41132143
41132144
41132145
41132146
41132147
41132148
41132150
41130580
41132151
41132152
41132153
41132154
41132157
41132158
41132160
41132161
41132162
41132163
41132165
41130583
41132166
41132167
41132168
41132170
41130584
41132171
41132172
41132176
41132177
41132178
41132179
41132181
41132183
41132184
41132185
41132187
41132188
41132189
41132191
41132192
41132194
41132195
41132197
41132198
41132199
41132200
41130590
41132202
41132201
41132203
41132204
41130591
41132205
41132206
41132207
41132208
41132210
41132209
41132211
41132213
41132214
41132215
41132216
41132217
41132218
41132219
41132220
41130594
41132221
41132223
41132224
41132226
41130595
41132222
41132225
41132229
41132230
41130596
41132231
41132232
41132233
41132234
41132235
41132236
41132237
41132239
41132241
41130598
41132242
41132243
41132244
41132245
41130599
41132246
41132247
41132248
41132250
41130600
41132251
41132249
41132253
41132252
41132255
41132254
41132257
41132256
41132259
41132260
41132258
41132262
41132263
41132264
41132266
41132261
41132268
41132269
41132270
41130604
41132265
41132271
41132273
41132274
41130605
41132275
41132276
41132278
41132279
41132282
41130606
41132280
41132281
41132277
41132283
41132284
41132285
41132287
41132288
41130608
41132289
41132291
41132293
41132292
41132295
41132294
41132298
41132299
41132300
41130610
41132302
41132304
41132306
41130611
41132307
41132308
41132309
41132311
41130612
41132313
41132312
41132310
41132315
41130613
41132316
41132318
41132319
41132320
41132317
41132322
41132323
41132324
41132326
41130615
41132321
41132328
41132329
41132325
41132332
41132333
41132334
41132335
41132336
41130617
41132330
41132331
41132339
41132341
41130618
41132342
41132343
41132344
41132345
41130619
41132346
41132347
41132348
41132349
41130620
41132350
41132353
41132355
41132356
41130621
41132357
41132358
41132360
41132361
41130622
41132362
41132363
41132364
41132365
41132367
41130623
41132366
41132368
41132369
41132371
41130624
41132372
41132373
41132374
41132375
41130625
41132376
41132378
41132379
41132380
41130626
41132381
41132384
41132385
41132387
41130627
41132388
41132389
41132390
41132391
41130628
41132393
41132392
41132395
41132396
41130629
41132397
41132398
41132399
41132400
41132402
41132403
41132401
41132405
41132404
41130631
41132407
41132406
41132412
41130632
41132413
41132414
41132415
41132417
41132418
41132416
41132419
41132421
41132420
41132423
41132425
41132426
41132427
41132428
41132429
41132430
41132431
41132432
41130636
41132433
41132434
41132435
41132437
41130637
41132439
41132440
41132438
41132442
41130638
41132443
41132444
41132445
41132447
41130639
41132448
41132446
41132450
41132449
41130640
41132452
41132451
41132454
41132453
41130641
41132456
41132455
41132458
41132460
41130642
41132461
41132462
41132463
41132464
41130643
41132465
41132466
41132467
41132468
41132469
41132477
41130646
41130649
41132497
41132500
41132502
41132507
41132509
41130652
41130653
41132520
41132524
41132527
41132529
41132530
41132532
41132535
41130657
41132540
41130658
41132542
41132543
41132544
41132545
41130659
41132547
41132549
41132551
41130660
41132552
41132553
41132554
41132555
41132556
41132558
41132559
41132560
41132561
41132562
41132564
41132565
41132566
41132567
41130663
41132568
41132569
41132570
41132571
41130664
41132572
41132573
41132574
41130666
41130665
41132577
41132578
41132579
41132580
41132581
41132582
41132583
41132584
41132585
41132586
41132587
41132589
41132591
41130668
41132592
41132593
41132594
41132595
41132596
41132597
41132598
41132600
41132601
41130670
41132603
41132602
41132605
41130671
41130672
41132610
41132607
41132608
41132609
41132611
41132613
41132614
41132616
41130673
41132615
41132617
41132619
41132620
41130674
41132626
41132623
41132629
41130675
41132625
41132627
41132628
41132630
41132631
41132633
41132634
41130677
41132635
41132636
41132637
41132640
41130678
41132639
41132641
41132642
41130679
41132645
41132643
41132644
41132649
41132646
41132651
41132652
41132654
41132655
41130681
41132656
41132657
41132659
41132660
41130682
41132661
41132662
41132664
41132665
41130683
41132666
41132667
41132668
41132669
41130684
41132670
41132671
41132672
41132673
41130685
41132674
41132676
41132677
41132678
41130686
41132679
41132680
41132682
41132683
41130687
41132684
41132685
41132686
41132689
41132687
41130688
41132691
41132693
41132694
41132695
41130689
41132692
41132696
41132699
41132700
41132697
41132702
41132703
41132701
41132704
41132710
41130691
41132712
41132708
41132706
41130692
41132711
41132709
41132713
41132715
41132716
41130693
41132717
41132719
41132720
41132721
41130694
41132723
41132722
41132724
41132726
41130695
41132727
41132728
41132729
41130696
41132730
41132733
41132734
41132735
41130697
41132737
41132738
41132736
41132740
41130698
41132741
41132742
41132744
41132749
41130699
41132745
41132746
41132748
41132747
41132752
41132756
41132755
41132753
41132754
41130701
41132761
41132759
41132763
41132760
41132757
41132762
41132758
41132764
41132766
41132767
41132769
41132768
41132773
41132774
41130704
41132771
41132777
41132770
41132775
41130705
41132776
41132778
41132783
41132779
41130706
41132780
41132782
41132784
41132781
41130707
41132785
41132787
41132786
41132788
41130708
41132790
41132789
41132792
41132793
41132795
41130709
41132796
41132797
41132803
41132798
41130710
41132799
41132800
41132801
41132802
41130711
41132804
41132805
41132806
41132807
41130712
41132808
41132810
41132811
41132813
41130713
41132815
41132818
41132820
41132817
41130714
41132819
41132827
41132823
41132829
41130715
41132824
41132826
41132825
41132828
41130716
41132830
41132831
41132832
41132833
41130717
41132834
41132835
41132836
41132837
41130718
41132838
41132839
41132840
41132841
41130719
41132843
41132845
41132847
41132849
41130720
41132850
41132852
41132853
41132851
41130721
41132855
41132856
41132857
41132858
41130722
41132859
41132860
41132861
41132862
41130723
41132863
41132864
41132865
41132867
41130724
41132868
41132870
41132873
41132874
41130725
41132876
41132875
41132879
41132881
41130726
41132882
41132880
41132884
41132885
41132886
41130727
41132887
41132888
41132889
41132890
41130728
41132891
41132892
41132894
41132896
41130729
41132897
41132898
41132899
41132900
41132902
41132901
41132904
41132905
41132907
41130731
41132910
41132911
41132912
41130732
41132913
41132914
41132916
41132917
41130733
41132920
41132918
41132922
41132919
41132923
41132924
41132926
41132927
41132928
41130735
41132929
41132930
41132931
41132932
41130736
41132933
41132934
41132936
41132937
41130737
41132938
41132939
41132942
41132943
41130738
41132944
41132945
41132946
41132947
41132948
41132949
41132950
41132951
41132952
41130740
41132953
41132955
41132956
41132957
41130741
41132958
41132960
41132961
41132962
41130742
41132963
41132964
41132965
41132967
41132968
41132970
41132971
41132972
41132969
41130744
41132974
41132976
41132977
41132978
41130745
41132979
41132981
41132982
41132983
41130746
41132985
41132987
41132988
41132989
41130747
41132990
41132991
41132993
41132996
41132997
41132998
41133000
41130749
41133001
41133002
41133004
41133003
41130750
41133006
41133008
41133007
41133010
41130751
41133011
41133009
41133013
41133015
41133016
41130752
41133014
41133017
41133019
41133021
41130753
41133022
41133023
41133024
41133025
41130754
41133026
41133027
41133028
41133029
41130755
41133030
41133031
41133032
41133033
41130756
41133034
41133036
41133035
41133038
41130757
41133037
41133039
41133042
41133043
41133044
41133046
41133045
41133049
41133050
41130759
41133051
41133052
41133053
41133056
41130760
41133057
41133055
41133060
41133061
41130761
41133062
41133063
41133064
41133065
41130762
41133067
41133068
41133066
41133069
41130763
41133072
41133073
41133074
41133075
41130764
41133076
41133077
41133080
41133078
41130765
41133079
41133081
41133082
41133083
41133084
41133085
41133087
41133088
41133089
41130767
41133091
41133092
41133093
41133094
41133096
41130768
41133097
41133098
41133099
41133100
41130769
41133095
41133103
41133104
41133105
41130770
41133102
41133107
41133108
41133109
41130771
41133106
41133114
41133111
41133110
41130772
41133118
41133113
41133112
41133121
41130773
41133116
41133117
41133126
41130774
41133119
41133120
41133122
41133123
41130775
41133125
41133127
41133128
41133129
41133132
41133133
41133134
41133136
41133137
41130777
41133138
41133139
41133140
41133143
41130778
41133144
41133146
41133147
41133150
41130779
41133151
41133152
41133153
41133155
41130780
41133156
41133157
41133158
41133160
41130781
41133161
41130782
41133167
41133168
41133169
41133170
41130783
41133171
41133173
41133174
41133176
41133177
41130784
41133178
41133180
41130785
41133185
41133186
41130786
41133188
41133189
41133190
41133191
41130787
41133193
41133195
41133196
41130788
41133198
41133199
41133200
41133201
41133202
41133203
41133204
41133205
41133206
41133208
41133212
41130791
41133213
41133214
41133216
41130792
41133220
41133221
41133222
41130793
41133224
41133225
41133226
41133227
41130794
41133229
41133230
41130795
41133234
41130796
41133238
41133239
41133240
41133241
41130797
41133242
41133244
41133243
41133246
41130798
41133248
41133251
41133252
41130799
41133254
41133253
41133256
41133259
41133260
41133261
41133262
41130801
41133263
41133264
41133265
41133266
41133267
41133268
41133269
41133270
41133271
41130803
41133272
41133273
41133275
41133276
41130804
41133277
41133278
41133279
41133280
41133281
41133282
41133283
41130805
41133284
41130806
41133285
41133287
41133286
41133289
41130807
41133290
41133291
41133292
41133293
41133294
41133295
41133296
41133297
41133298
41133299
41133300
41133301
41133302
41130809
41133303
41133304
41133305
41133306
41130810
41133307
41133308
41133310
41133311
41133312
41133314
41133316
41133317
41130812
41133319
41133320
41133318
41133322
41130813
41133323
41133324
41133326
41133321
41130814
41133325
41133328
41133329
41133327
41133333
41130815
41133332
41133330
41133331
41133334
41130816
41133335
41133337
41133338
41133339
41130817
41133341
41133340
41133343
41130818
41133344
41133345
41133346
41133347
41130819
41133348
41133350
41133352
41130820
41133354
41133355
41133356
41133358
41130821
41133359
41133361
41133363
41130822
41133362
41133365
41133366
41133367
41133369
41133370
41133371
41133372
41133373
41130824
41133374
41133375
41133376
41133379
41130825
41133381
41133382
41133380
41133384
41133385
41133386
41133387
41133389
41133390
41130827
41133391
41133392
41133393
41133395
41130828
41133396
41133397
41133398
41133399
41133400
41130829
41133401
41133402
41133403
41133404
41130830
41133405
41133406
41133408
41133407
41133410
41133411
41133412
41133414
41133415
41130832
41133416
41133417
41133419
41130833
41133420
41133421
41133422
41133423
41130834
41133424
41133425
41133426
41133427
41130835
41133428
41133429
41133430
41133431
41130836
41133432
41133433
41133434
41133435
41130837
41133436
41133437
41133438
41133439
41133440
41133441
41133442
41133443
41133446
41130839
41133447
41133449
41133450
41133452
41130840
41133451
41133453
41133462
41133455
41133464
41130841
41133458
41133459
41133460
41130842
41133463
41133465
41133466
41133467
41130843
41133468
41133469
41133470
41133471
41130844
41133472
41133474
41133475
41133476
41130845
41133477
41133478
41133479
41133480
41130846
41133490
41133482
41133484
41133486
41133487
41133489
41133488
41133491
41133492
41133493
41130848
41133495
41133496
41133498
41133499
41130849
41133500
41133501
41133502
41133505
41130850
41133506
41133507
41133508
41133509
41130851
41133510
41133512
41133513
41133514
41133515
41133516
41133517
41133518
41133519
41130853
41133520
41133521
41133522
41133523
41130854
41133524
41133525
41133526
41133527
41130855
41133528
41133529
41133530
41133531
41130856
41133532
41133533
41133534
41133535
41130857
41133537
41133538
41133539
41133540
41130858
41133542
41133544
41133545
41133546
41130859
41133547
41133548
41133549
41133550
41130860
41133552
41133553
41133555
41133557
41130861
41133559
41133560
41133568
41133563
41130862
41133564
41133565
41133567
41133570
41130863
41133571
41133572
41133573
41133574
41130864
41133576
41133575
41133578
41133580
41130865
41133581
41133582
41133584
41133585
41130866
41133586
41133583
41133588
41133589
41133590
41130867
41133591
41133592
41133593
41133599
41130868
41133594
41133595
41133596
41133597
41130869
41133598
41133600
41133601
41133609
41130870
41133603
41133605
41133606
41133608
41133610
41133611
41133612
41133613
41130872
41133614
41133616
41133617
41133618
41130873
41133619
41133620
41133621
41133622
41130874
41133624
41133625
41133626
41133627
41130875
41133636
41133630
41133631
41133632
41130876
41133634
41133635
41133637
41133638
41130877
41133639
41133640
41133641
41133642
41130878
41133643
41133644
41133645
41133647
41130879
41133648
41133649
41133651
41133654
41133660
41130880
41133656
41133657
41133658
41133659
41130881
41133661
41133662
41133663
41133665
41130882
41133666
41133667
41133668
41133669
41130883
41133670
41133672
41133675
41133676
41133674
41133678
41133681
41133683
41133684
41130885
41133680
41133686
41133687
41133689
41130886
41133690
41133692
41133693
41133694
41130887
41133695
41133696
41133697
41133698
41130888
41133701
41133703
41133704
41133705
41130889
41133706
41133707
41133709
41133710
41130890
41133711
41133713
41133712
41133715
41130891
41133716
41133717
41133718
41133719
41130892
41133720
41133723
41133721
41133724
41130893
41133726
41133728
41133725
41133729
41130894
41133730
41133731
41133732
41133733
41130895
41133734
41133735
41133736
41133737
41130896
41133738
41133740
41133739
41133742
41130897
41133743
41133744
41133745
41133750
41130898
41133746
41133748
41133749
41133752
41130899
41133753
41133754
41133755
41133756
41130900
41133757
41133758
41133759
41133761
41130901
41133762
41133763
41133764
41133765
41130902
41133767
41133768
41133769
41133770
41130903
41133771
41133772
41133773
41133776
41130904
41133777
41133780
41133781
41133782
41130905
41133783
41133784
41133785
41133786
41130906
41133787
41133789
41133791
41133792
41133793
41133795
41133797
41133798
41133799
41130908
41133800
41133802
41133805
41130909
41133806
41133807
41130910
41133811
41133812
41133814
41133815
41130911
41133817
41133818
41133819
41133816
41133821
41130912
41133822
41133823
41133825
41133826
41130913
41133828
41133827
41133829
41133830
41133832
41130914
41133831
41133833
41133835
41130915
41133837
41133838
41133836
41133840
41130916
41133842
41133841
41133839
41133845
41130917
41133846
41133843
41133848
41133850
41130918
41133851
41133847
41133854
41133855
41130919
41133857
41133858
41133859
41130920
41133862
41133863
41133864
41133866
41130921
41133869
41133870
41133871
41130922
41133875
41130923
41133878
41133879
41133880
41133881
41130924
41133882
41133885
41133886
41130925
41133888
41133887
41130926
41133892
41133893
41133895
41130927
41133897
41133901
41130928
41133902
41133903
41133905
41133906
41130929
41133908
41133909
41133911
41130930
41133913
41133914
41130931
41133918
41133920
41133921
41130932
41133922
41133924
41133923
41133926
41130933
41133927
41133930
41133931
41130934
41133933
41133935
41133936
41130935
41133937
41133939
41133938
41133941
41130936
41133942
41133944
41133945
41133946
41130937
41133947
41133949
41133950
41133951
41133952
41133953
41133954
41133955
41130939
41133957
41133959
41133960
41133961
41130940
41133962
41133964
41133966
41133967
41133968
41133969
41133970
41133971
41130942
41133973
41133975
41133976
41130943
41133977
41133978
41133980
41133981
41133982
41130944
41133983
41133984
41133985
41133986
41130945
41133987
41133988
41133989
41130946
41133993
41133994
41133995
41133996
41130947
41133997
41133998
41133999
41134000
41134001
41134004
41134005
41134007
41130949
41134009
41134013
41134014
41134016
41130951
41134018
41134019
41134020
41130952
41134023
41134025
41134024
41134026
41130953
41134027
41134029
41134031
41130954
41130955
41130957
41130958
41130959
41130960
41130963
41130964
41130965
41130967
41130968
41130969
41130970
41130971
41130972
41130973
41130974
41130978
41130979
41130980
41130981
41130983
41130985
41130986
41130987
41130988
41130990
41130991
41130992
41130993
41130994
41130995
41130996
41130997
41130998
41130999
41131000
41131001
41131002
41131003
41131004
41131005
41131006
41131009
41131010
41131011
41131012
41131013
41131014
41131015
41131016
41131017
41131019
41131020
41131022
41131026
41131027
41131028
41131031
41131032
41131037
41131038
41131047
41131050
41131051
41131052
41131060
41131066
41131068
41131070
41131071
41131072
41131077
41131078
41131083
41131086
41131087
41131088
41131089
41131090
41131095
41131096
41131098
41131099
41131105
41131106
41131107
41131108
41131109
41131110
41131111
41131115
41131119
41131122
41131123
41131125
41131126
41131129
41131155
41131156
41131157
41131158
41131159
41131160
41131162
41131163
41131164
41131165
41131166
41131167
41131168
41131169
41131170
41131171
41131172
41131173
41131174
41131175
41131176
41131177
41131179
41131180
41131181
41131182
41131184
41131186
41131187
41131188
41131189
41131190
41131191
41131192
41131193
41131194
41131195
41131196
41131197
41131199
41131200
41131201
41131203
41131205
41131206
41131207
41131208
41131209
41131210
41131211
41131212
41131213
41131214
41131215
41131216
41131217
41131220
41131221
41131222
41131223
41131224
41131228
41131229
41131231
41131232
41131233
41131234
41131235
41131236
41131239
41131240
41131241
41131246
41131247
41131250
41131256
41131258
41131261
41131266
41131267
41131271
41131275
41131277
41131282
41131286
41131287
41131289
41131292
41131322
41131323
41131325
41131327
41131361
41131363
41131365
41131368
41131385
41131386
41131387
41131388
41131390
41131391
41131393
41131394
41131395
41131396
41131397
41131402
41131403
41131405
41131409
41131413
41131415
41131417
41131418
41131419
41131420
41131423
41131424
41131425
41131427
41131428
41131429
41131430
41131431
41131434
41131440
41131441
41131451
41131452
41131453
41131469
41131481
41131482
41131485
41131486
41131487
41131491
41131496
41131498
41131499
41131500
41131501
41131502
41131503
41131504
41131505
41131506
41131508
41131509
41131510
41131514
41131517
41131525
41131529
41131531
41131533
41131565
41131567
41131569
41131570
41131575
41131576
41131577
41131578
41131579
41131580
41131581
41131584
41131585
41131586
41131587
41131588
41131589
41131590
41131592
41131593
41131594
41131595
41131597
41131598
41131599
41131600
41131601
41131602
41131603
41131604
41131605
41131606
41131607
41131608
41131609
41131610
41131612
41131616
41131617
41131618
41131619
41131620
41131621
41131622
41131623
41131624
41131626
41131627
41131634
41131636
41131639
41131640
41131643
41131644
41131645
41131647
41131650
41131652
41131654
41131655
41131656
41131657
41131658
41131659
41131660
41131661
41131662
41131663
41131664
41131666
41131667
41131669
41131670
41131671
41131672
41131673
41131674
41131675
41131676
41131677
41131680
41131683
41131684
41131685
41131687
41131688
41131689
41131690
41131691
41131692
41131693
41131694
41131696
41131698
41131699
41131700
41131701
41131702
41131703
41131704
41131705
41131706
41131707
41131708
41131709
41131710
41131711
41131712
41131713
41131714
41131715
41131716
41131717
41131718
41131720
41131721
41131722
41131724
41131726
41131729
41131741
41131746
41131756
41131763
41131764
41131765
41131767
41131768
41131770
41131773
41131777
41131779
41131781
41131783
41131784
41131785
41131801
41131821
41131912
41131913
41131914
41131916
41132286
41132305
41132370
41132470
41132471
41132472
41132473
41132474
41132475
41132476
41132478
41132480
41132481
41132483
41132484
41132485
41132486
41132487
41132488
41132489
41132490
41132491
41132492
41132493
41132494
41132495
41132496
41132503
41132504
41132505
41132506
41132511
41132513
41132514
41132515
41132516
41132517
41132518
41132521
41132523
41132528
41132531
41132533
41132534
41132536
41132537
41132538
41132539
41132546
41132575
41132576
41132599
41132604
41132612
41132618
41132621
41132622
41132632
41132638
41132675
41132681
41132690
41132714
41132725
41132739
41132743
41132765
41132772
41132809
41132821
41132822
41132842
41132848
41132903
41132906
41132908
41132909
41133041
41133115
41133124
41133135
41133336
41133349
41133357
41133413
41133456
41133457
41133481
41133483
41133485
41133497
41133536
41133541
41133551
41133554
41133556
41133558
41133561
41133602
41133604
41133615
41133628
41133633
41133646
41133650
41133652
41133653
41133655
41133664
41133671
41133673
41133677
41133679
41133685
41133708
41133714
41133722
41133741
41133747
41133751
41133824