41452434
41452436
41452437
41452438
41452439
41452440
41452443
41452445
41452446
41452447
41452448
41452449
41452450
41452451
41452452
41452453
41452455
41452456
41452457
41452458
41452459
41452460
41452461
41452462
41452463
41452464
41452465
41452466
41452467
41452468
41452469
41452470
41452471
41452472
41452474
41452475
41452476
41452477
41452478
41452479
41452480
41452481
41452482
41452483
41452485
41452486
41452487
41452488
41452489
41452490
41452492
41452493
41452494
41452495
41452501
41452502
41452503
41452504
41452505
41452508
41452509
41452510
41452511
41452513
41452514
41452516
41452517
41452518
41452519
41452521
41452522
41452523
41452524
41452525
41452526
41452527
41452528
41452529
41452530
41452531
41452532
41452534
41452536
41452537
41452538
41452540
41452541
41452542
41452543
41452544
41452545
41452546
41452547
41452548
41452549
41452550
41452551
41452552
41452553
41452554
41452555
41452557
41452558
41452560
41452562
41452563
41452564
41452565
41452566
41452567
41452568
41452569
41452570
41452571
41452572
41452573
41452574
41452575
41452576
41452577
41452578
41452580
41452581
41452582
41452583
41452584
41452585
41452586
41452587
41452588
41452589
41452590
41452591
41452592
41452593
41452594
41452595
41452596
41452598
41452599
41452600
41452601
41452602
41452603
41452604
41452607
41452608
41452609
41452610
41452611
41452612
41452614
41452615
41452617
41452618
41452619
41452620
41452621
41452622
41452623
41452624
41452625
41452626
41452627
41452628
41452629
41452630
41452632
41452633
41452634
41452635
41452636
41452637
41452640
41452641
41452642
41452643
41452644
41452645
41452646
41452647
41452648
41452649
41452650
41452651
41452652
41452653
41452654
41452655
41452656
41452658
41452661
41452663
41452664
41452665
41452666
41452667
41452668
41452669
41452670
41452671
41452672
41452673
41452675
41452677
41452679
41452680
41452682
41452683
41452684
41452685
41452686
41452687
41452688
41452689
41452690
41452691
41452692
41452693
41452694
41452696
41452697
41452698
41452699
41452700
41452701
41452702
41452704
41452705
41452707
41452708
41452709
41452710
41452711
41452712
41452713
41452714
41452715
41452716
41452717
41452718
41452719
41452720
41452721
41452722
41452723
41452724
41452725
41452726
41452727
41452728
41452729
41452730
41452731
41452732
41452733
41452734
41452735
41452736
41452737
41452740
41452741
41452742
41452743
41452744
41452745
41452746
41452747
41452748
41452749
41452750
41452751
41452752
41452753
41452754
41452755
41452756
41452757
41452758
41452760
41452761
41452762
41452763
41452764
41452765
41452766
41452767
41452768
41452769
41452770
41452771
41452772
41452773
41452775
41452776
41452777
41452778
41452779
41452780
41452781
41452782
41452783
41452784
41452785
41452786
41452788
41452789
41452790
41452791
41452792
41452793
41452794
41452795
41452796
41452797
41452798
41452799
41452802
41452803
41452804
41452806
41452807
41452809
41452810
41452811
41452814
41452815
41452816
41452817
41452818
41452819
41452821
41452822
41452823
41452824
41452825
41452827
41452828
41452829
41452830
41452831
41452832
41452834
41452835
41452836
41452840
41452841
41452843
41452844
41452845
41452846
41452847
41452850
41452852
41452853
41452854
41452855
41452857
41452858
41452859
41452860
41452861
41452862
41452863
41452864
41452865
41452866
41452867
41452868
41452869
41452871
41452872
41452873
41452874
41452876
41452877
41452878
41452879
41452880
41452882
41452883
41452884
41452885
41452887
41452888
41452890
41452891
41452892
41452893
41452895
41452897
41452898
41452901
41452902
41452903
41452904
41452905
41452906
41452908
41452909
41452911
41452912
41452913
41452914
41452915
41452916
41452917
41452918
41452919
41452920
41452922
41452923
41452924
41452925
41452926
41452927
41452928
41452929
41452930
41452932
41452933
41452934
41452935
41452936
41452937
41452938
41452939
41452940
41452941
41452942
41452943
41452944
41452945
41452946
41452947
41452948
41452949
41452950
41452951
41452952
41452953
41452954
41452955
41452956
41452957
41452959
41452960
41452961
41452963
41452964
41452965
41452966
41452967
41452968
41452969
41452970
41452972
41452973
41452975
41452976
41452977
41452978
41452979
41452980
41452981
41452982
41452983
41452984
41452985
41452986
41452987
41452988
41452989
41452990
41452991
41452992
41452993
41452994
41452995
41452996
41452997
41452998
41452999
41453000
41453001
41453002
41453003
41453004
41453005
41453006
41453008
41453009
41453010
41453011
41453012
41453013
41453014
41453015
41453017
41453018
41453019
41453020
41453022
41453023
41453024
41453025
41453026
41453028
41453029
41453030
41453031
41453034
41453035
41453036
41453037
41453038
41453039
41453040
41453041
41453043
41453044
41453045
41453046
41453047
41453048
41453049
41453050
41453051
41453052
41453053
41453054
41453055
41453056
41453057
41453059
41453060
41453061
41453062
41453063
41453064
41453065
41453066
41453067
41453068
41453069
41453071
41453072
41453073
41453074
41453075
41453076
41453077
41453078
41453079
41453080
41453081
41453082
41453083
41453084
41453085
41453086
41453087
41453088
41453089
41453090
41453091
41453092
41453094
41453095
41453096
41453097
41453098
41453099
41453100
41453101
41453102
41453103
41453104
41453105
41453106
41453107
41453109
41453110
41453112
41453113
41453115
41453116
41453117
41453118
41453119
41453120
41453121
41453122
41453123
41453124
41453125
41453126
41453127
41453128
41453129
41453130
41453131
41453132
41453133
41453134
41453135
41453136
41453137
41453138
41453139
41453140
41453141
41453142
41453143
41453144
41453145
41453146
41453147
41453148
41453149
41453150
41453151
41453152
41453153
41453154
41453155
41453156
41453162
41453163
41453164
41453165
41453166
41453167
41453168
41453169
41453171
41453172
41453173
41453174
41453175
41453176
41453177
41453179
41453180
41453181
41453182
41453183
41453185
41453186
41453187
41453188
41453189
41453190
41453191
41453193
41453195
41453196
41453198
41453201
41453202
41453204
41453205
41453207
41453209
41453210
41453211
41453212
41453213
41453214
41453215
41453216
41453217
41453218
41453219
41453220
41453224
41453225
41453226
41453227
41453228
41453229
41453230
41453231
41453232
41453235
41453236
41453237
41453238
41453239
41453240
41453243
41453244
41453246
41453248
41453249
41453251
41453253
41453254
41453255
41453256
41453257
41453260
41453264
41453266
41453268
41453270
41453271
41453272
41453273
41453274
41453277
41453278
41453279
41453280
41453281
41453283
41453285
41453286
41453287
41453288
41453289
41453290
41453292
41453293
41453294
41453295
41453296
41453297
41453298
41453299
41453300
41453301
41453302
41453303
41453305
41453306
41453307
41453308
41453309
41453310
41453311
41453312
41453313
41453315
41453316
41453317
41453318
41453319
41453320
41453321
41453322
41453323
41453324
41453326
41453328
41453329
41453331
41453332
41453333
41453334
41453335
41453336
41453338
41453339
41453340
41453341
41453343
41453345
41453346
41453349
41453350
41453351
41453352
41453355
41453356
41453357
41453358
41453359
41453360
41453361
41453362
41453363
41453364
41453365
41453366
41453367
41453368
41453369
41453370
41453371
41453372
41453373
41453375
41453376
41453378
41453380
41453383
41453384
41453385
41453386
41453387
41453388
41453390
41453391
41453392
41453393
41453394
41453395
41453396
41453397
41453398
41453399
41453401
41453402
41453403
41453405
41453406
41453407
41453408
41453410
41453412
41453413
41453414
41453415
41453416
41453417
41453418
41453419
41453420
41453422
41453423
41453424
41453425
41453426
41453427
41453428
41453429
41453430
41453431
41453433
41453434
41453435
41453436
41453437
41453438
41453440
41453441
41453442
41453445
41453446
41453447
41453448
41453450
41453451
41453452
41453455
41453456
41453457
41453458
41453459
41453460
41453461
41453462
41453463
41453464
41453465
41453466
41453467
41453468
41453470
41453471
41453472
41453473
41453474
41453475
41453476
41453478
41453479
41453480
41453481
41453482
41453484
41453486
41453488
41453489
41453490
41453491
41453492
41453493
41453494
41453496
41453497
41453498
41453499
41453500
41453501
41453504
41453505
41453506
41453507
41453508
41453509
41453510
41453511
41453512
41453513
41453514
41453515
41453516
41453517
41453518
41453519
41453520
41453521
41453522
41453524
41453525
41453526
41453528
41453529
41453530
41453531
41453532
41453533
41453534
41453535
41453536
41453537
41453538
41453539
41453540
41453542
41453544
41453545
41453546
41453547
41453548
41453549
41453550
41453551
41453552
41453553
41453554
41453556
41453557
41453558
41453559
41453561
41453562
41453563
41453564
41453565
41453566
41453567
41453568
41453569
41453570
41453572
41453575
41453576
41453579
41453582
41453583
41453584
41453585
41453587
41453589
41453590
41453591
41453593
41453594
41453595
41453597
41453602
41453608
41453614
41453616
41453617
41453620
41453621
41453622
41453623
41453624
41453625
41453626
41453627
41453628
41453629
41453631
41453632
41453633
41453634
41453635
41453636
41453637
41453638
41453639
41453641
41453642
41453644
41453645
41453647
41453648
41453650
41453651
41453652
41453653
41453654
41453655
41453656
41453657
41453659
41453660
41453661
41453662
41453663
41453664
41453665
41453666
41453667
41453669
41453670
41453671
41453672
41453673
41453674
41453675
41453676
41453677
41453678
41453679
41453680
41453681
41453683
41453684
41453685
41453686
41453687
41453689
41453690
41453691
41453692
41453694
41453695
41453696
41453697
41453698
41453699
41453700
41453701
41453703
41453704
41453706
41453709
41453710
41453711
41453713
41453714
41453715
41453716
41453718
41453719
41453720
41453721
41453722
41453723
41453724
41453725
41453726
41453727
41453729
41453730
41453731
41453732
41453733
41453734
41453736
41453737
41453738
41453742
41453743
41453744
41453746
41453747
41453748
41453750
41453751
41453752
41453753
41453754
41453755
41453756
41453757
41453758
41453759
41453760
41453761
41453762
41453763
41453764
41453765
41453766
41453768
41453769
41453770
41453771
41453773
41453774
41453776
41453777
41453778
41453779
41453780
41453781
41453782
41453783
41453784
41453786
41453787
41453791
41453792
41453793
41453796
41453797
41453798
41453799
41453800
41453801
41453802
41453803
41453805
41453807
41453809
41453810
41453811
41453812
41453813
41453814
41453815
41453816
41453817
41453818
41453819
41453820
41453821
41453822
41453823
41453824
41453825
41453826
41453827
41453828
41453829
41453830
41453831
41453832
41453833
41453834
41453835
41453836
41453837
41453838
41453839
41453840
41453841
41453842
41453843
41453845
41453846
41453847
41453848
41453849
41453850
41453851
41453852
41453853
41453854
41453855
41453856
41453857
41453858
41453859
41453860
41453861
41453862
41453863
41453864
41453865
41453867
41453868
41453870
41453871
41453873
41453875
41453876
41453877
41453878
41453879
41453880
41453881
41453884
41453885
41453886
41453887
41453888
41453889
41453890
41453892
41453893
41453894
41453895
41453896
41453898
41453899
41453901
41453902
41453903
41453904
41453905
41453906
41453907
41453908
41453909
41453910
41453911
41453912
41453913
41453914
41453915
41453916
41453917
41453918
41453919
41453920
41453922
41453923
41453924
41453925
41453926
41453927
41453928
41453929
41453930
41453931
41453932
41453933
41453934
41453935
41453937
41453938
41453939
41453940
41453941
41453942
41453943
41453944
41453945
41453947
41453948
41453949
41453950
41453951
41453953
41453954
41453955
41453956
41453957
41453958
41453959
41453960
41453961
41453962
41453963
41453964
41453966
41453967
41453968
41453969
41453970
41453972
41453973
41453974
41453976
41453977
41453978
41453980
41453981
41453982
41453983
41453984
41453985
41453986
41453987
41453988
41453989
41453990
41453991
41453992
41453993
41453996
41453997
41453998
41453999
41454000
41454001
41454002
41454003
41454005
41454008
41454009
41454010
41454011
41454012
41454014
41454015
41454017
41454018
41454019
41454020
41454021
41454022
41454023
41454024
41454025
41454026
41454027
41454028
41454029
41454030
41454031
41454032
41454034
41454035
41454036
41454038
41454039
41454040
41454041
41454042
41454043
41454044
41454045
41454046
41454047
41454048
41454049
41454050
41454051
41454052
41454053
41454054
41454055
41454056
41454057
41454058
41454059
41454060
41454062
41454063
41454064
41454065
41454066
41454067
41454068
41454069
41454070
41454071
41454072
41454073
41454076
41454077
41454078
41454079
41454081
41454082
41454083
41454084
41454085
41454086
41454087
41454088
41454089
41454090
41454091
41454092
41454093
41454094
41454095
41454096
41454097
41454098
41454100
41454101
41454102
41454103
41454104
41454105
41454106
41454107
41454109
41454110
41454111
41454113
41454114
41454115
41454116
41454117
41454118
41454120
41454121
41454122
41454123
41454124
41454125
41454126
41454127
41454128
41454129
41454131
41454132
41454133
41454134
41454136
41454137
41454138
41454139
41454140
41454141
41454142
41454143
41454144
41454147
41454148
41454149
41454151
41454154
41454155
41454156
41454157
41454158
41454159
41454160
41454161
41454162
41454163
41454164
41454165
41454167
41454168
41454169
41454171
41454172
41454173
41454174
41454175
41454176
41454177
41454178
41454179
41454180
41454181
41454182
41454183
41454184
41454185
41454186
41454187
41454188
41454189
41454190
41454191
41454192
41454193
41454194
41454195
41454197
41454198
41454199
41454201
41454203
41454205
41454206
41454207
41454208
41454209
41454210
41454211
41454212
41454213
41454214
41454215
41454216
41454217
41454218
41454219
41454220
41454222
41454223
41454224
41454225
41454226
41454227
41454228
41454229
41454230
41454231
41454232
41454234
41454235
41454236
41454237
41454238
41454239
41454240
41454241
41454242
41454243
41454245
41454246
41454247
41454248
41454249
41454250
41454251
41454252
41454253
41454254
41454255
41454256
41454257
41454258
41454259
41454260
41454261
41454262
41454263
41454264
41454265
41454266
41454267
41454269
41454270
41454272
41454273
41454274
41454275
41454277
41454278
41454279
41454280
41454281
41454282
41454283
41454284
41454285
41454286
41454287
41454288
41454289
41454290
41454291
41454292
41454293
41454294
41454295
41454297
41454299
41454300
41454301
41454302
41454304
41454306
41454307
41454308
41454309
41454311
41454312
41454313
41454315
41454316
41454318
41454319
41454320
41454321
41454322
41454323
41454325
41454326
41454327
41454328
41454330
41454331
41454332
41454333
41454334
41454335
41454336
41454338
41454339
41454341
41454342
41454343
41454345
41454346
41454347
41454348
41454349
41454351
41454352
41454353
41454354
41454355
41454356
41454357
41454358
41454359
41454360
41454361
41454363
41454364
41454365
41454366
41454367
41454368
41454370
41454372
41454373
41454374
41454375
41454376
41454377
41454378
41454380
41454382
41454383
41454384
41454385
41454386
41454387
41454389
41454390
41454391
41454392
41454393
41454394
41454395
41454396
41454397
41454398
41454400
41454401
41454402
41454403
41454404
41454405
41454406
41454407
41454408
41454409
41454411
41454412
41454413
41454414
41454415
41454416
41454417
41454418
41454419
41454420
41454422
41454423
41454424
41454425
41454426
41454427
41454429
41454430
41454431
41454433
41454434
41454435
41454436
41454438
41454439
41454440
41454441
41454442
41454443
41454445
41454446
41454447
41454448
41454449
41454450
41454451
41454452
41454453
41454454
41454455
41454456
41454457
41454458
41454459
41454460
41454462
41454463
41454464
41454465
41454467
41454469
41454470
41454471
41454473
41454474
41454476
41454477
41454478
41454479
41454481
41454482
41454483
41454484
41454485
41454487
41454488
41454490
41454491
41454492
41454493
41454495
41454496
41454497
41454499
41454500
41454501
41454502
41454503
41454504
41454505
41454506
41454507
41454508
41454509
41454510
41454511
41454512
41454513
41454514
41454515
41454516
41454517
41454518
41454519
41454520
41454521
41454522
41454523
41454524
41454525
41454527
41454528
41454529
41454530
41454531
41454532
41454533
41454534
41454535
41454536
41454537
41454538
41454539
41454540
41454541
41454542
41454543
41454544
41454545
41454546
41454547
41454549
41454550
41454552
41454553
41454554
41454556
41454557
41454558
41454559
41454560
41454561
41454562
41454563
41454564
41454565
41454566
41454567
41454568
41454570
41454571
41454572
41454573
41454574
41454575
41454577
41454578
41454579
41454580
41454581
41454582
41454583
41454584
41454585
41454586
41454587
41454588
41454589
41454590
41454591
41454592
41454593
41454594
41454595
41454596
41454597
41454598
41454599
41454600
41454601
41454602
41454603
41454604
41454605
41454606
41454607
41454608
41454609
41454611
41454612
41454613
41454614
41454615
41454616
41454617
41454618
41454619
41454620
41454621
41454622
41454623
41454624
41454625
41454626
41454628
41454629
41454630
41454631
41454632
41454633
41454634
41454635
41454636
41454637
41454638
41454639
41454640
41454641
41454642
41454643
41454644
41454645
41454647
41454648
41454650
41454651
41454653
41454654
41454655
41454656
41454657
41454658
41454659
41454660
41454661
41454662
41454663
41454664
41454665
41454666
41454667
41454668
41454669
41454670
41454673
41454674
41454675
41454676
41454678
41454679
41454680
41454682
41454683
41454684
41454685
41454686
41454687
41454688
41454690
41454691
41454692
41454693
41454694
41454695
41454696
41454697
41454699
41454700
41454701
41454702
41454703
41454704
41454705
41454706
41454707
41454709
41454710
41454713
41454714
41454715
41454716
41454717
41454719
41454720
41454721
41454723
41454725
41454726
41454727
41454728
41454729
41454730
41454732
41454733
41454734
41454736
41454738
41454739
41454740
41454741
41454743
41454744
41454745
41454746
41454748
41454749
41454750
41454751
41454752
41454753
41454754
41454757
41454758
41454759
41454760
41454761
41454762
41454763
41454764
41454765
41454766
41454767
41454768
41454769
41454770
41454771
41454772
41454773
41454774
41454775
41454776
41454777
41454778
41454779
41454780
41454781
41454782
41454783
41454784
41454786
41454787
41454788
41454789
41454790
41454791
41454792
41454793
41454794
41454795
41454796
41454798
41454799
41454800
41454801
41454802
41454803
41454804
41454805
41454806
41454808
41454809
41454810
41454811
41454812
41454813
41454814
41454815
41454816
41454818
41454820
41454821
41454822
41454823
41454824
41454825
41454826
41454828
41454829
41454830
41454833
41454834
41454835
41454836
41454838
41454839
41454840
41454841
41454844
41454845
41454846
41454847
41454848
41454849
41454850
41454852
41454855
41454856
41454857
41454858
41454859
41454860
41454861
41454865
41454866
41454867
41454868
41454869
41454870
41454871
41454874
41454875
41454877
41454878
41454879
41454880
41454881
41454883
41454887
41454890
41454891
41454892
41454893
41454894
41454895
41454896
41454897
41454898
41454899
41454900
41454901
41454902
41454903
41454905
41454909
41454910
41454911
41454913
41454914
41454915
41454916
41454917
41454918
41454919
41454920
41454921
41454922
41454923
41454925
41454927
41454929
41454930
41454931
41454932
41454933
41454934
41454935
41454936
41454938
41454939
41454940
41454941
41454942
41454943
41454944
41454946
41454947
41454948
41454949
41454950
41454952
41454953
41454954
41454955
41454956
41454957
41454958
41454959
41454960
41454962
41454963
41454965
41454966
41454967
41454968
41454971
41454972
41454973
41454974
41454975
41454976
41454978
41454979
41454980
41454981
41454982
41454983
41454985
41454986
41454987
41454989
41454990
41454991
41454992
41454993
41454994
41454995
41454996
41454997
41454998
41454999
41455000
41455001
41455002
41455003
41455004
41455005
41455006
41455008
41455009
41455010
41455012
41455013
41455014
41455015
41455016
41455018
41455019
41455021
41455022
41455023
41455024
41455025
41455026
41455027
41455028
41455030
41455031
41455032
41455033
41455034
41455035
41455036
41455037
41455038
41455039
41455040
41455041
41455042
41455043
41455044
41455045
41455046
41455047
41455048
41455049
41455051
41455052
41455053
41455054
41455055
41455056
41455057
41455058
41455059
41455061
41455062
41455063
41455064
41455066
41455067
41455068
41455069
41455070
41455071
41455072
41455073
41455074
41455075
41455077
41455078
41455079
41455080
41455081
41455082
41455083
41455084
41455085
41455086
41455087
41455088
41455089
41455090
41455091
41455092
41455093
41455094
41455095
41455096
41455098
41455099
41455100
41455101
41455102
41455103
41455104
41455105
41455106
41455107
41455108
41455111
41455112
41455113
41455114
41455115
41455116
41455118
41455119
41455120
41455121
41455122
41455123
41455124
41455125
41455126
41455127
41455128
41455130
41455131
41455132
41455133
41455134
41455135
41455136
41455137
41455138
41455139
41455140
41455141
41455142
41455144
41455145
41455146
41455147
41455148
41455149
41455150
41455151
41455152
41455153
41455154
41455155
41455157
41455158
41455160
41455161
41455162
41455163
41455165
41455166
41455167
41455170
41455171
41455172
41455175
41455176
41455177
41455178
41455180
41455181
41455182
41455183
41455184
41455185
41455187
41455188
41455189
41455190
41455191
41455192
41455193
41455194
41455195
41455196
41455198
41455199
41455200
41455201
41455202
41455203
41455204
41455205
41455206
41455207
41455209
41455210
41455211
41455212
41455213
41455215
41455216
41455217
41455218
41455219
41455220
41455221
41455222
41455223
41455224
41455225
41455226
41455227
41455228
41455229
41455230
41455232
41455233
41455234
41455235
41455236
41455237
41455238
41455239
41455240
41455241
41455242
41455243
41455244
41455246
41455247
41455248
41455249
41455250
41455251
41455252
41455253
41455254
41455255
41455256
41455257
41455258
41455259
41455260
41455261
41455262
41455263
41455264
41455265
41455266
41455267
41455268
41455269
41455270
41455271
41455272
41455273
41455274
41455276
41455277
41455278
41455279
41455281
41455282
41455283
41455284
41455286
41455287
41455288
41455289
41455290
41455291
41455292
41455293
41455294
41455295
41455296
41455297
41455298
41455299
41455300
41455301
41455302
41455303
41455305
41455306
41455307
41455308
41455309
41455310
41455311
41455312
41455313
41455314
41455315
41455316
41455317
41455318
41455319
41455320
41455321
41455322
41455323
41455324
41455325
41455326
41455327
41455328
41455329
41455330
41455332
41455333
41455334
41455335
41455336
41455337
41455338
41455340
41455341
41455342
41455343
41455345
41455346
41455347
41455348
41455349
41455350
41455351
41455352
41455354
41455355
41455356
41455358
41455359
41455360
41455362
41455363
41455364
41455365
41455366
41455368
41455369
41455370
41455371
41455372
41455374
41455375
41455376
41455377
41455378
41455379
41455381
41455382
41455383
41455384
41455385
41455386
41455387
41455388
41455389
41455390
41455391
41455392
41455393
41455394
41455395
41455396
41455397
41455398
41455399
41455400
41455402
41455403
41455404
41455405
41455406
41455407
41455408
41455409
41455410
41455411
41455412
41455413
41455414
41455415
41455417
41455418
41455419
41455420
41455422
41455423
41455424
41455425
41455426
41455427
41455428
41455429
41455431
41455432
41455433
41455434
41455435
41455436
41455437
41455439
41455440
41455441
41455442
41455443
41455444
41455445
41455447
41455448
41455449
41455450
41455451
41455452
41455453
41455454
41455455
41455456
41455457
41455458
41455459
41455460
41455461
41455462
41455463
41455464
41455465
41455466
41455467
41455468
41455469
41455470
41455471
41455472
41455473
41455474
41455475
41455476
41455477
41455478
41455479
41455480
41455481
41455482
41455483
41455484
41455485
41455486
41455487
41455488
41455489
41455490
41455491
41455492
41455493
41455494
41455495
41455496
41455497
41455498
41455499
41455500
41455501
41455502
41455503
41455505
41455506
41455507
41455508
41455509
41455510
41455511
41455512
41455513
41455514
41455515
41455516
41455517
41455518
41455519
41455520
41455521
41455522
41455523
41455524
41455525
41455526
41455528
41455529
41455530
41455531
41455532
41455533
41455534
41455535
41455536
41455537
41455538
41455539
41455540
41455541
41455542
41455543
41455544
41455545
41455546
41455547
41455548
41455549
41455550
41455552
41455553
41455554
41455555
41455556
41455557
41455558
41455559
41455560
41455561
41455562
41455563
41455564
41455565
41455566
41455568
41455569
41455570
41455571
41455573
41455574
41455575
41455576
41455577
41455578
41455579
41455580
41455581
41455582
41455583
41455584
41455585
41455586
41455587
41455588
41455589
41455590
41455591
41455592
41455593
41455594
41455595
41455596
41455597
41455598
41455600
41455601
41455602
41455603
41455604
41455605
41455606
41455607
41455608
41455609
41455610
41455611
41455612
41455613
41455614
41455615
41455616
41455617
41455618
41455619
41455620
41455622
41455623
41455624
41455625
41455626
41455627
41455628
41455630
41455633
41455634
41455635
41455636
41455637
41455638
41455639
41455640
41455641
41455642
41455643
41455644
41455645
41455646
41455647
41455649
41455650
41455651
41455652
41455653
41455654
41455655
41455656
41455657
41455659
41455660
41455663
41455664
41455665
41455666
41455667
41455668
41455669
41455670
41455671
41455672
41455673
41455674
41455675
41455676
41455677
41455678
41455679
41455680
41455681
41455682
41455683
41455684
41455685
41455686
41455688
41455689
41455690
41455691
41455692
41455693
41455694
41455695
41455696
41455697
41455698
41455699
41455700
41455701
41455703
41455705
41455706
41455707
41455708
41455709
41455710
41455711
41455712
41455713
41455714
41455715
41455716
41455717
41455718
41455719
41455720
41455721
41455722
41455723
41455724
41455725
41455726
41455727
41455728
41455730
41455731
41455732
41455733
41455734
41455735
41455736
41455737
41455738
41455739
41455740
41455741
41455742
41455743
41455744
41455745
41455746
41455747
41455748
41455749
41455750
41455751
41455752
41455753
41455754
41455755
41455756
41455757
41455758
41455759
41455760
41455761
41455762
41455763
41455764
41455765
41455766
41455767
41455768
41455769
41455770
41455771
41455774
41455775
41455776
41455777
41455778
41455779
41455780
41455781
41455782
41455783
41455785
41455786
41455787
41455788
41455789
41455790
41455791
41455792
41455793
41455795
41455796
41455797
41455798
41455799
41455800
41455801
41455802
41455803
41455804
41455805
41455806
41455807
41455808
41455809
41455810
41455811
41455813
41455814
41455815
41455816
41455817
41455818
41455820
41455821
41455822
41455823
41455824
41455825
41455826
41455827
41455828
41455829
41455830
41455831
41455832
41455833
41455835
41455836
41455837
41455838
41455839
41455840
41455841
41455842
41455843
41455844
41455845
41455846
41455847
41455848
41455849
41455850
41455851
41455852
41455853
41455854
41455855
41455856
41455857
41455858
41455859
41455860
41455861
41455862
41455863
41455864
41455865
41455866
41455867
41455868
41455869
41455870
41455871
41455872
41455873
41455874
41455875
41455876
41455877
41455878
41455879
41455880
41455881
41455882
41455883
41455884
41455885
41455886
41455887
41455888
41455889
41455890
41455891
41455892
41455893
41455894
41455895
41455896
41455897
41455898
41455899
41455900
41455901
41455902
41455903
41455904
41455905
41455906
41455907
41455909
41455910
41455911
41455912
41455913
41455914
41455915
41455916
41455917
41455918
41455919
41455920
41455921
41455922
41455923
41455924
41455925
41455926
41455927
41455928
41455929
41455930
41455931
41455932
41455933
41455934
41455936
41455937
41455938
41455939
41455940
41455941
41455942
41455943
41455944
41455945
41455946
41455947
41455948
41455949
41455950
41455951
41455952
41455954
41455955
41455956
41455957
41455958
41455959
41455960
41455961
41455962
41455963
41455964
41455965
41455966
41455967
41455968
41455969
41455970
41455971
41455972
41455973
41455974
41455975
41455976
41455977
41455978
41455979
41455980
41455981
41455982
41455983
41455984
41455985
41455986
41455987
41455988
41455989
41455991
41455992
41455993
41455994
41455995
41455996
41455997
41455998
41456000
41456001
41456002
41456003
41456004
41456005
41456006
41456007
41456008
41456009
41456010
41456011
41456013
41456015
41456016
41456017
41456018
41456019
41456020
41456021
41456022
41456023
41456024
41456025
41456026
41456027
41456028
41456029
41456030
41456031
41456032
41456033
41456034
41456035
41456036
41456037
41456038
41456039
41456040
41456041
41456042
41456043
41456044
41456045
41456047
41456048
41456049
41456051
41456052
41456053
41456054
41456055
41456056
41456057
41456058
41456059
41456060
41456061
41456062
41456063
41456064
41456065
41456066
41456067
41456068
41456069
41456070
41456071
41456072
41456073
41456074
41456077
41456078
41456079
41456080
41456082
41456083
41456084
41456085
41456086
41456087
41456088
41456089
41456090
41456091
41456092
41456093
41456094
41456095
41456096
41456097
41456098
41456099
41456101
41456102
41456103
41456104
41456105
41456106
41456107
41456108
41456109
41456110
41456111
41456112
41456113
41456115
41456116
41456117
41456118
41456119
41456120
41456121
41456122
41456123
41456124
41456125
41456126
41456127
41456128
41456129
41456130
41456131
41456132
41456133
41456134
41456135
41456136
41456137
41456139
41456140
41456141
41456142
41456143
41456144
41456145
41456146
41456147
41456148
41456149
41456151
41456152
41456153
41456154
41456155
41456156
41456157
41456158
41456159
41456160
41456162
41456163
41456164
41456165
41456166
41456167
41456168
41456169
41456170
41456171
41456172
41456173
41456174
41456175
41456176
41456177
41456178
41456179
41456180
41456181
41456182
41456183
41456184
41456185
41456186
41456187
41456189
41456190
41456191
41456192
41456194
41456195
41456196
41456197
41456198
41456199
41456200
41456201
41456203
41456204
41456205
41456206
41456207
41456208
41456209
41456210
41456211
41456212
41456213
41456215
41456216
41456217
41456218
41456219
41456221
41456222
41456223
41456224
41456225
41456226
41456227
41456228
41456229
41456230
41456231
41456232
41456233
41456234
41456235
41456236
41456237
41456239
41456240
41456241
41456242
41456243
41456245
41456246
41456247
41456248
41456249
41456251
41456252
41456253
41456254
41456255
41456257
41456258
41456259
41456260
41456261
41456262
41456263
41456264
41456265
41456267
41456268
41456269
41456270
41456271
41456272
41456273
41456274
41456275
41456276
41456277
41456278
41456279
41456280
41456281
41456282
41456283
41456284
41456285
41456286
41456288
41456289
41456290
41456291
41456292
41456293
41456294
41456295
41456296
41456297
41456298
41456299
41456300
41456301
41456302
41456303
41456304
41456305
41456306
41456307
41456308
41456309
41456310
41456311
41456312
41456313
41456315
41456316
41456317
41456318
41456319
41456320
41456321
41456322
41456323
41456324
41456326
41456327
41456328
41456329
41456330
41456331
41456332
41456333
41456334
41456335
41456336
41456337
41456338
41456339
41456340
41456341
41456342
41456343
41456344
41456345
41456346
41456347
41456348
41456349
41456350
41456351
41456352
41456353
41456354
41456355
41456356
41456357
41456358
41456359
41456360
41456361
41456362
41456363
41456364
41456365
41456366
41456367
41456368
41456370
41456371
41456372
41456373
41456374
41456375
41456376
41456377
41456378
41456379
41456380
41456381
41456382
41456383
41456384
41456386
41456387
41456388
41456389
41456390
41456392
41456393
41456394
41456395
41456396
41456397
41456398
41456399
41456400
41456401
41456402
41456403
41456404
41456405
41456406
41456407
41456408
41456409
41456410
41456411
41456412
41456413
41456414
41456415
41456416
41456417
41456418
41456419
41456420
41456421
41456422
41456423
41456424
41456426
41456427
41456428
41456429
41456430
41456431
41456432
41456433
41456434
41456435
41456436
41456437
41456438
41456439
41456440
41456441
41456442
41456444
41456445
41456446
41456448
41456449
41456450
41456451
41456452
41456454
41456455
41456456
41456457
41456458
41456459
41456460
41456461
41456462
41456463
41456464
41456466
41456467
41456468
41456469
41456470
41456471
41456472
41456473
41456474
41456475
41456476
41456477
41456478
41456479
41456480
41456481
41456482
41456483
41456484
41456485
41456486
41456487
41456488
41456491
41456492
41456493
41456494
41456495
41456496
41456497
41456499
41456500
41456501
41456502
41456504
41456505
41456506
41456507
41456508
41456509
41456511
41456512
41456513
41456514
41456515
41456516
41456517
41456520
41456521
41456522
41456523
41456524
41456525
41456526
41456527
41456528
41456529
41456531
41456532
41456534
41456537
41456538
41456539
41456540
41456541
41456543
41456544
41456545
41456548
41456549
41456550
41456551
41456552
41456553
41456554
41456555
41456556
41456557
41456558
41456559
41456560
41456561
41456562
41456563
41456564
41456565
41456566
41456567
41456568
41456569
41456570
41456572
41456573
41456575
41456576
41456577
41456578
41456579
41456580
41456581
41456582
41456583
41456584
41456585
41456586
41456587
41456588
41456589
41456590
41456591
41456592
41456593
41456595
41456596
41456598
41456599
41456600
41456601
41456602
41456604
41456605
41456606
41456607
41456608
41456609
41456611
41456612
41456613
41456614
41456615
41456616
41456617
41456618
41456619
41456620
41456621
41456622
41456623
41456624
41456625
41456626
41456627
41456628
41456629
41456630
41456631
41456632
41456633
41456634
41456635
41456636
41456637
41456639
41456641
41456642
41456643
41456645
41456646
41456647
41456648
41456649
41456650
41456651
41456652
41456653
41456654
41456655
41456656
41456657
41456658
41456659
41456660
41456661
41456662
41456663
41456664
41456666
41456667
41456668
41456669
41456670
41456671
41456672
41456673
41456674
41456676
41456677
41456678
41456679
41456680
41456681
41456682
41456683
41456684
41456685
41456686
41456687
41456688
41456689
41456690
41456691
41456692
41456693
41456694
41456695
41456696
41456698
41456699
41456700
41456701
41456703
41456704
41456705
41456706
41456707
41456708
41456709
41456710
41456711
41456713
41456714
41456715
41456716
41456717
41456718
41456719
41456721
41456722
41456724
41456725
41456726
41456727
41456728
41456729
41456730
41456731
41456732
41456733
41456734
41456735
41456736
41456737
41456738
41456740
41456741
41456742
41456743
41456744
41456745
41456746
41456747
41456749
41456750
41456751
41456752
41456753
41456754
41456755
41456756
41456758
41456759
41456760
41456761
41456762
41456763
41456764
41456765
41456766
41456767
41456769
41456770
41456771
41456772
41456773
41456774
41456775
41456776
41456778
41456779
41456780
41456781
41456782
41456783
41456785
41456786
41456787
41456788
41456789
41456790
41456791
41456792
41456793
41456794
41456795
41456797
41456799
41456800
41456801
41456802
41456805
41456806
41456807
41456808
41456810
41456811
41456812
41456813
41456814
41456815
41456816
41456817
41456819
41456820
41456821
41456822
41456823
41456824
41456825
41456827
41456828
41456829
41456831
41456833
41456834
41456835
41456836
41456837
41456838
41456840
41456841
41456842
41456843
41456844
41456845
41456847
41456848
41456849
41456850
41456851
41456854
41456855
41456856
41456857
41456858
41456859
41456860
41456861
41456862
41456863
41456864
41456865
41456866
41456867
41456868
41456869
41456870
41456871
41456872
41456873
41456874
41456875
41456876
41456877
41456878
41456879
41456880
41456881
41456882
41456883
41456884
41456886
41456887
41456888
41456889
41456890
41456891
41456892
41456893
41456894
41456895
41456896
41456897
41456898
41456899
41456900
41456901
41456902
41456903
41456904
41456905
41456906
41456907
41456908
41456909
41456910
41456911
41456912
41456913
41456914
41456915
41456916
41456918
41456919
41456920
41456921
41456923
41456924
41456925
41456926
41456927
41456928
41456929
41456931
41456932
41456933
41456934
41456935
41456936
41456937
41456938
41456939
41456940
41456941
41456942
41456943
41456944
41456945
41456946
41456947
41456948
41456949
41456950
41456951
41456952
41456953
41456954
41456955
41456957
41456958
41456959
41456961
41456962
41456963
41456965
41456966
41456967
41456968
41456969
41456970
41456972
41456973
41456974
41456975
41456976
41456977
41456978
41456979
41456980
41456981
41456982
41456983
41456985
41456986
41456987
41456989
41456990
41456991
41456992
41456993
41456994
41456995
41456997
41456998
41456999
41457000
41457002
41457003
41457004
41457005
41457006
41457007
41457009
41457010
41457011
41457012
41457013
41457014
41457015
41457016
41457017
41457018
41457019
41457020
41457021
41457022
41457024
41457025
41457026
41457027
41457028
41457029
41457030
41457031
41457032
41457033
41457034
41457036
41457037
41457038
41457039
41457040
41457041
41457043
41457044
41457045
41457046
41457047
41457048
41457049
41457050
41457051
41457052
41457054
41457055
41457056
41457057
41457058
41457060
41457061
41457062
41457063
41457064
41457065
41457066
41457067
41457068
41457069
41457071
41457072
41457073
41457074
41457075
41457076
41457077
41457078
41457080
41457081
41457082
41457083
41457084
41457085
41457086
41457087
41457089
41457090
41457091
41457092
41457093
41457094
41457095
41457096
41457097
41457098
41457099
41457101
41457102
41457103
41457104
41457105
41457106
41457108
41457109
41457110
41457111
41457112
41457113
41457115
41457117
41457118
41457119
41457120
41457123
41457124
41457125
41457126
41457128
41457129
41457132
41457133
41457134
41457135
41457136
41457137
41457138
41457139
41457140
41457142
41457143
41457144
41457146
41457148
41457149
41457150
41457151
41457152
41457153
41457154
41457155
41457156
41457157
41457158
41457159
41457160
41457161
41457162
41457163
41457164
41457165
41457166
41457167
41457169
41457170
41457171
41457172
41457175
41457176
41457177
41457178
41457179
41457180
41457181
41457182
41457183
41457184
41457185
41457187
41457189
41457191
41457192
41457194
41457195
41457196
41457198
41457199
41457200
41457201
41457202
41457203
41457204
41457206
41457207
41457208
41457209
41457210
41457212
41457214
41457215
41457216
41457217
41457218
41457220
41457221
41457222
41457223
41457224
41457225
41457226
41457227
41457228
41457230
41457232
41457233
41457234
41457235
41457236
41457237
41457238
41457239
41457240
41457241
41457242
41457243
41457244
41457245
41457246
41457247
41457248
41457250
41457251
41457252
41457253
41457254
41457255
41457256
41457258
41457259
41457260
41457261
41457262
41457264
41457265
41457266
41457267
41457268
41457269
41457270
41457271
41457272
41457273
41457274
41457275
41457277
41457278
41457280
41457281
41457282
41457283
41457284
41457286
41457287
41457288
41457289
41457290
41457291
41457292
41457293
41457294
41457296
41457297
41457298
41457300
41457301
41457302
41457303
41457304
41457307
41457308
41457309
41457310
41457311
41457312
41457313
41457314
41457315
41457316
41457317
41457319
41457320
41457321
41457322
41457323
41457324
41457325
41457327
41457328
41457329
41457330
41457332
41457333
41457334
41457336
41457337
41457339
41457340
41457341
41457342
41457343
41457344
41457345
41457347
41457348
41457349
41457351
41457352
41457353
41457354
41457355
41457356
41457357
41457359
41457360
41457361
41457362
41457364
41457365
41457366
41457367
41457368
41457369
41457370
41457371
41457372
41457373
41457374
41457375
41457376
41457377
41457378
41457379
41457380
41457381
41457382
41457384
41457385
41457386
41457387
41457388
41457389
41457391
41457392
41457393
41457394
41457395
41457396
41457397
41457399
41457400
41457401
41457402
41457403
41457404
41457405
41457406
41457407
41457408
41457409
41457410
41457411
41457412
41457413
41457414
41457415
41457416
41457418
41457419
41457422
41457423
41457424
41457425
41457426
41457427
41457428
41457429
41457430
41457431
41457432
41457433
41457435
41457437
41457439
41457440
41457442
41457443
41457444
41457447
41457448
41457449
41457450
41457452
41457453
41457455
41457456
41457457
41457458
41457459
41457460
41457462
41457463
41457464
41457465
41457467
41457468
41457469
41457470
41457471
41457472
41457474
41457475
41457476
41457477
41457478
41457479
41457480
41457481
41457482
41457484
41457485
41457486
41457487
41457488
41457490
41457491
41457492
41457493
41457494
41457495
41457496
41457497
41457498
41457499
41457500
41457501
41457502
41457503
41457504
41457505
41457506
41457507
41457508
41457510
41457513
41457514
41457515
41457516
41457517
41457518
41457519
41457520
41457522
41457523
41457524
41457525
41457526
41457527
41457528
41457529
41457530
41457531
41457532
41457533
41457534
41457535
41457536
41457537
41457538
41457539
41457540
41457541
41457542
41457543
41457544
41457545
41457547
41457548
41457549
41457550
41457551
41457552
41457553
41457554
41457555
41457556
41457557
41457558
41457559
41457560
41457561
41457562
41457563
41457564
41457565
41457566
41457567
41457569
41457570
41457571
41457572
41457573
41457574
41457575
41457576
41457577
41457579
41457580
41457581
41457582
41457583
41457584
41457585
41457586
41457587
41457588
41457589
41457590
41457591
41457592
41457593
41457594
41457595
41457596
41457597
41457598
41457599
41457600
41457601
41457602
41457604
41457605
41457606
41457607
41457608
41457610
41457612
41457613
41457614
41457615
41457616
41457617
41457618
41457619
41457620
41457622
41457623
41457624
41457626
41457627
41457628
41457629
41457631
41457632
41457633
41457634
41457635
41457636
41457637
41457638
41457639
41457640
41457642
41457643
41457645
41457646
41457648
41457649
41457650
41457651
41457652
41457653
41457654
41457655
41457656
41457657
41457658
41457659
41457660
41457661
41457662
41457663
41457665
41457666
41457667
41457668
41457669
41457670
41457672
41457673
41457674
41457675
41457676
41457677
41457678
41457680
41457681
41457684
41457685
41457686
41457687
41457688
41457689
41457690
41457691
41457692
41457693
41457696
41457697
41457699
41457700
41457701
41457702
41457703
41457704
41457705
41457706
41457707
41457708
41457709
41457710
41457711
41457712
41457713
41457714
41457716
41457717
41457718
41457719
41457721
41457722
41457723
41457724
41457728
41457729
41457730
41457731
41457732
41457734
41457735
41457736
41457737
41457738
41457740
41457741
41457742
41457743
41457744
41457745
41457746
41457747
41457750
41457751
41457753
41457754
41457755
41457757
41457758
41457759
41457760
41457761
41457763
41457764
41457765
41457766
41457767
41457768
41457770
41457771
41457772
41457773
41457774
41457775
41457776
41457777
41457778
41457779
41457780
41457781
41457782
41457784
41457785
41457786
41457787
41457789
41457790
41457791
41457792
41457793
41457794
41457795
41457796
41457797
41457798
41457799
41457800
41457801
41457802
41457803
41457804
41457805
41457806
41457807
41457808
41457809
41457810
41457811
41457812
41457813
41457815
41457816
41457817
41457818
41457819
41457820
41457821
41457822
41457823
41457825
41457826
41457827
41457828
41457829
41457830
41457831
41457832
41457833
41457834
41457836
41457837
41457838
41457839
41457840
41457841
41457842
41457843
41457844
41457845
41457846
41457847
41457848
41457849
41457850
41457852
41457854
41457856
41457857
41457859
41457860
41457861
41457862
41457863
41457865
41457866
41457867
41457868
41457869
41457871
41457872
41457873
41457874
41457875
41457876
41457877
41457878
41457879
41457880
41457881
41457883
41457884
41457885
41457886
41457887
41457888
41457889
41457890
41457892
41457893
41457894
41457895
41457896
41457897
41457898
41457899
41457900
41457901
41457902
41457903
41457904
41457905
41457906
41457907
41457908
41457910
41457911
41457912
41457913
41457914
41457915
41457916
41457917
41457919
41457920
41457924
41457925
41457926
41457927
41457928
41457929
41457930
41457931
41457932
41457933
41457934
41457935
41457936
41457937
41457938
41457939
41457940
41457941
41457942
41457943
41457944
41457945
41457946
41457947
41457948
41457949
41457950
41457951
41457952
41457954
41457955
41457956
41457957
41457958
41457959
41457960
41457962
41457963
41457964
41457965
41457966
41457967
41457968
41457969
41457970
41457972
41457973
41457974
41457976
41457977
41457978
41457979
41457980
41457982
41457983
41457984
41457985
41457986
41457988
41457989
41457990
41457991
41457992
41457993
41457994
41457995
41457996
41457998
41457999
41458000
41458001
41458002
41458003
41458004
41458005
41458006
41458007
41458008
41458011
41458012
41458013
41458014
41458015
41458017
41458018
41458019
41458020
41458021
41458023
41458024
41458025
41458027
41458028
41458029
41458030
41458031
41458032
41458033
41458035
41458036
41458037
41458038
41458039
41458040
41458041
41458042
41458043
41458044
41458045
41458046
41458047
41458048
41458050
41458051
41458052
41458053
41458054
41458055
41458056
41458057
41458058
41458059
41458060
41458061
41458062
41458063
41458064
41458065
41458066
41458067
41458068
41458070
41458071
41458072
41458073
41458074
41458075
41458076
41458077
41458078
41458079
41458080
41458081
41458082
41458083
41458084
41458086
41458087
41458088
41458089
41458090
41458091
41458093
41458094
41458095
41458096
41458098
41458099
41458100
41458101
41458102
41458103
41458104
41458105
41458106
41458107
41458108
41458109
41458110
41458111
41458112
41458113
41458114
41458115
41458116
41458117
41458118
41458119
41458120
41458121
41458122
41458123
41458124
41458126
41458127
41458128
41458129
41458130
41458131
41458132
41458133
41458134
41458135
41458136
41458137
41458139
41458140
41458142
41458143
41458144
41458145
41458146
41458147
41458148
41458149
41458150
41458151
41458152
41458153
41458154
41458155
41458157
41458158
41458159
41458160
41458161
41458162
41458163
41458164
41458165
41458166
41458167
41458168
41458169
41458170
41458171
41458172
41458173
41458174
41458175
41458176
41458177
41458179
41458180
41458181
41458183
41458184
41458185
41458186
41458188
41458189
41458190
41458191
41458192
41458193
41458195
41458196
41458197
41458198
41458199
41458200
41458201
41458202
41458203
41458204
41458205
41458206
41458207
41458208
41458209
41458210
41458211
41458212
41458213
41458214
41458215
41458216
41458217
41458219
41458220
41458221
41458223
41458224
41458225
41458226
41458227
41458228
41458229
41458230
41458231
41458232
41458233
41458235
41458236
41458237
41458238
41458239
41458240
41458241
41458242
41458243
41458244
41458245
41458247
41458248
41458249
41458250
41458251
41458252
41458253
41458254
41458255
41458257
41458258
41458259
41458260
41458262
41458263
41458264
41458265
41458266
41458267
41458268
41458269
41458270
41458271
41458272
41458273
41458274
41458275
41458276
41458278
41458279
41458280
41458281
41458283
41458284
41458285
41458286
41458287
41458288
41458289
41458290
41458291
41458293
41458294
41458295
41458296
41458297
41458298
41458299
41458300
41458301
41458302
41458303
41458304
41458305
41458306
41458307
41458308
41458309
41458310
41458311
41458312
41458313
41458314
41458315
41458316
41458317
41458318
41458320
41458321
41458324
41458325
41458326
41458327
41458329
41458330
41458331
41458332
41458333
41458334
41458335
41458336
41458337
41458338
41458339
41458340
41458342
41458343
41458344
41458345
41458348
41458349
41458350
41458351
41458354
41458355
41458356
41458357
41458358
41458359
41458360
41458361
41458362
41458363
41458364
41458365
41458366
41458367
41458368
41458369
41458371
41458372
41458373
41458374
41458375
41458376
41458377
41458378
41458379
41458381
41458382
41458383
41458384
41458385
41458386
41458387
41458388
41458390
41458392
41458393
41458394
41458395
41458396
41458397
41458398
41458401
41458403
41458404
41458405
41458407
41458408
41458409
41458410
41458411
41458414
41458415
41458416
41458417
41458418
41458419
41458420
41458421
41458422
41458423
41458424
41458426
41458428
41458429
41458430
41458431
41458432
41458433
41458434
41458435
41458436
41458437
41458438
41458440
41458441
41458442
41458443
41458444
41458445
41458446
41458448
41458449
41458450
41458451
41458452
41458453
41458454
41458455
41458457
41458458
41458459
41458460
41458462
41458463
41458464
41458465
41458466
41458467
41458469
41458470
41458471
41458472
41458473
41458474
41458475
41458476
41458477
41458478
41458479
41458480
41458481
41458482
41458483
41458485
41458488
41458490
41458492
41458493
41458494
41458495
41458497
41458498
41458499
41458500
41458501
41458502
41458503
41458504
41458506
41458507
41458508
41458509
41458510
41458511
41458512
41458514
41458515
41458516
41458517
41458518
41458519
41458520
41458521
41458522
41458523
41458524
41458526
41458528
41458529
41458530
41458532
41458533
41458534
41458535
41458536
41458537
41458538
41458539
41458540
41458541
41458543
41458544
41458545
41458546
41458547
41458548
41458549
41458551
41458552
41458553
41458554
41458555
41458556
41458557
41458558
41458560
41458561
41458562
41458563
41458564
41458565
41458566
41458567
41458568
41458569
41458570
41458571
41458572
41458573
41458574
41458575
41458576
41458577
41458579
41458580
41458581
41458582
41458583
41458584
41458585
41458586
41458587
41458588
41458590
41458591
41458592
41458593
41458594
41458596
41458597
41458598
41458599
41458600
41458602
41458603
41458604
41458605
41458606
41458607
41458608
41458610
41458611
41458614
41458615
41458616
41458617
41458618
41458620
41458621
41458622
41458623
41458624
41458625
41458626
41458627
41458628
41458629
41458630
41458631
41458632
41458634
41458635
41458636
41458637
41458638
41458639
41458640
41458641
41458642
41458643
41458645
41458646
41458649
41458650
41458651
41458652
41458653
41458654
41458655
41458656
41458657
41458658
41458659
41458660
41458661
41458662
41458663
41458664
41458665
41458666
41458667
41458668
41458670
41458671
41458672
41458673
41458674
41458675
41458676
41458677
41458679
41458680
41458681
41458682
41458683
41458684
41458685
41458688
41458689
41458690
41458691
41458692
41458693
41458694
41458695
41458696
41458697
41458698
41458701
41458702
41458703
41458704
41458705
41458706
41458707
41458708
41458709
41458710
41458711
41458713
41458714
41458715
41458716
41458717
41458718
41458720
41458721
41458722
41458724
41458725
41458726
41458727
41458728
41458729
41458730
41458731
41458732
41458733
41458734
41458735
41458736
41458738
41458739
41458740
41458741
41458742
41458744
41458745
41458746
41458747
41458748
41458749
41458750
41458751
41458752
41458753
41458754
41458755
41458756
41458757
41458758
41458759
41458760
41458761
41458762
41458763
41458764
41458765
41458766
41458767
41458768
41458770
41458771
41458772
41458773
41458774
41458776
41458778
41458779
41458780
41458781
41458782
41458784
41458785
41458786
41458787
41458788
41458789
41458790
41458791
41458793
41458794
41458795
41458796
41458797
41458798
41458799
41458800
41458801
41458802
41458803
41458804
41458806
41458809
41458810
41458811
41458812
41458813
41458814
41458815
41458816
41458817
41458818
41458819
41458821
41458822
41458824
41458825
41458826
41458827
41458828
41458829
41458830
41458831
41458832
41458833
41458834
41458836
41458838
41458839
41458840
41458841
41458842
41458843
41458844
41458845
41458846
41458847
41458848
41458850
41458851
41458852
41458853
41458854
41458856
41458857
41458858
41458859
41458860
41458861
41458862
41458864
41458865
41458866
41458868
41458869
41458870
41458872
41458873
41458874
41458875
41458876
41458877
41458878
41458879
41458880
41458881
41458882
41458883
41458884
41458886
41458887
41458888
41458889
41458890
41458891
41458892
41458893
41458894
41458896
41458897
41458899
41458900
41458901
41458902
41458904
41458906
41458908
41458909
41458910
41458911
41458912
41458913
41458914
41458916
41458917
41458918
41458919
41458920
41458921
41458922
41458923
41458924
41458925
41458926
41458927
41458928
41458929
41458930
41458931
41458932
41458933
41458934
41458935
41458936
41458937
41458938
41458940
41458941
41458943
41458944
41458945
41458946
41458948
41458949
41458950
41458951
41458952
41458953
41458954
41458955
41458956
41458957
41458958
41458959
41458960
41458961
41458962
41458963
41458964
41458965
41458966
41458967
41458968
41458969
41458970
41458972
41458973
41458974
41458975
41458976
41458977
41458978
41458979
41458981
41458982
41458983
41458984
41458986
41458987
41458988
41458989
41458990
41458991
41458992
41458993
41458994
41458995
41458998
41458999
41459000
41459001
41459002
41459003
41459005
41459006
41459007
41459008
41459009
41459010
41459011
41459012
41459013
41459014
41459015
41459017
41459018
41459019
41459020
41459021
41459023
41459024
41459025
41459028
41459029
41459030
41459031
41459032
41459033
41459034
41459035
41459036
41459037
41459038
41459039
41459040
41459042
41459043
41459044
41459045
41459046
41459047
41459048
41459049
41459050
41459051
41459052
41459053
41459054
41459055
41459056
41459057
41459059
41459060
41459062
41459063
41459064
41459065
41459067
41459068
41459069
41459070
41459071
41459073
41459074
41459075
41459076
41459077
41459078
41459079
41459080
41459081
41459082
41459083
41459084
41459085
41459086
41459088
41459089
41459090
41459092
41459093
41459094
41459097
41459098
41459099
41459100
41459101
41459102
41459103
41459104
41459106
41459108
41459109
41459110
41459111
41459113
41459114
41459115
41459116
41459117
41459118
41459119
41459120
41459122
41459123
41459126
41459127
41459128
41459129
41459130
41459131
41459132
41459133
41459134
41459135
41459136
41459137
41459140
41459141
41459142
41459143
41459144
41459145
41459146
41459147
41459148
41459149
41459150
41459151
41459152
41459153
41459154
41459155
41459157
41459158
41459159
41459160
41459161
41459162
41459163
41459164
41459165
41459166
41459167
41459168
41459170
41459171
41459172
41459173
41459174
41459175
41459176
41459177
41459179
41459180
41459181
41459182
41459184
41459186
41459187
41459189
41459190
41459192
41459193
41459194
41459195
41459196
41459197
41459198
41459199
41459200
41459202
41459203
41459204
41459205
41459206
41459207
41459208
41459209
41459210
41459211
41459212
41459213
41459214
41459217
41459218
41459219
41459220
41459221
41459222
41459223
41459224
41459225
41459226
41459228
41459229
41459230
41459232
41459233
41459234
41459235
41459236
41459237
41459238
41459239
41459240
41459241
41459242
41459243
41459245
41459246
41459247
41459249
41459250
41459251
41459252
41459253
41459254
41459255
41459256
41459257
41459258
41459259
41459260
41459262
41459263
41459264
41459265
41459266
41459267
41459268
41459269
41459270
41459271
41459272
41459273
41459275
41459276
41459277
41459278
41459279
41459280
41459281
41459282
41459283
41459285
41459286
41459287
41459288
41459289
41459290
41459291
41459292
41459293
41459295
41459297
41459298
41459300
41459301
41459302
41459303
41459304
41459305
41459307
41459308
41459309
41459310
41459312
41459313
41459314
41459315
41459318
41459319
41459320
41459321
41459322
41459323
41459324
41459325
41459327
41459328
41459329
41459330
41459331
41459332
41459333
41459334
41459335
41459336
41459338
41459339
41459340
41459341
41459342
41459343
41459344
41459345
41459346
41459347
41459348
41459349
41459350
41459352
41459353
41459354
41459355
41459356
41459357
41459358
41459359
41459360
41459361
41459362
41459363
41459364
41459365
41459366
41459367
41459368
41459369
41459370
41459371
41459372
41459374
41459375
41459376
41459377
41459378
41459379
41459380
41459381
41459383
41459384
41459386
41459387
41459388
41459389
41459390
41459392
41459393
41459394
41459395
41459396
41459397
41459398
41459399
41459400
41459401
41459402
41459403
41459404
41459405
41459407
41459408
41459409
41459410
41459411
41459412
41459413
41459415
41459416
41459417
41459418
41459419
41459420
41459421
41459422
41459423
41459424
41459425
41459426
41459427
41459428
41459429
41459430
41459431
41459432
41459433
41459434
41459435
41459436
41459437
41459438
41459439
41459440
41459441
41459442
41459443
41459444
41459445
41459446
41459447
41459448
41459449
41459450
41459452
41459453
41459454
41459455
41459456
41459457
41459459
41459461
41459463
41459464
41459465
41459466
41459467
41459469
41459470
41459471
41459472
41459473
41459474
41459475
41459476
41459477
41459478
41459479
41459480
41459482
41459483
41459484
41459485
41459486
41459487
41459488
41459489
41459490
41459491
41459492
41459493
41459494
41459495
41459496
41459497
41459498
41459499
41459500
41459501
41459502
41459503
41459504
41459505
41459507
41459508
41459509
41459510
41459511
41459512
41459513
41459514
41459515
41459517
41459518
41459519
41459520
41459521
41459523
41459524
41459525
41459526
41459527
41459528
41459529
41459530
41459531
41459532
41459534
41459535
41459536
41459537
41459538
41459539
41459540
41459541
41459542
41459544
41459546
41459547
41459548
41459549
41459551
41459552
41459553
41459554
41459555
41459556
41459557
41459558
41459559
41459560
41459561
41459563
41459564
41459565
41459566
41459567
41459568
41459569
41459572
41459573
41459575
41459576
41459578
41459579
41459581
41459582
41459583
41459584
41459586
41459587
41459588
41459589
41459590
41459591
41459592
41459593
41459594
41459595
41459596
41459597
41459598
41459599
41459600
41459601
41459602
41459603
41459604
41459605
41459606
41459607
41459608
41459609
41459610
41459611
41459612
41459613
41459614
41459615
41459616
41459617
41459618
41459619
41459620
41459621
41459622
41459624
41459626
41459627
41459628
41459629
41459631
41459632
41459633
41459634
41459635
41459636
41459637
41459638
41459639
41459640
41459641
41459642
41459643
41459644
41459645
41459646
41459647
41459648
41459649
41459650
41459651
41459653
41459654
41459655
41459656
41459657
41459658
41459659
41459660
41459662
41459663
41459664
41459665
41459667
41459668
41459669
41459670
41459671
41459672
41459673
41459674
41459675
41459676
41459677
41459679
41459680
41459681
41459682
41459683
41459684
41459685
41459686
41459687
41459689
41459690
41459691
41459692
41459693
41459694
41459695
41459696
41459697
41459698
41459699
41459700
41459702
41459703
41459704
41459705
41459706
41459707
41459708
41459709
41459710
41459711
41459712
41459713
41459714
41459715
41459716
41459717
41459718
41459719
41459720
41459721
41459722
41459724
41459726
41459727
41459728
41459729
41459730
41459731
41459732
41459733
41459734
41459735
41459736
41459737
41459738
41459739
41459740
41459741
41459742
41459743
41459744
41459745
41459746
41459747
41459748
41459749
41459750
41459751
41459752
41459753
41459754
41459755
41459756
41459757
41459758
41459759
41459760
41459761
41459764
41459765
41459766
41459767
41459768
41459769
41459770
41459772
41459774
41459775
41459776
41459777
41459778
41459779
41459780
41459781
41459782
41459783
41459784
41459785
41459786
41459787
41459788
41459789
41459790
41459792
41459793
41459794
41459795
41459797
41459798
41459800
41459801
41459802
41459803
41459804
41459805
41459806
41459807
41459808
41459809
41459810
41459811
41459812
41459813
41459814
41459816
41459817
41459818
41459819
41459820
41459821
41459823
41459824
41459825
41459826
41459827
41459828
41459829
41459830
41459831
41459832
41459833
41459834
41459835
41459836
41459837
41459838
41459840
41459841
41459842
41459843
41459844
41459845
41459846
41459847
41459848
41459849
41459850
41459851
41459852
41459854
41459855
41459856
41459857
41459858
41459859
41459860
41459861
41459862
41459863
41459865
41459866
41459867
41459868
41459869
41459870
41459871
41459872
41459873
41459874
41459875
41459876
41459877
41459878
41459879
41459880
41459881
41459882
41459883
41459884
41459885
41459887
41459888
41459889
41459890
41459891
41459892
41459893
41459894
41459896
41459897
41459899
41459900
41459901
41459902
41459903
41459904
41459905
41459906
41459907
41459909
41459910
41459911
41459912
41459913
41459914
41459915
41459916
41459917
41459918
41459919
41459920
41459921
41459923
41459924
41459925
41459926
41459928
41459929
41459930
41459931
41459932
41459933
41459935
41459936
41459937
41459938
41459939
41459941
41459942
41459943
41459944
41459945
41459947
41459948
41459949
41459951
41459952
41459953
41459954
41459955
41459956
41459958
41459959
41459960
41459961
41459962
41459963
41459964
41459965
41459966
41459967
41459968
41459969
41459970
41459971
41459972
41459973
41459974
41459975
41459976
41459977
41459978
41459979
41459980
41459981
41459982
41459983
41459984
41459985
41459986
41459987
41459988
41459989
41459990
41459991
41459992
41459993
41459994
41459996
41459997
41459998
41459999
41460000
41460001
41460002
41460003
41460004
41460005
41460006
41460007
41460008
41460009
41460010
41460011
41460012
41460013
41460014
41460015
41460016
41460017
41460018
41460019
41460020
41460021
41460022
41460024
41460025
41460026
41460027
41460028
41460029
41460030
41460031
41460032
41460033
41460034
41460035
41460037
41460038
41460039
41460040
41460041
41460042
41460044
41460045
41460046
41460047
41460048
41460049
41460050
41460051
41460052
41460054
41460055
41460057
41460059
41460060
41460061
41460062
41460064
41460065
41460066
41460067
41460068
41460069
41460070
41460071
41460072
41460073
41460074
41460075
41460076
41460077
41460078
41460079
41460080
41460082
41460083
41460084
41460085
41460086
41460087
41460088
41460089
41460090
41460091
41460092
41460093
41460094
41460095
41460096
41460097
41460098
41460099
41460100
41460101
41460102
41460103
41460104
41460105
41460107
41460108
41460109
41460110
41460111
41460112
41460113
41460114
41460115
41460117
41460118
41460121
41460122
41460123
41460124
41460125
41460126
41460127
41460128
41460129
41460130
41460131
41460132
41460134
41460135
41460136
41460137
41460138
41460140
41460141
41460142
41460145
41460147
41460148
41460150
41460151
41460152
41460153
41460154
41460155
41460156
41460157
41460158
41460159
41460160
41460161
41460162
41460163
41460164
41460165
41460166
41460167
41460169
41460170
41460171
41460172
41460173
41460174
41460175
41460177
41460179
41460180
41460181
41460182
41460183
41460184
41460185
41460186
41460187
41460188
41460189
41460190
41460191
41460192
41460193
41460194
41460195
41460196
41460197
41460199
41460200
41460201
41460202
41460203
41460206
41460207
41460208
41460209
41460210
41460211
41460212
41460213
41460214
41460215
41460216
41460217
41460218
41460219
41460220
41460221
41460222
41460223
41460224
41460226
41460227
41460228
41460229
41460230
41460231
41460232
41460233
41460234
41460235
41460236
41460237
41460238
41460239
41460240
41460242
41460243
41460244
41460245
41460246
41460247
41460248
41460249
41460250
41460251
41460252
41460253
41460254
41460255
41460256
41460257
41460258
41460259
41460260
41460261
41460262
41460263
41460264
41460265
41460266
41460267
41460268
41460269
41460270
41460271
41460272
41460273
41460274
41460275
41460276
41460277
41460278
41460279
41460280
41460281
41460282
41460283
41460284
41460285
41460286
41460287
41460288
41460290
41460291
41460292
41460293
41460294
41460295
41460297
41460299
41460300
41460301
41460302
41460305
41460306
41460307
41460309
41460310
41460311
41460313
41460314
41460315
41460316
41460317
41460318
41460319
41460320
41460321
41460322
41460323
41460324
41460325
41460326
41460327
41460328
41460329
41460330
41460331
41460332
41460333
41460334
41460335
41460337
41460338
41460339
41460341
41460342
41460343
41460344
41460345
41460346
41460347
41460348
41460349
41460350
41460351
41460352
41460353
41460354
41460356
41460357
41460358
41460359
41460360
41460361
41460362
41460363
41460364
41460365
41460366
41460368
41460369
41460370
41460371
41460372
41460373
41460374
41460375
41460376
41460378
41460379
41460380
41460381
41460382
41460383
41460384
41460385
41460386
41460388
41460389
41460390
41460391
41460392
41460393
41460394
41460395
41460396
41460398
41460399
41460401
41460402
41460403
41460404
41460405
41460406
41460408
41460409
41460410
41460411
41460412
41460413
41460415
41460416
41460417
41460418
41460419
41460420
41460421
41460422
41460423
41460424
41460425
41460426
41460427
41460428
41460429
41460431
41460432
41460434
41460435
41460436
41460438
41460440
41460441
41460442
41460443
41460444
41460446
41460447
41460448
41460449
41460450
41460451
41460452
41460453
41460454
41460455
41460456
41460457
41460458
41460459
41460460
41460462
41460463
41460465
41460466
41460467
41460470
41460472
41460473
41460474
41460475
41460476
41460477
41460478
41460479
41460480
41460481
41460482
41460483
41460484
41460485
41460486
41460487
41460488
41460490
41460491
41460492
41460493
41460496
41460498
41460499
41460500
41460501
41460502
41460503
41460504
41460505
41460506
41460507
41460508
41460509
41460510
41460511