1511237279523684357
1511263783083294726
1511264458408083456
1511273398990688256
1511379414415777800
1511239416840396803
1511278888101494793
1511305172303110149
1511241050752532483
1511419711325671424
1511354267021492240
1511332900045737987
1511437293084622853
1511227495777030144
1511414649102782464
1511320376785178626
1511266326639169541
1511271419958775813
1511309004835803141
1511412114358947848
1511275197302771721
1511346903207841796
1511388487525752837
1511233544609226753
1511319242968293377
1511350518899167243
1511358521023025163
1511394553126916109
1511425962579218438
1511277243460378626
1511433523797843970
1511324037338877956
1511236940934356993
1511256146849505281
1511226096339017731
1511376122717609986
1511235923698237441
1511332852562075654
1511343073095213062
1511332467608854536
1511343585576247303
1511343928464793609
1511350226350743560
1511355269510537225
1511365623078690825
1511436033803624457
1511306158409146373
1511234874010710016
1511244978160349184
1511350848877699090
1511254143662530565
1511223103946469376
1511252426883575808
1511286473336795136
1511312448820850688
1511331639170936838
1511383237926563846
1511397010171179011
1511307924668395522
1511312730543828999
1511328113086672904
1511324546753835012
1511399530465538052
1511343544644120588
1511300876765380610
1511407513731842049
1511398270509199366
1511420928533663747
1511238359959715840
1511267439019016192
1511369454143389696
1511409642672472064