1517467179305865217
1517574447691141124
1517481134485086211
1517483512378626048
1517463458865983488
1517577881655947266
1517332149841580032
1517468934412324865
1517308291315027970
1517495996544077826
1517418182897811456
1517420683038539776
1517432343920844800
1517540505420242945
1517511469344120836
1517395314071814145
1517440806189252609
1517543919520825345
1517412931452948480
1517447109385109504
1517387936521674752
1517475866376298496
1517390415023984640
1517563080489721857
1517570481519538178
1517515087958925314
1517394131919806466
1517453283165720576
1517592114745548803
1517338346619641861
1517443178827333632
1517428020155494403
1517381996149981184
1517467126105350144
1517430710017183745
1517498534047764481
1517521475691073543
1517470940241743872
1517410916735799296
1517474931742814209
1517486063765397504
1517426385840652288
1517597983314952193
1517423161616314370