1519277746307977216
1519338140863025152
1519358393663766529
1519119202535231489
1519323037149147137
1519257582388621312
1519336420388835329
1519265145263951874
1519202212802711552
1519353385727758339
1519321775745769473
1519212254046171136
1519312963353595904
1519345680837451777
1519231174991917056
1519315484298129411
1519226147443290114
1519262668980465666
1519355861486948353
1519141435852869632
1519317982689865731
1519383522506682371
1519406170481602561
1519393643945242624
1519398653584195584
1519311685474996226
1519313106052448256
1519256326999879680
1519280339084005386
1519303641043247104
1519228640571056128
1519240002152112129
1519224882265051136
1519289154466635779
1519271416645959680
1519255077688643584
1519396108232970240
1519261572430024704
1519307414209712128
1519386052481458176
1519329355075399681
1519252553040642048
1519278278082805760
1519208517554651137
1519209787778646017
1519260092897673217
1519285285732990977
1519365787588476931
1519121781960945666
1519295348765872129
1519319301106421760
1519270203837845504
1519309189553790976
1519245001246531585
1519248755366715393
1519267664421703681
1519320525042069504
1519330585499611137
1519391054776184833
1519217302897573889
1519296622844428292
1519304123111383041
1519221110914658305
1519283468324294659
1519300439560396801
1519307907875184641
1519222389585977346
1519241237823430656
1519282199253639168
1519360875408285696
1519310444846006276