3906615
3906639
3906645
3906646
3906647
3906650
3906656
3906658
3906660
3906661
3906663
3906666
3906672
3906675
3906676
3906680
3906684
3906691
3906696
3906697
3906700
3906701
3906702
3906707
3906710
3906715
3906716
3906717
3906721
3906722
3906723
3906724
3906726
3906727
3906728
3906729
3906731
3906732
3906734
3906738
3906739
3906742
3906743
3906744
3906745
3906746
3906748
3906749
3906750
3906751
3906752
3906753
3906754
3906756
3906757
3906758
3906759
3906760
3906761
3906762
3906764
3906765
3906767
3906770
3906773
3906774
3906778
3906779
3906781
3906783
3906784
3906785
3906786
3906789
3906791
3906792
3906797
3906800
3906801
3906802
3906803
3906805
3906807
3906809
3906811
3906812
3906813
3906814
3906815
3906817
3906819
3906820
3906822
3906824
3906825
3906827
3906829
3906830
3906831
3906832
3906833
3906834
3906835
3906837
3906838
3906840
3906841
3906842
3906843
3906846
3906847
3906848
3906849
3906850
3906851
3906852
3906853
3906854
3906857
3906858
3906860
3906862
3906863
3906864
3906865
3906866
3906870
3906871
3906872
3906874
3906879
3906880
3906881
3906883
3906884
3906885
3906888
3906889
3906890
3906891
3906892
3906895
3906899
3906902
3906903
3906904
3906908
3906911
3906912
3906914
3906915
3906917
3906919
3906924
3906926
3906929
3906931
3906932
3906933
3906934
3906936
3906938
3906940
3906944
3906947
3906957
3906959
3906962
3906973
3906978
3906979
3906981
3906982
3906985
3906988
3906991
3906995
3906996
3906998
3906999
3907004
3907006
3907007
3907008
3907010
3907015
3907017
3907019
3907020
3907022
3907025
3907026
3907029
3907030
3907032
3907033
3907035
3907037
3907038
3907039
3907040
3907041
3907042
3907044
3907046
3907049
3907051
3907052
3907053
3907054
3907055
3907056
3907058
3907059
3907061
3907062
3907063
3907064
3907065
3907066
3907067
3907068
3907069
3907070
3907071
3907072
3907073
3907074
3907075
3907078
3907079
3907080
3907081
3907082
3907083
3907084
3907085
3907086
3907087
3907089
3907090
3907091
3907092
3907093
3907094
3907095
3907096
3907098
3907099
3907100
3907101
3907102
3907103
3907105
3907109
3907112
3907113
3907114
3907115
3907116
3907118
3907119
3907121
3907122
3907123
3907124
3907125
3907126
3907127
3907129
3907131
3907134
3907135
3907137
3907139
3907140
3907141
3907142
3907143
3907144
3907146
3907147
3907148
3907149
3907151
3907154
3907155
3907157
3907158
3907161
3907162
3907163
3907166
3907167
3907168
3907172
3907173
3907174
3907175
3907176
3907179
3907183
3907184
3907185
3907186
3907187
3907189
3907191
3907192
3907194
3907195
3907198
3907200
3907201
3907202
3907203
3907204
3907205
3907206
3907207
3907209
3907211
3907212
3907213
3907214
3907215
3907216
3907217
3907218
3907221
3907224
3907225
3907226
3907227
3907228
3907230
3907234
3907236
3907237
3907238
3907239
3907240
3907241
3907244
3907245
3907246
3907247
3907248
3907249
3907250
3907251
3907252
3907253
3907254
3907256
3907257
3907259
3907260
3907262
3907265
3907266
3907267
3907268
3907271
3907274
3907275
3907276
3907277
3907278
3907279
3907280
3907282
3907284
3907285
3907286
3907287
3907288
3907290
3907291
3907292
3907294
3907295
3907296
3907297
3907298
3907299
3907300
3907301
3907302
3907303
3907305
3907306
3907307
3907309
3907311
3907312
3907313
3907314
3907315
3907317
3907322
3907324
3907326
3907327
3907329
3907331
3907333
3907334
3907335
3907336
3907337
3907338
3907339
3907340
3907342
3907344
3907346
3907347
3907348
3907349
3907352
3907353
3907354
3907355
3907356
3907359
3907360
3907361
3907363
3907364
3907365
3907366
3907368
3907370
3907371
3907372
3907373
3907374
3907376
3907377
3907378
3907379
3907380
3907381
3907382
3907383
3907384
3907385
3907386
3907387
3907388
3907389
3907390
3907391
3907394
3907396
3907397
3907399
3907400
3907402
3907403
3907408
3907411
3907412
3907413
3907415
3907416
3907417
3907418
3907421
3907422
3907423
3907424
3907425
3907426
3907427
3907428
3907429
3907430
3907431
3907432
3907434
3907435
3907438
3907439
3907440
3907442
3907444
3907445
3907446
3907447
3907449
3907451
3907452
3907453
3907454
3907455
3907456
3907457
3907458
3907459
3907460
3907461
3907462
3907463
3907464
3907465
3907466
3907467
3907468
3907469
3907470
3907471
3907474
3907475
3907476
3907477
3907478
3907479
3907480
3907481
3907482
3907483
3907484
3907486
3907489
3907490
3907492
3907493
3907494
3907495
3907496
3907497
3907499
3907500
3907501
3907502
3907503
3907504
3907505
3907506
3907508
3907509
3907510
3907512
3907514
3907515
3907516
3907518
3907519
3907521
3907522
3907523
3907524
3907527
3907528
3907529
3907530
3907532
3907533
3907534
3907535
3907536
3907537
3907538
3907540
3907541
3907542
3907543
3907545
3907546
3907547
3907549
3907550
3907551
3907552
3907554
3907555
3907557
3907558
3907559
3907560
3907562
3907563
3907564
3907566
3907567
3907568
3907569
3907570
3907571
3907572
3907575
3907576
3907577
3907578
3907579
3907580
3907581
3907582
3907584
3907585
3907586
3907588
3907589
3907592
3907593
3907594
3907595
3907597
3907598
3907599
3907600
3907601
3907603
3907604
3907605
3907606
3907608
3907609
3907610
3907611
3907612
3907613
3907614
3907616
3907617
3907620
3907621
3907622
3907624
3907628
3907629
3907630
3907631
3907633
3907634
3907635
3907636
3907637
3907638
3907639
3907641
3907642
3907643
3907644
3907645
3907646
3907647
3907648
3907649
3907651
3907652
3907654
3907655
3907656
3907658
3907659
3907661
3907662
3907663
3907664
3907665
3907667
3907668
3907669
3907671
3907672
3907673
3907678
3907679
3907680
3907681
3907683
3907684
3907686
3907687
3907688
3907690
3907691
3907692
3907693
3907694
3907700
3907701
3907702
3907703
3907704
3907705
3907706
3907707
3907708
3907710
3907711
3907712
3907713
3907714
3907715
3907716
3907717
3907718
3907720
3907721
3907722
3907723
3907724
3907725
3907726
3907727
3907728
3907732
3907733
3907734
3907735
3907736
3907737
3907738
3907739
3907742
3907744
3907745
3907746
3907747
3907748
3907750
3907751
3907753
3907754
3907755
3907756
3907757
3907759
3907761
3907762
3907763
3907764
3907765
3907766
3907767
3907768
3907769
3907770
3907773
3907775
3907776
3907777
3907778
3907780
3907781
3907782
3907784
3907785
3907786
3907791
3907796
3907797
3907798
3907800
3907801
3907805
3907809
3907812
3907815
3907816
3907817
3907820
3907824
3907829
3907830
3907831
3907833
3907834
3907836
3907837
3907842
3907850
3907861
3907863
3907864
3907866
3907867
3907869
3907873
3907874
3907878
3907879
3907880
3907881
3907886
3907891
3907893
3907896
3907904
3907907
3907908
3907916
3907922
3907928
3907931
3907934
3907936
3907938
3907939
3907942
3907945
3907949
3907950
3907952
3907955
3907959
3907960
3907961