4230477
4230478
4230479
4230481
4230484
4230485
4230486
4230488
4230490
4230492
4230493
4230494
4230495
4230496
4230497
4230498
4230499
4230500
4230501
4230502
4230504
4230505
4230506
4230507
4230508
4230509
4230510
4230511
4230514
4230515
4230516
4230517
4230518
4230519
4230520
4230521
4230523
4230524
4230525
4230526
4230527
4230528
4230529
4230530
4230531
4230534
4230537
4230539
4230541
4230542
4230543
4230544
4230545
4230546
4230547
4230550
4230565
4230570
4230585
4230600
4230605
4230608
4230609
4230611
4230612
4230613
4230614
4230615
4230616
4230618
4230619
4230620
4230621
4230622
4230623
4230624
4230625
4230626
4230627
4230628
4230629
4230630
4230631
4230632
4230633
4230634
4230635
4230636
4230637
4230638
4230639
4230640
4230641
4230642
4230643
4230644
4230645
4230646
4230647
4230648
4230649
4230650
4230651
4230652
4230653
4230654
4230655
4230656
4230657
4230658
4230659
4230660
4230661
4230665
4230683
4230697
4230709
4230710
4230713
4230715
4230721
4230725
4230731
4230732
4230745
4230746
4230747
4230748
4230757
4230758
4230759
4230760
4230764
4230765
4230766
4230767
4230768
4230769
4230770
4230771
4230772
4230773
4230774
4230775
4230776
4230777
4230778
4230781
4230782
4230783
4230784
4230786
4230787
4230788
4230789
4230790
4230792
4230793
4230794
4230795
4230796
4230797
4230798
4230799
4230801
4230806
4230807
4230809
4230812
4230813
4230814
4230815
4230816
4230817
4230818
4230819
4230823
4230824
4230825
4230826
4230829
4230830
4230831
4230832
4230833
4230834
4230835
4230836
4230837
4230840
4230841
4230842
4230843
4230844
4230845
4230846
4230847
4230849
4230852
4230853
4230856
4230857
4230858
4230859
4230860
4230861
4230862
4230865
4230866
4230868
4230869
4230871
4230872
4230873
4230874
4230875
4230876
4230881
4230882
4230883
4230884
4230885
4230886
4230889
4230890
4230891
4230892
4230893
4230894
4230895
4230896
4230897
4230899
4230900
4230901
4230902
4230904
4230905
4230906
4230907
4230908
4230912
4230914
4230916
4230917
4230918
4230919
4230920
4230921
4230922
4230923
4230925
4230926
4230927
4230928
4230929
4230930
4230932
4230933
4230934
4230935
4230936
4230937
4230938
4230940
4230941
4230944
4230946
4230947
4230948
4230949
4230950
4230951
4230954
4230955
4230956
4230959
4230960
4230963
4230964
4230965
4230969
4230971
4230973
4230974
4230975
4230976
4230978
4230979
4230980
4230981
4230982
4230985
4230986
4230987
4230988
4230990
4230991
4230992
4230993
4230995
4230996
4230997
4230999
4231000
4231001
4231002
4231003
4231005
4231006
4231007
4231009
4231010
4231011
4231014
4231015
4231016
4231017
4231018
4231019
4231020
4231022
4231023
4231024
4231025
4231026
4231028
4231029
4231030
4231031
4231032
4231034
4231036
4231037
4231038
4231039
4231040
4231041
4231044
4231045
4231046
4231047
4231048
4231049
4231052
4231053
4231054
4231055
4231057
4231058
4231059
4231061
4231062
4231063
4231064
4231067
4231069
4231070
4231071
4231072
4231073
4231074
4231077
4231079
4231080
4231081
4231082
4231083
4231085
4231086
4231088
4231089
4231090
4231091
4231093
4231094
4231096
4231097
4231099
4231101
4231102
4231103
4231105
4231106
4231107
4231108
4231109
4231110
4231111
4231113
4231114
4231115
4231117
4231118
4231120
4231122
4231123
4231125
4231126
4231127
4231131
4231132
4231133
4231135
4231136
4231137
4231139
4231141
4231142
4231144
4231145
4231146
4231148
4231149
4231150
4231152
4231153
4231155
4231156
4231157
4231158
4231159
4231160
4231162
4231163
4231164
4231165
4231166
4231169
4231170
4231171
4231172
4231173
4231174
4231175
4231177
4231178
4231179
4231180
4231183
4231184
4231185
4231186
4231187
4231188
4231189
4231190
4231191
4231193
4231195
4231196
4231197
4231199
4231200
4231201
4231202
4231203
4231204
4231207
4231208
4231209
4231211
4231212
4231213
4231215
4231217
4231219
4231222
4231224
4231225
4231226
4231227
4231228
4231229
4231231
4231232
4231233
4231234
4231235
4231237
4231238
4231239
4231240
4231241
4231242
4231243
4231245
4231246
4231248
4231250
4231251
4231252
4231253
4231255
4231256
4231257
4231258
4231259
4231260
4231261
4231263
4231265
4231268
4231269
4231270
4231271
4231273
4231274
4231275
4231276
4231277
4231278
4231281
4231282
4231283
4231284
4231286
4231287
4231289
4231290
4231291
4231292
4231296
4231297
4231299
4231302
4231303
4231304
4231305
4231306
4231307
4231309
4231311
4231312
4231313
4231314
4231317
4231318
4231319
4231320
4231321
4231323
4231324
4231325
4231327
4231328
4231329
4231331
4231333
4231334
4231335
4231336
4231338
4231339
4231340
4231341
4231342
4231344
4231346
4231348
4231354
4231356
4231357
4231358
4231361
4231362
4231365
4231368
4231369
4231374
4231375
4231376
4231378
4231380
4231381
4231383
4231384
4231385
4231388
4231390
4231391
4231394
4231395
4231396
4231397
4231398
4231399
4231400
4231402
4231405
4231406
4231408
4231409
4231410
4231411
4231412
4231413
4231415
4231419
4231421
4231422
4231423
4231424
4231425
4231426
4231428
4231429
4231430
4231432
4231434
4231435
4231437
4231438
4231439
4231440
4231442
4231443
4231445
4231447
4231448
4231449
4231450
4231451
4231453
4231458
4231460
4231462
4231463
4231464
4231465
4231466
4231467
4231468
4231469
4231470
4231471
4231474
4231475
4231476
4231477
4231478
4231479
4231480
4231482
4231484
4231485
4231486
4231487
4231488
4231492
4231493
4231494
4231495
4231497
4231499
4231501
4231503
4231504
4231505
4231506
4231507
4231508
4231509
4231510
4231511
4231514
4231516
4231517
4231518
4231519
4231520
4231521
4231523
4231524
4231526
4231528
4231529
4231530
4231533
4231534
4231536
4231537
4231538
4231539
4231540
4231542
4231543
4231544
4231545
4231546
4231547
4231549
4231550
4231551
4231552
4231555
4231556
4231558
4231562
4231563
4231564
4231565
4231566
4231567
4231569
4231570
4231571
4231572
4231573
4231574
4231575
4231576
4231579
4231581
4231582
4231583
4231584
4231585
4231587
4231589
4231590
4231591
4231592
4231593
4231594
4231595
4231596
4231597
4231598
4231599
4231601
4231603
4231604
4231605
4231607
4231608
4231609
4231610
4231611
4231612
4231613
4231614
4231615
4231616
4231617
4231618
4231619
4231620
4231621
4231622
4231623
4231624
4231625
4231626
4231628
4231629
4231631
4231634
4231637
4231638
4231639
4231640
4231641
4231642
4231643
4231646
4231647
4231648
4231650
4231651
4231652
4231653
4231654
4231655
4231656
4231657
4231658
4231659
4231660
4231661
4231662
4231663
4231664
4231665
4231666
4231667
4231668
4231669
4231670
4231672
4231673
4231675
4231676
4231677
4231678
4231679
4231680
4231681
4231682
4231687
4231688
4231689
4231691
4231692
4231694
4231698
4231702
4231703
4231707
4231708
4231711
4231713
4231715
4231716
4231720
4231721
4231726
4231728
4231730
4231732
4231733
4231734
4231735
4231737
4231739
4231740
4231741
4231742
4231743
4231744
4231747
4231750
4231751
4231752
4231754
4231755
4231756
4231758
4231761
4231762
4231764
4231766
4231768
4231769
4231771
4231772
4231773
4231776
4231777
4231779
4231780
4231782
4231783
4231784
4231785
4231786
4231787
4231788
4231789
4231790
4231791
4231792
4231793
4231795
4231796
4231797
4231798
4231799
4231800
4231801
4231802
4231803
4231804
4231805
4231807
4231808
4231809
4231810
4231811
4231817
4231818
4231819
4231820
4231821
4231822
4231823
4231824
4231826
4231828
4231829
4231830
4231831
4231833
4231834
4231835
4231836
4231837
4231838
4231839
4231840
4231842
4231843
4231844
4231845
4231846
4231847
4231849
4231850
4231852
4231853
4231854
4231855
4231856
4231857
4231858
4231859
4231861
4231862
4231863
4231864
4231865
4231866
4231867
4231869
4231870
4231871
4231872
4231873
4231874
4231876
4231877
4231878
4231879
4231880
4231881
4231882
4231885
4231886
4231887
4231888
4231889
4231890
4231891
4231892
4231893
4231894
4231895
4231896
4231897
4231898
4231899
4231900
4231901
4231902
4231903
4231904
4231905
4231909
4231910
4231913
4231915
4231916
4231917
4231918
4231919
4231920
4231921
4231922
4231925
4231926
4231928
4231929
4231930
4231931
4231933
4231935
4231936
4231937
4231938
4231939
4231940
4231941
4231942
4231943
4231944
4231945
4231946
4231948
4231949
4231950
4231951
4231952
4231953
4231954
4231956
4231957
4231958
4231962
4231963
4231964
4231966
4231967
4231970
4231971
4231972
4231974
4231975
4231976
4231977
4231978
4231979
4231980
4231981
4231982
4231983
4231984
4231986
4231987
4231988
4231989
4231991
4231992
4231995
4231996
4231997
4231998
4232002
4232003
4232005
4232006
4232009
4232014
4232016
4232018
4232019
4232025
4232026
4232027
4232031
4232032
4232033
4232037
4232038
4232039
4232040
4232041
4232042
4232044
4232045
4232047
4232051
4232052
4232054
4232055
4232057
4232058
4232061
4232062
4232063
4232064
4232065
4232068
4232069
4232070
4232071
4232072
4232073
4232074
4232075
4232076
4232077
4232080
4232082
4232083
4232084
4232086
4232087
4232088
4232090
4232091
4232092
4232093
4232095
4232096
4232097
4232098
4232099
4232100
4232102
4232103
4232104
4232105
4232106
4232107
4232108
4232109
4232110
4232111
4232112
4232113
4232114
4232116
4232117
4232118
4232119
4232120
4232121
4232122
4232124
4232125
4232126
4232127
4232128
4232129
4232130
4232131
4232132
4232133
4232134
4232135
4232136
4232137
4232138
4232140
4232141
4232143
4232144
4232145
4232146
4232147
4232150
4232151
4232152
4232153
4232154
4232155
4232157
4232160
4232163
4232164
4232165