3806747
3806748
3806750
3806751
3806754
3806756
3806757
3806758
3806759
3806760
3806761
3806762
3806763
3806764
3806766
3806768
3806769
3806773
3806774
3806775
3806776
3806777
3806778
3806779
3806782
3806784
3806786
3806787
3806788
3806790
3806792
3806793
3806794
3806795
3806796
3806800
3806802
3806803
3806804
3806805
3806807
3806808
3806810
3806811
3806813
3806814
3806815
3806816
3806817
3806819
3806824
3806825
3806826
3806827
3806831
3806833
3806834
3806835
3806837
3806838
3806840
3806841
3806842
3806843
3806846
3806847
3806850
3806852
3806853
3806854
3806855
3806857
3806858
3806859
3806861
3806862
3806863
3806866
3806867
3806868
3806869
3806871
3806872
3806874
3806875
3806876
3806877
3806878
3806880
3806881
3806882
3806883
3806884
3806886
3806887
3806888
3806889
3806891
3806892
3806893
3806894
3806895
3806896
3806897
3806898
3806900
3806902
3806903
3806904
3806908
3806909
3806915
3806916
3806917
3806918
3806920
3806924
3806925
3806926
3806927
3806928
3806929
3806930
3806932
3806933
3806936
3806938
3806940
3806941
3806942
3806943
3806945
3806946
3806948
3806950
3806951
3806952
3806953
3806954
3806955
3806956
3806957
3806958
3806959
3806960
3806961
3806962
3806963
3806964
3806965
3806966
3806967
3806968
3806969
3806970
3806971
3806972
3806974
3806976
3806978
3806980
3806981
3806982
3806983
3806984
3806985
3806986
3806987
3806988
3806991
3806994
3806996
3806997
3806999
3807000
3807001
3807003
3807005
3807007
3807008
3807009
3807010
3807011
3807012
3807013
3807014
3807015
3807016
3807017
3807019
3807020
3807021
3807022
3807023
3807024
3807025
3807027
3807028
3807029
3807031
3807032
3807034
3807035
3807036
3807037
3807038
3807040
3807041
3807042
3807043
3807045
3807046
3807047
3807048
3807049
3807050
3807053
3807054
3807055
3807056
3807057
3807059
3807060
3807061
3807064
3807065
3807067
3807068
3807069
3807070
3807071
3807072
3807073
3807074
3807075
3807076
3807079
3807080
3807081
3807082
3807083
3807084
3807085
3807086
3807087
3807089
3807090
3807092
3807093
3807095
3807096
3807097
3807098
3807100
3807101
3807103
3807105
3807106
3807108
3807109
3807110
3807111
3807112
3807114
3807115
3807116
3807117
3807118
3807119
3807120
3807121
3807122
3807123
3807124
3807128
3807129
3807130
3807131
3807132
3807133
3807135
3807137
3807138
3807141
3807143
3807144
3807145
3807148
3807149
3807150
3807153
3807154
3807155
3807159
3807160
3807161
3807164
3807165
3807166
3807167
3807168
3807169
3807170
3807171
3807174
3807175
3807176
3807177
3807178
3807179
3807181
3807182
3807183
3807184
3807185
3807186
3807187
3807189
3807191
3807192
3807194
3807195
3807196
3807197
3807198
3807199
3807201
3807202
3807203
3807204
3807207
3807208
3807209
3807210
3807211
3807214
3807216
3807218
3807219
3807220
3807221
3807222
3807223
3807224
3807225
3807226
3807227
3807228
3807229
3807231
3807232
3807233
3807235
3807236
3807237
3807238
3807239
3807241
3807242
3807243
3807244
3807245
3807246
3807247
3807248
3807249
3807250
3807251
3807252
3807253
3807255
3807256
3807257
3807258
3807259
3807260
3807261
3807262
3807264
3807265
3807266
3807267
3807268
3807269
3807270
3807271
3807272
3807273
3807274
3807276
3807277
3807278
3807280
3807282
3807283
3807284
3807285
3807287
3807288
3807291
3807292
3807294
3807295
3807296
3807297
3807298
3807299
3807300
3807301
3807303
3807304
3807305
3807306
3807307
3807308
3807311
3807313
3807314
3807315
3807316
3807318
3807320
3807321
3807322
3807324
3807328
3807329
3807330
3807331
3807332
3807333
3807335
3807337
3807338
3807339
3807340
3807341
3807342
3807343
3807344
3807345
3807346
3807347
3807348
3807349
3807351
3807352
3807353
3807354
3807356
3807357
3807360
3807361
3807362
3807364
3807365
3807366
3807367
3807368
3807369
3807370
3807371
3807372
3807373
3807374
3807375
3807376
3807377
3807378
3807379
3807381
3807382
3807383
3807384
3807385
3807386
3807387
3807389
3807390
3807391
3807392
3807393
3807394
3807395
3807396
3807397
3807399
3807400
3807402
3807403
3807404
3807406
3807408
3807410
3807411
3807412
3807413
3807414
3807415
3807416
3807418
3807419
3807420
3807421
3807422
3807424
3807425
3807426
3807427
3807429
3807430
3807431
3807432
3807433
3807434
3807435
3807436
3807438
3807439
3807440
3807441
3807443
3807444
3807446
3807447
3807448
3807449
3807450
3807452
3807454
3807455
3807456
3807457
3807458
3807459
3807460
3807462
3807465
3807466
3807469
3807470
3807471
3807472
3807473
3807474
3807475
3807476
3807478
3807480
3807482
3807483
3807485
3807486
3807487
3807488
3807490
3807491
3807492
3807494
3807496
3807497
3807500
3807502
3807503
3807504
3807506
3807507
3807508
3807509
3807510
3807511
3807513
3807514
3807518
3807520
3807521
3807522
3807523
3807526
3807528
3807529
3807530
3807531
3807532
3807533
3807534
3807535
3807536
3807537
3807538
3807539
3807540
3807542
3807543
3807544
3807546
3807547
3807548
3807550
3807551
3807552
3807553
3807555
3807556
3807560
3807562
3807563
3807564
3807565
3807566
3807567
3807568
3807569
3807570
3807571
3807573
3807574
3807575
3807576
3807577
3807578
3807579
3807581
3807582
3807584
3807585
3807586
3807587
3807588
3807589
3807590
3807591
3807593
3807594
3807595
3807596
3807597
3807598
3807599
3807601
3807602
3807603
3807604
3807605
3807606
3807607
3807609
3807611
3807612
3807615
3807617
3807619
3807620
3807621
3807622
3807623
3807625
3807628
3807629
3807630
3807631
3807632
3807634
3807635
3807636
3807637
3807638
3807639
3807640
3807643
3807644
3807645
3807646
3807647
3807648
3807649
3807650
3807653
3807654
3807655
3807657
3807660
3807661
3807662
3807664
3807665
3807666
3807667
3807668
3807669
3807670
3807671
3807672
3807673
3807675
3807676
3807677
3807678
3807679
3807680
3807681
3807682
3807683
3807684
3807686
3807687
3807689
3807690
3807691
3807692
3807693
3807694
3807695
3807696
3807697
3807698
3807700
3807701
3807702
3807703
3807704
3807706
3807707
3807708
3807709
3807710
3807711
3807712
3807713
3807714
3807715
3807716
3807718
3807719
3807720
3807721
3807723
3807725
3807726
3807727
3807728
3807729
3807730
3807733
3807734
3807735
3807736
3807741
3807742
3807743
3807744
3807745
3807746
3807747
3807748
3807749
3807751
3807752
3807753
3807754
3807755
3807756
3807757
3807759
3807760
3807761
3807762
3807763
3807764
3807765
3807766
3807768
3807769
3807770
3807771
3807772
3807774
3807775
3807776
3807777
3807778
3807779
3807781
3807782
3807783
3807786
3807787
3807788
3807789
3807793
3807794
3807795
3807796
3807797
3807798
3807799
3807800
3807801
3807802
3807803
3807805
3807806
3807807
3807808
3807809
3807811
3807812
3807813
3807814
3807815
3807816
3807818
3807819
3807822
3807823
3807825
3807826
3807827
3807828
3807829
3807831
3807835
3807836
3807837
3807838
3807839
3807840
3807842
3807843
3807844
3807845
3807846
3807847
3807850
3807851
3807853
3807855
3807856
3807857
3807858
3807860
3807863
3807864
3807865
3807866
3807867
3807868
3807869
3807870
3807873
3807874
3807875
3807876
3807878
3807880
3807881
3807883
3807884
3807885
3807887
3807889
3807890
3807892
3807895
3807896
3807897
3807898
3807899
3807901
3807903
3807904
3807906
3807907
3807908
3807909
3807910
3807911
3807912
3807913
3807914
3807915
3807916
3807917
3807918
3807919
3807920
3807921
3807922
3807924
3807926
3807927
3807928
3807929
3807930
3807931
3807932
3807933
3807934
3807936
3807937
3807940
3807942
3807943
3807944
3807945
3807946
3807947
3807948
3807949
3807950
3807951
3807953
3807954
3807958
3807959
3807960
3807961
3807962
3807963
3807964
3807966
3807968
3807969
3807970
3807971
3807973
3807975
3807977
3807979
3807980
3807982
3807983
3807984
3807988
3807989
3807998
3807999
3808000
3808001
3808002
3808003
3808004
3808005
3808006
3808007
3808008
3808010
3808011
3808012
3808013
3808014
3808015
3808016
3808017
3808019
3808020
3808021
3808022
3808023
3808024
3808025
3808026
3808028
3808029
3808030
3808031
3808033
3808034
3808037
3808039
3808040
3808042
3808043
3808045
3808046
3808047
3808049
3808050
3808051
3808052
3808053
3808054
3808055
3808057
3808058
3808059
3808060
3808063
3808064
3808065
3808066
3808067
3808068
3808069
3808070
3808072
3808073
3808074
3808075
3808076
3808077
3808078
3808079
3808080
3808081
3808082
3808083
3808084
3808085
3808086
3808087
3808088
3808089
3808090
3808091
3808092
3808093
3808095
3808096
3808098
3808099
3808100
3808101
3808103
3808104
3808105
3808106
3808107
3808108
3808109
3808110
3808111
3808113
3808114
3808115
3808117
3808118
3808119
3808120
3808122
3808124
3808125
3808126
3808127
3808128
3808131
3808132
3808133
3808134
3808137
3808138
3808140
3808142
3808143
3808144
3808145
3808146
3808147
3808148
3808150
3808152
3808153
3808155
3808156
3808157
3808160
3808161
3808163
3808164
3808169
3808170
3808172
3808173
3808174
3808175
3808178
3808181
3808182
3808183
3808184
3808185
3808186
3808188
3808189
3808191
3808192
3808193
3808196
3808199
3808201
3808202
3808203
3808204
3808205
3808206
3808207
3808208
3808209
3808210
3808211
3808212
3808213
3808214
3808215
3808216
3808219
3808220
3808227
3808228
3808231
3808232
3808233
3808234
3808235
3808236
3808237
3808238
3808239
3808240
3808242
3808243
3808244
3808245
3808246
3808248
3808249
3808250
3808251
3808252
3808254
3808256
3808257
3808258
3808259
3808260
3808262
3808264
3808266
3808268
3808269
3808270
3808272
3808273
3808274
3808276
3808278
3808279
3808281
3808282
3808283
3808284
3808285
3808290
3808293
3808294
3808298
3808299
3808300
3808301
3808302
3808304
3808305
3808306
3808307
3808308
3808310
3808311
3808312
3808317
3808320
3808321
3808322
3808323
3808324
3808325
3808327
3808328
3808329
3808332
3808333
3808337
3808338
3808339
3808340
3808341
3808342
3808343
3808345
3808346
3808347
3808349
3808350
3808352
3808354
3808356
3808357
3808358
3808359
3808361
3808365
3808366
3808367
3808369
3808371