3982781
3982782
3982787
3982789
3982793
3982799
3982803
3982805
3982806
3982807
3982808
3982809
3982810
3982811
3982812
3982814
3982815
3982817
3982818
3982819
3982826
3982827
3982828
3982829
3982830
3982831
3982832
3982834
3982835
3982836
3982838
3982839
3982840
3982841
3982842
3982843
3982846
3982847
3982848
3982849
3982851
3982852
3982853
3982854
3982857
3982859
3982860
3982861
3982864
3982867
3982871
3982874
3982875
3982876
3982877
3982879
3982881
3982883
3982884
3982885
3982887
3982888
3982889
3982890
3982892
3982895
3982899
3982901
3982902
3982903
3982907
3982909
3982910
3982912
3982913
3982914
3982915
3982916
3982917
3982918
3982919
3982920
3982923
3982924
3982925
3982926
3982927
3982928
3982931
3982934
3982937
3982941
3982942
3982943
3982944
3982945
3982946
3982948
3982949
3982950
3982952
3982955
3982959
3982960
3982963
3982966
3982968
3982969
3982970
3982972
3982974
3982975
3982978
3982980
3982983
3982986
3982988
3982989
3982991
3982994
3982995
3982999
3983003
3983007
3983008
3983009
3983011
3983015
3983019
3983030
3983034
3983039
3983040
3983043
3983044
3983045
3983050
3983051
3983056
3983061
3983063
3983064
3983065
3983068
3983069
3983071
3983073
3983076
3983077
3983078
3983079
3983080
3983082
3983083
3983085
3983088
3983090
3983091
3983093
3983094
3983095
3983098
3983101
3983102
3983103
3983105
3983106
3983108
3983109
3983110
3983113
3983114
3983115
3983119
3983122
3983124
3983125
3983126
3983127
3983129
3983132
3983133
3983134
3983135
3983136
3983137
3983139
3983140
3983143
3983148
3983149
3983150
3983154
3983156
3983159
3983161
3983162
3983163
3983165
3983168
3983170
3983171
3983172
3983174
3983175
3983177
3983179
3983180
3983182
3983185
3983186
3983187
3983190
3983192
3983193
3983196
3983199
3983200
3983201
3983203
3983205
3983206
3983207
3983208
3983210
3983211
3983212
3983213
3983214
3983216
3983218
3983219
3983221
3983223
3983225
3983226
3983227
3983228
3983229
3983230
3983231
3983234
3983235
3983236
3983239
3983240
3983241
3983243
3983244
3983246
3983248
3983254
3983255
3983259
3983260
3983261
3983262
3983263
3983264
3983265
3983266
3983267
3983269
3983270
3983272
3983273
3983275
3983278
3983279
3983280
3983281
3983283
3983285
3983286
3983288
3983289
3983290
3983291
3983293
3983294
3983295
3983296
3983299
3983300
3983301
3983302
3983303
3983304
3983305
3983308
3983309
3983311
3983312
3983313
3983314
3983315
3983316
3983317
3983318
3983319
3983320
3983323
3983324
3983326
3983328
3983329
3983330
3983332
3983333
3983334
3983335
3983337
3983338
3983342
3983343
3983344
3983345
3983346
3983347
3983348
3983349
3983350
3983352
3983353
3983354
3983355
3983356
3983358
3983359
3983360
3983361
3983363
3983364
3983365
3983366
3983368
3983370
3983371
3983372
3983373
3983375
3983376
3983377
3983380
3983381
3983383
3983385
3983388
3983389
3983390
3983391
3983392
3983393
3983394
3983395
3983396
3983397
3983398
3983399
3983400
3983401
3983402
3983403
3983404
3983405
3983406
3983407
3983408
3983409
3983411
3983412
3983413
3983414
3983415
3983417
3983418
3983419
3983420
3983421
3983422
3983423
3983425
3983426
3983427
3983428
3983429
3983430
3983431
3983432
3983433
3983435
3983436
3983437
3983440
3983441
3983443
3983444
3983445
3983447
3983448
3983449
3983450
3983451
3983453
3983456
3983458
3983459
3983460
3983461
3983463
3983464
3983465
3983466
3983467
3983468
3983470
3983471
3983473
3983476
3983479
3983480
3983481
3983482
3983485
3983486
3983487
3983489
3983490
3983491
3983492
3983495
3983496
3983498
3983507
3983499
3983508
3983510
3983511
3983514
3983520
3983521
3983527
3983528
3983530
3983531
3983532
3983533
3983534
3983535
3983536
3983537
3983540
3983541
3983542
3983544
3983552
3983553
3983554
3983557
3983555
3983556
3983559
3983561
3983562
3983565
3983567
3983566
3983570
3983571
3983573
3983574
3983575
3983576
3983577
3983579
3983581
3983582
3983584
3983585
3983586
3983587
3983588
3983589
3983590
3983592
3983593
3983594
3983595
3983596
3983597
3983601
3983598
3983600
3983603
3983604
3983605
3983606
3983607
3983610
3983612
3983613
3983614
3983615
3983616
3983617
3983618
3983620
3983625
3983628
3983631
3983632
3983633
3983634
3983635
3983636
3983637
3983638
3983639
3983640
3983642
3983643
3983644
3983645
3983646
3983648
3983649
3983650
3983651
3983652
3983654
3983655
3983656
3983657
3983658
3983659
3983660
3983661
3983663
3983664
3983665
3983667
3983668
3983669
3983670
3983671
3983672
3983673
3983676
3983677
3983678
3983679
3983680
3983681
3983682
3983684
3983685
3983687
3983688
3983691
3983692
3983693
3983694
3983696
3983697
3983699
3983700
3983701
3983702
3983704
3983703
3983705
3983706
3983707
3983708
3983709
3983711
3983712
3983713
3983714
3983715
3983716
3983717
3983718
3983720
3983721
3983722
3983724
3983725
3983726
3983727
3983728
3983729
3983730
3983731
3983732
3983733
3983735
3983736
3983737
3983738
3983739
3983740
3983741
3983742
3983744
3983745
3983748
3983749
3983750
3983751
3983752
3983754
3983755
3983758
3983761
3983762
3983764
3983765
3983766
3983767
3983768
3983769
3983771
3983772
3983774
3983775
3983776
3983778
3983780
3983782
3983783
3983789
3983790
3983792
3983793
3983795
3983796
3983798
3983799
3983800
3983802
3983804
3983805
3983807
3983809
3983811
3983812
3983813
3983814
3983817
3983818
3983819
3983820
3983821
3983823
3983824
3983826
3983828
3983829
3983830
3983831
3983832
3983833
3983835
3983836
3983837
3983838
3983839
3983840
3983841
3983842
3983843
3983845
3983846
3983849
3983850
3983852
3983853
3983854
3983855
3983859
3983860
3983861
3983862
3983865
3983868
3983869
3983870
3983871
3983876
3983877
3983878
3983879
3983880
3983881
3983882
3983883
3983885
3983887
3983888
3983889
3983892
3983893
3983894
3983895
3983896
3983897
3983898
3983899
3983900
3983901
3983902
3983903
3983905
3983906
3983907
3983908
3983909
3983910
3983911
3983913
3983914
3983915
3983917
3983918
3983919
3983920
3983921
3983922
3983923
3983925
3983926
3983929
3983930
3983931
3983932
3983933
3983934
3983935
3983936
3983937
3983939
3983941
3983942
3983945
3983946
3983947
3983948
3983949
3983951
3983952
3983953
3983954
3983956
3983957
3983959
3983960
3983961
3983962
3983963
3983967
3983968
3983969
3983970
3983972
3983973
3983974
3983976
3983977
3983978
3983979
3983980
3983981
3983982
3983983
3983986
3983987
3983995
3983999
3984001
3984003
3984004
3984005
3984009
3984010
3984011
3984013
3984014
3984015
3984016
3984017
3984019
3984020
3984022
3984023
3984025
3984026
3984027
3984028
3984029
3984030
3984031
3984033
3984034
3984035
3984036
3984037
3984038
3984039
3984040
3984041
3984042
3984043
3984044
3984045
3984046
3984047
3984048
3984049
3984050
3984051
3984052
3984053
3984054
3984059
3984060
3984061
3984062
3984063
3984064
3984056
3984057
3984067
3984068
3984069
3984070
3984072
3984074
3984076
3984078
3984079
3984080
3984081
3984082
3984083
3984084
3984085
3984088
3984089
3984090
3984091
3984092
3984093
3984094
3984095
3984096
3984097
3984098
3984099
3984100
3984102
3984105
3984106
3984107
3984108
3984110
3984111
3984112
3984113
3984115
3984116
3984117
3984118
3984119
3984122
3984125
3984126
3984127
3984128
3984129
3984130
3984131
3984132
3984133
3984134
3984135
3984136
3984137
3984138
3984139
3984140
3984141
3984142
3984143
3984144
3984145
3984146
3984148
3984149
3984150
3984151
3984152
3984153
3984154
3984155
3984156
3984157
3984158
3984159
3984160
3984161
3984163
3984165
3984166
3984167
3984170
3984171
3984172
3984174
3984175
3984176
3984177
3984179
3984180
3984181
3984182
3984183
3984185
3984188
3984191
3984193
3984194
3984195
3984197
3984198
3984200
3984201
3984202
3984207
3984208
3984209
3984210
3984211
3984212
3984215
3984216
3984220
3984221
3984223
3984225
3984231
3984233
3984234
3984235
3984236
3984237
3984238
3984239
3984240
3984241
3984242
3984243
3984244
3984245
3984246
3984247
3984248
3984249
3984250
3984251
3984252
3984254
3984255
3984256
3984257
3984258
3984259
3984260
3984261
3984262
3984263
3984264
3984265
3984266
3984267
3984268
3984269
3984270
3984273
3984275
3984276
3984277
3984278
3984279
3984280
3984281
3984282
3984283
3984284
3984285
3984286
3984287
3984288
3984290
3984294
3984291
3984292
3984293
3984295
3984302
3984296
3984297
3984298
3984299
3984308
3984309
3984301
3984311
3984305
3984306
3984307
3984310
3984314
3984315
3984316
3984318
3984319
3984321
3984322
3984325
3984326
3984329
3984333
3984334
3984336
3984337
3984338
3984339
3984341
3984342
3984345
3984346
3984347
3984348
3984349
3984351
3984352
3984353
3984355
3984359
3984361
3984363
3984364
3984365
3984366
3984367
3984368
3984369
3983545
3983546
3983547
3983548
3983549
3983550
3983551
3983928
3983938
3983940
3983943
3983944
3983955
3983964
3984055
3984300
3984303