3967469
3967473
3967475
3967479
3967483
3967499
3967531
3967536
3967537
3967538
3967550
3967552
3967553
3967556
3967557
3967559
3967568
3967569
3967588
3967590
3967599
3967600
3967602
3967607
3967612
3967615
3967616
3967618
3967620
3967623
3967627
3967632
3967634
3967635
3967636
3967638
3967639
3967640
3967641
3967644
3967645
3967646
3967647
3967649
3967652
3967653
3967657
3967659
3967660
3967662
3967669
3967671
3967672
3967673
3967674
3967677
3967678
3967679
3967683
3967686
3967687
3967690
3967693
3967696
3967699
3967702
3967705
3967707
3967710
3967711
3967713
3967716
3967717
3967718
3967719
3967721
3967723
3967731
3967734
3967737
3967739
3967748
3967749
3967750
3967752
3967754
3967756
3967758
3967764
3967765
3967768
3967770
3967772
3967775
3967776
3967777
3967778
3967779
3967780
3967782
3967783
3967785
3967786
3967789
3967792
3967793
3967795
3967796
3967797
3967799
3967802
3967803
3967805
3967807
3967811
3967813
3967816
3967820
3967821
3967822
3967827
3967832
3967833
3967837
3967838
3967839
3967840
3967841
3967843
3967844
3967846
3967848
3967850
3967852
3967855
3967858
3967860
3967862
3967865
3967866
3967867
3967868
3967869
3967870
3967871
3967873
3967877
3967878
3967879
3967880
3967881
3967882
3967884
3967886
3967887
3967888
3967889
3967890
3967891
3967894
3967897
3967898
3967899
3967900
3967903
3967904
3967905
3967906
3967907
3967911
3967912
3967913
3967914
3967915
3967916
3967920
3967921
3967924
3967926
3967927
3967928
3967929
3967930
3967931
3967932
3967933
3967934
3967935
3967936
3967937
3967938
3967941
3967943
3967944
3967945
3967946
3967947
3967948
3967949
3967950
3967951
3967952
3967953
3967954
3967955
3967957
3967958
3967959
3967961
3967962
3967963
3967964
3967965
3967967
3967968
3967970
3967971
3967973
3967974
3967976
3967977
3967978
3967979
3967980
3967981
3967982
3967983
3967984
3967985
3967986
3967988
3967989
3967990
3967993
3967994
3967996
3967997
3967999
3968000
3968001
3968002
3968005
3968007
3968008
3968013
3968014
3968016
3968017
3968018
3968019
3968021
3968023
3968024
3968026
3968027
3968028
3968029
3968030
3968031
3968032
3968033
3968034
3968035
3968036
3968037
3968038
3968040
3968041
3968042
3968043
3968044
3968046
3968048
3968049
3968050
3968051
3968052
3968053
3968054
3968055
3968056
3968057
3968059
3968061
3968062
3968063
3968064
3968065
3968066
3968068
3968069
3968070
3968072
3968073
3968074
3968075
3968076
3968078
3968080
3968083
3968084
3968085
3968086
3968087
3968088
3968089
3968091
3968093
3968095
3968096
3968097
3968100
3968101
3968103
3968104
3968106
3968107
3968108
3968110
3968111
3968113
3968114
3968115
3968117
3968119
3968120
3968121
3968122
3968124
3968126
3968128
3968129
3968130
3968131
3968134
3968135
3968136
3968137
3968138
3968139
3968140
3968141
3968142
3968143
3968145
3968146
3968147
3968148
3968151
3968152
3968153
3968154
3968155
3968156
3968157
3968158
3968159
3968160
3968161
3968162
3968163
3968164
3968166
3968167
3968168
3968169
3968171
3968172
3968173
3968174
3968175
3968176
3968177
3968178
3968179
3968184
3968187
3968188
3968190
3968191
3968193
3968194
3968196
3968198
3968199
3968200
3968201
3968202
3968203
3968205
3968206
3968207
3968210
3968212
3968213
3968214
3968215
3968217
3968218
3968219
3968220
3968221
3968223
3968225
3968226
3968227
3968228
3968229
3968233
3968235
3968236
3968237
3968238
3968239
3968240
3968241
3968242
3968244
3968245
3968246
3968247
3968248
3968249
3968251
3968252
3968253
3968254
3968256
3968261
3968262
3968263
3968264
3968267
3968270
3968271
3968274
3968275
3968276
3968277
3968278
3968279
3968281
3968282
3968283
3968284
3968286
3968289
3968290
3968291
3968292
3968293
3968295
3968296
3968297
3968298
3968299
3968300
3968302
3968303
3968304
3968305
3968307
3968308
3968310
3968311
3968312
3968313
3968315
3968316
3968317
3968319
3968321
3968322
3968323
3968324
3968326
3968327
3968328
3968329
3968330
3968331
3968332
3968333
3968334
3968335
3968336
3968338
3968339
3968340
3968342
3968343
3968344
3968345
3968346
3968347
3968348
3968349
3968351
3968352
3968353
3968355
3968356
3968357
3968358
3968360
3968361
3968362
3968363
3968364
3968365
3968366
3968367
3968368
3968369
3968370
3968371
3968372
3968373
3968374
3968375
3968376
3968377
3968379
3968381
3968382
3968383
3968384
3968385
3968386
3968387
3968388
3968389
3968390
3968391
3968393
3968394
3968395
3968396
3968397
3968398
3968400
3968401
3968402
3968404
3968405
3968406
3968407
3968408
3968409
3968410
3968411
3968412
3968413
3968414
3968415
3968416
3968417
3968418
3968419
3968420
3968421
3968422
3968423
3968424
3968425
3968426
3968428
3968429
3968430
3968431
3968434
3968436
3968441
3968442
3968443
3968445
3968446
3968447
3968448
3968449
3968450
3968451
3968452
3968453
3968454
3968455
3968456
3968457
3968458
3968459
3968462
3968463
3968465
3968466
3968467
3968468
3968471
3968472
3968473
3968474
3968476
3968478
3968480
3968481
3968484
3968485
3968487
3968488
3968489
3968490
3968491
3968493
3968494
3968495
3968496
3968498
3968499
3968500
3968501
3968503
3968504
3968505
3968506
3968508
3968510
3968513
3968514
3968515
3968516
3968517
3968520
3968521
3968525
3968526
3968527
3968528
3968531
3968533
3968534
3968535
3968537
3968538
3968540
3968541
3968543
3968544
3968545
3968546
3968547
3968548
3968551
3968553
3968554
3968555
3968556
3968557
3968558
3968559
3968560
3968561
3968562
3968563
3968564
3968565
3968566
3968568
3968569
3968572
3968573
3968575
3968577
3968578
3968579
3968581
3968582
3968583
3968584
3968585
3968587
3968588
3968589
3968590
3968591
3968592
3968593
3968594
3968595
3968596
3968598
3968600
3968601
3968602
3968603
3968604
3968606
3968607
3968608
3968609
3968610
3968611
3968612
3968613
3968614
3968615
3968616
3968618
3968620
3968621
3968623
3968624
3968625
3968626
3968627
3968628
3968629
3968630
3968632
3968633
3968634
3968635
3968636
3968638
3968639
3968640
3968641
3968642
3968645
3968646
3968647
3968649
3968650
3968651
3968652
3968653
3968654
3968655
3968657
3968658
3968659
3968661
3968662
3968663
3968664
3968665
3968666
3968667
3968668
3968669
3968670
3968672
3968674
3968676
3968677
3968679
3968680
3968681
3968682
3968683
3968684
3968685
3968688
3968689
3968690
3968691
3968692
3968693
3968694
3968695
3968696
3968698
3968699
3968701
3968702
3968703
3968704
3968706
3968707
3968708
3968709
3968710
3968711
3968712
3968713
3968714
3968715
3968716
3968717
3968718
3968719
3968721
3968723
3968724
3968725
3968726
3968728
3968729
3968730
3968731
3968732
3968734
3968735
3968737
3968738
3968739
3968740
3968741
3968743
3968744
3968745
3968746
3968747
3968748
3968749
3968751
3968752
3968754
3968755
3968756
3968757
3968758
3968759
3968760
3968761
3968762
3968763
3968766
3968767
3968769
3968770
3968771
3968772
3968773
3968774
3968775
3968776
3968777
3968778
3968779
3968782
3968783
3968784
3968785
3968786
3968787
3968788
3968792
3968793
3968794
3968795
3968798
3968799
3968801
3968802
3968803
3968804
3968805
3968806
3968807
3968808
3968809
3968810
3968811
3968812
3968813
3968814
3968815
3968817
3968818
3968821
3968822
3968823
3968824
3968825
3968826
3968827
3968828
3968829
3968831
3968832
3968833
3968835
3968836
3968837
3968838
3968840
3968841
3968842
3968844
3968845
3968846
3968847
3968849
3968850
3968851
3968852
3968853
3968854
3968856
3968859
3968860
3968861
3968862
3968863
3968864
3968866
3968867
3968868
3968869
3968870
3968871
3968873
3968874
3968875
3968877
3968878
3968880
3968882
3968883
3968884
3968885
3968886
3968887
3968888
3968890
3968891
3968892
3968893
3968894
3968895
3968896
3968897
3968898
3968901
3968902
3968905
3968907
3968909
3968911
3968912
3968913
3968914
3968915
3968917
3968918
3968919
3968920
3968921
3968922
3968923
3968924
3968925
3968926
3968928
3968932
3968935
3968936
3968937
3968939
3968940
3968941
3968942
3968943
3968944
3968945
3968946
3968947
3968948
3968949
3968950
3968951
3968952
3968954
3968955
3968956
3968957
3968958
3968959
3968960
3968961
3968962
3968963
3968964
3968965
3968966
3968967
3968968
3968969
3968971
3968974
3968975
3968976
3968978
3968979
3968980
3968981
3968982
3968983
3968984
3968986
3968987
3968988
3968989
3968990
3968991
3968992
3968993
3968994
3968995
3968996
3968997
3968998
3968999
3969000
3969001
3969002
3969003
3969005
3969006
3969007
3969008
3969010
3969011
3969013
3969014
3969015
3969016
3969017
3969018
3969019
3969020
3969021
3969022
3969023
3969024
3969025
3969026
3969027
3969028
3969029
3969030
3969031
3969032
3969033
3969034
3969036
3969037
3969038
3969039
3969040
3969042
3969043
3969044
3969045
3969046
3969047
3969048
3969049
3969050
3969051
3969052
3969053
3969055
3969056
3969058
3969060
3969061
3969062
3969063
3969064
3969065
3969066
3969068
3969070
3969071
3969072
3969073
3969074
3969075
3969076
3969077
3969078
3969079
3969080
3969082
3969083
3969084
3969085
3969087
3969088
3969089
3969092
3969093
3969094
3969095
3969096
3969097
3969098
3969099
3969101
3969102
3969103
3969105
3969106
3969107
3969108
3969109
3969110
3969111
3969112
3969113
3969114
3969116
3969117
3969118
3969119
3969120
3969121
3969122
3969123
3969124
3969125
3969126
3969128
3969129
3969131
3969132
3969133
3969134
3969135
3969136
3969137
3969138