4209042
4209043
4209047
4209048
4209051
4209052
4209053
4209054
4209055
4209057
4209059
4209060
4209062
4209065
4209066
4209067
4209068
4209069
4209070
4209072
4209074
4209076
4209078
4209081
4209084
4209087
4209090
4209092
4209095
4209096
4209098
4209100
4209101
4209102
4209105
4209111
4209114
4209118
4209125
4209128
4209133
4209138
4209148
4209152
4209164
4209167
4209175
4209180
4209183
4209193
4209194
4209195
4209196
4209197
4209198
4209199
4209203
4209205
4209206
4209207
4209210
4209211
4209213
4209214
4209216
4209217
4209220
4209221
4209222
4209224
4209225
4209228
4209231
4209232
4209233
4209234
4209235
4209236
4209237
4209240
4209241
4209248
4209251
4209252
4209255
4209256
4209259
4209260
4209261
4209262
4209263
4209264
4209265
4209266
4209268
4209269
4209271
4209273
4209274
4209277
4209279
4209280
4209281
4209282
4209283
4209284
4209285
4209286
4209287
4209288
4209289
4209290
4209291
4209292
4209293
4209294
4209296
4209298
4209301
4209302
4209304
4209307
4209308
4209309
4209312
4209313
4209314
4209318
4209321
4209324
4209327
4209328
4209331
4209332
4209333
4209334
4209335
4209336
4209337
4209339
4209340
4209342
4209348
4209349
4209351
4209352
4209353
4209356
4209357
4209360
4209361
4209362
4209363
4209365
4209368
4209372
4209373
4209374
4209376
4209377
4209378
4209380
4209381
4209384
4209386
4209387
4209388
4209390
4209391
4209392
4209394
4209396
4209398
4209401
4209406
4209407
4209408
4209409
4209411
4209417
4209422
4209427
4209429
4209435
4209439
4209442
4209443
4209450
4209452
4209459
4209460
4209462
4209463
4209464
4209465
4209466
4209467
4209468
4209471
4209472
4209473
4209474
4209475
4209477
4209478
4209479
4209480
4209481
4209482
4209483
4209485
4209486
4209487
4209489
4209490
4209491
4209492
4209494
4209495
4209496
4209497
4209499
4209500
4209501
4209502
4209504
4209505
4209506
4209508
4209509
4209510
4209511
4209513
4209514
4209515
4209517
4209518
4209519
4209520
4209521
4209526
4209527
4209528
4209529
4209530
4209531
4209532
4209535
4209536
4209537
4209538
4209539
4209540
4209542
4209543
4209544
4209546
4209547
4209548
4209551
4209552
4209553
4209554
4209555
4209556
4209557
4209558
4209559
4209561
4209564
4209565
4209566
4209567
4209568
4209569
4209570
4209571
4209572
4209574
4209575
4209576
4209578
4209579
4209580
4209581
4209582
4209583
4209584
4209585
4209586
4209587
4209588
4209589
4209590
4209591
4209593
4209594
4209596
4209598
4209599
4209601
4209603
4209604
4209605
4209606
4209607
4209609
4209610
4209611
4209612
4209615
4209616
4209617
4209618
4209620
4209621
4209622
4209623
4209625
4209626
4209627
4209628
4209629
4209630
4209632
4209634
4209636
4209638
4209639
4209641
4209642
4209643
4209644
4209645
4209647
4209650
4209651
4209652
4209653
4209655
4209656
4209657
4209658
4209660
4209663
4209664
4209667
4209668
4209669
4209670
4209672
4209673
4209675
4209676
4209677
4209678
4209679
4209681
4209684
4209687
4209688
4209689
4209690
4209693
4209696
4209697
4209698
4209700
4209711
4209712
4209714
4209716
4209718
4209719
4209720
4209721
4209723
4209724
4209725
4209726
4209729
4209730
4209735
4209736
4209738
4209739
4209740
4209741
4209742
4209743
4209746
4209747
4209749
4209751
4209752
4209753
4209754
4209755
4209756
4209757
4209758
4209759
4209760
4209761
4209762
4209763
4209764
4209765
4209767
4209768
4209770
4209771
4209774
4209775
4209776
4209777
4209780
4209781
4209782
4209783
4209784
4209785
4209786
4209787
4209788
4209789
4209790
4209791
4209792
4209793
4209794
4209795
4209796
4209797
4209798
4209799
4209800
4209801
4209802
4209803
4209805
4209806
4209807
4209808
4209810
4209811
4209812
4209813
4209814
4209816
4209817
4209818
4209819
4209820
4209821
4209822
4209823
4209824
4209826
4209827
4209828
4209829
4209830
4209831
4209832
4209833
4209834
4209835
4209836
4209837
4209838
4209840
4209841
4209843
4209845
4209847
4209848
4209849
4209850
4209851
4209852
4209854
4209856
4209858
4209859
4209860
4209861
4209862
4209863
4209864
4209865
4209866
4209867
4209869
4209870
4209873
4209874
4209875
4209876
4209877
4209879
4209881
4209883
4209884
4209887
4209888
4209889
4209890
4209891
4209892
4209893
4209895
4209896
4209901
4209902
4209904
4209905
4209906
4209907
4209908
4209912
4209913
4209914
4209915
4209916
4209919
4209920
4209921
4209922
4209926
4209928
4209929
4209930
4209931
4209932
4209934
4209935
4209936
4209937
4209940
4209941
4209942
4209943
4209944
4209947
4209948
4209949
4209952
4209953
4209954
4209955
4209957
4209958
4209959
4209960
4209961
4209963
4209964
4209965
4209966
4209967
4209968
4209970
4209971
4209973
4209974
4209975
4209977
4209978
4209979
4209980
4209981
4209982
4209983
4209984
4209985
4209986
4209987
4209988
4209989
4209990
4209991
4209994
4209996
4209997
4209998
4209999
4210000
4210001
4210003
4210005
4210006
4210007
4210008
4210009
4210011
4210012
4210013
4210014
4210015
4210016
4210017
4210018
4210020
4210021
4210022
4210023
4210025
4210026
4210027
4210028
4210029
4210031
4210032
4210033
4210034
4210035
4210036
4210037
4210038
4210039
4210040
4210041
4210042
4210043
4210044
4210045
4210048
4210049
4210051
4210052
4210053
4210055
4210056
4210057
4210058
4210059
4210060
4210061
4210062
4210064
4210065
4210066
4210067
4210068
4210069
4210071
4210072
4210074
4210075
4210076
4210078
4210079
4210080
4210081
4210082
4210085
4210086
4210087
4210088
4210089
4210090
4210091
4210092
4210093
4210094
4210095
4210096
4210097
4210098
4210099
4210101
4210102
4210103
4210104
4210105
4210106
4210107
4210108
4210109
4210110
4210111
4210112
4210113
4210115
4210116
4210118
4210119
4210120
4210121
4210122
4210123
4210125
4210126
4210127
4210128
4210129
4210131
4210133
4210134
4210136
4210137
4210138
4210142
4210143
4210144
4210145
4210147
4210148
4210149
4210150
4210151
4210153
4210156
4210157
4210158
4210159
4210160
4210161
4210162
4210165
4210166
4210169
4210170
4210172
4210173
4210174
4210177
4210178
4210179
4210181
4210182
4210184
4210186
4210187
4210188
4210189
4210191
4210192
4210193
4210195
4210196
4210197
4210198
4210206
4210207
4210209
4210210
4210211
4210212
4210213
4210215
4210216
4210217
4210218
4210220
4210222
4210224
4210226
4210227
4210230
4210231
4210232
4210233
4210234
4210235
4210244
4210245
4210246
4210247
4210249
4210250
4210251
4210253
4210254
4210256
4210257
4210258
4210260
4210265
4210268
4210269
4210272
4210273
4210275
4210276
4210277
4210279
4210281
4210284
4210285
4210287
4210288
4210290
4210291
4210292
4210295
4210298
4210299
4210301
4210302
4210303
4210304
4210305
4210307
4210308
4210310
4210312
4210314
4210316
4210317
4210319
4210320
4210321
4210323
4210324
4210325
4210327
4210328
4210330
4210332
4210333
4210334
4210338
4210339
4210341
4210343
4210346
4210349
4210350
4210353
4210355
4210356
4210357
4210358
4210359
4210363
4210364
4210365
4210371
4210372
4210373
4210374
4210378
4210381
4210382
4210383
4210386
4210388
4210389
4210391
4210392
4210393
4210394
4210397
4210401
4210403
4210405
4210407
4210409
4210410
4210413
4210415
4210420
4210421
4210423
4210424
4210425
4210426
4210428
4210429
4210430
4210432
4210433
4210434
4210435
4210436
4210437
4210439
4210440
4210441
4210442
4210443
4210444
4210445
4210447
4210449
4210451
4210453
4210454
4210456
4210457
4210458
4210459
4210460
4210461
4210462
4210463
4210466
4210468
4210470
4210471
4210473
4210474
4210476
4210477
4210478
4210481
4210483
4210484
4210485
4210487
4210488
4210489
4210490
4210491
4210492
4210493
4210494
4210496
4210497
4210498
4210499
4210500
4210501
4210502
4210503
4210504
4210505
4210506
4210507
4210511
4210512
4210513
4210515
4210518
4210519
4210521
4210522
4210523
4210524
4210525
4210526
4210527
4210528
4210529
4210531
4210532
4210536
4210537
4210538
4210539
4210541
4210547
4210548
4210549
4210550
4210551
4210555
4210556
4210557
4210558
4210559
4210561
4210562
4210563
4210564
4210565
4210566
4210568
4210570
4210571
4210572
4210573
4210576
4210577
4210578
4210579
4210580
4210581
4210582
4210583
4210584
4210586
4210587
4210588
4210589
4210590
4210592
4210593
4210594
4210595
4210596
4210597
4210599
4210600
4210602
4210603
4210604
4210605
4210606
4210607
4210608
4210609
4210610
4210611
4210612
4210613
4210614
4210615
4210618
4210619
4210620
4210621
4210622
4210623
4210624
4210626
4210627
4210628
4210629
4210630
4210632
4210633
4210635
4210636
4210637
4210640
4210641
4210643
4210644
4210645
4210647
4210649
4210651
4210653
4210654
4210657
4210662
4210663
4210664
4210665
4210667
4210670
4210673
4210675
4210677
4210679
4210680
4210682
4210683
4210690
4210692
4210694
4210697
4210699
4210704
4210705
4210709
4210710
4210714
4210718
4210721
4210722
4210728
4210730
4210732
4210734
4210736
4210737
4210738
4210739
4210740
4210745
4210746
4210754
4210755
4210757
4210758
4210759
4210760
4210762
4210766
4210768
4210769
4210771
4210773
4210774
4210776
4210778
4210780
4210782
4210783
4210784
4210786
4210793
4210794
4210798
4210800
4210801
4210802
4210803
4210804
4210805
4210807
4210808
4210809
4210810
4210811
4210812
4210815
4210816
4210817
4210820
4210823
4210824
4210832
4210836
4210839
4210844
4210848
4210849
4210850
4210852
4210854
4210856
4210857
4210858
4210859
4210860
4210861
4210862
4210863
4210864
4210865
4210866
4210867
4210869
4210870
4210871
4210872
4210874
4210881
4210882
4210886
4210887
4210892
4210896
4210897
4210898
4210902
4210903
4210908
4210910
4210912
4210914
4210922
4210923
4210926
4210933
4210935
4210937
4210938
4210939
4210940
4210945
4210947
4210949
4210950
4210951
4210952
4210954
4210955
4210956
4210957
4210958
4210959
4210961
4210962
4210964
4210965
4210966
4210967
4210968
4210969
4210970
4210971
4210972
4210974
4210976