3928635
3928461
3928465
3928467
3928468
3928472
3928475
3928476
3928479
3928480
3928493
3928494
3928496
3928497
3928499
3928517
3928519
3928524
3928525
3928527
3928558
3928559
3928566
3928572
3928579
3928589
3928603
3928604
3928605
3928608
3928609
3928611
3928617
3928629
3928632
3928638
3928325
3928326
3928327
3928328
3928329
3928330
3928333
3928334
3928336
3928337
3928340
3928341
3928343
3928345
3928347
3928349
3928350
3928352
3928353
3928354
3928356
3928357
3928359
3928360
3928361
3928362
3928364
3928365
3928369
3928370
3928372
3928374
3928376
3928379
3928380
3928381
3928382
3928383
3928384
3928386
3928388
3928389
3928391
3928392
3928393
3928394
3928396
3928397
3928398
3928399
3928400
3928402
3928403
3928405
3928406
3928408
3928409
3928410
3928418
3928419
3928420
3928422
3928424
3928425
3928426
3928427
3928428
3928429
3928430
3928431
3928434
3928435
3928437
3928438
3928439
3928440
3928441
3928443
3928444
3928445
3928446
3928447
3928449
3928450
3928451
3928452
3928453
3928454
3928455
3928456
3928457
3928458
3928459
3928460
3928462
3928463
3928464
3928466
3928469
3928470
3928471
3928473
3928474
3928485
3928486
3928487
3928489
3928490
3928491
3928500
3928501
3928503
3928504
3928505
3928506
3928507
3928509
3928513
3928516
3928518
3928520
3928521
3928522
3928523
3928526
3928528
3928529
3928530
3928532
3928538
3928539
3928541
3928542
3928543
3928544
3928546
3928548
3928549
3928550
3928552
3928553
3928560
3928554
3928555
3928556
3928557
3928564
3928565
3928567
3928569
3928570
3928571
3928574
3928576
3928578
3928580
3928582
3928583
3928584
3928585
3928586
3928587
3928588
3928593
3928594
3928595
3928596
3928598
3928599
3928600
3928601
3928602
3928610
3928613
3928614
3928615
3928616
3928618
3928622
3928624
3928625
3928626
3928627
3928628
3928630
3928631
3928634
3928636
3928637
3928639
3928642
3928645
3928646
3928647
3928650
3928652
3928653
3928656
3928657
3928658
3928660
3928666
3928667
3928668
3928669
3928670
3928671
3928672
3928674
3928677
3928679
3928680
3928681
3928682
3928683
3928688
3928689
3928692
3928693
3928696
3928701
3928703
3928705
3928707
3928708
3928710
3928711
3928713
3928715
3928716
3928719
3928720
3928721
3928722
3928725
3928728
3928729
3928730
3928731
3928734
3928735
3928741
3928742
3928751
3928752
3928753
3928754
3928755
3928757
3928759
3928760
3928761
3928762
3928767
3928769
3928776
3928777
3928779
3928780
3928781
3928783
3928784
3928796
3928798
3928800
3928802
3928804
3928805
3928810
3928812
3928814
3928817
3928826
3928829
3928834
3928835
3928844
3928846
3928849
3928848
3928850
3928858
3928861
3928863
3928864
3928866
3928867
3928873
3928876
3928877
3928880
3928882
3928884
3928890
3928896
3928898
3928903
3928910
3928921
3928937
3928938
3928944
3928950
3928954
3928964
3928973
3928975
3928977
3928978
3928979
3928982
3928983
3928986
3928987
3928988
3928990
3928993
3928995
3928998
3929002
3929010
3929024
3929025
3929026
3929027
3929028
3929035
3929040
3929041
3929042
3929046
3929048
3929051
3929054
3929055
3929056
3929058
3929063
3929069
3929071
3929073
3929081
3929091
3929102
3929105
3929109
3929110
3929111
3929113
3929116
3929120
3929123
3929128
3929129
3929130
3929132
3929143
3929147
3929152
3929153
3929157
3929158
3929159
3929168
3929171
3929175
3929179
3929182
3929185
3929186
3929192
3929203
3929204
3929207
3929214
3929215
3929218
3929221
3929223
3929226
3929231
3929248
3929252
3929260
3929263
3929264
3929269
3929272
3929273
3929276
3929277
3929290
3929291
3929298
3929308
3929313
3929319
3929321
3929322
3929323
3929325
3929330
3929334
3929337
3929338
3929339
3929343
3929344
3929345
3929346
3929352
3929354
3929359
3929360
3929371
3929375
3929378
3929379
3929380
3929382
3929383
3929387
3929397
3929410
3929411
3929425
3929427
3929450
3929477
3929490
3929501
3929503
3929505
3929510
3929514
3929515
3929520
3929524
3929526
3929529
3929557
3929558
3929577
3929592
3929594
3929595
3929604
3929607
3929612
3929640
3929642
3929648
3929650
3929656
3929658
3929659
3929660
3929671
3929680
3929682
3929683
3929686
3929691
3929692
3929696
3929697
3929702
3929708
3929710
3929716
3929717
3929718
3929720
3929726
3929728
3929731
3929732
3929733
3929734
3929736
3929739
3929741
3929750
3929753
3929760
3929761
3929762
3929766
3929769
3929781
3929784
3929790
3929796
3929800
3929816
3929819
3929820
3929837
3929856
3929863
3929870
3929878
3929946
3929968
3929969
3930018
3930025
3930029
3930031