3854794
3854795
3854797
3854799
3854801
3854803
3854804
3854805
3854806
3854807
3854808
3854809
3854810
3854811
3854812
3854813
3854814
3854817
3854818
3854819
3854821
3854822
3854823
3854824
3854825
3854826
3854827
3854828
3854829
3854831
3854832
3854833
3854834
3854837
3854838
3854840
3854842
3854843
3854844
3854845
3854846
3854847
3854850
3854852
3854853
3854858
3854861
3854862
3854863
3854864
3854865
3854866
3854868
3854869
3854870
3854871
3854874
3854875
3854876
3854877
3854878
3854879
3854880
3854881
3854882
3854883
3854884
3854885
3854886
3854887
3854888
3854889
3854890
3854891
3854892
3854893
3854894
3854896
3854898
3854899
3854900
3854901
3854903
3854904
3854905
3854906
3854907
3854908
3854910
3854912
3854913
3854914
3854915
3854916
3854917
3854920
3854921
3854922
3854923
3854925
3854927
3854928
3854929
3854930
3854931
3854932
3854936
3854937
3854940
3854941
3854945
3854946
3854947
3854948
3854949
3854950
3854952
3854953
3854955
3854956
3854957
3854958
3854959
3854960
3854961
3854962
3854963
3854965
3854966
3854968
3854969
3854970
3854971
3854973
3854976
3854978
3854979
3854980
3854981
3854982
3854983
3854985
3854986
3854988
3854989
3854990
3854991
3854992
3854993
3854994
3854995
3854996
3854997
3854998
3854999
3855000
3855001
3855002
3855003
3855004
3855005
3855006
3855007
3855008
3855011
3855013
3855014
3855015
3855016
3855017
3855018
3855020
3855022
3855023
3855026
3855032
3855034
3855035
3855039
3855046
3855047
3855048
3855052
3855058
3855062
3855064
3855065
3855067
3855068
3855079
3855080
3855081
3855084
3855085
3855087
3855088
3855090
3855093
3855096
3855100
3855106
3855107
3855109
3855112
3855115
3855122
3855124
3855126
3855129
3855132
3855133
3855136
3855139
3855143
3855148
3855150
3855152
3855153
3855154
3855156
3855159
3855160
3855165
3855169
3855170
3855171
3855175
3855185
3855187
3855188
3855190
3855191
3855195
3855200
3855203
3855214
3855215
3855216
3855227
3855233
3855240
3855241
3855242
3855243
3855244
3855245
3855246
3855247
3855248
3855250
3855251
3855256
3855260
3855278
3855316
3855319
3855321
3855325
3855327
3855332
3855336
3855337
3855339
3855340
3855344
3855345
3855346
3855355
3855356
3855358
3855359
3855361
3855362
3855364
3855366
3855368
3855369
3855375
3855377
3855383
3855389
3855392
3855398
3855400
3855401
3855404
3855405
3855406
3855408
3855410
3855411
3855412
3855418
3855420
3855421
3855422
3855423
3855426
3855428
3855429
3855430
3855431
3855432
3855433
3855434
3855435
3855436
3855437
3855438
3855442
3855452
3855454
3855455
3855459
3855462
3855465
3855466
3855472
3855482
3855483
3855484
3855494
3855496
3855498
3855505
3855511
3855513
3855522
3855533
3855542
3855544
3855545
3855546
3855549
3855552
3855556
3855559
3855562
3855567
3855571
3855572
3855576
3855577
3855579
3855581
3855583
3855584
3855586
3855588
3855589
3855590
3855595
3855618
3855624
3855626
3855635
3855636
3855642
3855645
3855647
3855648
3855649
3855654
3855677
3855682
3855688
3855706
3855708
3855714
3855729
3855739
3855745
3855748
3855755
3855757
3855760
3855771
3855774
3855776
3855828
3855834
3855844
3855849
3855850
3855851
3855853
3855861
3855862
3855890
3855899
3855907
3855908
3855910
3855911
3855918
3855922
3855924
3855926
3855930
3855931
3855936
3855937
3855938
3855940
3855941