4135520
4135521
4135522
4135523
4135524
4135525
4135526
4135527
4135528
4135529
4135530
4135531
4135532
4135533
4135534
4135535
4135536
4135537
4135538
4135539
4135540
4135542
4135543
4135544
4135545
4135546
4135547
4135548
4135549
4135550
4135551
4135552
4135554
4135555
4135556
4135557
4135561
4135562
4135564
4135565
4135566
4135567
4135569
4135570
4135571
4135572
4135574
4135575
4135576
4135577
4135580
4135581
4135582
4135583
4135584
4135585
4135587
4135588
4135589
4135590
4135591
4135592
4135593
4135594
4135595
4135596
4135599
4135600
4135601
4135602
4135603
4135604
4135605
4135606
4135607
4135610
4135611
4135612
4135613
4135614
4135615
4135616
4135617
4135620
4135621
4135623
4135624
4135625
4135626
4135630
4135631
4135632
4135633
4135635
4135636
4135637
4135640
4135642
4135645
4135646
4135647
4135648
4135649
4135650
4135651
4135652
4135653
4135654
4135655
4135657
4135658
4135659
4135660
4135661
4135662
4135663
4135664
4135665
4135667
4135668
4135669
4135670
4135673
4135674
4135675
4135676
4135677
4135678
4135680
4135681
4135682
4135683
4135685
4135687
4135688
4135690
4135691
4135693
4135694
4135695
4135697
4135699
4135700
4135701
4135702
4135703
4135704
4135705
4135706
4135707
4135709
4135710
4135711
4135712
4135713
4135715
4135716
4135717
4135718
4135719
4135720
4135721
4135722
4135723
4135724
4135725
4135726
4135727
4135728
4135729
4135730
4135731
4135733
4135734
4135735
4135736
4135738
4135739
4135741
4135742
4135743
4135744
4135745
4135746
4135748
4135749
4135750
4135751
4135752
4135753
4135754
4135755
4135756
4135757
4135758
4135759
4135760
4135761
4135762
4135763
4135764
4135765
4135767
4135769
4135770
4135771
4135772
4135773
4135774
4135775
4135776
4135777
4135779
4135780
4135781
4135782
4135783
4135784
4135785
4135786
4135787
4135788
4135789
4135790
4135791
4135792
4135793
4135795
4135796
4135797
4135798
4135799
4135800
4135801
4135803
4135804
4135805
4135806
4135807
4135814
4135818
4135819
4135820
4135821
4135824
4135825
4135826
4135827
4135828
4135829
4135830
4135831
4135832
4135834
4135835
4135837
4135838
4135839
4135840
4135841
4135842
4135843
4135844
4135845
4135846
4135847
4135848
4135849
4135850
4135851
4135852
4135853
4135854
4135855
4135857
4135858
4135860
4135864
4135865
4135866
4135867
4135868
4135869
4135870
4135871
4135872
4135873
4135874
4135875
4135877
4135878
4135879
4135880
4135881
4135882
4135883
4135884
4135885
4135886
4135887
4135888
4135889
4135890
4135891
4135892
4135893
4135894
4135895
4135896
4135897
4135898
4135899
4135900
4135902
4135903
4135904
4135907
4135908
4135909
4135910
4135911
4135912
4135913
4135914
4135915
4135916
4135917
4135918
4135919
4135920
4135922
4135923
4135924
4135925
4135926
4135927
4135928
4135929
4135930
4135932
4135933
4135935
4135936
4135937
4135939
4135940
4135941
4135942
4135943
4135944
4135945
4135946
4135947
4135948
4135949
4135950
4135951
4135952
4135953
4135954
4135955
4135956
4135957
4135959
4135960
4135961
4135962
4135964
4135966
4135968
4135969
4135970
4135971
4135972
4135973
4135974
4135975
4135976
4135977
4135978
4135979
4135981
4135982
4135983
4135984
4135985
4135986
4135987
4135988
4135989
4135990
4135991
4135992
4135993
4135994
4135995
4135996
4135997
4135998
4135999
4136000
4136001
4136002
4136003
4136004
4136005
4136006
4136007
4136008
4136010
4136011
4136012
4136013
4136017
4136019
4136020
4136021
4136022
4136023
4136026
4136028
4136029
4136030
4136031
4136032
4136033
4136034
4136035
4136036
4136038
4136039
4136040
4136041
4136042
4136043
4136044
4136046
4136047
4136049
4136050
4136052
4136054
4136056
4136057
4136059
4136062
4136063
4136064
4136065
4136066
4136068
4136069
4136070
4136071
4136072
4136073
4136074
4136076
4136078
4136081
4136083
4136084
4136087
4136088
4136090
4136091
4136092
4136094
4136096
4136097
4136098
4136099
4136100
4136101
4136102
4136103
4136104
4136107
4136108
4136110
4136112
4136116
4136117
4136118
4136119
4136120
4136121
4136123
4136124
4136125
4136127
4136128
4136129
4136130
4136131
4136133
4136134
4136135
4136136
4136138
4136140
4136143
4136144
4136145
4136146
4136147
4136148
4136149
4136150
4136151
4136152
4136153
4136154
4136155
4136156
4136157
4136158
4136159
4136161
4136162
4136163
4136164
4136167
4136168
4136169
4136170
4136171
4136173
4136174
4136175
4136176
4136177
4136178
4136179
4136181
4136182
4136183
4136184
4136185
4136186
4136187
4136188
4136189
4136190
4136191
4136193
4136194
4136197
4136198
4136199
4136200
4136201
4136202
4136203
4136204
4136205
4136206
4136207
4136208
4136209
4136210
4136211
4136214
4136215
4136216
4136218
4136219
4136220
4136222
4136223
4136225
4136227
4136228
4136229
4136230
4136231
4136232
4136233
4136234
4136235
4136236
4136237
4136240
4136242
4136243
4136245
4136246
4136247
4136249
4136251
4136252
4136253
4136254
4136255
4136256
4136259
4136260
4136261
4136262
4136263
4136264
4136268
4136269
4136270
4136272
4136273
4136274
4136275
4136276
4136277
4136280
4136281
4136282
4136283
4136285
4136287
4136288
4136289
4136290
4136291
4136292
4136293
4136294
4136295
4136296
4136297
4136298
4136299
4136301
4136303
4136304
4136305
4136307
4136308
4136309
4136311
4136312
4136313
4136314
4136315
4136316
4136317
4136318
4136319
4136320
4136321
4136324
4136325
4136326
4136328
4136329
4136330
4136331
4136332
4136333
4136335
4136337
4136338
4136340
4136341
4136342
4136344
4136347
4136348
4136351
4136352
4136353
4136354
4136355
4136357
4136358
4136359
4136361
4136362
4136363
4136365
4136366
4136367
4136368
4136374
4136376
4136378
4136379
4136380
4136381
4136382
4136387
4136388
4136389
4136391
4136392
4136393
4136394
4136395
4136400
4136401
4136402
4136403
4136405
4136406
4136407
4136408
4136409
4136410
4136411
4136412
4136413
4136414
4136415
4136416
4136417
4136419
4136420
4136421
4136422
4136423
4136424
4136425
4136426
4136427
4136428
4136429
4136430
4136431
4136432
4136433
4136434
4136435
4136436
4136437
4136438
4136439
4136440
4136441
4136442
4136443
4136444
4136446
4136447
4136448
4136449
4136450
4136451
4136452
4136453
4136455
4136456
4136457
4136458
4136459
4136460
4136461
4136462
4136463
4136464
4136465
4136466
4136468
4136470
4136471
4136472
4136473
4136474
4136475
4136476
4136477
4136478
4136479
4136480
4136481
4136483
4136484
4136486
4136487
4136488
4136489
4136490
4136491
4136492
4136493
4136496
4136498
4136499
4136500
4136502
4136503
4136504
4136505
4136506
4136508
4136510
4136511
4136512
4136513
4136515
4136516
4136518
4136519
4136521
4136523
4136525
4136528
4136531
4136532
4136535
4136536
4136539
4136543
4136544
4136546
4136548
4136549
4136551
4136552
4136555
4136558
4136560
4136561
4136562
4136563
4136564
4136566
4136569
4136574
4136575
4136577
4136578
4136579
4136580
4136581
4136582
4136584
4136585
4136586
4136587
4136588
4136589
4136590
4136591
4136592
4136593
4136595
4136596
4136597
4136598
4136599
4136600
4136602
4136603
4136604
4136606
4136608
4136609
4136610
4136614
4136615
4136616
4136617
4136619
4136621
4136622
4136623
4136624
4136625
4136626
4136627
4136628
4136630
4136632
4136633
4136634
4136635
4136636
4136637
4136638
4136641
4136643
4136645
4136647
4136648
4136649
4136650
4136651
4136652
4136654
4136655
4136656
4136659
4136661
4136662
4136663
4136664
4136665
4136666
4136667
4136668
4136669
4136670
4136672
4136673
4136674
4136675
4136676
4136677
4136678
4136679
4136680
4136681
4136682
4136683
4136684
4136685
4136687
4136688
4136689
4136690
4136691
4136692
4136693
4136696
4136697
4136698
4136699
4136701
4136702
4136703
4136704
4136705
4136706
4136707
4136708
4136709
4136710
4136712
4136716
4136717
4136720
4136722
4136723
4136724
4136725
4136730
4136734
4136735
4136736
4136737
4136738
4136740