3901650
3901653
3901655
3901656
3901657
3901658
3901661
3901662
3901663
3901664
3901666
3901667
3901668
3901670
3901672
3901675
3901676
3901678
3901680
3901681
3901682
3901683
3901684
3901685
3901687
3901688
3901689
3901690
3901691
3901692
3901693
3901695
3901698
3901699
3901701
3901704
3901705
3901706
3901707
3901708
3901709
3901710
3901713
3901716
3901717
3901718
3901719
3901720
3901721
3901722
3901723
3901725
3901726
3901727
3901728
3901729
3901730
3901731
3901732
3901733
3901740
3901741
3901744
3901745
3901746
3901748
3901749
3901750
3901752
3901753
3901754
3901755
3901756
3901757
3901759
3901760
3901761
3901762
3901764
3901765
3901766
3901767
3901768
3901769
3901773
3901774
3901775
3901778
3901779
3901781
3901782
3901784
3901785
3901786
3901789
3901790
3901791
3901792
3901793
3901794
3901796
3901797
3901798
3901799
3901800
3901801
3901802
3901803
3901804
3901806
3901807
3901808
3901809
3901811
3901812
3901813
3901814
3901815
3901818
3901819
3901820
3901821
3901823
3901824
3901826
3901827
3901828
3901829
3901830
3901831
3901833
3901835
3901837
3901838
3901841
3901842
3901843
3901844
3901845
3901847
3901849
3901850
3901851
3901852
3901853
3901854
3901855
3901858
3901859
3901860
3901861
3901862
3901865
3901866
3901867
3901868
3901869
3901870
3901871
3901872
3901873
3901874
3901876
3901877
3901879
3901881
3901882
3901883
3901884
3901885
3901887
3901889
3901890
3901891
3901892
3901893
3901894
3901895
3901897
3901898
3901900
3901901
3901902
3901903
3901906
3901909
3901912
3901913
3901915
3901916
3901918
3901921
3901924
3901926
3901927
3901928
3901929
3901931
3901932
3901933
3901934
3901936
3901937
3901938
3901939
3901940
3901941
3901942
3901943
3901944
3901946
3901947
3901948
3901949
3901953
3901954
3901955
3901956
3901957
3901958
3901959
3901960
3901961
3901962
3901963
3901964
3901965
3901966
3901968
3901969
3901970
3901971
3901974
3901976
3901978
3901979
3901980
3901982
3901983
3901984
3901986
3901987
3901988
3901989
3901990
3901991
3901992
3901993
3901995
3901996
3901997
3901999
3902000
3902001
3902002
3902004
3902009
3902010
3902012
3902013
3902014
3902015
3902016
3902018
3902020
3902023
3902024
3902025
3902026
3902027
3902028
3902029
3902031
3902032
3902033
3902034
3902035
3902036
3902037
3902038
3902040
3902042
3902043
3902044
3902045
3902046
3902047
3902051
3902052
3902053
3902057
3902058
3902059
3902060
3902061
3902062
3902064
3902065
3902066
3902067
3902068
3902070
3902072
3902073
3902074
3902075
3902076
3902077
3902078
3902079
3902081
3902082
3902083
3902084
3902085
3902086
3902087
3902089
3902090
3902091
3902092
3902093
3902094
3902095
3902097
3902098
3902099
3902100
3902102
3902103
3902104
3902105
3902106
3902108
3902109
3902110
3902112
3902114
3902115
3902116
3902117
3902118
3902119
3902122
3902123
3902124
3902127
3902129
3902130
3902131
3902132
3902134
3902135
3902136
3902138
3902140
3902141
3902142
3902143
3902144
3902145
3902147
3902148
3902149
3902151
3902152
3902153
3902157
3902158
3902159
3902161
3902163
3902167
3902169
3902170
3902171
3902175
3902178
3902179
3902180
3902183
3902184
3902185
3902186
3902187
3902188
3902189
3902190
3902191
3902193
3902195
3902196
3902197
3902199
3902201
3902202
3902203
3902204
3902205
3902206
3902207
3902209
3902211
3902214
3902215
3902217
3902219
3902220
3902223
3902225
3902226
3902227
3902228
3902229
3902230
3902231
3902232
3902237
3902238
3902239
3902240
3902241
3902242
3902243
3902244
3902245
3902248
3902249
3902250
3902251
3902252
3902254
3902255
3902256
3902259
3902260
3902261
3902262
3902263
3902264
3902265
3902267
3902268
3902269
3902270
3902271
3902272
3902274
3902275
3902276
3902278
3902279
3902280
3902281
3902282
3902286
3902287
3902288
3902289
3902290
3902291
3902292
3902295
3902296
3902297
3902298
3902299
3902300
3902301
3902303
3902304
3902305
3902306
3902307
3902309
3902310
3902312
3902313
3902314
3902315
3902316
3902317
3902319
3902320
3902322
3902323
3902324
3902325
3902326
3902327
3902328
3902330
3902332
3902335
3902336
3902337
3902338
3902339
3902340
3902341
3902342
3902343
3902345
3902346
3902348
3902350
3902351
3902352
3902353
3902354
3902356
3902357
3902358
3902359
3902360
3902363
3902365
3902366
3902367
3902368
3902369
3902370
3902371
3902373
3902374
3902376
3902377
3902378
3902379
3902380
3902381
3902382
3902384
3902385
3902386
3902390
3902391
3902393
3902394
3902397
3902399
3902400
3902402
3902403
3902405
3902407
3902409
3902412
3902413
3902414
3902415
3902416
3902417
3902418
3902419
3902420
3902421
3902422
3902423
3902424
3902426
3902427
3902430
3902433
3902435
3902436
3902437
3902438
3902440
3902441
3902442
3902443
3902445
3902446
3902448
3902449
3902450
3902451
3902452
3902455
3902458
3902459
3902461
3902462
3902463
3902464
3902465
3902466
3902470
3902471
3902472
3902473
3902474
3902476
3902477
3902478
3902480
3902482
3902483
3902486
3902487
3902488
3902489
3902492
3902495
3902496
3902498
3902499
3902500
3902501
3902502
3902503
3902507
3902508
3902511
3902514
3902515
3902518
3902520
3902522
3902523
3902524
3902526
3902528
3902529
3902530
3902531
3902532
3902533
3902534
3902535
3902536
3902537
3902538
3902539
3902540
3902542
3902543
3902544
3902546
3902547
3902548
3902549
3902550
3902551
3902553
3902556
3902557
3902558
3902559
3902560
3902563
3902566
3902572
3902573
3902575
3902579
3902586
3902593
3902603
3902606
3902607
3902610
3902611
3902613
3902615
3902620
3902621
3902624
3902628
3902637
3902640
3902642
3902643
3902645
3902646
3902647
3902649
3902650
3902651
3902652
3902653
3902654
3902655
3902659
3902660
3902663
3902664
3902666
3902668
3902669
3902670
3902671
3902672
3902673
3902674
3902676
3902677
3902679
3902683
3902684
3902685
3902686
3902688
3902689
3902690
3902691
3902692
3902693
3902694
3902695
3902698
3902699
3902702
3902705
3902708
3902709
3902713
3902714
3902715
3902717
3902718
3902720
3902721
3902725
3902726
3902730
3902736
3902742
3902743
3902744
3902745
3902749
3902751
3902758
3902761
3902763
3902764
3902765
3902767
3902771
3902773
3902774
3902775
3902781
3902786
3902787
3902788
3902791
3902793
3902794
3902797
3902799
3902803
3902808
3902813
3902815
3902818
3902820
3902824
3902825
3902826
3902831
3902836
3902838
3902840
3902842
3902844
3902846
3902847
3902849
3902858
3902861
3902863
3902865
3902869
3902870
3902871
3902875
3902881
3902882
3902888
3902895
3902906
3902920
3902923
3902926
3902930
3902931
3902940
3902952
3902959
3902963
3902964
3902979
3902981
3902988
3903001
3903005
3903006
3903008
3903009
3903010
3903012
3903014
3903016
3903017
3903018
3903022
3903024
3903030
3903036
3903038
3903040
3903046
3903047
3903049
3903051
3903053
3903058
3903060
3903061
3903062
3903066
3903067
3903070
3903077
3903080
3903081
3903084
3903085
3903086
3903088
3903090
3903093
3903095
3903097
3903099
3903105
3903116
3903117
3903118
3903120
3903121
3903125
3903128
3903131
3903133
3903136
3903140
3903143
3903147
3903155
3903156
3903161
3903162
3903163
3903164
3903176
3903179
3903187
3903192
3903195
3903200
3903203
3903206
3903209
3903211
3903212
3903218
3903228
3903233
3903240
3903241
3903242
3903244
3903245
3903246
3903248
3903249
3903250
3903258
3903264
3903270
3903277
3903293
3903310
3903312
3903319
3903332
3903350
3903353
3903364
3903365
3903366
3903395
3903404
3903406
3903412
3903413
3903444
3903445
3903450
3903458
3903463
3903476
3903484