3781447
3781449
3781453
3781454
3781456
3781458
3781459
3781460
3781461
3781462
3781463
3781465
3781466
3781467
3781469
3781470
3781471
3781474
3781475
3781477
3781479
3781480
3781481
3781484
3781485
3781486
3781487
3781488
3781489
3781490
3781494
3781495
3781497
3781498
3781501
3781502
3781503
3781504
3781505
3781506
3781507
3781511
3781512
3781513
3781515
3781516
3781517
3781519
3781520
3781521
3781522
3781524
3781526
3781528
3781529
3781530
3781531
3781532
3781535
3781537
3781538
3781539
3781541
3781542
3781543
3781544
3781545
3781546
3781553
3781554
3781557
3781560
3781562
3781563
3781564
3781565
3781566
3781567
3781568
3781569
3781572
3781574
3781575
3781576
3781577
3781578
3781581
3781582
3781583
3781584
3781585
3781586
3781587
3781588
3781589
3781590
3781591
3781592
3781593
3781596
3781597
3781598
3781599
3781600
3781601
3781602
3781604
3781605
3781606
3781607
3781609
3781610
3781611
3781612
3781613
3781614
3781615
3781616
3781617
3781618
3781619
3781620
3781621
3781622
3781623
3781625
3781626
3781627
3781628
3781629
3781630
3781631
3781635
3781636
3781638
3781639
3781640
3781641
3781642
3781645
3781646
3781647
3781648
3781649
3781650
3781651
3781652
3781653
3781654
3781655
3781656
3781657
3781658
3781659
3781660
3781663
3781664
3781665
3781666
3781667
3781668
3781669
3781671
3781672
3781674
3781676
3781677
3781678
3781679
3781680
3781681
3781683
3781684
3781685
3781686
3781687
3781688
3781689
3781690
3781692
3781693
3781695
3781696
3781699
3781701
3781703
3781705
3781706
3781707
3781708
3781709
3781714
3781715
3781717
3781718
3781719
3781720
3781721
3781722
3781723
3781724
3781726
3781727
3781728
3781729
3781730
3781731
3781732
3781734
3781735
3781736
3781737
3781739
3781740
3781741
3781743
3781744
3781745
3781746
3781747
3781748
3781750
3781751
3781752
3781754
3781755
3781756
3781759
3781761
3781762
3781764
3781765
3781767
3781768
3781769
3781770
3781771
3781773
3781775
3781778
3781781
3781782
3781783
3781784
3781785
3781787
3781788
3781790
3781791
3781792
3781793
3781795
3781796
3781798
3781799
3781800
3781802
3781804
3781805
3781806
3781808
3781810
3781812
3781814
3781816
3781817
3781818
3781819
3781820
3781821
3781823
3781825
3781827
3781832
3781833
3781834
3781835
3781836
3781837
3781838
3781840
3781842
3781843
3781844
3781845
3781847
3781848
3781849
3781850
3781851
3781852
3781853
3781854
3781855
3781856
3781857
3781858
3781859
3781861
3781862
3781864
3781865
3781866
3781868
3781870
3781874
3781875
3781876
3781877
3781878
3781880
3781882
3781883
3781884
3781885
3781886
3781888
3781889
3781890
3781891
3781892
3781893
3781895
3781898
3781901
3781902
3781903
3781904
3781905
3781906
3781907
3781909
3781910
3781911
3781912
3781913
3781914
3781915
3781916
3781917
3781918
3781919
3781920
3781921
3781922
3781923
3781924
3781925
3781926
3781928
3781931
3781935
3781936
3781938
3781939
3781941
3781943
3781944
3781945
3781947
3781948
3781949
3781950
3781951
3781952
3781953
3781955
3781957
3781959
3781960
3781961
3781962
3781964
3781965
3781966
3781967
3781968
3781969
3781970
3781972
3781973
3781974
3781975
3781976
3781978
3781979
3781980
3781982
3781983
3781985
3781986
3781987
3781988
3781989
3781992
3781994
3781995
3781998
3781999
3782001
3782002
3782004
3782006
3782007
3782008
3782009
3782010
3782012
3782013
3782014
3782016
3782017
3782021
3782022
3782023
3782024
3782026
3782028
3782029
3782030
3782031
3782032
3782034
3782037
3782038
3782042
3782043
3782044
3782045
3782046
3782048
3782049
3782050
3782052
3782053
3782055
3782056
3782057
3782058
3782059
3782060
3782061
3782063
3782064
3782068
3782073
3782077
3782078
3782079
3782081
3782083
3782084
3782086
3782088
3782090
3782093
3782094
3782095
3782097
3782098
3782099
3782100
3782101
3782102
3782103
3782105
3782108
3782109
3782113
3782118
3782121
3782122
3782123
3782128
3782131
3782132
3782133
3782136
3782137
3782139
3782140
3782142
3782144
3782145
3782149
3782150
3782151
3782152
3782153
3782154
3782155
3782156
3782159
3782161
3782162
3782163
3782164
3782166
3782167
3782168
3782169
3782171
3782172
3782176
3782177
3782178
3782180
3782181
3782183
3782186
3782189
3782190
3782193
3782195
3782196
3782197
3782198
3782200
3782201
3782202
3782203
3782204
3782205
3782206
3782207
3782209
3782210
3782211
3782212
3782213
3782214
3782218
3782220
3782221
3782222
3782224
3782225
3782226
3782227
3782228
3782230
3782231
3782233
3782234
3782238
3782239
3782243
3782244
3782245
3782246
3782247
3782258
3782259
3782260
3782261
3782262
3782263
3782266
3782267
3782269
3782272
3782275
3782276
3782278
3782280
3782283
3782284
3782285
3782286
3782287
3782288
3782291
3782292
3782293
3782294
3782295
3782296
3782297
3782298
3782299
3782300
3782301
3782302
3782303
3782304
3782305
3782306
3782307
3782308
3782310
3782312
3782313
3782314
3782315
3782318
3782319
3782320
3782321
3782322
3782324
3782325
3782326
3782328
3782329
3782330
3782331
3782333
3782335
3782336
3782337
3782338
3782339
3782340
3782341
3782342
3782343
3782344
3782345
3782346
3782347
3782350
3782351
3782352
3782353
3782354
3782355
3782356
3782357
3782360
3782361
3782362
3782365
3782367
3782368
3782370
3782371
3782372
3782373
3782374
3782375
3782376
3782377
3782378
3782379
3782380
3782381
3782382
3782383
3782384
3782385
3782387
3782388
3782389
3782390
3782391
3782392
3782393
3782394
3782396
3782399
3782400
3782402
3782403
3782404
3782406