4194304
4194305
4194306
4194307
4194308
4194309
4194310
4194311
4194312
4194313
4194314
4194315
4194316
4194317
4194318
4194320
4194321
4194322
4194323
4194324
4194325
4194326
4194327
4194328
4194329
4194330
4194332
4194333
4194334
4194335
4194337
4194338
4194339
4194342
4194344
4194346
4194348
4194350
4194353
4194354
4194355
4194356
4194357
4194358
4194360
4194363
4194364
4194365
4194367
4194368
4194369
4194370
4194371
4194372
4194373
4194374
4194377
4194378
4194379
4194380
4194381
4194382
4194383
4194385
4194386
4194387
4194388
4194389
4194390
4194392
4194393
4194395
4194396
4194397
4194398
4194399
4194400
4194401
4194403
4194404
4194405
4194407
4194409
4194410
4194411
4194412
4194414
4194415
4194416
4194417
4194419
4194421
4194422
4194423
4194425
4194426
4194427
4194428
4194430
4194431
4194432
4194434
4194435
4194436
4194437
4194438
4194440
4194442
4194443
4194444
4194445
4194446
4194447
4194448
4194449
4194451
4194452
4194453
4194454
4194455
4194456
4194458
4194460
4194461
4194462
4194464
4194465
4194467
4194469
4194470
4194471
4194472
4194473
4194474
4194475
4194477
4194478
4194480
4194483
4194484
4194485
4194486
4194487
4194488
4194489
4194490
4194492
4194493
4194495
4194496
4194497
4194498
4194499
4194500
4194501
4194502
4194503
4194504
4194505
4194506
4194508
4194511
4194512
4194513
4194514
4194516
4194517
4194518
4194520
4194521
4194522
4194523
4194524
4194525
4194529
4194530
4194532
4194533
4194534
4194538
4194539
4194540
4194541
4194542
4194543
4194544
4194546
4194547
4194548
4194549
4194550
4194551
4194552
4194555
4194556
4194557
4194558
4194559
4194560
4194561
4194562
4194563
4194564
4194565
4194566
4194567
4194568
4194569
4194570
4194571
4194572
4194573
4194574
4194576
4194582
4194583
4194584
4194586
4194589
4194590
4194592
4194595
4194596
4194597
4194599
4194600
4194601
4194603
4194604
4194605
4194606
4194607
4194608
4194609
4194610
4194611
4194613
4194614
4194615
4194616
4194617
4194618
4194620
4194621
4194622
4194623
4194624
4194625
4194626
4194627
4194628
4194629
4194630
4194631
4194632
4194633
4194634
4194635
4194636
4194637
4194640
4194641
4194643
4194645
4194646
4194647
4194648
4194649
4194650
4194651
4194652
4194653
4194654
4194655
4194656
4194657
4194658
4194659
4194663
4194664
4194665
4194667
4194668
4194669
4194670
4194671
4194672
4194673
4194674
4194676
4194678
4194679
4194680
4194681
4194682
4194683
4194685
4194686
4194687
4194688
4194689
4194690
4194691
4194692
4194693
4194694
4194696
4194697
4194698
4194699
4194700
4194701
4194703
4194704
4194705
4194706
4194707
4194708
4194709
4194710
4194711
4194712
4194713
4194714
4194715
4194716
4194717
4194718
4194719
4194720
4194722
4194723
4194724
4194725
4194727
4194730
4194731
4194732
4194733
4194734
4194735
4194737
4194739
4194740
4194742
4194743
4194744
4194745
4194747
4194748
4194749
4194750
4194751
4194753
4194754
4194756
4194757
4194758
4194759
4194760
4194761
4194765
4194766
4194768
4194769
4194770
4194771
4194772
4194773
4194777
4194779
4194780
4194783
4194785
4194786
4194787
4194788
4194789
4194790
4194792
4194795
4194797
4194798
4194799
4194800
4194801
4194802
4194803
4194804
4194806
4194807
4194808
4194809
4194810
4194811
4194813
4194814
4194815
4194817
4194818
4194819
4194820
4194821
4194822
4194823
4194824
4194825
4194826
4194827
4194828
4194829
4194831
4194832
4194838
4194839
4194840
4194841
4194842
4194843
4194844
4194846
4194848
4194849
4194851
4194852
4194855
4194856
4194857
4194859
4194860
4194861
4194862
4194865
4194866
4194868
4194869
4194870
4194872
4194874
4194876
4194878
4194880
4194881
4194882
4194884
4194885
4194887
4194888
4194889
4194890
4194891
4194893
4194894
4194895
4194896
4194897
4194898
4194899
4194900
4194901
4194904
4194907
4194909
4194910
4194911
4194912
4194914
4194915
4194918
4194921
4194922
4194923
4194924
4194925
4194926
4194927
4194928
4194929
4194930
4194931
4194932
4194933
4194934
4194167
4194182
4194149
4194189
4194190
4194196
4194197
4194200
4194152
4194202
4194203
4194206
4194208
4194212
4194214
4194216
4194218
4194221
4194224
4194225
4194157
4194226
4194231
4194232
4194235
4194160
4194246
4194247
4194252
4194254
4194260
4194261
4194264
4194265
4194269
4194270
4194271
4194272
4194273
4194274
4194275
4194282
4194283
4194284
4194285
4194287
4194288
4194289
4194290
4194291
4194292
4194293
4194294
4194297
4194299
4194300
4194301
4194302
4194303
4194006
4194114
4194013
4194014
4194033
4194036
4194037
4194046
4194047
4194048
4194057
4194059
4194066
4193781
4193782
4193783
4193792
4193793
4193794
4193800
4192609
4192612
4192613
4192615
4192618
4192619
4192624
4192625
4192629
4192630
4192643
4192644
4192645
4192650
4193817
4192798
4192845
4193850
4193857
4193858
4193870
4193873
4193874
4193886
4193887
4193064
4193894
4193899
4193903
4193118
4193119
4193125
4193127
4193128
4193129
4193131
4193133
4193134
4193135
4193136
4193138
4193139
4193144
4193145
4193146
4193147
4193148
4193910
4193149
4193150
4193153
4193911
4193155
4193156
4193157
4193162
4193167
4193170
4193171
4193172
4193173
4193174
4193175
4193190
4193191
4193192
4193193
4193195
4193196
4193198
4193201
4193205
4193208
4193209
4193210
4193211
4193212
4193213
4193215
4193216
4193223
4193925
4193224
4193225
4193226
4193228
4193926
4193229
4193230
4193231
4193233
4193927
4193234
4193239
4193243
4193244
4193246
4193247
4193250
4193251
4193252
4193253
4193261
4193268
4193269
4193270
4193271
4193273
4193274
4193275
4193276
4193277
4193279
4193280
4193287
4193288
4193289
4193290
4193294
4193295
4193300
4193301
4193304
4193305
4193306
4193308
4193310
4193313
4193314
4193318
4193320
4193321
4193324
4193326
4193328
4193331
4193332
4193333
4193336
4193339
4193342
4193949
4193344
4193346
4193950
4193414
4193437
4193968
4193444
4193445
4193446
4193454
4193455
4193456
4193457
4193458
4193462
4193463
4193464
4193465
4193472
4193473
4193474
4193475
4193477
4193976
4193479
4193480
4193481
4193493
4193495
4193497
4193498
4193986
4193564
4193578
4193580
4193582
4194005
4194007
4194008
4194015
4194115
4193694
4193696
4194021
4194022
4194025
4194028
4194031
4194032
4194034
4194035
4193775
4193779
4193780
4193789
4193790
4193791
4193803
4193806
4193811
4194043
4193814
4193816
4193843
4193854
4193855
4193860
4193865
4193868
4193869
4193872
4193875
4193876
4193877
4193878
4193885
4193889
4193892
4193893
4193900
4194061
4193906
4193907
4193909
4194062
4193912
4194063
4193917
4193918
4194064
4193921
4193924
4193929
4193932
4193938
4193941
4193942
4193944
4193948
4193953
4193958
4193961
4193962
4193964
4192611
4192617
4192620
4192621
4192628
4192637
4192640
4192641
4192642
4192646
4192648
4192651
4192652
4192653
4192656
4192658
4192660
4192662
4192664
4192668
4192682
4192697
4192698
4192699
4192701
4192706
4192719
4192731
4192737
4192738
4192739
4192743
4192747
4192749
4192752
4192755
4192760
4192765
4192768
4192775
4192778
4192785
4192786
4192789
4192790
4192792
4192793
4192794
4192795
4192796
4192800
4192803
4192805
4192806
4192807
4192812
4192813
4192815
4192816
4192829
4192830
4192839
4192842
4192844
4192849
4192853
4192854
4192856
4192858
4192859
4192860
4192861
4192862
4192865
4192867
4192869
4192871
4192880
4192887
4192896
4192926
4192927
4192928
4192933
4192937
4192946
4192947
4192948
4194041
4192983
4192986
4192993
4194044
4194045
4193006
4193013
4193014
4193015
4193016
4193017
4193029
4193030
4193032
4193033
4193041
4193047
4193049
4193050
4193052
4193054
4193056
4193057
4193061
4193062
4193063
4193065
4193066
4193068
4193070
4193071
4193073
4193075
4193077
4193078
4193079
4193081
4193086
4193089
4193091
4193095
4193099
4193100
4193101
4193103
4193106
4193107
4193108
4193110
4193113
4193116
4193123
4193124
4193132
4193140
4193141
4193142
4193143
4193151
4193154
4193158
4193160
4193161
4193163
4193164
4193165
4193166
4193168
4193177
4193179
4193180
4193182
4193184
4193185
4193186
4193187
4193188
4193189
4193199
4193203
4193207
4193214
4193218
4193219
4193222
4193227
4193237
4193238
4193240
4193241
4193242
4193245
4193248
4193249
4193257
4193260
4193263
4193264
4193265
4193267
4193278
4193282
4193284
4193285
4193286
4193291
4193292
4193293
4193297
4193298
4193299
4193307
4193312
4193316
4193317
4193319
4193322
4193323
4193325
4193327
4193330
4193335
4193338
4193348
4193349
4193350
4193351
4193353
4193354
4193355
4193357
4193358
4193359
4193360
4193361
4193362
4193363
4193364
4193370
4193371
4193376
4193377
4193379
4193381
4193383
4193384
4193386
4193388
4193389
4193390
4193392
4193395
4193397
4193399
4193400
4193402
4193403
4193407
4193408
4193410
4193411
4193412
4193413
4193416
4193417
4193420
4193423
4193424
4193425
4193427
4193428
4193430
4193431
4193432
4193435
4193436
4193443
4193449
4193452
4193453
4193460
4193461
4193466
4193467
4193470
4193471
4193476
4193482
4193483
4193487
4193489
4193490
4193491
4193492
4193496
4193499
4193503
4193505
4193508
4193509
4193510
4193511
4193512
4193513
4193517
4193518
4193521
4193523
4193530
4193532
4193533
4193534
4193536
4193537
4193538
4193542
4193544
4193547
4193548
4193550
4193552
4193554
4193559
4193562
4193563
4193569
4193570
4193571
4193573
4193574
4193575
4193576
4193577
4193579
4193581
4193583
4193584
4193588
4193590
4193594
4193595
4193597
4193598
4193600
4193603
4193605
4193606
4193607
4193610
4193618
4193619
4193620
4193622
4193623
4193624
4193625
4193626
4193627
4193628
4193630
4193635
4193637
4193640
4193641
4193647
4193648
4193650
4193654
4193657
4193658
4193660
4193661
4193662
4193663
4193668
4193670
4193671
4193673
4193674
4193675
4193676
4193677
4193678
4193680
4193681
4193683
4193685
4193688
4193690
4193691
4193692
4193693
4193697
4193698
4193699
4193700
4193701
4193704
4193706
4193708
4193710
4193711
4193712
4193713
4193714
4193720
4193721
4193722
4193724
4193725
4193729
4193730
4193732
4193734
4193737
4193740
4193741
4193742
4193744
4193745
4193746
4193747
4193749
4193751
4193752
4193753
4193761
4193762
4193763
4193765
4193767
4193769
4193770
4193771
4193772
4193777
4193778
4193786
4193787
4193797
4193798
4193799
4193801
4193802
4193804
4193805
4193807
4193808
4193809
4193810
4193812
4193813
4193821
4193823
4193824
4193828
4193829
4193832
4193834
4193835
4193838
4193839
4193841
4193845
4193846
4193848
4193849
4193859
4193864
4193881
4193883
4193888
4193891
4193895
4193897
4193898
4193902
4193920
4193923
4193931
4193935
4193936
4193937
4193940
4193956
4193960
4193966
4193970
4193971
4193973
4193975
4193977
4193978
4193981
4193982
4193983
4193984
4193985
4193991
4193996
4194000
4194001
4194002
4194012
4194017
4194024
4194038
4194039
4194040
4194042
4194054
4194055
4194056
4194065
4194068
4194069
4194070
4194071
4194072
4194073
4194074
4194075
4194076
4194078
4194079
4194080
4194081
4194082
4194084
4194085
4194089
4194094
4194095
4194099
4194100
4194102
4194103
4194104
4194105
4194107
4194108
4194110
4194111
4194112
4194113
4194116
4194117
4194118
4194120
4194122
4194124
4194125
4194127
4194130
4194132
4194133
4194140
4194144
4194145
4194146
4194147
4194150
4194151
4194155
4194156
4194158
4194159
4194162
4194163
4194164
4194165
4194166
4194170
4194172
4194173
4194175
4194178
4194181
4194185
4194186
4194188
4194192
4194194
4194195
4194199
4194201
4194204
4194207
4194210
4194211
4194215
4194220
4194223
4194228
4194230
4194234
4194236
4194238
4194239
4194240
4194242
4194243
4194244
4194249
4194250
4194262
4194263
4194267
4194268
4194276
4194277
4194278
4194279
4194281