3847049
3847050
3847051
3847052
3847053
3847055
3847056
3847059
3847060
3847061
3847062
3847063
3847064
3847065
3847066
3847067
3847069
3847070
3847071
3847072
3847073
3847074
3847077
3847078
3847079
3847080
3847081
3847083
3847084
3847085
3847086
3847088
3847089
3847090
3847092
3847095
3847096
3847097
3847099
3847101
3847104
3847105
3847106
3847107
3847108
3847109
3847110
3847111
3847112
3847113
3847114
3847117
3847118
3847119
3847120
3847121
3847122
3847124
3847125
3847127
3847130
3847131
3847132
3847134
3847135
3847137
3847139
3847141
3847142
3847143
3847144
3847145
3847146
3847147
3847148
3847149
3847150
3847151
3847156
3847158
3847160
3847161
3847162
3847164
3847165
3847166
3847167
3847168
3847169
3847170
3847173
3847175
3847176
3847177
3847178
3847180
3847181
3847182
3847189
3847190
3847193
3847194
3847196
3847197
3847199
3847200
3847201
3847203
3847205
3847206
3847207
3847209
3847212
3847213
3847224
3847225
3847226
3847228
3847229
3847230
3847231
3847232
3847234
3847236
3847238
3847240
3847241
3847244
3847245
3847248
3847249
3847250
3847251
3847252
3847253
3847254
3847255
3847256
3847257
3847258
3847260
3847261
3847262
3847263
3847264
3847266
3847267
3847268
3847269
3847270
3847271
3847272
3847273
3847274
3847277
3847278
3847280
3847281
3847282
3847283
3847286
3847288
3847293
3847294
3847296
3847297
3847298
3847299
3847301
3847302
3847303
3847304
3847305
3847306
3847307
3847308
3847309
3847310
3847313
3847314
3847316
3847319
3847320
3847321
3847322
3847323
3847324
3847325
3847326
3847327
3847328
3847330
3847333
3847334
3847336
3847337
3847338
3847339
3847340
3847343
3847344
3847345
3847346
3847347
3847349
3847352
3847353
3847354
3847355
3847356
3847357
3847358
3847359
3847360
3847362
3847363
3847364
3847365
3847366
3847367
3847368
3847370
3847371
3847372
3847373
3847375
3847377
3847378
3847379
3847381
3847382
3847383
3847384
3847385
3847386
3847387
3847389
3847390
3847394
3847396
3847397
3847398
3847399
3847400
3847401
3847402
3847403
3847404
3847405
3847406
3847407
3847409
3847410
3847411
3847412
3847413
3847415
3847416
3847417
3847418
3847419
3847420
3847421
3847422
3847424
3847425
3847426
3847428
3847429
3847430
3847431
3847432
3847433
3847434
3847435
3847436
3847437
3847438
3847440
3847442
3847443
3847445
3847446
3847447
3847448
3847449
3847450
3847451
3847452
3847453
3847457
3847459
3847461
3847463
3847464
3847466
3847467
3847468
3847469
3847471
3847472
3847473
3847474
3847475
3847476
3847478
3847479
3847481
3847483
3847484
3847485
3847486
3847488
3847492
3847493
3847494
3847495
3847496
3847497
3847498
3847499
3847500
3847501
3847502
3847503
3847505
3847506
3847507
3847510
3847512
3847513
3847514
3847515
3847516
3847517
3847518
3847519
3847521
3847522
3847523
3847524
3847525
3847526
3847527
3847528
3847529
3847531
3847532
3847533
3847535
3847536
3847538
3847539
3847540
3847541
3847542
3847543
3847544
3847545
3847546
3847547
3847549
3847550
3847552
3847553
3847554
3847555
3847556
3847557
3847558
3847560
3847561
3847562
3847563
3847564
3847565
3847566
3847568
3847569
3847570
3847571
3847572
3847573
3847574
3847576
3847578
3847580
3847581
3847582
3847584
3847585
3847586
3847588
3847589
3847590
3847591
3847592
3847593
3847595
3847597
3847599
3847600
3847601
3847602
3847604
3847605
3847606
3847607
3847608
3847609
3847611
3847612
3847614
3847616
3847619
3847620
3847621
3847622
3847625
3847626
3847627
3847628
3847629
3847630
3847631
3847633
3847634
3847635
3847636
3847637
3847638
3847639
3847640
3847641
3847643
3847644
3847645
3847646
3847647
3847648
3847649
3847651
3847653
3847656
3847657
3847659
3847660
3847661
3847662
3847663
3847664
3847666
3847667
3847669
3847670
3847671
3847672
3847673
3847675
3847676
3847677
3847678
3847680
3847681
3847682
3847684
3847685
3847686
3847687
3847689
3847690
3847691
3847693
3847694
3847697
3847699
3847700
3847701
3847702
3847703
3847705
3847706
3847708
3847710
3847711
3847713
3847714
3847715
3847716
3847721
3847722
3847725
3847726
3847727
3847728
3847731
3847734
3847735
3847737
3847738
3847739
3847740
3847741
3847743
3847744
3847745
3847746
3847749
3847750
3847751
3847753
3847756
3847757
3847758
3847759
3847767
3847772
3847773
3847776
3847777
3847778
3847779
3847782
3847783
3847784
3847785
3847786
3847787
3847788
3847789
3847790
3847792
3847793
3847794
3847796
3847797
3847798
3847799
3847800
3847801
3847803
3847804
3847810
3847812
3847815
3847816
3847818
3847819
3847820
3847821
3847823
3847824
3847826
3847827
3847828
3847830
3847831
3847832
3847833
3847834
3847836
3847837
3847838
3847839
3847840
3847841
3847842
3847843
3847844
3847847
3847849
3847850
3847852
3847853
3847854
3847856
3847857
3847859
3847860
3847862
3847863
3847865
3847867
3847869
3847870
3847874
3847875
3847876
3847877
3847878
3847880
3847882
3847883
3847884
3847885
3847886
3847887
3847888
3847889
3847890
3847891
3847893
3847894
3847895
3847896
3847897
3847899
3847901
3847902
3847903
3847904
3847906
3847907
3847908
3847910
3847911
3847912
3847913
3847914
3847915
3847916
3847917
3847918
3847919
3847921
3847922
3847923
3847924
3847926
3847927
3847929
3847931
3847934
3847935
3847936
3847937
3847938
3847939
3847940
3847941
3847942
3847943
3847944
3847945
3847946
3847949
3847950
3847951
3847952
3847954
3847955
3847956
3847957
3847959
3847960
3847962
3847963
3847965
3847968
3847969
3847972
3847976
3847977
3847979
3847984
3847985
3847997
3847999
3848000
3848002
3848003
3848004
3848005
3848006
3848007
3848008
3848009
3848010
3848012
3848015
3848022
3848024
3848029
3848031
3848033
3848034
3848036
3848038
3848040
3848041
3848042
3848043
3848045
3848046
3848048
3848049
3848050
3848052
3848054
3848056
3848058
3848060
3848061
3848062
3848064
3848066
3848068
3848069
3848070
3848071
3848072
3848073
3848074
3848075
3848076
3848077
3848079
3848081
3848082
3848084
3848086
3848087
3848088
3848089
3848090
3848093
3848094
3848095
3848098
3848103
3848104
3848108
3848110
3848111
3848112
3848113
3848115
3848116
3848117
3848118
3848119
3848120
3848121
3848122
3848123
3848124
3848125
3848126
3848127
3848128
3848129
3848130
3848131
3848134
3848135
3848136
3848138
3848139
3848143
3848144
3848145
3848146
3848147
3848148
3848151
3848152
3848153
3848154
3848155
3848156
3848157
3848158
3848159
3848160
3848161
3848163
3848165
3848167
3848168
3848170
3848171
3848174
3848176
3848177
3848181
3848182
3848183
3848184
3848187
3848188
3848190
3848191
3848192
3848193
3848194
3848195
3848197
3848198
3848201
3848202
3848203
3848204
3848205
3848206
3848208
3848209
3848210
3848211
3848212
3848213
3848215
3848217
3848218
3848222
3848223
3848224
3848225
3848226
3848227
3848229
3848230
3848232
3848234
3848235
3848237
3848238
3848242
3848243
3848244
3848245
3848247
3848250
3848252
3848253
3848254
3848260
3848261
3848265
3848267
3848269
3848271
3848272
3848273
3848275
3848276
3848277
3848279
3848281
3848282
3848283
3848284
3848285
3848286
3848287
3848288
3848290
3848291
3848293
3848294
3848299
3848307
3848311
3848312
3848314
3848315
3848329
3848330
3848332
3848333
3848334
3848335
3848336
3848337
3848338
3848340
3848343
3848344
3848346
3848347
3848351
3848352
3848353
3848354
3848355
3848356
3848357
3848358
3848359
3848361
3848362
3848363
3848364
3848366
3848367
3848368
3848369
3848370
3848372
3848375
3848376
3848377
3848385
3848386
3848387
3848388
3848389
3848390
3848391
3848392
3848394
3848395
3848396
3848397
3848398
3848399
3848400
3848401
3848402
3848403
3848404
3848405
3848406
3848407
3848408
3848409
3848410
3848411
3848413
3848414
3848416
3848417
3848419
3848420
3848422
3848423
3848424
3848425
3848426
3848431
3848432
3848433
3848434
3848435
3848436
3848437
3848438
3848439
3848440
3848441
3848443
3848444
3848445
3848446
3848447
3848449
3848452
3848453
3848454
3848455
3848456
3848457
3848458
3848459
3848461
3848463
3848465
3848466
3848467
3848469
3848470
3848471
3848472
3848473
3848474
3848475
3848476
3848477
3848478
3848479
3848480
3848481
3848484
3848485
3848486
3848487
3848488
3848489
3848490
3848491
3848493
3848494
3848495
3848496
3848497
3848498
3848499
3848501
3848502
3848503
3848504
3848506
3848507
3848508
3848510
3848511
3848512
3848513
3848515
3848516
3848517
3848518
3848519
3848520
3848521
3848522
3848525
3848526
3848527
3848528
3848529
3848530
3848531
3848532
3848533
3848534
3848535
3848536
3848537
3848539
3848540
3848541
3848543
3848544
3848545
3848547
3848548
3848549
3848550
3848552
3848553
3848554
3848555
3848557
3848560
3848561
3848562
3848563
3848564
3848565
3848566
3848567
3848568
3848570
3848571
3848573
3848574
3848577
3848579
3848580
3848583
3848584
3848586
3848587
3848588
3848589
3848590
3848591
3848592
3848595
3848598
3848599
3848601
3848602
3848603
3848605
3848606
3848610
3848613
3848614
3848615
3848616
3848618
3848619
3848622
3848623
3848624
3848626
3848627
3848628
3848629
3848630
3848632
3848633
3848635
3848636
3848642
3848643
3848648
3848649
3848650
3848651
3848652