4266469
4266471
4266472
4266476
4266477
4266479
4266481
4266482
4266483
4266484
4266485
4266486
4266487
4266488
4266489
4266490
4266493
4266495
4266499
4266500
4266505
4266507
4266508
4266509
4266511
4266517
4266518
4266519
4266520
4266521
4266522
4266523
4266524
4266525
4266526
4266527
4266528
4266529
4266530
4266532
4266533
4266534
4266536
4266537
4266539
4266540
4266541
4266542
4266543
4266545
4266546
4266548
4266549
4266555
4266556
4266557
4266558
4266559
4266561
4266562
4266563
4266564
4266565
4266567
4266568
4266569
4266570
4266571
4266572
4266573
4266575
4266576
4266577
4266579
4266580
4266581
4266582
4266584
4266585
4266588
4266589
4266590
4266593
4266594
4266595
4266596
4266598
4266599
4266600
4266601
4266602
4266603
4266609
4266612
4266613
4266616
4266617
4266618
4266619
4266621
4266622
4266623
4266625
4266626
4266627
4266628
4266629
4266630
4266632
4266633
4266634
4266635
4266636
4266638
4266639
4266640
4266641
4266643
4266644
4266645
4266647
4266648
4266649
4266650
4266651
4266652
4266653
4266654
4266655
4266657
4266658
4266659
4266660
4266661
4266662
4266664
4266665
4266666
4266667
4266668
4266670
4266671
4266672
4266673
4266674
4266675
4266676
4266677
4266678
4266679
4266681
4266682
4266683
4266685
4266686
4266687
4266689
4266690
4266691
4266692
4266693
4266694
4266695
4266697
4266701
4266703
4266705
4266706
4266708
4266709
4266710
4266711
4266713
4266714
4266716
4266717
4266718
4266719
4266720
4266721
4266722
4266723
4266724
4266725
4266726
4266727
4266728
4266729
4266730
4266734
4266735
4266736
4266738
4266739
4266741
4266742
4266743
4266744
4266745
4266746
4266747
4266748
4266749
4266751
4266752
4266753
4266755
4266756
4266757
4266758
4266759
4266760
4266761
4266763
4266764
4266765
4266766
4266767
4266768
4266769
4266770
4266771
4266772
4266774
4266776
4266778
4266780
4266781
4266782
4266784
4266785
4266786
4266787
4266788
4266789
4266790
4266791
4266792
4266794
4266796
4266797
4266798
4266799
4266801
4266802
4266803
4266804
4266805
4266806
4266807
4266808
4266809
4266810
4266811
4266812
4266813
4266814
4266815
4266816
4266817
4266818
4266819
4266820
4266821
4266822
4266823
4266824
4266825
4266826
4266827
4266828
4266829
4266830
4266831
4266832
4266833
4266834
4266835
4266836
4266837
4266838
4266839
4266840
4266841
4266842
4266844
4266845
4266846
4266847
4266848
4266849
4266850
4266851
4266852
4266853
4266855
4266856
4266857
4266858
4266859
4266860
4266861
4266862
4266863
4266864
4266865
4266866
4266867
4266868
4266869
4266870
4266871
4266872
4266873
4266874
4266876
4266877
4266878
4266879
4266880
4266881
4266883
4266884
4266885
4266887
4266888
4266889
4266890
4266891
4266892
4266893
4266894
4266895
4266896
4266898
4266899
4266900
4266901
4266902
4266903
4266904
4266906
4266907
4266908
4266909
4266910
4266911
4266913
4266914
4266915
4266916
4266917
4266918
4266919
4266920
4266921
4266923
4266924
4266925
4266926
4266927
4266928
4266929
4266930
4266931
4266932
4266933
4266934
4266935
4266937
4266938
4266939
4266940
4266941
4266942
4266943
4266944
4266945
4266946
4266947
4266948
4266949
4266950
4266951
4266954
4266955
4266956
4266957
4266958
4266959
4266960
4266961
4266962
4266963
4266964
4266965
4266966
4266967
4266969
4266970
4266971
4266972
4266973
4266974
4266975
4266976
4266977
4266978
4266979
4266980
4266981
4266982
4266983
4266984
4266985
4266986
4266987
4266988
4266989
4266990
4266992
4266993
4266994
4266995
4266997
4266998
4266999
4267001
4267002
4267003
4267004
4267005
4267006
4267007
4267008
4267009
4267010
4267011
4267012
4267013
4267014
4267015
4267016
4267017
4267019
4267020
4267021
4267022
4267023
4267024
4267025
4267026
4267027
4267028
4267029
4267030
4267031
4267032
4267033
4267034
4267035
4267036
4267037
4267039
4267040
4267041
4267042
4267043
4267044
4267045
4267046
4267047
4267048
4267049
4267050
4267051
4267052
4267053
4267054
4267055
4267056
4267057
4267058
4267059
4267060
4267061
4267062
4267063
4267066
4267067
4267068
4267069
4267070
4267071
4267072
4267073
4267075
4267076
4267077
4267078
4267079
4267080
4267081
4267082
4267083
4267084
4267085
4267086
4267087
4267088
4267089
4267090
4267091
4267092
4267093
4267094
4267095
4267096
4267097
4267098
4267099
4267101
4267102
4267103
4267104
4267105
4267106
4267108
4267110
4267111
4267113
4267114
4267115
4267116
4267119
4267120
4267122
4267124
4267125
4267126
4267127
4267128
4267129
4267130
4267131
4267132
4267133
4267134
4267135
4267136
4267137
4267138
4267139
4267140
4267141
4267142
4267143
4267144
4267145
4267146
4267147
4267148
4267150
4267151
4267152
4267153
4267154
4267155
4267156
4267157
4267158
4267159
4267160
4267161
4267162
4267163
4267164
4267165
4267167
4267168
4267170
4267171
4267172
4267174
4267175
4267176
4267177
4267179
4267180
4267181
4267182
4267183
4267184
4267186
4267187
4267188
4267189
4267190
4267191
4267192
4267193
4267194
4267195
4267196
4267197
4267198
4267199
4267201
4267202
4267203
4267204
4267205
4267206
4267207
4267209
4267210
4267211
4267212
4267213
4267214
4267215
4267216
4267218
4267219
4267220
4267221
4267223
4267224
4267225
4267226
4267228
4267229
4267230
4267231
4267232
4267233
4267234
4267235
4267237
4267238
4267240
4267242
4267243
4267244
4267245
4267247
4267249
4267250
4267251
4267252
4267253
4267254
4267256
4267257
4267259
4267261
4267262
4267263
4267264
4267265
4267266
4267267
4267268
4267269
4267270
4267271
4267272
4267273
4267274
4267276
4267277
4267278
4267279
4267280
4267281
4267284
4267285
4267286
4267287
4267288
4267300
4267304
4267315
4267317
4267318
4267319
4267320
4267321
4267322
4267323
4267324
4267325
4267326
4267327
4267328
4267329
4267330
4267331
4267332
4267333
4267334
4267335
4267337
4267338
4267339
4267340
4267341
4267343
4267345
4267346
4267347
4267348
4267349
4267350
4267351
4267352
4267353
4267354
4267355
4267356
4267357
4267358
4267360
4267361
4267362
4267363
4267365
4267366
4267367
4267369
4267370
4267371
4267372
4267373
4267374
4267375
4267376
4267377
4267378
4267379
4267380
4267381
4267382
4267384
4267385
4267386
4267387
4267388
4267389
4267390
4267391
4267393
4267394
4267395
4267399
4267400
4267402
4267403
4267405
4267407
4267408
4267409
4267410
4267411
4267413
4267415
4267416
4267417
4267418
4267419
4267422
4267423
4267425
4267426
4267427
4267428
4267429
4267430
4267431
4267432
4267434
4267436
4267438
4267439
4267440
4267441
4267443
4267444
4267445
4267446
4267447
4267448
4267449
4267450
4267451
4267452
4267453
4267454
4267455
4267457
4267458
4267459
4267461
4267462
4267463
4267464
4267466
4267467
4267468
4267469
4267470
4267471
4267472
4267473
4267474
4267475
4267476
4267477
4267478
4267479
4267480
4267481
4267482
4267483
4267484
4267485
4267486
4267487
4267488
4267489
4267490
4267491
4267492
4267493
4267494
4267495
4267496
4267497
4267498
4267499
4267500
4267502
4267503
4267504
4267506
4267507
4267508
4267509
4267510
4267511
4267512
4267513
4267514
4267515
4267516
4267517
4267518
4267520
4267521
4267522
4267523
4267524
4267525
4267526
4267527
4267528
4267530
4267532
4267533
4267534
4267536
4267538
4267540
4267543
4267545
4267546
4267547
4267549
4267551
4267552
4267553
4267554
4267556
4267557
4267558
4267559
4267560
4267562
4267563
4267564
4267565
4267566
4267567
4267568
4267569
4267570
4267572
4267574
4267575
4267576
4267577
4267578
4267580
4267581
4267582
4267584
4267585
4267586
4267587
4267588
4267589
4267591
4267592
4267594
4267595
4267597
4267599
4267601
4267602
4267603
4267604
4267605
4267607
4267608
4267609
4267611
4267612
4267613
4267614
4267616
4267618
4267620
4267622
4267623
4267624
4267625
4267627
4267628
4267629
4267630
4267631
4267632
4267633
4267634
4267635
4267639
4267640
4267641
4267642
4267643
4267644
4267646
4267648
4267649
4267650
4267651
4267653
4267654
4267655
4267656
4267657
4267658
4267659
4267660
4267661
4267662
4267663
4267664
4267665
4267667
4267669
4267671
4267672
4267673
4267674
4267675
4267676
4267679
4267680
4267682
4267683
4267684
4267686
4267687
4267688
4267689
4267690
4267691
4267692
4267693
4267694
4267695
4267696
4267697
4267698
4267699
4267700
4267701
4267702
4267703
4267704
4267705
4267706
4267707
4267708
4267710
4267711
4267712
4267713
4267714
4267715
4267716
4267718
4267719
4267721
4267722
4267723
4267725
4267726
4267729
4267730
4267731
4267732
4267733
4267735
4267736
4267737
4267738
4267739
4267740
4267743
4267744
4267745
4267746
4267748
4267749
4267750
4267751
4267753
4267754
4267755
4267756
4267757
4267758
4267759
4267760
4267761
4267762
4267763
4267764
4267765
4267766
4267767
4267768
4267769
4267770
4267772
4267773
4267774
4267775
4267776
4267777
4267778
4267779
4267780
4267781
4267782
4267783
4267784
4267785
4267786
4267787
4267788
4267789
4267790
4267791
4267792
4267793
4267794
4267796
4267797
4267799
4267800
4267801
4267802
4267804
4267805
4267806
4267807
4267808
4267809
4267810
4267811
4267814
4267815
4267816
4267817
4267818
4267819
4267820
4267821
4267823
4267824
4267825
4267827
4267828
4267829
4267830
4267831
4267832
4267833
4267834
4267835
4267836
4267837
4267838
4267839
4267840
4267841
4267842
4267844
4267845
4267846
4267847
4267850
4267851
4267852
4267853
4267854
4267855
4267856
4267857
4267858
4267859
4267860
4267861
4267862
4267863
4267864
4267865
4267868
4267869
4267870
4267871
4267872
4267873
4267874
4267875
4267876
4267877
4267878
4267879
4267880
4267881
4267882
4267883
4267884
4267885
4267886
4267887
4267890
4267891
4267892
4267893
4267894
4267895
4267896
4267897
4267898
4267899
4267901
4267902
4267903
4267904
4267905
4267907
4267908
4267909
4267910
4267911
4267912
4267913
4267914
4267915
4267916
4267917
4267918
4267919
4267920
4267922
4267923
4267924
4267925
4267926
4267927
4267928
4267929
4267930
4267932
4267934
4267935
4267936
4267937
4267938
4267939
4267941
4267942
4267943
4267945
4267946
4267947
4267948
4267949
4267950
4267951
4267953
4267954
4267956
4267957
4267958
4267960
4267961
4267962
4267967
4267968
4267971
4267972
4267973
4267974
4267975
4267981
4267983
4267984
4267985
4267986
4267988
4267989
4267991
4267992
4267994
4267996
4267998
4267999
4268000
4268002
4268003
4268004
4268006
4268008
4268009
4268010
4268011
4268012
4268014
4268015
4268017
4268018
4268019
4268020
4268022
4268023
4268024
4268025
4268026
4268027
4268028
4268029
4268030
4268031
4268032
4268033
4268035
4268036
4268037
4268038
4268039
4268040
4268042
4268043
4268044
4268045
4268046
4268047
4268048
4268050
4268051
4268053
4268054
4268056
4268059
4268060
4268061
4268063
4268064
4268065
4268066
4268067
4268069
4268070
4268071
4268072
4268073
4268074
4268075
4268076
4268077
4268078
4268079
4268080
4268081
4268082
4268084
4268085
4268086
4268087
4268089
4268090
4268091
4268094
4268095
4268096
4268097
4268098
4268099
4268101
4268102
4268104
4268105
4268106
4268107
4268108
4268110
4268112
4268113
4268115
4268116
4268117
4268118
4268119
4268120
4268121
4268122
4268124
4268126
4268128
4268129
4268131
4268132
4268133
4268136
4268137
4268138
4268139
4268142
4268143
4268144
4268146
4268147
4268148
4268149
4268150
4268151
4268152
4268153
4268154
4268155
4268158
4268159
4268160
4268161
4268162
4268163
4268165
4268166
4268168
4268169
4268170
4268171
4268172
4268173
4268174
4268175
4268176
4268177
4268178
4268179
4268180
4268181
4268182
4268183
4268184
4268185
4268186
4268187
4268189
4268190
4268192
4268193
4268195
4268196
4268197
4268198
4268199
4268200
4268201
4268203
4268208
4268209
4268212
4268213
4268214
4268215
4268216
4268217
4268219
4268222
4268223
4268224
4268225
4268227
4268229
4268230
4268231
4268232
4268235
4268236
4268238
4268239
4268240
4268243
4268245
4268247
4268252
4268255
4268256
4268257
4268258
4268259
4268260
4268261
4268263
4268264
4268265
4268267
4268269
4268271
4268272
4268273
4268274
4268275
4268278
4268279
4268280
4268283
4268284
4268285
4268286
4268287
4268288
4268289
4268290
4268294
4268295
4268297
4268298
4268301
4268302
4268304
4268306
4268308
4268309
4268310
4268311
4268312
4268313
4268314
4268315
4268316
4268318
4268321
4268323
4268325
4268330
4268331
4268332
4268333
4268334
4268335
4268336
4268338
4268339
4268340
4268341
4268342
4268344
4268347
4268352
4268353
4268355
4268356
4268358
4268360
4268363
4268365
4268366
4268367
4268368
4268369
4268370
4268371
4268372
4268373
4268374
4268376
4268377
4268379
4268380
4268381
4268382
4268384
4268385
4268386
4268387
4268389
4268391
4268392
4268393
4268394
4268395
4268396
4268397
4268398
4268399
4268400
4268402
4268404
4268405
4268406
4268407
4268408
4268410
4268411
4268413
4268414
4268415
4268416
4268418
4268419
4268420
4268421
4268422
4268423
4268424
4268425
4268426
4268427
4268429
4268430
4268431
4268433
4268434
4268435
4268436
4268437
4268438
4268440
4268443
4268444
4268450
4268451
4268452
4268453
4268454
4268455
4268456
4268457
4268461
4268462
4268463
4268464
4268465
4268466
4268467
4268468
4268469
4268472
4268474
4268476
4268478
4268479
4268480
4268481
4268482
4268483
4268484
4268485
4268486
4268487
4268488
4268489
4268490
4268491
4268492
4268493
4268494
4268495
4268496
4268498
4268500
4268501
4268502
4268503
4268505
4268506
4268507
4268508
4268509
4268510
4268512
4268514
4268516
4268517
4268518
4268520
4268522
4268523
4268524
4268525
4268526
4268527
4268528
4268529
4268530
4268531
4268532
4268534
4268535
4268536
4268537
4268538
4268539
4268540
4268543
4268545
4268546
4268547
4268548
4268549
4268550
4268551
4268552
4268553
4268555
4268557
4268558
4268559
4268560
4268561
4268562
4268563
4268564
4268565
4268566
4268567
4268568
4268570
4268571
4268572
4268573
4268574
4268575
4268576
4268577
4268578
4268580
4268581
4268582
4268583
4268584
4268585
4268588
4268590
4268591
4268593
4268595
4268596
4268597
4268598
4268599
4268600
4268601
4268602
4268603
4268604
4268606
4268607
4268608
4268611
4268612
4268613
4268614
4268617
4268620
4268621
4268622
4268624
4268625
4268626
4268628
4268629
4268630
4268632
4268634
4268635
4268636
4268637
4268638
4268639
4268640
4268641
4268642
4268643
4268644
4268645
4268646
4268647
4268649
4268650
4268651
4268652
4268653
4268655
4268656
4268657
4268658
4268659
4268660
4268662
4268664
4268665
4268666
4268669
4268670
4268671
4268672
4268673
4268677
4268678
4268679
4268681
4268683
4268685
4268687
4268688
4268690
4268691
4268692
4268693
4268694
4268695
4268696
4268699
4268700
4268701
4268703
4268704
4268705
4268706
4268707
4268708
4268710
4268711
4268712
4268714
4268715
4268716
4268717
4268718
4268719
4268720
4268721
4268723
4268724
4268725
4268726
4268729
4268731
4268734
4268735
4268736
4268737
4268738
4268739
4268740
4268741
4268743
4268744
4268745
4268746
4268747
4268749
4268750
4268751
4268752
4268754
4268759
4268760
4268761
4268762
4268763
4268764
4268765
4268766
4268770
4268772
4268773
4268775
4268776
4268779
4268781
4268782
4268784
4268785
4268786
4268787
4268788
4268789
4268790
4268791
4268792
4268793
4268794
4268795
4268796
4268797
4268801
4268802
4268803
4268804
4268805
4268806
4268807
4268808
4268812
4268814
4268815
4268817
4268818
4268819
4268820
4268821
4268822
4268823
4268825
4268826
4268829
4268833
4268836
4268838
4268840
4268841
4268842
4268844
4268846
4268847
4268848
4268850
4268852
4268853
4268854
4268856
4268858
4268859
4268860
4268861
4268862
4268863
4268864
4268865
4268866
4268867
4268868
4268869
4268871
4268874
4268875
4268876
4268878
4268882
4268883
4268884
4268885
4268886
4268889
4268891
4268893
4268894
4268896
4268897
4268898
4268899
4268900
4268901
4268902
4268903
4268904
4268906
4268912
4268914
4268915
4268916
4268917
4268918
4268919
4268920
4268921
4268922
4268923
4268924
4268926
4268927
4268928
4268930
4268931
4268932
4268933
4268934
4268935
4268936
4268937
4268938
4268939
4268940
4268941
4268944
4268945
4268948
4268949
4268950
4268951
4268952
4268954
4268955
4268956
4268957
4268958
4268959
4268961
4268962
4268964
4268966
4268967
4268968
4268970
4268971
4268972
4268973
4268975
4268976
4268977
4268978
4268979
4268980
4268981
4268983
4268984
4268985
4268986
4268987
4268988
4268989
4268991
4268992
4268993
4268994
4268995
4268997
4268998
4268999
4269000
4269001
4269002
4269004
4269007
4269008
4269010
4269011
4269012
4269013
4269014
4269015
4269016
4269019
4269020
4269021
4269025
4269026
4269027
4269028
4269029
4269031
4269033
4269034
4269035
4269036
4269037
4269038
4269039
4269040
4269041
4269042
4269043
4269044
4269045
4269046
4269047
4269048
4269049
4269051
4269052
4269053
4269055
4269056
4269057
4269059
4269061
4269063
4269064
4269065
4269067
4269068
4269069
4269071
4269072
4269075
4269076
4269077
4269078
4269079
4269080
4269081
4269083
4269084
4269087
4269088
4269089
4269090
4269091
4269092
4269094
4269095
4269099
4269101
4269102
4269103
4269104
4269105
4269106
4269107
4269109
4269110
4269111
4269113
4269114
4269115
4269117
4269119
4269120
4269123
4269125
4269126