1323899
1323900
1323914
1323915
1323916
1323919
1323921
1323923
1323925
1323926
1323927
1323928
1323930
1323938
1323939
1323941
1323942
1323944
1323945
1323946
1323948
1323949
1323950
1323951
1323952
1323953
1323954
1323955
1323956
1323957
1323958
1323959
1323964
1323965
1323966
1323967
1323968
1323969
1323970
1323972
1323973
1323974
1323975
1323976
1323977
1323978
1323971
1323980
1323981
1323982
1323983
1323984
1323985
1323986
1323987
1323988
1323990
1323991
1323992
1323994
1323995
1323997
1323998
1323999
1324000
1324001
1324003
1324004
1324005
1324006
1324007
1324009
1324012
1324014
1324015
1324019
1324020
1324021
1324022
1324023
1324024
1324025
1324026
1324027
1324028
1324029
1324030
1324031
1324032
1324033
1324034
1324035
1324036
1324037
1324038
1324039
1324040
1324041
1324042
1324043
1324044
1324045
1324046
1324047
1324048
1324049
1324050
1324052
1324054
1324055
1324056
1324057
1324058
1324059
1324060
1324061
1324062
1324063
1324064
1324065
1324066
1324067
1324068
1324069
1324070
1324071
1324072
1324073
1324074
1324075
1324076
1324077
1324078
1324079
1324080
1324081
1324083
1324084
1324085
1324086
1324087
1324089
1324091
1324092
1324093
1324094
1324096
1324097
1324098
1324099
1324100
1324101
1324103
1324104
1324105
1324106
1324107
1324109
1324110
1324111
1324113
1324114
1324115
1324117
1324120
1324121
1324123
1324125
1324126
1324127
1324128
1324129
1324130
1324131
1324132
1324133
1324134
1324135
1324136
1324138
1324140
1324142
1324143
1324144
1324145
1324146
1324148
1324150
1324151
1324152
1324153
1324155
1324156
1324157
1324158
1324159
1324160
1324161
1324162
1324163
1324164
1324165
1324166
1324167
1324168
1324169
1324170
1324171
1324172
1324173
1324174
1324175
1324176
1324178
1324179
1324181
1324182
1324183
1324184
1324185
1324187
1324188
1324190
1324191
1324192
1324193
1324194
1324195
1324196
1324197
1324199
1324203
1324204
1324205
1324206
1324208
1324211
1324212
1324213
1324214
1324215
1324216
1324217
1324218
1324219
1324220
1324221
1324222
1324223
1324224
1324226
1324228
1324229
1324230
1324231
1324232
1324233
1324234
1324235
1324236
1324237
1324238
1324239
1324240
1324242
1324243
1324244
1324245
1324246
1324247
1324249
1324252
1324253
1324254
1324255
1324256
1324257
1324258
1324259
1324260
1324261
1324262
1324263
1324264
1324265
1324266
1324267
1324268
1324269
1324270
1324272
1324273
1324274
1324275
1324276
1324277
1324278
1324279
1324280
1324281
1324282
1324283
1324286
1324287
1324288
1324289
1324290
1324291
1324292
1324293
1324294
1324296
1324297
1324298
1324299
1324301
1324302
1324303
1324304
1324306
1324307
1324308
1324309
1324311
1324312
1324313
1324314
1324315
1324317
1324320
1324321
1324322
1324323
1324324
1324325
1324326
1324328
1324329
1324330
1324331
1324332
1324333
1324334
1324335
1324336
1324337
1324338
1324339
1324340
1324341
1324342
1324344
1324346
1324347
1324348
1324349
1324350
1324351
1324353
1324354
1324355
1324356
1324357
1324358
1324359
1324360
1324361
1324362
1324363
1324364
1324366
1324367
1324368
1324369
1324370
1324371
1324372
1324374
1324375
1324376
1324377
1324378
1324380
1324381
1324382
1324383
1324384
1324385
1324386
1324387
1324388
1324389
1324390
1324391
1324392
1324393
1324394
1324395
1324396
1324397
1324398
1324399
1324400
1324401
1324402
1324403
1324404
1324405
1324406
1324407
1324408
1324409
1324410
1324411
1324412
1324413
1324414
1324415
1324416
1324417
1324418
1324419
1324420
1324421
1324422
1324423
1324427
1324428
1324429
1324430
1324431
1324432
1324433
1324434
1324435
1324436
1324437
1324438
1324439
1324440
1324441
1324442
1324445
1324446
1324447
1324448
1324449
1324450
1324451
1324452
1324455
1324458
1324459
1324460
1324462
1324463
1324464
1324466
1324469
1324472
1324473
1324474
1324475
1324477
1324478
1324480
1324481
1324476
1324483
1324484
1324486
1324487
1324488
1324490
1324491
1324493
1324494
1324496
1324497
1324498
1324499
1324500
1324501
1324502
1324504
1324505
1324506
1324509
1324510
1324513
1324516
1324519
1324520
1324522
1324523
1324524
1324525
1324526
1324527
1324529
1324530
1324531
1324532
1324534
1324536
1324537
1324538
1324539
1324540
1324541
1324542
1324543
1324544
1324545
1324546
1324547
1324548
1324549
1324550
1324551
1324552
1324553
1324554
1324555
1324556
1324557
1324559
1324560
1324561
1324563
1324564
1324565
1324566
1324567
1324568
1324569
1324570
1324571
1324572
1324575
1324227