1240535
1240538
1240540
1240541
1240542
1240545
1240547
1240549
1240554
1240555
1240567
1240568
1240577
1240579
1240581
1240582
1240585
1240590
1240595
1240597
1240599
1240600
1240601
1240603
1240607
1240611
1240612
1240620
1240625
1240628
1240629
1240630
1240631
1240635
1240637
1240639
1240640
1240642
1240648
1240654
1240655
1240656
1240658
1240662
1240663
1240664
1240670
1240676
1240678
1240679
1240680
1240681
1240690
1240692
1240694
1240697
1240704
1240706
1240711
1240715
1240718
1240720
1240721
1240723
1240729
1240738
1240739
1240744
1240746
1240753
1240756
1240762
1240776
1240777
1240778
1240788
1240790
1240794
1240801
1240810
1240813
1240816
1240822
1240823
1240826
1240828
1240829
1240833
1240851
1240858
1240861
1240875
1240877
1240882
1240884
1240885
1240892
1240895
1240899
1240911
1240917
1240921
1240924
1240926
1240933
1240939
1240941
1240942
1240948
1240953
1240959
1240966
1240968
1240970
1240978
1240985
1240987
1240988
1240989
1240990
1241000
1241001
1241002
1241004
1241007
1241009
1241010
1241011
1241012
1241014
1241016
1241017
1241028
1241030
1241032
1241034
1241036
1241039
1241041
1241043
1241047
1241049
1241050
1241054
1241055
1241058
1241062
1241068
1241069
1241077
1241080
1241083
1241086
1241088
1241090
1241094
1241096
1241099
1241100
1241102
1241104
1241105
1241110
1241114
1241116
1241118
1241119
1241121
1241122
1241130
1241138
1241145
1241148
1241149
1241151
1241152
1241153
1241157
1241162
1241163
1241170
1241172
1241173
1241176
1241178
1241180
1241185
1241188
1241190
1241195
1241199
1241200
1241202
1241203
1241207
1241208
1241209
1241212
1241215
1241216
1241218
1241219
1241221
1241222
1241223
1241232
1241234
1241235
1241239
1241240
1241242
1241245
1241246
1241247
1241248
1241249
1241252
1241253
1241257
1241259
1241260
1241263
1241266
1241269
1241272
1241275
1241276
1241278
1241281
1241283
1241287
1241289
1241293
1241294
1241295
1241297
1241299
1241300
1241302
1241304
1241306
1241309
1241314
1241316
1241317
1241318
1241319
1241320
1241321
1241324
1241328
1241329
1241330
1241332
1241334
1241336
1241340
1241341
1241343
1241344
1241348
1241352
1241353
1241354
1241356
1241357
1241358
1241362
1241363
1241367
1241368
1241370
1241371
1241372
1241374
1241375
1241376
1241377
1241378
1241381
1241382
1241385
1241390
1241391
1241394
1241396
1241400
1241404
1241405
1241408
1241409
1241411
1241412
1241414
1241416
1241419
1241420
1241421
1241423
1241424
1240533
1240536
1240537
1240539
1240546
1240551
1240553
1240564
1240565
1240569
1240571
1240572
1240573
1240576
1240580
1240583
1240584
1240586
1240589
1240591
1240592
1240598
1240602
1240604
1240606
1240609
1240610
1240613
1240614
1240615
1240616
1240619
1240621
1240622
1240623
1240624
1240626
1240627
1240632
1240633
1240634
1240636
1240638
1240641
1240643
1240644
1240645
1240647
1240649
1240650
1240651
1240652
1240653
1240657
1240659
1240660
1240661
1240665
1240668
1240672
1240673
1240674
1240675
1240682
1240683
1240684
1240685
1240686
1240687
1240688
1240689
1240691
1240693
1240695
1240696
1240698
1240699
1240700
1240701
1240702
1240703
1240707
1240708
1240709
1240712
1240713
1240717
1240719
1240722
1240726
1240727
1240728
1240730
1240731
1240732
1240734
1240736
1240737
1240740
1240743
1240747
1240749
1240750
1240751
1240754
1240755
1240757
1240758
1240759
1240760
1240761
1240763
1240764
1240765
1240766
1240767
1240769
1240770
1240771
1240774
1240775
1240779
1240780
1240781
1240782
1240783
1240784
1240785
1240786
1240787
1240789
1240795
1240796
1240797
1240798
1240799
1240800
1240803
1240804
1240805
1240807
1240809
1240811
1240814
1240815
1240817
1240818
1240819
1240820
1240821
1240825
1240830
1240831
1240834
1240835
1240836
1240837
1240839
1240840
1240842
1240843
1240844
1240846
1240847
1240848
1240849
1240850
1240852
1240854
1240855
1240856
1240857
1240860
1240864
1240865
1240866
1240867
1240868
1240869
1240870
1240871
1240873
1240874
1240876
1240878
1240879
1240880
1240883
1240886
1240888
1240889
1240890
1240893
1240894
1240897
1240898
1240901
1240902
1240903
1240904
1240905
1240906
1240907
1240908
1240909
1240910
1240912
1240914
1240915
1240916
1240918
1240919
1240920
1240922
1240923
1240927
1240928
1240929
1240930
1240931
1240932
1240935
1240936
1240940
1240943
1240944
1240945
1240946
1240950
1240951
1240954
1240955
1240957
1240958
1240960
1240962
1240963
1240964
1240967
1240969
1240971
1240973
1240975
1240976
1240977
1240979
1240981
1240982
1240983
1240984
1240986
1240991
1240992
1240993
1240994
1240995
1240996
1240997
1241003
1241005
1241015
1241019
1241027
1241031
1241033
1241035
1241045
1241046
1241048
1241051
1241053
1241056
1241057
1241060
1241061
1241063
1241064
1241066
1241070
1241071
1241072
1241073
1241074
1241075
1241076
1241078
1241079
1241082
1241085
1241087
1241089
1241091
1241092
1241093
1241095
1241097
1241098
1241101
1241103
1241107
1241108
1241109
1241111
1241112
1241113
1241115
1241117
1241120
1241123
1241124
1241126
1241127
1241128
1241129
1241131
1241132
1241133
1241134
1241135
1241136
1241137
1241139
1241140
1241141
1241142
1241144
1241146
1241147
1241150
1241154
1241155
1241156
1241159
1241160
1241161
1241164
1241165
1241166
1241167
1241168
1241169
1241171
1241174
1241175
1241177
1241179
1241182
1241183
1241184
1241186
1241187
1241189
1241192
1241193
1241194
1241196
1241197
1241198
1241201
1241204
1241205
1241206
1241210
1241213
1241214
1241217
1241220
1241224
1241225
1241226
1241227
1241228
1241229
1241230
1241231
1241233
1241236
1241237
1241238
1241241
1241243
1241244
1241250
1241251
1241255
1241256
1241258
1241261
1241262
1241264
1241265
1241267
1241268
1241270
1241271
1241273
1241274
1241277
1241279
1241280
1241282
1241284
1241285
1241286
1241288
1241290
1241292
1241298
1241303
1241305
1241308
1241310
1241311
1241312
1241322
1241325
1241326
1241327
1241337
1241347
1241350
1241351
1241355
1241360
1241361
1241364
1241365
1241369
1241379
1241380
1241383
1241384
1241386
1241387
1241388
1241392
1241393
1241395
1241397
1241398
1241399
1241401
1241402
1241403
1241407
1241410
1241413
1241415
1241417
1241418
1241422
1241425
1241426
1241427