1326561
1326562
1326563
1326564
1326565
1326567
1326568
1326572
1326575
1326578
1326579
1326580
1326582
1326587
1326588
1326589
1326591
1326597
1326598
1326599
1326600
1326601
1326606
1326607
1326608
1326609
1326610
1326611
1326612
1326613
1326614
1326615
1326619
1326620
1326621
1326622
1326623
1326626
1326627
1326628
1326629
1326630
1326631
1326633
1326634
1326635
1326636
1326637
1326638
1326639
1326642
1326645
1326646
1326647
1326648
1326649
1326650
1326651
1326652
1326653
1326654
1326655
1326656
1326657
1326658
1326659
1326662
1326663
1326664
1326665
1326667
1326668
1326670
1326671
1326672
1326675
1326676
1326680
1326682
1326683
1326684
1326685
1326686
1326687
1326688
1326681
1326689
1326690
1326692
1326693
1326694
1326695
1326691
1326697
1326698
1326699
1326700
1326701
1326696
1326703
1326705
1326707
1326708
1326709
1326710
1326712
1326713
1326714
1326715
1326716
1326717
1326718
1326719
1326720
1326721
1326722
1326724
1326726
1326728
1326729
1326730
1326731
1326732
1326733
1326734
1326735
1326736
1326737
1326738
1326739
1326740
1326741
1326742
1326743
1326744
1326745
1326746
1326747
1326748
1326750
1326751
1326752
1326753
1326754
1326755
1326756
1326757
1326758
1326759
1326760
1326761
1326762
1326765
1326766
1326767
1326768
1326769
1326770
1326771
1326772
1326773
1326774
1326775
1326776
1326777
1326778
1326779
1326780
1326782
1326783
1326784
1326785
1326786
1326787
1326788
1326789
1326791
1326792
1326793
1326794
1326795
1326796
1326797
1326798
1326799
1326800
1326801
1326802
1326803
1326805
1326806
1326807
1326808
1326809
1326811
1326812
1326813
1326814
1326815
1326816
1326817
1326818
1326819
1326820
1326821
1326822
1326823
1326825
1326826
1326827
1326828
1326829
1326831
1326832
1326833
1326834
1326835
1326837
1326838
1326839
1326840
1326841
1326842
1326843
1326844
1326845
1326846
1326847
1326850
1326851
1326852
1326853
1326854
1326855
1326857
1326858
1326859
1326860
1326861
1326862
1326863
1326864
1326866
1326867
1326868
1326869
1326870
1326871
1326872
1326873
1326874
1326875
1326876
1326878
1326880
1326881
1326882
1326883
1326884
1326885
1326886
1326887
1326888
1326889
1326890
1326891
1326892
1326893
1326894
1326895
1326896
1326897
1326898
1326899
1326900
1326901
1326902
1326903
1326904
1326905
1326906
1326907
1326909
1326910
1326911
1326912
1326913
1326914
1326915
1326916
1326917
1326918
1326919
1326920
1326921
1326922
1326923
1326924
1326925
1326926
1326927
1326929
1326930
1326931
1326933
1326935
1326936
1326937
1326938
1326940
1326942
1326943
1326944
1326945
1326946
1326947
1326949
1326950
1326951
1326952
1326953
1326954
1326955
1326957
1326958
1326959
1326960
1326961
1326963
1326966
1326967
1326972
1326975
1326976
1326979
1326981
1326983
1326984
1326986
1326987
1326988
1326989
1326991
1326992
1326993
1326994
1326995
1326996
1326998
1326999
1327000
1327001
1327002
1327003
1327004
1327005