1302880
1302892
1302928
1302936
1302940
1302942
1302952
1302955
1302961
1302964
1302965
1302966
1302967
1302976
1302982
1302991
1302992
1302997
1302998
1302999
1303000
1303004
1303005
1303014
1303017
1303020
1303023
1303045
1303048
1303053
1303055
1303057
1303059
1303064
1303069
1303073
1303077
1303079
1303080
1303081
1303086
1303091
1303098
1303106
1303108
1303109
1303120
1303122
1303129
1303130
1303131
1303135
1303145
1303154
1303160
1303163
1303164
1303166
1303167
1303169
1303171
1303172
1303176
1303177
1303181
1303185
1303190
1303193
1303195
1303199
1303202
1303206
1303209
1303214
1303245
1303250
1303251
1303260
1303265
1303267
1303269
1303280
1303284
1303285
1303286
1303292
1303296
1303298
1303303
1303310
1303312
1303313
1303314
1303320
1303321
1303324
1303329
1303336
1303337
1303338
1303339
1303340
1303342
1303343
1303344
1303345
1303347
1303350
1303351
1303352
1303354
1303361
1303362
1303363
1303364
1303365
1303368
1303369
1303370
1303371
1303372
1303376
1303380
1303383
1303388
1303390
1303392
1303394
1303395
1303396
1303397
1303400
1303401
1303404
1303405
1303406
1303407
1302876
1302877
1302879
1302878
1302881
1302884
1302883
1302885
1302891
1302895
1302896
1302897
1302898
1302900
1302901
1302904
1302906
1302911
1302907
1302910
1302912
1302916
1302917
1302918
1302919
1302920
1302921
1302924
1302927
1302923
1302929
1302935
1302931
1302932
1302933
1302934
1302941
1302943
1302937
1302938
1302939
1302947
1302948
1302949
1302950
1302951
1302944
1302953
1302957
1302958
1302954
1302956
1302959
1302968
1302960
1302970
1302962
1302977
1302969
1302971
1302972
1302973
1302974
1302975
1302978
1302979
1302980
1302981
1302983
1302984
1302994
1302996
1302989
1302993
1302995
1303007
1303008
1303001
1303002
1303003
1303012
1303013
1303015
1303009
1303011
1303018
1303019
1303021
1303024
1303026
1303030
1303032
1303033
1303025
1303035
1303036
1303029
1303034
1303041
1303042
1303043
1303038
1303046
1303039
1303049
1303050
1303044
1303054
1303058
1303051
1303060
1303061
1303056
1303065
1303066
1303070
1303071
1303067
1303076
1303068
1303078
1303072
1303075
1303083
1303085
1303087
1303088
1303089
1303090
1303082
1303093
1303095
1303096
1303097
1303099
1303092
1303102
1303103
1303100
1303104
1303110
1303105
1303112
1303107
1303117
1303118
1303111
1303113
1303114
1303119
1303125
1303127
1303123
1303124
1303132
1303134
1303133
1303139
1303142
1303137
1303144
1303138
1303143
1303148
1303149
1303150
1303146
1303155
1303156
1303157
1303162
1303158
1303159
1303161
1303168
1303173
1303174
1303180
1303175
1303183
1303178
1303179
1303186
1303191
1303194
1303196
1303203
1303197
1303200
1303208
1303204
1303211
1303212
1303205
1303207
1303213
1303220
1303221
1303222
1303228
1303223
1303225
1303232
1303233
1303226
1303227
1303236
1303237
1303229
1303230
1303241
1303235
1303239
1303244
1303247
1303249
1303257
1303258
1303252
1303254
1303255
1303263
1303259
1303262
1303268
1303270
1303264
1303273
1303274
1303275
1303276
1303277
1303279
1303278
1303283
1303281
1303282
1303287
1303288
1303290
1303291
1303293
1303289
1303295
1303299
1303297
1303301
1303300
1303305
1303306
1303302
1303304
1303307
1303317
1303319
1303323
1303322
1303330
1303328
1303335
1303341
1303346
1303353
1303356
1303359
1303360
1303366
1303367
1303374
1303378
1303382
1303384
1303386
1303387
1303389
1303398
1303402
1303403
1303408
1303409
1303410