1353442
1353443
1353444
1353445
1353446
1353447
1353448
1353449
1353452
1353454
1353458
1353459
1353460
1353461
1353462
1353464
1353465
1353466
1353468
1353470
1353474
1353475
1353477
1353478
1353479
1353480
1353482
1353483
1353488
1353490
1353491
1353492
1353493
1353494
1353495
1353496
1353497
1353498
1353501
1353502
1353504
1353507
1353508
1353509
1353510
1353511
1353512
1353513
1353514
1353515
1353516
1353517
1353518
1353520
1353521
1353522
1353523
1353525
1353526
1353527
1353528
1353529
1353530
1353531
1353532
1353533
1353534
1353535
1353536
1353537
1353538
1353539
1353540
1353541
1353542
1353543
1353544
1353545
1353546
1353547
1353548
1353549
1353551
1353552
1353553
1353554
1353555
1353558
1353559
1353560
1353561
1353562
1353563
1353564
1353565
1353567
1353568
1353570
1353572
1353574
1353576
1353577
1353580
1353581
1353582
1353583
1353584
1353586
1353588
1353590
1353591
1353592
1353594
1353595
1353596
1353597
1353598
1353600
1353601
1353603
1353604
1353605
1353606
1353611
1353612
1353613
1353615
1353616
1353617
1353618
1353619
1353620
1353623
1353624
1353625
1353626
1353627
1353629
1353630
1353631
1353633
1353634
1353635
1353636
1353637
1353638
1353640
1353641
1353642
1353643
1353644
1353645
1353646
1353647
1353648
1353649
1353650
1353652
1353654
1353655
1353656
1353657
1353658
1353660
1353661
1353662
1353663
1353664
1353665
1353667
1353668
1353669
1353671
1353673
1353674
1353675
1353676
1353677
1353678
1353679
1353680
1353681
1353682
1353684
1353685
1353686
1353687
1353688
1353689
1353691
1353692
1353694
1353696
1353697
1353698
1353699
1353700
1353701
1353702
1353705
1353706
1353707
1353708
1353709
1353710
1353711
1353713
1353714
1353715
1353716
1353717
1353718
1353719
1353721
1353722
1353724
1353725
1353726
1353728
1353729
1353730
1353731
1353732
1353733
1353734
1353735
1353736
1353737
1353738
1353739
1353740
1353741
1353742
1353744
1353745
1353746
1353747
1353748
1353749
1353750
1353751
1353752
1353753
1353754
1353755
1353756
1353757
1353758
1353759
1353760
1353761
1353762
1353763
1353764
1353766
1353767
1353768
1353769
1353770
1353771
1353772
1353773
1353774
1353775
1353776
1353777
1353778
1353779
1353780
1353781
1353782
1353783
1353785
1353786
1353787
1353788
1353789
1353790
1353791
1353792
1353793
1353794
1353795
1353797
1353799
1353800
1353801
1353802
1353803
1353804
1353805
1353806
1353807
1353808
1353809
1353810
1353811
1353813
1353814
1353815
1353816
1353817
1353818
1353819
1353820
1353821
1353822
1353823
1353824
1353825
1353827
1353828
1353829
1353831
1353832
1353833
1353834
1353835
1353836
1353838
1353839
1353841
1353842
1353843
1353844
1353845
1353846
1353848
1353849
1353850
1353851
1353852
1353853
1353854
1353855
1353856
1353858
1353859
1353860
1353861
1353862
1353863
1353864
1353866
1353867
1353868
1353869
1353870
1353871
1353872
1353874
1353875
1353877
1353879
1353880
1353881
1353882
1353883
1353884
1353886
1353887
1353888
1353889
1353890
1353891
1353892
1353893
1353894
1353895
1353896
1353898
1353899
1353900
1353901
1353902
1353903
1353904
1353905
1353907
1353908
1353909
1353910
1353911
1353912
1353913
1353914
1353915
1353916
1353917
1353918
1353919
1353921
1353922
1353923
1353924
1353925
1353926
1353927
1353928
1353929
1353931
1353932
1353933
1353934
1353935
1353936
1353938
1353939
1353940
1353941
1353942
1353943
1353944
1353945
1353947
1353949
1353950
1353951
1353952
1353953
1353954
1353955
1353956
1353957
1353958
1353959
1353960
1353962
1353963
1353964
1353965
1353967
1353968
1353969
1353970
1353972
1353973
1353974
1353975
1353977
1353978
1353979
1353981
1353982
1353983
1353985
1353986
1353987
1353989
1353990
1353992
1353993
1353994
1353995
1353996
1353997
1353998
1353999
1354001
1354002
1354003
1354006
1354007
1354008
1354010
1354011
1354012
1354014
1354015
1354016
1354017
1354019
1354020
1354021
1354022
1354023
1354024
1354025
1354026
1354027
1354028
1354029
1354030
1354031
1354032
1354033
1354036
1354037
1354038
1354039
1354040
1354042
1354043
1354045
1354046
1354047
1354048
1354049
1354050
1354052
1354054
1354056
1354057
1354059
1354061
1354064
1354070
1354073
1354074
1354075
1354076
1354078
1354079
1354080
1354081