1276524
1276525
1276526
1276536
1276540
1276645
1276646
1276648
1276651
1276653
1276655
1276656
1276657
1276658
1276659
1276664
1276665
1276666
1276668
1276669
1276670
1276672
1276675
1276677
1276678
1276679
1276680
1276681
1276683
1276684
1276685
1276686
1276689
1276690
1276691
1276692
1276693
1276694
1276695
1276698
1276699
1276700
1276701
1276702
1276703
1276704
1276705
1276706
1276707
1276709
1276710
1276711
1276712
1276713
1276714
1276715
1276716
1276717
1276718
1276722
1276724
1276725
1276728
1276729
1276730
1276731
1276732
1276734
1276735
1276736
1276737
1276738
1276739
1276740
1276742
1276743
1276745
1276746
1276747
1276750
1276751
1276752
1276753
1276754
1276755
1276756
1276757
1276759
1276760
1276761
1276763
1276765
1276766
1276767
1276768
1276769
1276770
1276771
1276773
1276774
1276775
1276777
1276778
1276779
1276781
1276782
1276784
1276786
1276789
1276790
1276791
1276792
1276793
1276794
1276795
1276796
1276797
1276798
1276800
1276801
1276802
1276803
1276804
1276805
1276806
1276807
1276809
1276810
1276811
1276812
1276813
1276814
1276815
1276816
1276817
1276820
1276821
1276822
1276823
1276824
1276825
1276827
1276828
1276830
1276832
1276833
1276834
1276836
1276837
1276838
1276839
1276840
1276841
1276842
1276843
1276844
1276846
1276847
1276848
1276849
1276850
1276851
1276853
1276855
1276856
1276857
1276858
1276859
1276860
1276862
1276863
1276864
1276872
1276874
1276875
1276876
1276877
1276878
1276879
1276880
1276881
1276882
1276883
1276884
1276886
1276887
1276889
1276890
1276891
1276892
1276893
1276894
1276896
1276897
1276898
1276899
1276900
1276901
1276902
1276903
1276904
1276905
1276906
1276907
1276908
1276909
1276910
1276911
1276912
1276914
1276915
1276916
1276917
1276918
1276919
1276921
1276922
1276923
1276924
1276925
1276926
1276927
1276928
1276929
1276930
1276931
1276932
1276934
1276935
1276936
1276938
1276940
1276941
1276942
1276943
1276944
1276947
1276949
1276952
1276954
1276955
1276956
1276957
1276958
1276959
1276960
1276961
1276962
1276963
1276964
1276965
1276966
1276968
1276969
1276970
1276971
1276972
1276973
1276974
1276975
1276976
1276978
1276979
1276980
1276981
1276982
1276983
1276984
1276985
1276986
1276987
1276988
1276989
1276993
1277000
1277001
1277002
1277003
1277004
1277005
1277007
1277008
1277009
1277010
1277011
1277012
1277013
1277015
1277017
1277018
1277019
1277020
1277021
1277023
1277024
1277025
1277026
1277027
1277028
1277029
1277031
1277032
1277033
1277036
1277046
1277047
1277049
1277050
1277051
1277053
1277054
1277055
1277057
1277058
1277059
1277060
1277061
1277062
1277063
1277064
1277065
1277066
1277067
1277068
1277069
1277070
1277071
1277072
1277073
1277075
1277076
1277077
1277078
1277079
1277080
1277081
1277082
1277083
1277084
1277085
1277086
1277087
1277088
1277089
1277090
1277091
1277093
1277094
1277095
1277096
1277097
1277098
1277100
1277101
1277102
1277103
1277104
1277105
1277106
1277107
1277108
1277110
1277111
1277112
1277114
1277115
1277116
1277117
1277118
1277119
1277120
1277121
1277122
1277123
1277124
1277125
1277126
1277127
1277128
1277129
1277131
1277132
1277133
1277134
1277135
1277136
1277137
1277138
1277139
1277141
1277142
1277143
1277144
1277147
1277148
1277149
1277150
1277151
1277152
1277153
1277154
1277155
1277158
1277159
1277160
1277161
1277162
1277163
1277164
1277165
1277166
1277167
1277168
1277169
1277172
1277173
1277174
1277175
1277176
1277178
1277180
1277182
1277183
1277185
1277186
1277187
1277192
1277193