1423478
1423479
1423480
1423481
1423482
1423483
1423484
1423485
1423486
1423487
1423488
1423489
1423490
1423491
1423493
1423494
1423495
1423496
1423497
1423498
1423499
1423500
1423501
1423502
1423503
1423504
1423505
1423506
1423507
1423508
1423509
1423510
1423511
1423512
1423514
1423515
1423516
1423517
1423519
1423520
1423521
1423522
1423523
1423524
1423525
1423526
1423528
1423529
1423530
1423531
1423532
1423533
1423534
1423536
1423537
1423538
1423539
1423540
1423541
1423542
1423549
1423550
1423551
1423553
1423554
1423555
1423556
1423557
1423559
1423560
1423561
1423562
1423563
1423564
1423567
1423568
1423569
1423570
1423571
1423572
1423574
1423575
1423576
1423577
1423578
1423579
1423580
1423581
1423582
1423583
1423584
1423585
1423588
1423589
1423592
1423593
1423594
1423595
1423596
1423597
1423598
1423599
1423600
1423601
1423602
1423603
1423604
1423605
1423606
1423608
1423609
1423610
1423613
1423614
1423617
1423620
1423625
1423627
1423628
1423630
1423631
1423633
1423634
1423635
1423636
1423637
1423638
1423640
1423642
1423645
1423647
1423650
1423652
1423653
1423654
1423655
1423656
1423657
1423658
1423659
1423660
1423661
1423663
1423665
1423666
1423667
1423668
1423670
1423671
1423673
1423675
1423676
1423677
1423681
1423682
1423683
1423684
1423685
1423686
1423687
1423688
1423691
1423692
1423694
1423696
1423697
1423699
1423702
1423705
1423708
1423709
1423710
1423711
1423712
1423714
1423715
1423716
1423717
1423718
1423728
1423729
1423730
1423732
1423734
1423736
1423738
1423739
1423740
1423742
1423744
1423745
1423748
1423752
1423753
1423755
1423757
1423758
1423764
1423767
1423768
1423769
1423771
1423772
1423773
1423777
1423778
1423785
1423786
1423787
1423788
1423791
1423794
1423795
1423796
1423798
1423799
1423800
1423802
1423803
1423804
1423805
1423806
1423809
1423812
1423814
1423820
1423822
1423826
1423827
1423828
1423829
1423830
1423834
1423835
1423836
1423837
1423838
1423839
1423840
1423842
1423844
1423846
1423847
1423848
1423849
1423851
1423852
1423853
1423855
1423856
1423858
1423860
1423861
1423862
1423863
1423865
1423866
1423867
1423870
1423872
1423874
1423877
1423878
1423879
1423881
1423882
1423883
1423884
1423886
1423887
1423889
1423890
1423891
1423892
1423893
1423894
1423895
1423896
1423897
1423898
1423899
1423900
1423901
1423902
1423903
1423904
1423906
1423907
1423908
1423909
1423910
1423913
1423914
1423915
1423917
1423920
1423923
1423925
1423927
1423933
1423934
1423935
1423936
1423937
1423938