1325990
1325991
1325992
1325993
1325994
1325995
1325996
1325997
1325998
1325999
1326006
1326007
1326008
1326009
1326010
1326011
1326012
1326013
1326015
1326019
1326020
1326023
1326024
1326025
1326026
1326028
1326033
1326034
1326038
1326039
1326040
1326041
1326043
1326044
1326045
1326046
1326047
1326049
1326051
1326052
1326053
1326054
1326055
1326056
1326057
1326058
1326059
1326061
1326067
1326068
1326069
1326070
1326071
1326073
1326074
1326075
1326077
1326080
1326082
1326083
1326084
1326087
1326089
1326090
1326091
1326092
1326093
1326094
1326095
1326096
1326097
1326098
1326099
1326100
1326101
1326102
1326103
1326104
1326105
1326107
1326109
1326112
1326113
1326114
1326115
1326116
1326117
1326118
1326119
1326120
1326121
1326122
1326123
1326124
1326125
1326126
1326127
1326128
1326129
1326130
1326131
1326132
1326133
1326134
1326135
1326136
1326138
1326142
1326144
1326146
1326147
1326148
1326149
1326150
1326153
1326154
1326156
1326157
1326158
1326159
1326162
1326163
1326165
1326166
1326167
1326168
1326170
1326171
1326172
1326173
1326174
1326175
1326176
1326177
1326178
1326179
1326180
1326181
1326182
1326183
1326184
1326185
1326186
1326187
1326194
1326195
1326196
1326197
1326198
1326200
1326201
1326202
1326204
1326205
1326206
1326207
1326208
1326209
1326210
1326211
1326212
1326213
1326214
1326215
1326216
1326217
1326218
1326219
1326220
1326221
1326222
1326224
1326227
1326228
1326229
1326230
1326231
1326233
1326234
1326235
1326237
1326239
1326240
1326241
1326242
1326245
1326246
1326249
1326250
1326251
1326252
1326253
1326254
1326255
1326256
1326257
1326258
1326259
1326260
1326261
1326262
1326263
1326264
1326266
1326267
1326268
1326269
1326270
1326271
1326273
1326275
1326276
1326277
1326278
1326280
1326281
1326283
1326284
1326285
1326287
1326288
1326289
1326293
1326294
1326295
1326296
1326297
1326298
1326299
1326300
1326302
1326303
1326304
1326305
1326306
1326307
1326308
1326310
1326311
1326312
1326313
1326314
1326316
1326317
1326318
1326319
1326320
1326321
1326322
1326324
1326325
1326326
1326327
1326328
1326329
1326332
1326333
1326334
1326335
1326336
1326337
1326338
1326339
1326340
1326341
1326342
1326343
1326344
1326345
1326346
1326347
1326350
1326351
1326352
1326353
1326354
1326356
1326357
1326358
1326359
1326360
1326361
1326362
1326363
1326364
1326365
1326368
1326370
1326371
1326372
1326374
1326375
1326376
1326378
1326380
1326381
1326382
1326383
1326384
1326385
1326387
1326388
1326389
1326390
1326391
1326392
1326393
1326394
1326396
1326397
1326398
1326399
1326400
1326401
1326402
1326403
1326404
1326407
1326408
1326409
1326410
1326411
1326412
1326414
1326415
1326418
1326421
1326422
1326423
1326424
1326425
1326426
1326427
1326428
1326429
1326430
1326431
1326432
1326434
1326435
1326436
1326437
1326438
1326439
1326440
1326441
1326443
1326444
1326446
1326447
1326448
1326449
1326450
1326452
1326453
1326454
1326455
1326456
1326457
1326458
1326459
1326460
1326461
1326462
1326463
1326464
1326466
1326467
1326468
1326469
1326470
1326471
1326472
1326473
1326475
1326476
1326477
1326478
1326479
1326480
1326481
1326483
1326484
1326485
1326486
1326487
1326488
1326489
1326492
1326493
1326494
1326495
1326496
1326497
1326498
1326499
1326500
1326502
1326503
1326504
1326505
1326506
1326507
1326508
1326509
1326510
1326511
1326512
1326513
1326514
1326515
1326516
1326517
1326519
1326520
1326521
1326522
1326523
1326524
1326525
1326526
1326527
1326528
1326529
1326531
1326532
1326533
1326534
1326535
1326536
1326537
1326538
1326539
1326540
1326541
1326542
1326543
1326544
1326545
1326547
1326548
1326549
1326550
1326551
1326552
1326553
1326554
1326555
1326556
1326557
1326558
1326559
1326560