1310720
1310722
1310725
1310726
1310727
1310728
1310729
1310731
1310733
1310734
1310736
1310738
1310739
1310740
1310741
1310742
1310743
1310744
1310746
1310747
1310748
1310749
1310750
1310751
1310752
1310753
1310755
1310756
1310757
1310758
1310761
1310762
1310764
1310765
1310766
1310767
1310768
1310769
1310770
1310771
1310773
1310775
1310776
1310777
1310778
1310779
1310781
1310782
1310783
1310784
1310785
1310786
1310787
1310790
1310791
1310792
1310793
1310794
1310795
1310796
1310797
1310799
1310800
1310801
1310802
1310804
1310805
1310806
1310807
1310808
1310809
1310810
1310811
1310812
1310813
1310815
1310817
1310818
1310822
1310823
1310824
1310825
1310826
1310827
1310828
1310829
1310831
1310832
1310833
1310834
1310836
1310837
1310838
1310840
1310841
1310842
1310843
1310844
1310845
1310846
1310848
1310849
1310850
1310851
1310852
1310853
1310854
1310855
1310856
1310858
1310859
1310860
1310861
1310862
1310863
1310864
1310865
1310866
1310867
1310868
1310869
1310870
1310871
1310872
1310873
1310874
1310876
1310877
1310880
1310881
1310882
1310883
1310884
1310885
1310887
1310888
1310889
1310890
1310891
1310892
1310893
1310894
1310895
1310896
1310897
1310898
1310899
1310900
1310903
1310904
1310905
1310906
1310907
1310908
1310909
1310910
1310911
1310912
1310913
1310917
1310918
1310920
1310921
1310922
1310925
1310926
1310927
1310928
1310930
1310931
1310932
1310933
1310934
1310935
1310936
1310937
1310944
1310945
1310946
1310947
1310948
1310949
1310950
1310951
1310953
1310957
1310960
1310961
1310962
1310963
1310964
1310965
1310968
1310972
1310974
1310977
1310978
1310980
1310982
1310983
1310985
1310986
1310987
1310988
1310992
1310994
1310995
1310996
1310997
1311000
1311002
1311004
1311005
1311006
1311007
1311008
1311009
1311010
1311012
1311013
1311014
1311015
1311016
1311017
1311018
1311020
1311022
1311023
1311025
1311026
1311027
1311028
1311030
1311031
1310360
1309813
1309814
1309815
1309816
1309817
1309818
1309819
1309820
1309822
1309823
1309824
1309825
1309826
1309827
1309829
1309830
1309831
1309832
1309833
1309834
1309835
1309837
1309838
1309839
1309840
1309842
1309843
1309844
1309845
1309846
1309847
1309848
1309849
1309850
1309851
1309852
1309853
1309854
1309856
1309857
1309858
1309859
1309860
1309861
1309862
1309866
1309867
1309870
1309871
1309872
1309874
1309875
1309877
1309881
1309882
1309886
1309887
1309888
1309889
1309890
1309891
1309893
1309892
1309895
1309896
1309899
1309900
1309902
1309904
1309905
1309910
1309911
1309913
1309915
1309916
1309918
1309917
1309923
1309924
1309926
1309927
1309928
1309930
1309931
1309932
1309933
1309934
1309936
1309937
1309938
1309940
1309941
1309944
1309945
1309947
1309948
1309951
1309952
1309953
1309954
1309955
1309956
1309957
1309959
1309961
1309962
1309963
1309967
1309968
1309969
1309972
1309974
1309978
1309979
1309980
1309981
1309982
1309983
1309984
1309986
1309987
1309988
1309989
1309990
1309991
1309994
1309995
1309996
1309997
1309998
1309999
1310000
1310001
1310002
1310004
1310006
1310007
1310008
1310009
1310010
1310011
1310013
1310014
1310015
1310016
1310017
1310018
1310019
1310020
1310021
1310022
1310023
1310027
1310029
1310030
1310031
1310032
1310035
1310037
1310038
1310039
1310040
1310042
1310043
1310041
1310046
1310047
1310052
1310053
1310054
1310055
1310056
1310058
1310059
1310060
1310061
1310062
1310063
1310064
1310065
1310066
1310067
1310068
1310069
1310070
1310071
1310072
1310073
1310074
1310075
1310077
1310078
1310082
1310083
1310084
1310085
1310087
1310088
1310093
1310094
1310095
1310096
1310097
1310098
1310099
1310100
1310103
1310104
1310105
1310106
1310107
1310108
1310109
1310111
1310112
1310113
1310114
1310115
1310116
1310117
1310118
1310120
1310125
1310126
1310130
1310140
1310141
1310142
1310143
1310144
1310145
1310146
1310147
1310148
1310150
1310151
1310152
1310153
1310154
1310156
1310157
1310159
1310160
1310161
1310162
1310164
1310165
1310167
1310168
1310169
1310170
1310171
1310172
1310173
1310174
1310175
1310176
1310177
1310178
1310179
1310180
1310181
1310184
1310185
1310186
1310187
1310188
1310189
1310191
1310192
1310193
1310194
1310195
1310196
1310197
1310198
1310199
1310200
1310201
1310202
1310203
1310204
1310205
1310206
1310210
1310211
1310212
1310213
1310214
1310215
1310216
1310217
1310218
1310219
1310220
1310221
1310222
1310223
1310224
1310225
1310226
1310227
1310228
1310229
1310230
1310231
1310232
1310233
1310234
1310235
1310236
1310237
1310238
1310239
1310240
1310241
1310242
1310243
1310244
1310245
1310246
1310247
1310248
1310249
1310250
1310251
1310252
1310253
1310254
1310255
1310256
1310257
1310258
1310259
1310260
1310261
1310262
1310263
1310264
1310265
1310266
1310267
1310268
1310269
1310270
1310271
1310272
1310273
1310274
1310275
1310276
1310277
1310278
1310279
1310280
1310281
1310282
1310283
1310284
1310286
1310287
1310288
1310289
1310290
1310291
1310292
1310294
1310295
1310296
1310297
1310298
1310299
1310300
1310301
1310302
1310303
1310304
1310305
1310306
1310307
1310308
1310309
1310311
1310312
1310314
1310315
1310316
1310317
1310318
1310319
1310320
1310321
1310322
1310324
1310325
1310326
1310327
1310328
1310329
1310331
1310332
1310334
1310336
1310337
1310338
1310339
1310340
1310343
1310344
1310345
1310346
1310348
1310349
1310350
1310347
1310352
1310353
1310354
1310355
1310356
1310357
1310358
1310359
1310351
1310361
1310362
1310363
1310364
1310365
1310366
1310367
1310368
1310369
1310370
1310371
1310372
1310374
1310375
1310377
1310378
1310379
1310380
1310381
1310382
1310383
1310384
1310385
1310386
1310388
1310389
1310390
1310391
1310392
1310393
1310394
1310395
1310396
1310397
1310399
1310400
1310401
1310402
1310403
1310404
1310405
1310407
1310408
1310409
1310411
1310413
1310414
1310415
1310416
1310417
1310418
1310419
1310420
1310421
1310422
1310423
1310424
1310425
1310426
1310427
1310428
1310429
1310430
1310431
1310432
1310433
1310434
1310435
1310436
1310437
1310438
1310439
1310440
1310441
1310442
1310443
1310444
1310445
1310446
1310447
1310448
1310450
1310451
1310452
1310453
1310449
1310455
1310456
1310457
1310454
1310458
1310460
1310461
1310459
1310462
1310464
1310465
1310466
1310467
1310468
1310469
1310470
1310471
1310472
1310473
1310475
1310474
1310477
1310478
1310479
1310480
1310481
1310482
1310483
1310484
1310485
1310486
1310487
1310488
1310489
1310490
1310491
1310492
1310493
1310494
1310496
1310497
1310498
1310500
1310502
1310503
1310504
1310505
1310506
1310507
1310508
1310509
1310512
1310513
1310514
1310515
1310516
1310517
1310518
1310519
1310521
1310522
1310523
1310524
1310526
1310527
1310528
1310529
1310530
1310531
1310532
1310533
1310534
1310535
1310538
1310539
1310540
1310541
1310542
1310543
1310546
1310547
1310548
1310549
1310551
1310552
1310553
1310555
1310556
1310557
1310558
1310559
1310560
1310562
1310563
1310564
1310566
1310567
1310568
1310569
1310570
1310571
1310572
1310573
1310574
1310576
1310577
1310578
1310579
1310580
1310581
1310582
1310583
1310584
1310585
1310586
1310587
1310588
1310589
1310590
1310591
1310592
1310593
1310594
1310595
1310596
1310597
1310598
1310599
1310600
1310601
1310602
1310603
1310604
1310605
1310606
1310608
1310609
1310610
1310611
1310612
1310613
1310614
1310615
1310616
1310617
1310618
1310620
1310621
1310622
1310623
1310624
1310625
1310626
1310627
1310628
1310629
1310630
1310631
1310632
1310633
1310634
1310635
1310636
1310637
1310638
1310639
1310640
1310641
1310642
1310643
1310646
1310647
1310648
1310649
1310650
1310651
1310652
1310654
1310655
1310656
1310657
1310658
1310664
1310665
1310666
1310667
1310668
1310669
1310670
1310673
1310674
1310675
1310676
1310677
1310678
1310680
1310681
1310682
1310683
1310685
1310686
1310687
1310688
1310689
1310691
1310693
1310694
1310695
1310696
1310697
1310698
1310699
1310700
1310701
1310704
1310705
1310706
1310708
1310709
1310710
1310711
1310713
1310714
1310715
1310717
1310718