1451490
1451491
1451492
1451493
1451494
1451496
1451497
1451498
1451499
1451500
1451501
1451502
1451503
1451504
1451506
1451507
1451512
1451513
1451514
1451515
1451516
1451518
1451520
1451521
1451522
1451524
1451525
1451528
1451529
1451530
1451532
1451533
1451534
1451537
1451538
1451539
1451540
1451541
1451542
1451543
1451544
1451545
1451547
1451548
1451549
1451550
1451552
1451553
1451554
1451555
1451556
1451558
1451559
1451560
1451561
1451562
1451564
1451566
1451567
1451569
1451570
1451572
1451573
1451574
1451575
1451576
1451577
1451578
1451579
1451580
1451581
1451582
1451583
1451584
1451585
1451587
1451588
1451589
1451590
1451591
1451592
1451593
1451594
1451595
1451596
1451598
1451600
1451603
1451604
1451605
1451606
1451607
1451609
1451610
1451612
1451613
1451614
1451615
1451618
1451620
1451621
1451622
1451623
1451624
1451626
1451628
1451629
1451630
1451632
1451633
1451634
1451636
1451638
1451639
1451641
1451642
1451643
1451644
1451645
1451646
1451647
1451648
1451650
1451651
1451652
1451653
1451654
1451655
1451656
1451657
1451658
1451659
1451660
1451662
1451663
1451664
1451665
1451666
1451667
1451669
1451670
1451671
1451673
1451674
1451675
1451676
1451677
1451678
1451679
1451680
1451681
1451683
1451684
1451685
1451686
1451687
1451689
1451690
1451692
1451693
1451694
1451696
1451697
1451698
1451699
1451700
1451702
1451703
1451704
1451705
1451707
1451708
1451709
1451710
1451711
1451712
1451713
1451714
1451716
1451717
1451718
1451719
1451720
1451722
1451723
1451725
1451726
1451727
1451728
1451729
1451730
1451731
1451732
1451734
1451735
1451736
1451737
1451738
1451739
1451740
1451741
1451742
1451744
1451745
1451746
1451747
1451748
1451749
1451750
1451751
1451752
1451754
1451756
1451757
1451758
1451759
1451761
1451762
1451763
1451764
1451765
1451766
1451767
1451768
1451769
1451770
1451771
1451774
1451775
1451776
1451777
1451778
1451779
1451781
1451783
1451784
1451785
1451787
1451789
1451790
1451791
1451792
1451793
1451794
1451795
1451796
1451797
1451798
1451800
1451801
1451802
1451803
1451804
1451805
1451806
1451807
1451808
1451809
1451810
1451811
1451813
1451814
1451815
1451816
1451817
1451818
1451819
1451820
1451821
1451822
1451823
1451824
1451825
1451826
1451827
1451829
1451830
1451831
1451832
1451833
1451834
1451835
1451836
1451837
1451838
1451839
1451840
1451841
1451842
1451843
1451844
1451845
1451846
1451847
1451848
1451849
1451850
1451851
1451852
1451854
1451855
1451856
1451857
1451858
1451861
1451862
1451863
1451865
1451866
1451867
1451868
1451869
1451870
1451872
1451874
1451876
1451877
1451879
1451881
1451882
1451883
1451884
1451885
1451887
1451888
1451889
1451890
1451891
1451892
1451893
1451894
1451895
1451897
1451898
1451899
1451900
1451901
1451902
1451903
1451904
1451906
1451907
1451908
1451909
1451910
1451911
1451912
1451913
1451914
1451915
1451916
1451917
1451918
1451920
1451921
1451922
1451923
1451924
1451925
1451926
1451927
1451928
1451929
1451930
1451933
1451935
1451936
1451938
1451939
1451940
1451941
1451942
1451943
1451944
1451945
1451946
1451947
1451948
1451949
1451950
1451951
1451952
1451953
1451954
1451956
1451958
1451959
1451960
1451961
1451962
1451963
1451964
1451965
1451966
1451969
1451970
1451971
1451973
1451975
1451976
1451977
1451978
1451979
1451980
1451981
1451982
1451983
1451984
1451985
1451986
1451987
1451989
1451990
1451991
1451993
1451995
1451996
1451997
1451999
1452000
1452001
1452002
1452003
1452004
1452005
1452006
1452007
1452008
1452009
1452010
1452011
1452012
1452013
1452015
1452016
1452017
1452019
1452020
1452021
1452022
1452023
1452024
1452025
1452026
1452027
1452028
1452029
1452030
1452031
1452032
1452033
1452034
1452036
1452037
1452038
1452039
1452041
1452042
1452043
1452044
1452045
1452046
1452047
1452048
1452049
1452052
1452054
1452055
1452057
1452058
1452059
1452060
1452061
1452062
1452063
1452064
1452065
1452066
1452067
1452070
1452072
1452073
1452074
1452075
1452076
1452077
1452078
1452079
1452082
1452083
1452084
1452085
1452086
1452087
1452088
1452089
1452090
1452092
1452100
1452104
1452108
1452109
1452110
1452111
1452113