1457336
1457337
1457338
1457339
1457340
1457341
1457342
1457344
1457345
1457346
1457347
1457348
1457350
1457351
1457352
1457353
1457355
1457357
1457358
1457359
1457360
1457362
1457363
1457364
1457366
1457367
1457368
1457369
1457370
1457371
1457372
1457373
1457374
1457375
1457376
1457377
1457378
1457379
1457380
1457381
1457382
1457383
1457386
1457387
1457388
1457389
1457390
1457392
1457393
1457394
1457395
1457397
1457399
1457402
1457403
1457406
1457407
1457410
1457411
1457412
1457413
1457414
1457415
1457416
1457417
1457418
1457419
1457421
1457422
1457423
1457424
1457426
1457427
1457428
1457429
1457430
1457433
1457435
1457436
1457437
1457440
1457441
1457442
1457443
1457444
1457445
1457446
1457447
1457448
1457449
1457450
1457451
1457455
1457456
1457459
1457460
1457461
1457462
1457463
1457464
1457465
1457466
1457467
1457469
1457470
1457471
1457472
1457473
1457474
1457475
1457477
1457480
1457481
1457482
1457483
1457485
1457486
1457487
1457488
1457489
1457490
1457491
1457492
1457493
1457494
1457495
1457496
1457497
1457498
1457499
1457500
1457501
1457502
1457503
1457504
1457505
1457506
1457507
1457508
1457509
1457510
1457511
1457512
1457516
1457517
1457518
1457519
1457520
1457521
1457522
1457523
1457525
1457526
1457527
1457528
1457529
1457530
1457535
1457536
1457537
1457538
1457539
1457540
1457541
1457543
1457544
1457545
1457546
1457548
1457551
1457552
1457553
1457554
1457555
1457556
1457557
1457558
1457561
1457562
1457564
1457565
1457566
1457568
1457569
1457572
1457573
1457574
1457575
1457576
1457577
1457578
1457579
1457580
1457581
1457582
1457583
1457584
1457585
1457586
1457587
1457588
1457589
1457590
1457592
1457593
1457594
1457595
1457596
1457598
1457599
1457600
1457601
1457602
1457603
1457604
1457605
1457606
1457608
1457609
1457610
1457611
1457612
1457613
1457614
1457615
1457616
1457617
1457618
1457620
1457621
1457622
1457623
1457624
1457625
1457627
1457628
1457629
1457630
1457631
1457632
1457633
1457634
1457635
1457636
1457637
1457638
1457639
1457640
1457641
1457642
1457643
1457644
1457645
1457646
1457647
1457649
1457650
1457651
1457652
1457653
1457654
1457655
1457656
1457657
1457658
1457660
1457661
1457662
1457663
1457664
1457665
1457666
1457667
1457669
1457670
1457671
1457672
1457673
1457674
1457675
1457676
1457677
1457678
1457680
1457681
1457682
1457683
1457684
1457685
1457686
1457688
1457690
1457691
1457694
1457695
1457696
1457697
1457699
1457700
1457701
1457702
1457703
1457704
1457705
1457706
1457707
1457708
1457709
1457710
1457711
1457712
1457713
1457715
1457716
1457718
1457719
1457720
1457722
1457723
1457724
1457725
1457726
1457727
1457728
1457729
1457731
1457732
1457733
1457734
1457735
1457736
1457737
1457738
1457739
1457741
1457742
1457744
1457745
1457746
1457747
1457748
1457749
1457750
1457751
1457752
1457753
1457754
1457755
1457756
1457757
1457758
1457759
1457760
1457761
1457762
1457763
1457764
1457766
1457767
1457768
1457769
1457770
1457771
1457772
1457774
1457775
1457776
1457777
1457778
1457780
1457781
1457782
1457784
1457785
1457786
1457787
1457788
1457789
1457790
1457791
1457793
1457794
1457795
1457796
1457797
1457800
1457801
1457803
1457804
1457805
1457806
1457809
1457810
1457812
1457813
1457814
1457815
1457816
1457817
1457818
1457819
1457820
1457821
1457822
1457823
1457825
1457827
1457828
1457829
1457830
1457831
1457832
1457833
1457834
1457835
1457836
1457838
1457839
1457840
1457841
1457842
1457843
1457844
1457845
1457847
1457848
1457849
1457850
1457851
1457852
1457853
1457854
1457855
1457856
1457858
1457862
1457863
1457864
1457866
1457867
1457868
1457869
1457870
1457871
1457872
1457873
1457874
1457875
1457876
1457878
1457879
1457880
1457881
1457882
1457883
1457884
1457885
1457886
1457887
1457888
1457889
1457890
1457891
1457892
1457894
1457896
1457897
1457898
1457900
1457901
1457902
1457903
1457904
1457905
1457906
1457907
1457908
1457909
1457910
1457911
1457912
1457913
1457914
1457915
1457916
1457917
1457919
1457920
1457921
1457922
1457923
1457924
1457925
1457927
1457928
1457929
1457930
1457931
1457933
1457934
1457935
1457936
1457937
1457938
1457939
1457942
1457943
1457944
1457945
1457946
1457948
1457950
1457951
1457952
1457953
1457954
1457955
1457957
1457958
1457959
1457960
1457961
1457963
1457964
1457965
1457966
1457967
1457968
1457969
1457970
1457973
1457974
1457975
1457976
1457977
1457978
1457980
1457981
1457982
1457983
1457984
1457985
1457986
1457987
1457989
1457990
1457991
1457992
1457993
1457994
1457995
1457996
1457997
1457998
1457999
1458000