1500697199310782468
1500705489046454273
1500705617165565955
1500749125050155012
1500765527085568000
1500820175297429508
1500884355065036804
1500897696944726039
1500930816607666181
1500738997278371840
1500788489293545479
1500825473437384711
1500765845840183298
1500890979188064258
1500788005241507841
1500826457383260161
1500868252674707457
1500915100810625034
1500903116220293124
1500838915296706563
1500709777319596032
1500815033156128770
1500836512258215938
1500894267320979458
1500696814730809345
1500954880399265795
1500758995296047104
1500769689512951809
1500652826418155520
1500722269827616769
1500734189418729475
1500742470191271940
1500752907309928449
1500687465962688517
1500776514497007621
1500753674557087744
1500815242628157446
1500824952324427781
1500847597552078854
1500849821875331072
1500887992013053952
1500873666602618887
1500898049882742784
1500916477024686087
1500743607959048200
1500788631212068872
1500853214505275400
1500827317190512642
1500899726593609730
1500937921662230531
1500890516010983425
1500767619682652163
1500804661363855363
1500937751520333827
1500915506718691329
1500709824799121408
1500762559686844416
1500766772936515584
1500965818577920000
1500908776270045185
1500902390433828868
1500847079031250945
1500897886623703041
1500941007487180801
1500832416545579010
1500797627713167362
1500820408278437889
1500821916441059330
1500705903649169412
1500706730329661445
1500782983850123269
1500807898284400645
1500816240243351556
1500821632126001157
1500705456704086022
1500777654848561158
1500853702835544066
1500894105953607687
1500915033555017735
1500968458124763147
1500914851606142980
1500955620085833732
1500776564690202625
1500907679333691393
1500777752328384512
1500800752368988160
1500861687305580544
1500930708302442496
1500947544406470656
1500678926443687936
1500706312979722240
1500711859623800833
1500687635232305154
1500716009283534848
1500722874943946752
1500792620699856899
1500899606821056516
1500914974344032261
1500873674802540547
1500797684067807238
1500884388338446342
1500741200348950530
1500777190417444871
1500848598191419394
1500738157754691592
1500877337365258243
1500752527687565313
1500888843251236865
1500894619302834190
1500727918590312450
1500857910087270402
1500687429333917697
1500942726795345920