1497162756969148446
1497088384766033949
1497250750895988785
1497086942294511617
1497100456530743297
1497165771297988608
1497167897931620353
1497173602797559809
1497168470173229064
1497140515011186690
1497111065875734529
1497121669361459203
1497136135579000835
1497124933494792204
1497127396369129489
1497120131008323603
1497088777352671233
1497141104113717249
1497155313656635392
1497248626552315924
1497140997452705793
1497227792156700681
1497100742548766724
1497108704667353097
1497099856086810634
1497104596287864843
1497088022936010767
1497094554268450832
1497111546866155542
1497087630168801307
1497098526702157851