16853017
16855067
16853064
16853112
16855211
16853173
16853202
16853219
16855308
16853313
16853364
16855417
16853415
16853465
16855535
16853510
16853578
16855642
16853631
16855728
16853700
16853725
16855808
16853794
16855890
16855971
16853947
16856027
16853997
16854039
16856112
16854108
16856186
16856213
16854188
16856261
16852173
16852202
16854250
16856368
16852286
16854336
16856384
16852303
16856407
16852327
16856439
16854399
16852372
16852383
16852391
16856497
16852415
16856527
16852439
16854514
16852474
16856593
16852541
16854595
16856655
16852599
16856698
16856724
16852637
16854687
16852679
16856776
16854786
16852756
16854829
16854884
16852839
16854921
16854957
16854979
16852942
16852985