16865291
16867375
16865332
16865363
16867413
16865388
16865426
16865442
16867492
16865477
16865492
16867555
16865520
16867589
16865544
16867643
16867678
16865650
16867711
16865681
16865709
16867758
16867799
16865784
16867835
16865816
16867865
16867903
16865869
16867925
16867962
16865917
16867978
16865997
16867319
16866087
16866147
16866177
16866214
16866230
16866259
16866327
16866382
16866438
16866510
16866582
16866632
16866637
16866657
16866708
16866750
16866850
16866934
16866964
16867022
16867074
16867121
16867168
16867205
16867247
16867262
16865232
16867317