16887819
16887889
16887918
16887941
16887987
16888042
16888097
16888098
16888155
16888191
16886153
16888233
16888272
16886255
16888311
16888381
16886344
16886408
16886422
16888471
16886443
16888529
16886492
16886521
16886543
16888610
16886571
16886585
16886612
16886628
16886643
16888705
16886693
16886715
16886747
16888831
16886809
16888892
16886874
16888956
16886927
16889008
16887006
16889072
16887069
16889149
16887140
16889190
16889216
16889253
16887219
16887254
16889302
16889345
16887301
16889370
16887335
16889396
16889415
16887384
16889457
16887435
16889500
16887453
16887506
16887561
16887601
16887661
16887705
16887743
16887776