17258500
17256504
17258561
17256525
17256550
17256559
17258625
17256592
17256601
17256620
17256626
17256640
17258689
17256655
17256675
17258746
17256700
17256735
17256772
17258842
17256814
17258875
17258911
17256873
17258946
17256939
17259032
17256994
17257100
17259172
17257171
17259228
17257233
17259300
17257287
17259350
17257318
17259384
17257360
17257396
17257435
17259504
17257481
17257525
17259580
17257581
17259645
17257639
17259693
17257703
17259808
17257765
17259872
17257833
17259928
17257905
17259987
17257957
17260007
17260046
17258007
17260082
17258055
17260123
17260137
17258091
17258132
17258158
17258214
17258274
17258330
17258384
17258437