17754123
17754131
17756179
17756197
17754150
17756216
17754170
17756237
17754190
17754204
17754219
17756272
17756281
17754236
17756288
17756309
17756324
17754287
17756348
17754310
17754335
17754386
17754401
17754416
17754463
17754514
17754571
17754603
17754638
17754672
17754725
17754734
17754753
17754767
17754792
17754807
17754828
17754848
17754863
17754884
17754921
17754949
17754976
17754991
17755018
17755043
17755073
17755111
17755149
17753119
17753127
17755180
17753139
17755209
17753171
17755248
17753205
17755278
17753233
17753256
17755303
17755326
17753281
17753295
17755353
17753322
17755370
17755378
17753335
17753345
17755401
17753356
17755422
17753385
17755443
17755478
17755506
17753461
17755541
17753498
17755561
17753531
17755592
17755624
17753587
17755636
17755672
17753634
17753661
17755714
17753672
17753697
17755754
17753730
17753739
17755797
17753759
17755820
17753794
17755855
17753826
17755882
17753859
17755908
17753880
17755939
17753901
17755966
17753923
17753941
17756002
17753966
17756017
17756158
17753986
17756042
17754004
17756060
17754023
17756079
17754040
17756102
17754059
17756117
17754080
17756129
17754102