16660504
16660529
16660608
16660638
16660666
16660704
16660759
16660801
16660826
16660862
16660894
16660915
16658905
16660968
16660998
16658970
16661041
16659000
16659705
16659082
16659112
16659133
16659141
16659161
16659178
16659729
16659214
16659237
16659249
16659269
16659748
16659297
16659317
16659757
16659341
16659373
16659380
16659414
16659434
16659490
16659516
16659541
16659568
16659577
16659595
16659622
16659637
16659666
16659678
16659800
16659827
16659882
16659905
16659943
16659987
16660005
16660034
16660071
16660099
16660147
16660208
16660238
16660278
16660316
16660402
16660447
16660469
16660477