16726031
16728088
16728181
16726186
16728291
16724222
16726303
16724293
16728405
16726381
16724352
16724406
16726460
16724424
16724440
16724458
16728555
16724475
16726526
16724495
16726547
16724513
16724542
16726609
16728655
16724565
16724583
16724610
16724630
16726683
16724695
16726768
16724745
16728862
16724797
16726877
16728931
16724853
16726949
16724904
16726980
16724958
16729066
16727032
16725004
16727096
16725052
16725084
16729192
16725118
16727172
16725155
16725200
16727269
16729321
16725233
16729354
16727313
16725271
16725300
16727378
16725335
16725385
16725418
16727467
16725451
16725464
16725475
16727544
16727599
16725556
16725586
16725592
16725718
16727766
16725792
16727866
16725877
16727971
16725941