18030592
18032651
18030623
18032694
18030647
18030682
18028649
18033824
18032782
18030738
18030767
18028749
18031803
18030814
18032889
18030860
18032926
18028841
18030901
18028879
18032981
18030953
18028914
18033043
18028971
18031029
18033108
18031061
18029041
18031102
18029068
18033199
18031159
18029123
18031188
18033270
18031230
18029184
18029219
18029242
18031295
18033357
18034592
18029284
18029319
18031373
18033438
18029343
18029359
18029378
18031428
18033507
18029412
18031481
18029484
18029496
18031555
18033614
18029548
18027508
18029565
18027542
18031646
18027565
18033719
18029629
18027591
18031713
18029667
18027623
18027651
18029710
18029747
18029762
18033859
18029784
18033895
18031887
18029846
18033950
18029870
18027852
18029911
18031959
18029937
18034067
18032040
18029994
18027956
18030019
18032083
18034167
18030078
18028035
18030084
18032135
18034209
18030147
18032197
18034247
18030176
18034286
18028154
18030211
18032268
18034319
18030233
18030251
18034362
18028225
18030288
18032350
18034400
18030306
18028280
18034439
18030350
18028309
18030382
18034480
18032442
18028349
18030416
18028381
18034530
18030448
18034561
18028424
18032540
18030510
18034614
18032568
18028488
18034638
18032593
18030558
18034667
18029724
18028533