18229251
18231322
18229288
18231363
18231399
18229352
18227328
18231436
18229401
18231461
18227379
18231485
18229444
18231517
18229480
18231531
18231565
18227478
18228162
18231583
18229546
18226128
18231602
18227527
18231626
18229584
18231648
18229607
18231683
18229637
18227593
18229662
18231743
18227663
18231766
18229721
18229737
18231798
18231823
18227740
18231851
18229830
18231940
18229894
18227878
18231976
18229952
18227909
18232018
18232041
18227960
18230009
18230062
18232126
18228032
18230086
18232150
18230108
18228065
18232191
18230147
18232215
18226072
18228126
18230184
18226114
18226090
18232315
18230281
18228244
18232352
18230321
18228179
18232407
18228315
18230366
18226152
18232259
18228339
18230225
18232437
18226303
18232452
18228371
18228401
18230455
18228432
18226392
18226175
18228455
18232288
18226441
18230539
18228494
18228521
18230573
18230604
18226516
18226202
18228578
18230644
18228611
18226590
18228647
18226220
18230732
18228690
18226644
18228730
18230779
18226702
18228762
18230823
18226747
18228282
18230865
18228825
18226792
18228856
18228876
18230953
18228908
18226867
18228935
18232384
18226923
18231040
18229003
18226970
18229054
18231104
18231135
18231151
18227056
18229105
18231165
18229131
18229152
18231202
18229180
18229197
18231265
18227183