17963021
17960978
17960997
17963053
17963062
17961022
17963086
17961042
17961056
17963105
17963124
17961091
17963164
17961132
17963185
17963200
17963210
17963230
17961184
17963247
17961203
17961227
17963278
17961241
17963302
17961273
17963329
17963345
17961304
17961334
17961373
17961421
17961468
17961517
17961573
17961618
17961652
17961692
17961719
17961742
17961750
17961775
17961787
17961821
17961854
17961873
17961903
17961920
17961947
17961976
17961989
17962016
17962040
17962076
17962107
17962128
17962148
17962172
17962194
17962217
17962254
17962283
17962295
17962317
17962339
17962372
17962420
17962466
17962484
17962514
17962529
17962543
17962565
17962584
17962607
17962641
17962674
17962736
17960716
17960721
17960727
17960738
17962797
17960753
17960780
17962851
17960838
17962895
17960858
17962912
17962930
17960892
17962948
17960920
17962969
17960940
17962991
17960953