5575449
5575452
5575458
5575464
5575466
5575467
5575634
5575642
5575643
5575650
5574070
5574071
5574073
5574074
5574075
5574076
5574077
5574079
5574080
5574081
5574082
5574083
5574084
5574086
5574087
5574088
5574090
5574091
5574092
5574093
5574094
5574096
5574098
5574099
5574101
5574103
5574104
5574105
5574106
5574107
5574108
5574109
5574110
5574111
5574112
5574113
5574114
5574115
5574116
5574117
5574119
5574120
5574122
5574123
5574125
5574126
5574127
5574128
5574129
5574130
5574131
5574132
5574133
5574134
5574135
5574136
5574137
5574138
5574139
5574140
5574141
5574142
5574143
5574144
5574145
5574146
5574147
5574148
5574149
5574150
5574151
5574153
5574154
5574155
5574156
5574157
5574159
5574160
5574161
5574162
5574163
5574164
5574166
5574167
5574168
5574169
5574170
5574171
5574172
5574173
5574175
5574176
5574177
5574178
5574179
5574180
5574181
5574182
5574183
5574184
5574185
5574186
5574188
5574189
5574190
5574191
5574192
5574193
5574194
5574195
5574197
5574198
5574199
5574200
5574201
5574202
5574203
5574204
5574205
5574206
5574207
5574210
5574211
5574212
5574213
5574214
5574215
5574217
5574218
5574219
5574221
5574222
5574223
5574224
5574225
5574226
5574227
5574228
5574229
5574230
5574232
5574233
5574234
5574235
5574236
5574237
5574239
5574240
5574241
5574242
5574243
5574244
5574245
5574247
5574248
5574250
5574251
5574252
5574253
5574255
5574256
5574257
5574258
5574259
5574260
5574261
5574262
5574263
5574264
5574265
5574266
5574267
5574268
5574269
5574270
5574271
5574272
5574273
5574274
5574275
5574276
5574278
5574279
5574280
5574281
5574282
5574283
5574284
5574285
5574286
5574287
5574288
5574289
5574290
5574291
5574292
5574293
5574294
5574295
5574296
5574297
5574298
5574299
5574300
5574301
5574303
5574304
5574305
5574306
5574307
5574308
5574309
5574310
5574311
5574312
5574313
5574314
5574315
5574316
5574317
5574318
5574319
5574320
5574321
5574322
5574323
5574326
5574327
5574328
5574329
5574330
5574331
5574332
5574333
5574334
5574335
5574336
5574337
5574338
5574339
5574341
5574342
5574343
5574344
5574345
5574346
5574347
5574348
5574349
5574350
5574352
5574354
5574355
5574356
5574357
5574358
5574359
5574360
5574361
5574362
5574363
5574364
5574365
5574366
5574367
5574368
5574369
5574370
5574371
5574372
5574374
5574375
5574376
5574377
5574378
5574379
5574380
5574381
5574382
5574383
5574384
5574385
5574386
5574387
5574388
5574389
5574390
5574391
5574392
5574393
5574394
5574395
5574396
5574397
5574398
5574399
5574400
5574401
5574402
5574404
5574405
5574408
5574409
5574410
5574411
5574412
5574413
5574414
5574415
5574416
5574417
5574419
5574420
5574421
5574422
5574423
5574424
5574425
5574426
5574427
5574428
5574429
5574430
5574431
5574432
5574433
5574434
5574435
5574436
5574437
5574438
5574439
5574440
5574441
5574442
5574443
5574445
5574446
5574447
5574448
5574450
5574451
5574452
5574453
5574454
5574455
5574456
5574457
5574458
5574459
5574460
5574461
5574462
5574463
5574464
5574465
5574467
5574468
5574470
5574471
5574472
5574473
5574474
5574476
5574477
5574478
5574479
5574480
5574482
5574483
5574485
5574486
5574487
5574488
5574490
5574491
5574492
5574493
5574494
5574495
5574496
5574497
5574498
5574499
5574500
5574501
5574502
5574503
5574504
5574505
5574506
5574507
5574508
5574509
5574510
5574512
5574513
5574514
5574515
5574516
5574517
5574518
5574519
5574520
5574521
5574522
5574523
5574524
5574525
5574527
5574528
5574529
5574530
5574531
5574532
5574533
5574534
5574536
5574537
5574538
5574539
5574540
5574541
5574542
5574543
5574544
5574545
5574546
5574547
5574548
5574549
5574550
5574551
5574552
5574553
5574554
5574555
5574556
5574557
5574558
5574559
5574560
5574561
5574562
5574563
5574564
5574565
5574566
5574567
5574569
5574570
5574571
5574573
5574574
5574575
5574576
5574578
5574579
5574580
5574581
5574582
5574583
5574584
5574585
5574586
5574587
5574588
5574589
5574590
5574591
5574592
5574593
5574594
5574595
5574596
5574597
5574598
5574599
5574600
5574601
5574603
5574604
5574605
5574606
5574607
5574608
5574609
5574610
5574611
5574612
5574613
5574614
5574615
5574617
5574618
5574619
5574620
5574621
5574622
5574623
5574624
5574625
5574626
5574627
5574628
5574629
5574630
5574631
5574632
5574634
5574635
5574636
5574637
5574638
5574639
5574640
5574641
5574642
5574644
5574645
5574646
5574647
5574649
5574650
5574651
5574652
5574653
5574655
5574656
5574657
5574658
5574659
5574660
5574661
5574662
5574663
5574664
5574665
5574667
5574668
5574669
5574670
5574671
5574672
5574674
5574675
5574676
5574678
5574679
5574682
5574683
5574685
5574686
5574687
5574689
5574691
5574692
5574695
5574696
5574697
5574700
5574703
5574704
5574706
5574707
5574709
5574711
5574712
5574715
5574716
5574718
5574720
5574721
5574723
5574724
5574725
5574726
5574727
5574729
5574731
5574732
5574733
5574734
5574735
5574736
5574737
5574738
5574739
5574740
5574741
5574742
5574743
5574744
5574745
5574746
5574747
5574748
5574749
5574750
5574751
5574752
5574753
5574754
5574755
5574756
5574758
5574759
5574760
5574761
5574762
5574763
5574764
5574765
5574766
5574768
5574769
5574770
5574772
5574774
5574775
5574776
5574777
5574778
5574779
5574780
5574783
5574784
5574787
5574788
5574789
5574790
5574791
5574792
5574793
5574794
5574795
5574796
5574798
5574799
5574800
5574801
5574802
5574803
5574804
5574805
5574807
5574808
5574809
5574810
5574811
5574812
5574813
5574816
5574817
5574818
5574820
5574821
5574822
5574824
5574825
5574826
5574827
5574828
5574829
5574830
5574831
5574832
5574833
5574835
5574836
5574837
5574839
5574840
5574841
5574842
5574843
5574844
5574845
5574846
5574847
5574848
5574849
5574850
5574851
5574852
5574853
5574854
5574855
5574856
5574857
5574858
5574859
5574860
5574861
5574863
5574864
5574865
5574866
5574867
5574868
5574870
5574871
5574872
5574873
5574874
5574875
5574876
5574877
5574878
5574879
5574880
5574882
5574883
5574884
5574886
5574887
5574888
5574890
5574891
5574892
5574893
5574894
5574895
5574896
5574899
5574900
5574904
5574905
5574908
5574909
5574910
5574911
5574914
5574915
5574916
5574917
5574918
5574919
5574920
5574921
5574922
5574923
5574924
5574926
5574927
5574928
5574929
5574930
5574931
5574932
5574933
5574934
5574935
5574936
5574937
5574938
5574939
5574940
5574941
5574942
5574943
5574944
5574945
5574946
5574947
5574948
5574950
5574951
5574952
5574953
5574954
5574955
5574956
5574957
5574958
5574959
5574960
5574961
5574962
5574963
5574964
5574965
5574966
5574967
5574968
5574969
5574970
5574971
5574972
5574973
5574975
5574976
5574977
5574978
5574979
5574980
5574981
5574982
5574983
5574984
5574985
5574986
5574988
5574989
5574990
5574991
5574992
5574993
5574994
5574995
5574997
5574998
5574999
5575000
5575001
5575002
5575003
5575004
5575006
5575007
5575008
5575009
5575010
5575011
5575012
5575013
5575014
5575015
5575016
5575019
5575020
5575021
5575023
5575024
5575025
5575026
5575027
5575028
5575029
5575030
5575031
5575032
5575033
5575034
5575035
5575036
5575037
5575038
5575039
5575040
5575041
5575042
5575043
5575044
5575045
5575046
5575047
5575048
5575049
5575050
5575051
5575052
5575053
5575054
5575055
5575056
5575057
5575059
5575060
5575061
5575062
5575063
5575065
5575066
5575067
5575070
5575071
5575072
5575073
5575074
5575075
5575077
5575078
5575079
5575080
5575082
5575083
5575084
5575085
5575086
5575087
5575088
5575089
5575090
5575093
5575094
5575095
5575096
5575097
5575098
5575100
5575101
5575102
5575103
5575104
5575105
5575106
5575107
5575108
5575109
5575110
5575111
5575112
5575113
5575114
5575115
5575117
5575118
5575119
5575120
5575121
5575123
5575124
5575125
5575126
5575127
5575128
5575130
5575131
5575133
5575134
5575135
5575137
5575138
5575139
5575140
5575141
5575142
5575143
5575144
5575145
5575146
5575147
5575148
5575149
5575150
5575151
5575152
5575153
5575154
5575155
5575156
5575157
5575158
5575159
5575160
5575161
5575162
5575163
5575164
5575165
5575166
5575167
5575168
5575169
5575170
5575172
5575173
5575174
5575175
5575176
5575177
5575178
5575179
5575181
5575182
5575183
5575184
5575185
5575186
5575187
5575188
5575189
5575190
5575191
5575192
5575193
5575194
5575195
5575198
5575199
5575200
5575201
5575202
5575203
5575204
5575205
5575206
5575207
5575208
5575210
5575211
5575212
5575213
5575214
5575215
5575216
5575217
5575218
5575219
5575220
5575221
5575222
5575223
5575224
5575225
5575226
5575227
5575228
5575229
5575230
5575231
5575232
5575233
5575234
5575235
5575236
5575239
5575240
5575241
5575244
5575245
5575246
5575247
5575248
5575249
5575251
5575252
5575253
5575254
5575255
5575257
5575258
5575259
5575260
5575261
5575262
5575263
5575264
5575265
5575266
5575267
5575268
5575269
5575270
5575271
5575272
5575273
5575274
5575275
5575276
5575277
5575278
5575279
5575280
5575281
5575283
5575284
5575285
5575286
5575287
5575288
5575289
5575290
5575291
5575292
5575293
5575294
5575295
5575296
5575297
5575298
5575299
5575302
5575303
5575304
5575305
5575306
5575307
5575308
5575309
5575310
5575311
5575312
5575313
5575314
5575315
5575316
5575318
5575320
5575321
5575322
5575323
5575324
5575325
5575326
5575327
5575329
5575330
5575331
5575332
5575333
5575334
5575335
5575336
5575337
5575338
5575339
5575340
5575341
5575343
5575344
5575345
5575347
5575348
5575349
5575350
5575351
5575352
5575353
5575354
5575355
5575356
5575357
5575358
5575360
5575361
5575362
5575363
5575364
5575365
5575366
5575367
5575368
5575369
5575370
5575371
5575372
5575373
5575374
5575375
5575376
5575377
5575378
5575379
5575380
5575381
5575382
5575383
5575384
5575385
5575386
5575387
5575388
5575389
5575390
5575391
5575392
5575393
5575394
5575395
5575396
5575397
5575398
5575399
5575400
5575401
5575402
5575403
5575404
5575405
5575406
5575407
5575408
5575409
5575410
5575411
5575412
5575413
5575414
5575415
5575416
5575417
5575418
5575419
5575420
5575421
5575422
5575423
5575424
5575425
5575427
5575428
5575429
5575430
5575431
5575432
5575433
5575434
5575435
5575436
5575437
5575438
5575439
5575440
5575441
5575442
5575443
5575444
5575445
5575446
5575447
5575448
5575451
5575453
5575454
5575455
5575456
5575457
5575459
5575460
5575461
5575462
5575463
5575465
5575468
5575469
5575470
5575471
5575472
5575473
5575474
5575475
5575477
5575478
5575479
5575480
5575481
5575482
5575483
5575484
5575485
5575486
5575487
5575488
5575489
5575490
5575491
5575492
5575493
5575494
5575495
5575496
5575498
5575499
5575500
5575501
5575502
5575503
5575504
5575505
5575506
5575507
5575509
5575510
5575511
5575512
5575513
5575514
5575515
5575516
5575517
5575518
5575519
5575520
5575521
5575522
5575523
5575524
5575525
5575526
5575527
5575528
5575529
5575530
5575531
5575532
5575533
5575534
5575535
5575536
5575537
5575538
5575539
5575540
5575541
5575542
5575543
5575544
5575546
5575547
5575548
5575549
5575550
5575552
5575553
5575554
5575555
5575556
5575557
5575558
5575559
5575560
5575561
5575562
5575563
5575564
5575565
5575566
5575567
5575568
5575569
5575570
5575571
5575572
5575573
5575574
5575575
5575576
5575577
5575578
5575579
5575580
5575581
5575582
5575583
5575584
5575585
5575587
5575588
5575589
5575590
5575591
5575592
5575593
5575594
5575595
5575596
5575597
5575598
5575599
5575600
5575601
5575602
5575603
5575604
5575605
5575606
5575607
5575608
5575611
5575612
5575613
5575614
5575615
5575616
5575617
5575618
5575619
5575620
5575621
5575622
5575623
5575624
5575625
5575626
5575627
5575628
5575629
5575630
5575631
5575632
5575633
5575635
5575636
5575637
5575638
5575639
5575640
5575641
5575644
5575645
5575646
5575647
5575648
5575649
5575651
5575652
5575653
5575654
5575655
5575656
5575658
5575659
5575660
5575661
5575662
5575664
5575665
5575666
5575667
5575668
5575669