4925216
4925217
4925218
4925219
4925220
4925221
4925222
4925223
4925224
4925225
4925226
4925227
4925228
4925229
4925230
4925232
4925233
4925234
4925235
4925236
4925237
4925238
4925239
4925240
4925241
4925242
4925243
4925244
4925245
4925246
4925247
4925249
4925250
4925251
4925252
4925253
4925254
4925255
4925256
4925257
4925258
4925259
4925260
4925261
4925262
4925263
4925264
4925265
4925266
4925267
4925268
4925269
4925270
4925271
4925272
4925273
4925274
4925275
4925276
4925277
4925278
4925279
4925280
4925281
4925282
4925283
4925284
4925285
4925286
4925287
4925288
4925289
4925291
4925292
4925293
4925294
4925295
4925296
4925297
4925298
4925299
4925300
4925301
4925302
4925303
4925304
4925305
4925306
4925307
4925308
4925309
4925310
4925312
4925313
4925314
4925315
4925316
4925317
4925318
4925320
4925321
4925322
4925323
4925324
4925325
4925326
4925327
4925328
4925329
4925330
4925331
4925332
4925333
4925335
4925336
4925337
4925338
4925339
4925341
4925342
4925343
4925344
4925345
4925346
4925347
4925348
4925349
4925350
4925351
4925352
4925353
4925354
4925355
4925356
4925357
4925358
4925359
4925360
4925361
4925362
4925363
4925364
4925365
4925366
4925367
4925368
4925369
4925370
4925371
4925372
4925374
4925376
4925377
4925378
4925379
4925380
4925381
4925382
4925384
4925385
4925386
4925387
4925388
4925389
4925390
4925392
4925393
4925394
4925395
4925397
4925399
4925401
4925402
4925403
4925404
4925405
4925406
4925407
4925408
4925409
4925410
4925411
4925412
4925413
4925414
4925415
4925416
4925417
4925418
4925419
4925420
4925421
4925422
4925425
4925426
4925427
4925428
4925429
4925430
4925431
4925432
4925433
4925434
4925435
4925436
4925437
4925438
4925439
4925440
4925441
4925442
4925443
4925444
4925445
4925446
4925447
4925449
4925450
4925451
4925452
4925453
4925454
4925455
4925456
4925457
4925458
4925459
4925460
4925462
4925463
4925464
4925465
4925466
4925467
4925468
4925469
4925470
4925471
4925473
4925474
4925476
4925477
4925478
4925479
4925480
4925481
4925482
4925483
4925484
4925485
4925486
4925487
4925488
4925489
4925490
4925491
4925494
4925495
4925496
4925497
4925498
4925499
4925500
4925502
4925503
4925504
4925505
4925506
4925507
4925508
4925509
4925510
4925511
4925512
4925513
4925514
4925515
4925516
4925517
4925518
4925519
4925520
4925521
4925522
4925523
4925524
4925525
4925526
4925527
4925528
4925529
4925530
4925531
4925532
4925533
4925534
4925535
4925536
4925537
4925538
4925539
4925540
4925541
4925542
4925543
4925545
4925546
4925547
4925548
4925549
4925551
4925552
4925553
4925554
4925556
4925557
4925558
4925559
4925560
4925561
4925562
4925563
4925564
4925565
4925566
4925567
4925568
4925569
4925570
4925571
4925572
4925573
4925574
4925575
4925576
4925577
4925578
4925579
4925580
4925581
4925582
4925583
4925584
4925585
4925586
4925587
4925589
4925590
4925591
4925592
4925593
4925594
4925595
4925596
4925597
4925598
4925599
4925600
4925601
4925602
4925603
4925604
4925605
4925606
4925607
4925608
4925609
4925610
4925611
4925612
4925613
4925614
4925615
4925616
4925617
4925619
4925620
4925621
4925623
4925625
4925626
4925627
4925628
4925629
4925630
4925631
4925632
4925633
4925634
4925636
4925637
4925638
4925639
4925640
4925641
4925642
4925643
4925644
4925645
4925646
4925647
4925648
4925649
4925650
4925651
4925652
4925653
4925654
4925655
4925656
4925658
4925659
4925660
4925661
4925662
4925664
4925665
4925666
4925667
4925668
4925669
4925670
4925671
4925672
4925673
4925674
4925676
4925678
4925679
4925680
4925681
4925682
4925683
4925684
4925685
4925686
4925687
4925688
4925689
4925690
4925691
4925692
4925693
4925694
4925695
4925696
4925697
4925698
4925699
4925700
4925701
4925702
4925703
4925704
4925705
4925706
4925707
4925708
4925709
4925710
4925711
4925712
4925713
4925714
4925715
4925716
4925717
4925718
4925719
4925720
4925721
4925722
4925723
4925724
4925725
4925726
4925727
4925728
4925729
4925730
4925732
4925733
4925734
4925735
4925736
4925737
4925738
4925739
4925740
4925741
4925742
4925743
4925744
4925745
4925746
4925747
4925748
4925749
4925750
4925751
4925752
4925753
4925754
4925755
4925756
4925757
4925758
4925759
4925760
4925761
4925764
4925765
4925766
4925768
4925769
4925770
4925771
4925773
4925774
4925775
4925776
4925777
4925778
4925779
4925780
4925781
4925782
4925783
4925784
4925785
4925786
4925787
4925788
4925789
4925790
4925791
4925792
4925793
4925794
4925795
4925796
4925797
4925798
4925800
4925801
4925802
4925803
4925804
4925805
4925806
4925807
4925808
4925809
4925810
4925811
4925812
4925813
4925814
4925815
4925816
4925817
4925818
4925819
4925820
4925821
4925822
4925824
4925825
4925826
4925828
4925829
4925830
4925831
4925832
4925833
4925834
4925836
4925837
4925838
4925839
4925840
4925841
4925843
4925844
4925845
4925846
4925847
4925848
4925849
4925850
4925851
4925853
4925854
4925855
4925856
4925857
4925858
4925859
4925860
4925861
4925862
4925863
4925865
4925866
4925867
4925868
4925869
4925870
4925871
4925872
4925873
4925874
4925876
4925877
4925878
4925879
4925880
4925881
4925883
4925884
4925885
4925886
4925887
4925888
4925889
4925890
4925892
4925893
4925894
4925895
4925896
4925898
4925899
4925900
4925901
4925902
4925903
4925904
4925905
4925906
4925907
4925909
4925910
4925911
4925912
4925913
4925914
4925915
4925916
4925917
4925918
4925919
4925920
4925922
4925924
4925925
4925926
4925927
4925929
4925930
4925931
4925932
4925933
4925934
4925935
4925936
4925937
4925938
4925939
4925940
4925941
4925942
4925943
4925944
4925945
4925946
4925947
4925948
4925949
4925950
4925951
4925952
4925953
4925954
4925955
4925956
4925957
4925958
4925959
4925960
4925961
4925962
4925964
4925965
4925966
4925967
4925968
4925969
4925970
4925971
4925972
4925973
4925974
4925975
4925976
4925977
4925978
4925979
4925980
4925981
4925982
4925983
4925984
4925985
4925987
4925988
4925989
4925990
4925991
4925992
4925993
4925994
4925995
4925996
4925997
4925998
4925999
4926000
4926001
4926002
4926003
4926004
4926005
4926006
4926007
4926008
4926010
4926011
4926012
4926013
4926014
4926015
4926016
4926018
4926019
4926020
4926021
4926022
4926023
4926024
4926025
4926026
4926027
4926028
4926029
4926030
4926031
4926032
4926033
4926034
4926035
4926036
4926037
4926038
4926039
4926040
4926041
4926042
4926043
4926044
4926045
4926046
4926047
4926048
4926049
4926050
4926051
4926052
4926053
4926054
4926055
4926056
4926058
4926059
4926060
4926061
4926062
4926064
4926065
4926067
4926068
4926069
4926070
4926072
4926074
4926075
4926076
4926077
4926078
4926079
4926080
4926081
4926082
4926083
4926084
4926085
4926087
4926088
4926089
4926090
4926091
4926092
4926093
4926094
4926095
4926096
4926097
4926098
4926099
4926100
4926102
4926103
4926104
4926105
4926106
4926108
4926109
4926110
4926111
4926112
4926113
4926114
4926116
4926117
4926118
4926122
4926123
4926124
4926125
4926126
4926127
4926128
4926129
4926130
4926131
4926132
4926133
4926134
4926135
4926136
4926137
4926138
4926139
4926140
4926141
4926142
4926143
4926144
4926145
4926146
4926147
4926148
4926149
4926150
4926151
4926152
4926153
4926154
4926155
4926156
4926157
4926158
4926159
4926160
4926161
4926162
4926163
4926164
4926165
4926166
4926167
4926168
4926169
4926170
4926171
4926172
4926173
4926174
4926175
4926176
4926177
4926178
4926179
4926180
4926181
4926182
4926183
4926184
4926185
4926186
4926187
4926188
4926189
4926190
4926191
4926192
4926193
4926194
4926195
4926196
4926197
4926198
4926199
4926200
4926201
4926202
4926203
4926204
4926205
4926206
4926207
4926208
4926209
4926210
4926211
4926212
4926214
4926215
4926216
4926217
4926218
4926219
4926220
4926221
4926223
4926224
4926226
4926227
4926228
4926229
4926230
4926231
4926232
4926233
4926234
4926235
4926237
4926238
4926239
4926240
4926241
4926242
4926243
4926244
4926245
4926246
4926247
4926248
4926249
4926250
4926251
4926252
4926253
4926254
4926255
4926256
4926257
4926258
4926259
4926260
4926261
4926262
4926263
4926264
4926265
4926266
4926268
4926269
4926271
4926272
4926274
4926275
4926276
4926277
4926278
4926279
4926280
4926281
4926282
4926283
4926284
4926285
4926286
4926287
4926288
4926289
4926291
4926292
4926293
4926294
4926295
4926296
4926297
4926298
4926299
4926300
4926301
4926302
4926303
4926304
4926305
4926306
4926307
4926308
4926309
4926310
4926311
4926312
4926313
4926314
4926315
4926316
4926317
4926318
4926319
4926320
4926321
4926322
4926323
4926324
4926325
4926328
4926329
4926330
4926331
4926332
4926333
4926334
4926335
4926336
4926337
4926338
4926339
4926340
4926341
4926342
4926343
4926344
4926345
4926346
4926347
4926348
4926349
4926350
4926351
4926352
4926353
4926354
4926355
4926356
4926357
4926358
4926359
4926360
4926361
4926362
4926363
4926364
4926365
4926366
4926367
4926368
4926369
4926370
4926371
4926372
4926373
4926375
4926376
4926377
4926378
4926379
4926380
4926381
4926382
4926383
4926384
4926385
4926386
4926387
4926388
4926389
4926390
4926391
4926392
4926393
4926394
4926395
4926396
4926397
4926398
4926399
4926400
4926401
4926402
4926403
4926404
4926405
4926406
4926407
4926409
4926410
4926411
4926412
4926413
4926414
4926415
4926416
4926417
4926418
4926419
4926420
4926421
4926422
4926423
4926424
4926425
4926426
4926427
4926428
4926429
4926430
4926431
4926432
4926433
4926434
4926435
4926436
4926437
4926438
4926439
4926440
4926441
4926442
4926443
4926444
4926445
4926446
4926447
4926448
4926449
4926450
4926451
4926452
4926453
4926454
4926455
4926456
4926457
4926458
4926459
4926460
4926461
4926462
4926463
4926464
4926466
4926467
4926468
4926469
4926470
4926471
4926472
4926473
4926474
4926475
4926476
4926477
4926478
4926479
4926480
4926481
4926482
4926483
4926484
4926485
4926486
4926487
4926488
4926489
4926491
4926492
4926493
4926494
4926495
4926496
4926498
4926500
4926501
4926502
4926503
4926504
4926505
4926506
4926507
4926508
4926509
4926510
4926511
4926512
4926513
4926514
4926515
4926519
4926522
4926523
4926524
4926526
4926527
4926529
4926532
4926533
4926534
4926535
4926536
4926537
4926539
4926542
4926545
4926547
4926548
4926549
4926550
4926552
4926553
4926554
4926556
4926557
4926558
4926562
4926563
4926565
4926566
4926567
4926568
4926570
4926571
4926573
4926575
4926576
4926577
4926578
4926579
4926580
4926581
4926582
4926583
4926584
4926585
4926586
4926587
4926588
4926589
4926590
4926591
4926592
4926593
4926594
4926595
4926596
4926597
4926598
4926599
4926600
4926601
4926602
4926603
4926604
4926605
4926606
4926607
4926609
4926610
4926611
4926613
4926614
4926615
4926616
4926617
4926619
4926620
4926621
4926622
4926623
4926624
4926625
4926626
4926627
4926628
4926630
4926631
4926633
4926634
4926635
4926636
4926637
4926638
4926639
4926640
4926641
4926642
4926643
4926645
4926646
4926647
4926648
4926649
4926650
4926651
4926652
4926653
4926654
4926655
4926656
4926657
4926658
4926659
4926660
4926661
4926662
4926663
4926664
4926665
4926666
4926667
4926668
4926669
4926670
4926671
4926672
4926673
4926674
4926675
4926676
4926677
4926678
4926679
4926680
4926681
4926682
4926683
4926684
4926685
4926686
4926687
4926688
4926689
4926690
4926691
4926692
4926693
4926694
4926695
4926696
4926697
4926698
4926699
4926700
4926701
4926702
4926703
4926704
4926705
4926706
4926707
4926708
4926709
4926710
4926711
4926712
4926713
4926714
4926715
4926716
4926718
4926719
4926720
4926721
4926722
4926723
4926725
4926726
4926727
4926728
4926729
4926730
4926731
4926732
4926734
4926735
4926736
4926737
4926739
4926740
4926741
4926742
4926743
4926744
4926745
4926746
4926747
4926748
4926749
4926750
4926751
4926753
4926754
4926755
4926756
4926757
4926758
4926759
4926760
4926761
4926762
4926763
4926764
4926766
4926767
4926768
4926769
4926770
4926771
4926773
4926775
4926776
4926777
4926778
4926779
4926780
4926781
4926782
4926783
4926784
4926786
4926787
4926788
4926790
4926791
4926792
4926793
4926794
4926795
4926796
4926797
4926798
4926799
4926800
4926801
4926802
4926804
4926805
4926806
4926807
4926808
4926809
4926810
4926812
4926813
4926814
4926816
4926817
4926818
4926819
4926820
4926821
4926822
4926823
4926824
4926825
4926826
4926827
4926828
4926829
4926830
4926831
4926832
4926833
4926834
4926835
4926836
4926837
4926838
4926839
4926840
4926841
4926842
4926844
4926845
4926846
4926847
4926848
4926849
4926851
4926852
4926853
4926854
4926855
4926856
4926857
4926858
4926859
4926860
4926861
4926862
4926863
4926864
4926865
4926867
4926868
4926869
4926870
4926871
4926872
4926873
4926874
4926875
4926876
4926878
4926879
4926880
4926881
4926882
4926883
4926884
4926885
4926886
4926887
4926888
4926889
4926890
4926891
4926892
4926893
4926894
4926895
4926896
4926897
4926898
4926899
4926900
4926901
4926902
4926903
4926904
4926905
4926906
4926907
4926908
4926909
4926910
4926911
4926912
4926913
4926914
4926915
4926916
4926917
4926918
4926919
4926920
4926921
4926922
4926923
4926926
4926927
4926928
4926929
4926930
4926931
4926933
4926934
4926936
4926937
4926938
4926939
4926941
4926942
4926943
4926944
4926945
4926946
4926947
4926948
4926949
4926950
4926951
4926952
4926953
4926954
4926955
4926956
4926957
4926958
4926959
4926960
4926961
4926962
4926963
4926964
4926965
4926966
4926967
4926968
4926969
4926970
4926971
4926972
4926973
4926974
4926975
4926976
4926977
4926978
4926979
4926980
4926981
4926982
4926983
4926984
4926985
4926986
4926987
4926989
4926990
4926991
4926992
4926993
4926995
4926996
4926997
4926998
4926999
4927000
4927001
4927002
4927003
4927004
4927005
4927006
4927007
4927008
4927009
4927011
4927012
4927013
4927014
4927015
4927016
4927017
4927019
4927020
4927021
4927022
4927023
4927024
4927027
4927028
4927029
4927030
4927031
4927032
4927033
4927034
4927035
4927036
4927037
4927038
4927039
4927040
4927041
4927042
4927043
4927044
4927045
4927046
4927047
4927048
4927049
4927050
4927051
4927052
4927053
4927054
4927055
4927056
4927057
4927058
4927059
4927060
4927061
4927062
4927063
4927065
4927066
4927067
4927068
4927069
4927070
4927071
4927072
4927073
4927074
4927075
4927076
4927077
4927078
4927079
4927081
4927082
4927083
4927084
4927085
4927087
4927088
4927089
4927091
4927092
4927093
4927094
4927095
4927096
4927097
4927098
4927099
4927100
4927101
4927102
4927103
4927104
4927105
4927106
4927107
4927108
4927109
4927110
4927111
4927112
4927113
4927114
4927115
4927116
4927117
4927118
4927119
4927120
4927121
4927122
4927123
4927124
4927125
4927126
4927127
4927128
4927129
4927131
4927132
4927133
4927134
4927135
4927136
4927137
4927138
4927139
4927140
4927141
4927142
4927143
4927144
4927145
4927146
4927147
4927148
4927149
4927150
4927151
4927152
4927153
4927154
4927155
4927156
4927157
4927158
4927159
4927160
4927161
4927163
4927164
4927165
4927166
4927167
4927168
4927169
4927170
4927171
4927172
4927173
4927174
4927175
4927176
4927177
4927178
4927179
4927180
4927182
4927183
4927185
4927186
4927187
4927188
4927189
4927190
4927191
4927192
4927193
4927194
4927195
4927196
4927197
4927198
4927199
4927200
4927201
4927202
4927203
4927204
4927206
4927207
4927208
4927209
4927210
4927211
4927212
4927213
4927214
4927215
4927216
4927217
4927218
4927219
4927220
4927221
4927222
4927223
4927224
4927225
4927226
4927227
4927228
4927229
4927230
4927231
4927232
4927233
4927234
4927235
4927236
4927237
4927238
4927239
4927240
4927241
4927242
4927243
4927244
4927245
4927246
4927247
4927248
4927249
4927251
4927252
4927253
4927254
4927255
4927256
4927257
4927258
4927259
4927260
4927261
4927262
4927263
4927264
4927265
4927266
4927267
4927268
4927269
4927270
4927272
4927273
4927274
4927275
4927276
4927277
4927278
4927280
4927281
4927282
4927283
4927284
4927285
4927286
4927287
4927288
4927289
4927290
4927291
4927292
4927293
4927294
4927295
4927296
4927297
4927298
4927299
4927301
4927302
4927303
4927304
4927305
4927306
4927307
4927308
4927309
4927310
4927311
4927312
4927313
4927314
4927315
4927316
4927317
4927318
4927319
4927320
4927321
4927323
4927324
4927325
4927326
4927327
4927328
4927330
4927331
4927332
4927333
4927334
4927335
4927336
4927337
4927339
4927340
4927341
4927342
4927343
4927344
4927345
4927346
4927347
4927348
4927349
4927350
4927351
4927352
4927353
4927354
4927355
4927356
4927357
4927358
4927359
4927360
4927361
4927362
4927363
4927365
4927366
4927367
4927368
4927369
4927370
4927371
4927372
4927373
4927374
4927375
4927376
4927377
4927378
4927379
4927380
4927381
4927382
4927383
4927384
4927385
4927386
4927387
4927388
4927389
4927390
4927391
4927392
4927393
4927394
4927395
4927396
4927397
4927398
4927399
4927400
4927401
4927402
4926516
4926517
4926518
4926520
4926521
4926525
4926528
4926530
4926531
4926538
4926540
4926541
4926543
4926544
4926551
4926555
4926559
4926560
4926561
4926564
4926569
4926572
4926574