5359913
5359148
5359149
5359150
5359151
5359152
5359154
5359155
5359156
5359157
5359158
5359159
5359160
5359161
5359162
5359163
5359164
5359165
5359166
5359167
5359168
5359169
5359170
5359171
5359172
5359173
5359174
5359175
5359176
5359177
5359178
5359179
5359180
5359181
5359182
5359183
5359184
5359185
5359186
5359187
5359188
5359189
5359190
5359191
5359192
5359193
5359194
5359195
5359196
5359197
5359199
5359200
5359201
5359202
5359203
5359204
5359205
5359206
5359207
5359208
5359209
5359211
5359212
5359213
5359214
5359215
5359216
5359217
5359218
5359219
5359221
5359222
5359223
5359224
5359225
5359226
5359227
5359228
5359229
5359230
5359231
5359232
5359233
5359234
5359235
5359237
5359238
5359239
5359240
5359241
5359242
5359244
5359245
5359246
5359247
5359248
5359249
5359250
5359251
5359252
5359253
5359254
5359256
5359257
5359258
5359259
5359261
5359262
5359263
5359264
5359265
5359266
5359267
5359268
5359269
5359270
5359271
5359273
5359274
5359275
5359277
5359278
5359279
5359280
5359281
5359282
5359283
5359284
5359285
5359286
5359288
5359289
5359290
5359291
5359292
5359293
5359294
5359296
5359297
5359299
5359300
5359301
5359302
5359303
5359304
5359305
5359306
5359307
5359308
5359309
5359310
5359312
5359314
5359315
5359316
5359317
5359318
5359319
5359320
5359321
5359322
5359323
5359326
5359328
5359329
5359330
5359331
5359332
5359333
5359334
5359335
5359336
5359337
5359338
5359339
5359340
5359341
5359342
5359344
5359345
5359346
5359347
5359348
5359349
5359350
5359351
5359352
5359353
5359354
5359355
5359356
5359357
5359358
5359359
5359361
5359362
5359363
5359364
5359365
5359366
5359367
5359369
5359370
5359371
5359372
5359373
5359374
5359375
5359376
5359377
5359378
5359379
5359380
5359381
5359382
5359383
5359384
5359385
5359386
5359387
5359388
5359389
5359390
5359391
5359392
5359393
5359394
5359395
5359397
5359398
5359399
5359400
5359401
5359402
5359403
5359404
5359405
5359406
5359407
5359408
5359409
5359410
5359411
5359412
5359413
5359414
5359415
5359416
5359417
5359418
5359419
5359420
5359421
5359422
5359423
5359424
5359426
5359427
5359428
5359429
5359430
5359431
5359432
5359433
5359434
5359435
5359436
5359437
5359438
5359439
5359440
5359441
5359442
5359443
5359445
5359446
5359447
5359448
5359449
5359450
5359451
5359453
5359454
5359455
5359456
5359457
5359458
5359459
5359460
5359461
5359462
5359463
5359464
5359465
5359466
5359467
5359468
5359469
5359470
5359471
5359472
5359473
5359474
5359475
5359476
5359477
5359478
5359479
5359480
5359481
5359482
5359483
5359484
5359485
5359486
5359487
5359489
5359490
5359491
5359492
5359493
5359494
5359495
5359496
5359497
5359498
5359499
5359500
5359501
5359512
5359513
5359514
5359515
5359519
5359523
5359526
5359527
5359534
5359538
5359539
5359540
5359545
5359548
5359551
5359552
5359553
5359555
5359556
5359557
5359558
5359559
5359560
5359561
5359562
5359563
5359564
5359565
5359566
5359567
5359568
5359569
5359570
5359571
5359572
5359573
5359574
5359575
5359576
5359577
5359578
5359579
5359580
5359581
5359582
5359583
5359584
5359585
5359586
5359587
5359588
5359589
5359591
5359592
5359593
5359595
5359596
5359597
5359598
5359600
5359601
5359602
5359603
5359604
5359605
5359606
5359607
5359608
5360517
5359610
5359611
5359612
5359613
5359614
5359615
5359616
5359617
5359618
5359619
5359620
5359621
5359622
5359623
5359624
5359625
5359626
5359627
5359628
5359629
5359630
5359631
5359632
5359633
5359634
5359635
5359636
5359637
5360522
5359639
5359640
5359641
5359642
5359643
5359644
5359645
5359646
5359647
5359648
5359649
5359650
5359651
5359652
5359653
5359654
5359655
5359656
5359657
5359658
5359659
5359660
5359661
5359662
5359663
5360527
5359665
5359666
5359667
5360528
5359669
5359670
5359671
5359672
5359673
5359674
5359675
5359676
5359677
5359678
5359679
5360530
5359681
5360532
5359684
5359685
5359686
5360533
5359688
5359689
5359690
5359691
5360534
5359693
5359694
5359695
5359696
5359697
5359698
5359699
5359700
5359701
5359702
5359703
5359704
5359705
5359706
5359707
5359708
5359709
5359710
5359714
5359715
5359716
5359717
5359718
5359719
5359720
5359721
5359722
5359723
5359724
5359725
5359728
5359729
5359730
5359731
5359732
5359733
5359737
5359741
5359768
5359773
5359782
5359788
5359791
5359798
5359803
5359825
5359835
5359843
5359845
5359855
5359878
5359880
5359893
5359896
5359905
5359910
5359911
5359912
5359914
5359915
5359917
5359918
5359919
5359933
5359935
5359936
5359941
5359942
5359944
5359945
5359946
5359947
5359948
5359949
5359950
5359951
5359952
5359953
5359954
5359955
5359956
5359957
5359958
5359959
5359960
5359961
5359962
5359963
5359964
5359965
5359966
5359967
5359968
5359970
5359972
5359973
5359974
5359975
5359976
5359977
5359978
5359979
5359980
5359981
5359982
5359983
5359984
5359985
5359986
5359987
5359989
5359990
5359991
5359992
5359993
5359994
5359995
5359996
5359997
5359998
5359999
5360000
5360001
5360002
5360003
5360004
5360005
5360006
5360007
5360008
5360009
5360011
5360012
5360013
5360014
5360017
5360018
5360019
5360020
5360021
5360022
5360023
5360024
5360025
5360026
5360028
5360029
5360031
5360032
5360033
5360034
5360036
5360038
5360039
5360040
5360041
5360042
5360043
5360044
5360045
5360046
5360047
5360048
5360049
5360050
5360051
5360052
5360053
5360055
5360056
5360057
5360060
5360061
5360063
5360064
5360065
5360066
5360067
5360068
5360070
5360071
5360072
5360073
5360074
5360075
5360076
5360077
5360078
5360079
5360080
5360081
5360082
5360083
5360084
5360085
5360086
5360087
5360088
5360089
5360090
5360091
5360092
5360093
5360094
5360095
5360096
5360097
5360098
5360099
5360100
5360101
5360102
5360103
5360104
5360105
5360106
5360107
5360108
5360109
5360110
5360111
5360112
5360113
5360114
5360116
5360117
5360118
5360119
5360121
5360124
5360125
5360126
5360128
5360129
5360131
5360132
5360133
5360134
5360135
5360136
5360137
5360138
5360139
5360140
5360141
5360143
5360144
5360145
5360146
5360147
5360148
5360150
5360151
5360152
5360153
5360154
5360156
5360159
5360160
5360161
5360162
5360163
5360165
5360166
5360167
5360168
5360169
5360170
5360171
5360172
5360174
5360175
5360177
5360178
5360179
5360181
5360182
5360183
5360184
5360185
5360187
5360188
5360189
5360190
5360191
5360192
5360193
5360194
5360195
5360196
5360197
5360198
5360199
5360200
5360201
5360202
5360203
5360204
5360206
5360207
5360208
5360210
5360211
5360212
5360215
5360216
5360217
5360218
5360219
5360222
5360224
5360225
5360226
5360227
5360228
5360229
5360230
5360231
5360232
5360233
5360234
5360235
5360236
5360237
5360239
5360240
5360241
5360242
5360243
5360244
5360248
5360252
5360253
5360254
5360255
5360257
5360260
5360262
5360263
5360265
5360266
5360268
5360269
5360270
5360271
5360272
5360273
5360274
5360275
5360276
5360277
5360278
5360279
5360280
5360281
5360282
5360283
5360284
5360285
5360286
5360287
5360288
5360289
5360290
5360291
5360292
5360295
5360297
5360298
5360299
5360300
5360301
5360302
5360303
5360304
5360305
5360306
5360307
5360308
5360310
5360317
5360318
5360319
5360321
5360323
5360324
5360325
5360326
5360327
5360328
5360329
5360330
5360331
5360332
5360333
5360334
5360335
5360336
5360337
5360338
5360339
5360340
5360341
5360342
5360343
5360345
5360346
5360347
5360348
5360349
5360350
5360351
5360352
5360353
5360354
5360355
5360356
5360357
5360358
5360359
5360360
5360361
5360362
5360363
5360364
5360365
5360366
5360367
5360368
5360369
5360370
5360371
5360372
5360373
5360374
5360375
5360377
5360378
5360379
5360380
5360381
5360382
5360385
5360386
5360387
5360388
5360389
5360390
5360391
5360392
5360393
5360394
5360395
5360397
5360399
5360400
5360401
5360403
5360404
5360405
5360406
5360407
5360408
5360409
5360410
5360411
5360412
5360414
5360415
5360416
5360418
5360419
5360420
5360421
5360422
5360424
5360425
5360426
5360427
5360429
5360430
5360431
5360432
5360433
5360434
5360436
5360437
5360438
5360439
5360440
5360441
5360442
5360443
5360444
5360446
5360447
5360448
5360449
5360450
5360451
5360452
5360453
5360455
5360456
5360457
5360458
5360460
5360461
5360462
5360463
5360464
5360465
5360466
5360467
5360468
5360469
5360470
5360471
5360472
5360473
5360474
5360475
5360476
5360477
5360478
5360479
5360480
5360481
5360482
5360483
5360484
5360485
5360486
5360487
5360488
5360489
5360490
5360491
5360492
5360493
5360494
5360495
5360496
5360497
5360498
5360499
5360500
5360502
5360503
5360504
5360505
5360506
5360507
5360508
5360509
5360510
5360511
5360512
5360513
5360514
5360515
5360516
5360519
5360521
5360526
5360531
5360535
5360536
5360537
5360538
5360540
5360541
5360542
5360543
5360544
5360545
5360546
5360547
5360548
5360549
5360550
5360551
5360552
5360553
5360554
5360556
5360557
5360558
5360559
5360560
5360561
5360562
5360563
5360564
5360565
5360566
5360568
5360569
5360570
5360571
5360572
5360573
5360574
5360575
5360576
5360577
5359743
5359749
5359750
5359751
5359760
5359769
5359771
5359778
5359783
5359784
5359790
5359792
5359794
5359800
5359805
5359808
5359811
5359812
5359816
5359817
5359818
5359826
5359828
5359829
5359831
5359832
5359833
5359836
5359838
5359839
5359846
5359847
5359850
5359860
5359863
5359864
5359865
5359867
5359871
5359872
5359873
5359874
5359875
5359882
5359887
5359888
5359889
5359891
5359892
5359895
5359897
5359899
5359900
5359901
5359903
5359904
5359906
5359907
5359908
5359909
5359920
5359921
5359922
5359923
5359925
5359926
5360518
5359927
5359929
5359930
5359931
5359932
5359934
5360520
5359937
5359938
5359939
5359940
5360523
5360524
5360525
5360529