5386436
5386437
5386438
5386439
5386440
5386441
5386442
5386443
5386444
5386445
5386446
5386447
5386448
5386449
5386450
5386451
5386453
5386454
5386455
5386456
5386457
5386458
5386459
5386460
5386461
5386462
5386463
5386464
5386465
5386466
5386467
5386468
5386469
5386470
5386471
5386472
5386473
5386474
5386475
5386476
5386477
5386478
5386479
5386480
5386481
5386482
5386483
5386484
5386485
5386486
5386487
5386488
5386489
5386490
5386491
5386492
5386493
5386494
5386495
5386496
5386497
5386498
5386499
5386500
5386501
5386502
5386503
5386504
5386505
5386507
5386508
5386509
5386510
5386511
5386512
5386513
5386514
5386515
5386516
5386518
5386519
5386520
5386521
5386522
5386523
5386525
5386526
5386527
5386528
5386529
5386530
5386531
5386532
5386533
5386534
5386535
5386536
5386537
5386539
5386540
5386541
5386542
5386543
5386545
5386546
5386547
5386548
5386549
5386550
5386551
5386552
5386553
5386554
5386555
5386556
5386557
5386558
5386559
5386560
5386561
5386562
5386563
5386564
5386565
5386566
5386567
5386568
5386569
5386570
5386571
5386572
5386574
5386575
5386576
5386577
5386578
5386579
5386580
5386581
5386582
5386583
5386584
5386585
5386586
5386587
5386588
5386590
5386591
5386593
5386594
5386596
5386597
5386598
5386599
5386600
5386601
5386603
5386604
5386605
5386607
5386609
5386610
5386611
5386612
5386614
5386615
5386616
5386617
5386618
5386619
5386620
5386621
5386622
5386623
5386624
5386625
5386626
5386628
5386629
5386631
5386632
5386634
5386636
5386638
5386639
5386641
5386642
5386643
5386645
5386646
5386647
5386650
5386651
5386652
5386653
5386654
5386655
5386656
5386659
5386661
5386663
5386664
5386665
5386666
5386667
5386668
5386669
5386670
5386671
5386672
5386673
5386674
5386675
5386677
5386678
5386681
5386682
5386684
5386685
5386686
5386687
5386689
5386693
5386696
5386697
5386698
5386699
5386700
5386701
5386702
5386703
5386704
5386705
5386706
5386707
5386709
5386710
5386711
5386712
5386713
5386714
5386715
5386716
5386717
5386718
5386719
5386720
5386721
5386722
5386723
5386724
5386725
5386726
5386728
5386729
5386730
5386731
5386732
5386733
5386736
5386737
5386738
5386739
5386740
5386741
5386742
5386745
5386746
5386747
5386748
5386749
5386750
5386751
5386752
5386754
5386756
5386757
5386758
5386760
5386761
5386762
5386763
5386764
5386765
5386766
5386767
5386768
5386769
5386770
5386771
5386772
5386773
5386774
5386775
5386776
5386777
5386778
5386779
5386780
5386781
5386782
5386783
5386784
5386785
5386786
5386788
5386789
5386790
5386791
5386792
5386793
5386794
5386795
5386796
5386798
5386799
5386800
5386801
5386802
5386803
5386804
5386805
5386806
5386807
5386808
5386809
5386810
5386811
5386812
5386813
5386814
5386815
5386817
5386818
5386819
5386820
5386821
5386824
5386825
5386827
5386828
5386829
5386830
5386831
5386832
5386833
5386834
5386835
5386836
5386837
5386838
5386839
5386840
5386841
5386842
5386843
5386844
5386845
5386846
5386847
5386848
5386849
5386850
5386851
5386853
5386855
5386859
5386860
5386861
5386862
5386863
5386864
5386865
5386866
5386867
5386868
5386869
5386870
5386871
5386872
5386873
5386874
5386875
5386876
5386877
5386878
5386879
5386880
5386881
5386882
5386883
5386884
5386885
5386886
5386887
5386888
5386889
5386890
5386891
5386892
5386893
5386895
5386896
5386897
5386898
5386899
5386900
5386901
5386902
5386903
5386904
5386905
5386906
5386907
5386908
5386909
5386910
5386912
5386913
5386915
5386916
5386917
5386918
5386919
5386920
5386921
5386923
5386924
5386925
5386926
5386927
5386929
5386930
5386931
5386932
5386933
5386934
5386935
5386936
5386937
5386938
5386939
5386940
5386941
5386942
5386943
5386945
5386946
5386947
5386948
5386949
5386950
5386951
5386952
5386953
5386954
5386955
5386956
5386957
5386958
5386959
5386960
5386961
5386963
5386964
5386965
5386966
5386967
5386968
5386969
5386970
5386971
5386972
5386973
5386974
5386975
5386976
5386977
5386978
5386979
5386980
5386982
5386983
5386984
5386985
5386986
5386987
5386988
5386990
5386991
5386992
5386993
5386994
5386995
5386996
5386997
5386998
5386999
5387000
5387001
5387002
5387003
5387004
5387005
5387006
5387007
5387008
5387009
5387010
5387011
5387012
5387013
5387015
5387016
5387017
5387018
5387019
5387020
5387021
5387022
5387023
5387024
5387025
5387026
5387027
5387028
5387029
5387030
5387031
5387032
5387033
5387034
5387035
5387036
5387037
5387038
5387039
5387040
5387041
5387042
5387043
5387044
5387045
5387046
5387047
5387048
5387049
5387050
5387051
5387052
5387053
5387054
5387055
5387056
5387057
5387058
5387059
5387060
5387061
5387062
5387064
5387065
5387066
5387067
5387068
5387069
5387070
5387071
5387072
5387074
5387075
5387076
5387077
5387078
5387079
5387080
5387081
5387082
5387084
5387085
5387086
5387087
5387088
5387089
5387090
5387091
5387092
5387093
5387094
5387095
5387096
5387097
5387098
5387099
5387100
5387101
5387102
5387104
5387105
5387106
5387107
5387108
5387110
5387111
5387112
5387114
5387115
5387116
5387117
5387118
5387119
5387120
5387121
5387122
5387123
5387124
5387126
5387127
5387128
5387130
5387131
5387132
5387133
5387134
5387135
5387136
5387137
5387138
5387139
5387140
5387141
5387142
5387143
5387144
5387145
5387147
5387148
5387149
5387151
5387152
5387153
5387154
5387155
5387156
5387157
5387158
5387159
5387160
5387161
5387162
5387163
5387164
5387165
5387166
5387167
5387168
5387169
5387170
5387171
5387172
5387173
5387174
5387175
5387176
5387177
5387178
5387179
5387180
5387181
5387182
5387183
5387185
5387186
5387187
5387188
5387189
5387190
5387191
5387192
5387194
5387195
5387196
5387197
5387199
5387200
5387201
5387202
5387203
5387204
5387205
5387206
5387207
5387208
5387209
5387210
5387211
5387212
5387213
5387214
5387215
5387216
5387217
5387218
5387219
5387220
5387221
5387222
5387223
5387224
5387225
5387226
5387227
5387228
5387229
5387230
5387231
5387232
5387233
5387234
5387235
5387237
5387239
5387240
5387241
5387242
5387243
5387244
5387245
5387246
5387247
5387248
5387249
5387250
5387251
5387252
5387253
5387254
5387255
5387256
5387257
5387258
5387259
5387260
5387261
5387262
5387263
5387264
5387265
5387266
5387267
5387268
5387269
5387270
5387271
5387272
5387273
5387274
5387275
5387276
5387277
5387278
5387279
5387280
5387281
5387283
5387284
5387285
5387286
5387287
5387288
5387289
5387290
5387291
5387292
5387293
5387294
5387295
5387296
5387297
5387298
5387299
5387300
5387301
5387302
5387303
5387304
5387305
5387306
5387307
5387308
5387309
5387310
5387311
5387312
5387313
5387314
5387315
5387316
5387317
5387318
5387319
5387320
5387321
5387322
5387323
5387324
5387325
5387326
5387327
5387328
5387329
5387330
5387331
5387332
5387333
5387334
5387335
5387336
5387337
5387338
5387340
5387341
5387343
5387344
5387345
5387346
5387348
5387349
5387350
5387351
5387352
5387353
5387354
5387355
5387357
5387358
5387359
5387360
5387361
5387362
5387364
5387365
5387366
5387367
5387368
5387369
5387370
5387371
5387372
5387373
5387374
5387375
5387376
5387377
5387378
5387379
5387381
5387382
5387383
5387384
5387385
5387387
5387388
5387389
5387390
5387391
5387392
5387394
5387395
5387396
5387397
5387398
5387399
5387400
5387402
5387403
5387404
5387405
5387406
5387407
5387408
5387409
5387410
5387411
5387412
5387413
5387414
5387415
5387416
5387417
5387418
5387419
5387420
5387421
5387422
5387423
5387426
5387427
5387428
5387429
5387430
5387431
5387432
5387433
5387434
5387435
5387436
5387437
5387438
5387439
5387440
5387441
5387442
5387443
5387444
5387445
5387446
5387447
5387449
5387450
5387451
5387452
5387453
5387454
5387455
5387456
5387457
5387458
5387459
5387460
5387461
5387462
5387463
5387464
5387465
5387466
5387467
5387468
5387470
5387471
5387472
5387473
5387474
5387475
5387476
5387477
5387478
5387479
5387480
5387481
5387482
5387483
5387484
5387485
5387487
5387488
5387489
5387490
5387491
5387492
5387493
5387494
5387495
5387496
5387497
5387498
5387500
5387501
5387502
5387503
5387504
5387505
5387506
5387507
5387508
5387509
5387510
5387511
5387512
5387513
5387514
5387515
5387516
5387517
5387518
5387519
5387520
5387522
5387523
5387524
5387525
5387526
5387527
5387528
5387529
5387530
5387531
5387532
5387533
5387534
5387536
5387537
5387538
5387539
5387540
5387541
5387542
5387543
5387544
5387545
5387546
5387547
5387548
5387549
5387550
5387551
5387552
5387553
5387554
5387555
5387556
5387557
5387558
5387559
5387561
5387562
5387563
5387564
5387565
5387566
5387567
5387568
5387569
5387570
5387571
5387573
5387574
5387575
5387576
5387577
5387578
5387579
5387580
5387581
5387582
5387583
5387584
5387585
5387586
5387587
5387588
5387589
5387590
5387591
5387592
5387593
5387594
5387595
5387596
5387597
5387598
5387599
5387600
5387601
5387602
5387603
5387604
5387605
5387606
5387607
5387608
5387610
5387611
5387612
5387613
5387614
5387615
5387616
5387617
5387618
5387619
5387620
5387621
5387622
5387623
5387624
5387625
5387626
5387627
5387628
5387629
5387630
5387631
5387632
5387633
5387634
5387635
5387636
5387637
5387638
5387639
5387640
5387641
5387642
5387643
5387644
5387645
5387646
5387647
5387648
5387649
5387650
5387651
5387652
5387653
5387654
5387655
5387656
5387657
5387658
5387659
5387660
5387662
5387663
5387664
5387665
5387666
5387667
5387668
5387669
5387670
5387671
5387672
5387673
5387674
5387675
5387676
5387677
5387678
5387679
5387680
5387681
5387682
5387683
5387684
5387685
5387686
5387687
5387688
5387689
5387691
5387692
5387693
5387694
5387695
5387697
5387698
5387699
5387700
5387701
5387703
5387704
5387705
5387706
5387707
5387708
5387709
5387710
5387711
5387712
5387713
5387714
5387715
5387716
5387717
5387718
5387719
5387720
5387721
5387722
5387723
5387724
5387725
5387726
5387727
5387728
5387729
5387730
5387731
5387732
5387733
5387734
5387735
5387736
5387737
5387738
5387739
5387740
5387741
5387742
5387743
5387744
5387745
5387746
5387747
5387748
5387749
5387750
5387751
5387752
5387753
5387754
5387755
5387756
5387757
5387758
5387759
5387760
5387761
5387762
5387763
5387764
5387766
5387767
5387768
5387769
5387770
5387771
5387772
5387773
5387774
5387775
5387776
5387777
5387778
5387779
5387780
5387781
5387782
5387783
5387784
5387785
5387786
5387787
5387788
5387789
5387790
5387791
5387792
5387793
5387795
5387796
5387797
5387798
5387799
5387800
5387801
5387802
5387803
5387804
5387805
5387806
5387807
5387808
5387809
5387810
5387811
5387812
5387813
5387814
5387815
5387816
5387817
5387818
5387820
5387821
5387822
5387823
5387824
5387825
5387826
5387827
5387828
5387829
5387830
5387831
5387832
5387833
5387834
5387835
5387836
5387837
5387838
5387839
5387840
5387841
5387842
5387843
5387844
5387845
5387846
5387847
5387848
5387849
5387850
5387851
5387852
5387853
5387854
5387855
5387856
5387857
5387858
5387859
5387860
5387861
5387862
5387863
5387864
5387865
5387866
5387867
5387868
5387869
5387870
5387871
5387872
5387873
5387874
5387876
5387877
5387878
5387879
5387881
5387882
5387883
5387884
5387886
5387887
5387888
5387889
5387890
5387891
5387892
5387893
5387894
5387895
5387896
5387897
5387898
5387899
5387900
5387901
5387902
5387903
5387904
5387905
5387906
5387907
5387908
5387909
5387910
5387911
5387912
5387913
5387914
5387915
5387916
5387917
5387918
5387919
5387920
5387921
5387922
5387923
5387924
5387925
5387926
5387927
5387928
5387929
5387930
5387931
5387932
5387933
5387934
5387935
5387936
5387937
5387938
5387939
5387940
5387941
5387942
5387943
5387944
5387945
5387946
5387947
5387948
5387949
5387950
5387951
5387952
5387953
5387954
5387955
5387956
5387957
5387958
5387959
5387960
5387961
5387962
5387963
5387964
5387965
5387966
5387967
5387968
5387969
5387970
5387971
5387972
5387973
5387974
5387976
5387977
5387978
5387979
5387980
5387981
5387982
5387983
5387984
5387985
5387986
5387988
5387989
5387990
5387991
5387992
5387993
5387995
5387996
5387997
5387998
5387999
5388000
5388001
5388002
5388004
5388005
5388006
5388007
5388008
5388009
5388010
5388011
5388012
5388013
5388014
5388015
5388017
5388018
5388019
5388020
5388021
5388022
5388023
5388024
5388025
5388026
5388027
5388028
5388029
5388030
5388031
5388032
5388033
5388034
5388035
5388036
5388037
5388038
5388040
5388041
5388042
5388043
5388045
5388046
5388047
5388048
5388049
5388050
5388051
5388052
5388053
5388054
5388055
5388056
5388057
5388058
5388059
5388060
5388061
5388062
5388063
5388064
5388065
5388066
5388067
5388068
5388070
5388073
5388074
5388075
5388076
5388077
5388078
5388079
5388080
5388081
5388082
5388083
5388084
5388085
5388086
5388087
5388088
5388089
5388090
5388091
5388092
5388094
5388095
5388096
5388097
5388098
5388099
5388100
5388101
5388102
5388103
5388104
5388105
5388106
5388107
5388108
5388109
5388110
5388111
5388112
5388113
5388114
5388115
5388116
5388117
5388118
5388119
5388121
5388122
5388123
5388124
5388125
5388127
5388128
5388129
5388130
5388132
5388134
5388135
5388136
5388137
5388138
5388139
5388140
5388141
5388142
5388143
5388144
5388145
5388146
5388147
5388149
5388150
5388151
5388152
5388153
5388154
5388155
5388156
5388157
5388158
5388159
5388160
5388161
5388162
5388163
5388164
5388165
5388166
5388168
5388171
5388172
5388173
5388174
5388175
5388176
5388177
5388178
5388179
5388180
5388181
5388182
5388183
5388184
5388185
5388186
5388187
5388188
5388189
5388190
5388191
5388192
5388193
5388194
5388195
5388196