4885242
4885243
4885244
4885245
4885246
4885247
4885248
4885249
4885250
4885252
4885253
4885254
4885255
4885256
4885257
4885258
4885259
4885260
4885261
4885262
4885263
4885264
4885265
4885266
4885267
4885268
4885269
4885270
4885271
4885272
4885273
4885274
4885275
4885276
4885277
4885279
4885280
4885281
4885282
4885284
4885286
4885287
4885288
4885290
4885292
4885293
4885295
4885297
4885298
4885299
4885300
4885301
4885302
4885303
4885304
4885305
4885306
4885307
4885308
4885309
4885310
4885312
4885314
4885315
4885316
4885317
4885318
4885319
4885320
4885321
4885322
4885324
4885325
4885326
4885327
4885328
4885329
4885330
4885331
4885332
4885333
4885334
4885335
4885336
4885337
4885338
4885339
4885340
4885341
4885342
4885343
4885344
4885345
4885346
4885347
4885348
4885349
4885350
4885351
4885352
4885353
4885354
4885355
4885356
4885357
4885358
4885359
4885360
4885361
4885362
4885363
4885364
4885365
4885366
4885367
4885368
4885369
4885370
4885371
4885373
4885374
4885375
4885376
4885377
4885378
4885379
4885380
4885381
4885382
4885383
4885384
4885385
4885386
4885388
4885389
4885390
4885391
4885392
4885393
4885394
4885395
4885396
4885397
4885398
4885399
4885400
4885401
4885402
4885403
4885404
4885405
4885406
4885407
4885408
4885409
4885410
4885411
4885412
4885413
4885414
4885415
4885416
4885417
4885418
4885419
4885420
4885421
4885422
4885423
4885425
4885426
4885427
4885428
4885429
4885431
4885432
4885433
4885434
4885435
4885436
4885437
4885438
4885439
4885440
4885442
4885444
4885445
4885446
4885447
4885448
4885449
4885450
4885451
4885452
4885453
4885454
4885455
4885456
4885457
4885458
4885459
4885460
4885461
4885462
4885463
4885464
4885465
4885466
4885467
4885468
4885469
4885470
4885471
4885472
4885474
4885476
4885477
4885478
4885479
4885480
4885481
4885482
4885483
4885484
4885485
4885486
4885487
4885488
4885489
4885490
4885491
4885492
4885493
4885494
4885495
4885496
4885497
4885498
4885499
4885500
4885501
4885502
4885503
4885504
4885505
4885506
4885507
4885508
4885509
4885510
4885511
4885512
4885513
4885514
4885515
4885516
4885517
4885518
4885519
4885520
4885521
4885522
4885523
4885524
4885525
4885526
4885527
4885528
4885529
4885530
4885531
4885532
4885533
4885534
4885535
4885536
4885537
4885539
4885540
4885541
4885542
4885543
4885544
4885545
4885546
4885547
4885548
4885549
4885550
4885551
4885552
4885553
4885554
4885555
4885556
4885557
4885558
4885559
4885560
4885561
4885562
4885563
4885564
4885565
4885566
4885567
4885568
4885569
4885570
4885571
4885572
4885574
4885575
4885576
4885577
4885579
4885580
4885582
4885583
4885585
4885586
4885587
4885588
4885589
4885590
4885591
4885592
4885593
4885594
4885595
4885596
4885597
4885598
4885599
4885600
4885601
4885602
4885603
4885604
4885606
4885607
4885608
4885609
4885610
4885611
4885612
4885613
4885614
4885615
4885617
4885618
4885619
4885620
4885621
4885622
4885623
4885624
4885625
4885626
4885627
4885628
4885629
4885631
4885632
4885633
4885634
4885635
4885636
4885637
4885638
4885640
4885641
4885642
4885643
4885644
4885645
4885646
4885647
4885648
4885649
4885650
4885651
4885652
4885654
4885655
4885656
4885657
4885658
4885659
4885660
4885661
4885662
4885663
4885664
4885665
4885666
4885667
4885668
4885669
4885670
4885671
4885672
4885673
4885674
4885675
4885676
4885677
4885678
4885679
4885680
4885681
4885682
4885683
4885685
4885686
4885687
4885688
4885689
4885690
4885691
4885692
4885693
4885694
4885695
4885696
4885697
4885698
4885699
4885700
4885701
4885702
4885703
4885704
4885705
4885706
4885707
4885708
4885709
4885710
4885711
4885712
4885713
4885714
4885716
4885717
4885718
4885719
4885721
4885722
4885723
4885724
4885725
4885726
4885727
4885728
4885729
4885730
4885731
4885732
4885734
4885735
4885736
4885738
4885739
4885740
4885741
4885742
4885743
4885744
4885745
4885746
4885747
4885748
4885749
4885750
4885751
4885752
4885753
4885754
4885755
4885756
4885757
4885758
4885759
4885760
4885761
4885762
4885763
4885764
4885765
4885766
4885767
4885768
4885769
4885770
4885771
4885772
4885773
4885774
4885775
4885776
4885777
4885778
4885779
4885780
4885781
4885782
4885783
4885784
4885785
4885786
4885787
4885788
4885789
4885790
4885792
4885793
4885794
4885795
4885796
4885797
4885798
4885799
4885800
4885801
4885802
4885803
4885804
4885805
4885806
4885807
4885808
4885809
4885810
4885811
4885812
4885813
4885814
4885815
4885816
4885817
4885819
4885820
4885821
4885822
4885823
4885824
4885825
4885826
4885827
4885828
4885829
4885830
4885831
4885832
4885833
4885834
4885835
4885836
4885837
4885839
4885840
4885841
4885842
4885843
4885844
4885845
4885846
4885847
4885848
4885849
4885851
4885852
4885853
4885854
4885855
4885856
4885857
4885858
4885859
4885860
4885861
4885862
4885863
4885864
4885865
4885866
4885867
4885868
4885869
4885870
4885871
4885872
4885873
4885874
4885875
4885876
4885877
4885878
4885879
4885880
4885881
4885882
4885883
4885884
4885885
4885886
4885887
4885888
4885889
4885890
4885891
4885892
4885893
4885894
4885895
4885896
4885897
4885898
4885899
4885900
4885902
4885904
4885905
4885906
4885907
4885908
4885909
4885910
4885911
4885912
4885914
4885915
4885916
4885917
4885918
4885919
4885920
4885921
4885922
4885923
4885924
4885925
4885926
4885927
4885928
4885929
4885930
4885931
4885932
4885933
4885934
4885935
4885936
4885937
4885938
4885939
4885940
4885941
4885942
4885943
4885944
4885945
4885946
4885947
4885948
4885949
4885950
4885951
4885952
4885953
4885954
4885955
4885956
4885957
4885958
4885959
4885960
4885961
4885962
4885963
4885964
4885965
4885966
4885967
4885968
4885969
4885970
4885971
4885972
4885973
4885975
4885976
4885977
4885978
4885979
4885980
4885981
4885982
4885983
4885984
4885985
4885986
4885987
4885988
4885989
4885990
4885991
4885992
4885993
4885994
4885995
4885996
4885997
4885998
4885999
4886001
4886002
4886004
4886005
4886007
4886009
4886010
4886011
4886012
4886013
4886014
4886015
4886016
4886017
4886018
4886019
4886021
4886022
4886023
4886024
4886025
4886026
4886027
4886028
4886029
4886030
4886031
4886032
4886033
4886035
4886036
4886037
4886038
4886039
4886040
4886041
4886043
4886044
4886045
4886046
4886048
4886049
4886050
4886051
4886052
4886053
4886054
4886056
4886057
4886058
4886059
4886060
4886061
4886062
4886063
4886064
4886065
4886066
4886067
4886068
4886069
4886070
4886071
4886072
4886073
4886074
4886075
4886076
4886077
4886079
4886080
4886081
4886082
4886083
4886084
4886085
4886086
4886087
4886088
4886089
4886090
4886091
4886092
4886093
4886094
4886095
4886096
4886097
4886098
4886099
4886100
4886101
4886102
4886103
4886105
4886106
4886107
4886108
4886109
4886110
4886111
4886112
4886113
4886114
4886115
4886116
4886117
4886118
4886119
4886120
4886121
4886122
4886123
4886124
4886125
4886126
4886127
4886128
4886130
4886131
4886132
4886133
4886134
4886135
4886136
4886137
4886139
4886140
4886141
4886142
4886143
4886144
4886145
4886146
4886147
4886148
4886149
4886150
4886151
4886152
4886153
4886154
4886155
4886156
4886157
4886159
4886160
4886161
4886162
4886163
4886164
4886165
4886167
4886168
4886169
4886171
4886172
4886173
4886174
4886175
4886176
4886177
4886178
4886179
4886180
4886181
4886182
4886183
4886184
4886185
4886187
4886188
4886189
4886190
4886191
4886192
4886193
4886194
4886195
4886196
4886197
4886198
4886199
4886200
4886201
4886202
4886203
4886204
4886205
4886206
4886207
4886208
4886209
4886210
4886211
4886212
4886213
4886214
4886215
4886216
4886217
4886218
4886220
4886221
4886222
4886223
4886225
4886226
4886227
4886228
4886229
4886230
4886231
4886232
4886233
4886234
4886235
4886236
4886237
4886238
4886239
4886240
4886241
4886242
4886243
4886244
4886245
4886246
4886247
4886248
4886249
4886250
4886251
4886252
4886253
4886254
4886255
4886256
4886258
4886259
4886260
4886261
4886262
4886263
4886264
4886265
4886266
4886267
4886268
4886269
4886270
4886271
4886272
4886273
4886274
4886275
4886276
4886277
4886278
4886279
4886280
4886281
4886282
4886284
4886285
4886286
4886287
4886288
4886289
4886290
4886291
4886292
4886293
4886294
4886295
4886297
4886299
4886300
4886301
4886302
4886303
4886304
4886305
4886306
4886307
4886308
4886309
4886310
4886311
4886312
4886313
4886315
4886316
4886317
4886318
4886319
4886320
4886322
4886323
4886324
4886325
4886326
4886327
4886328
4886329
4886330
4886331
4886332
4886333
4886334
4886335
4886336
4886337
4886338
4886339
4886340
4886341
4886342
4886343
4886345
4886346
4886347
4886348
4886349
4886350
4886351
4886352
4886353
4886354
4886355
4886356
4886357
4886358
4886359
4886360
4886361
4886362
4886363
4886364
4886366
4886367
4886368
4886369
4886370
4886371
4886372
4886373
4886374
4886375
4886376
4886377
4886378
4886379
4886380
4886382
4886383
4886384
4886385
4886386
4886387
4886388
4886389
4886391
4886392
4886393
4886395
4886396
4886398
4886399
4886400
4886401
4886402
4886403
4886404
4886405
4886406
4886407
4886409
4886410
4886411
4886412
4886413
4886414
4886415
4886416
4886418
4886419
4886420
4886421
4886422
4886423
4886424
4886425
4886426
4886427
4886428
4886429
4886430
4886431
4886432
4886433
4886434
4886435
4886437
4886438
4886440
4886442
4886443
4886444
4886445
4886446
4886447
4886448
4886449
4886450
4886451
4886452
4886453
4886454
4886455
4886456
4886457
4886458
4886459
4886460
4886461
4886462
4886463
4886464
4886466
4886468
4886469
4886470
4886471
4886472
4886473
4886474
4886475
4886476
4886477
4886478
4886479
4886480
4886481
4886482
4886483
4886486
4886487
4886488
4886489
4886490
4886491
4886492
4886493
4886494
4886495
4886496
4886497
4886498
4886499
4886500
4886501
4886502
4886503
4886505
4886506
4886507
4886508
4886509
4886510
4886511
4886513
4886514
4886515
4886516
4886517
4886518
4886519
4886520
4886521
4886522
4886523
4886524
4886525
4886526
4886527
4886528
4886529
4886530
4886531
4886532
4886533
4886534
4886535
4886536
4886537
4886538
4886539
4886540
4886541
4886542
4886543
4886544
4886545
4886546
4886547
4886548
4886549
4886550
4886551
4886552
4886553
4886554
4886555
4886556
4886557
4886558
4886559
4886560
4886561
4886562
4886563
4886564
4886565
4886566
4886568
4886569
4886570
4886571
4886572
4886574
4886575
4886576
4886577
4886578
4886579
4886580
4886581
4886582
4886583
4886585
4886586
4886587
4886588
4886589
4886590
4886591
4886592
4886593
4886594
4886595
4886596
4886597
4886598
4886599
4886600
4886601
4886603
4886604
4886605
4886606
4886607
4886608
4886609
4886610
4886611
4886612
4886613
4886614
4886615
4886616
4886617
4886618
4886619
4886620
4886621
4886622
4886623
4886624
4886625
4886626
4886627
4886628
4886630
4886631
4886632
4886633
4886634
4886635
4886636
4886637
4886638
4886639
4886640
4886641
4886642
4886643
4886644
4886645
4886646
4886647
4886648
4886649
4886650
4886651
4886652
4886653
4886654
4886655
4886656
4886658
4886659
4886660
4886661
4886662
4886665
4886666
4886667
4886668
4886669
4886670
4886671
4886672
4886673
4886675
4886676
4886677
4886678
4886680
4886681
4886682
4886683
4886684
4886685
4886686
4886687
4886688
4886689
4886690
4886691
4886692
4886693
4886694
4886695
4886696
4886697
4886698
4886699
4886700
4886701
4886702
4886703
4886704
4886705
4886706
4886707
4886708
4886709
4886711
4886712
4886713
4886714
4886715
4886716
4886717
4886718
4886719
4886720
4886721
4886723
4886724
4886725
4886726
4886727
4886730
4886731
4886735
4886736
4886737
4886738
4886739
4886740
4886742
4886743
4886744
4886745
4886746
4886747
4886748
4886749
4886750
4886751
4886752
4886753
4886754
4886755
4886756
4886757
4886759
4886760
4886762
4886763
4886764
4886766
4886768
4886770
4886772
4886773
4886774
4886775
4886776
4886777
4886778
4886779
4886780
4886781
4886784
4886785
4886786
4886787
4886788
4886789
4886790
4886791
4886792
4886793
4886794
4886795
4886796
4886797
4886799
4886800
4886801
4886802
4886803
4886804
4886805
4886806
4886807
4886808
4886809
4886810
4886811
4886813
4886814
4886815
4886816
4886817
4886819
4886820
4886821
4886822
4886823
4886824
4886825
4886826
4886827
4886828
4886830
4886831
4886833
4886834
4886835
4886836
4886837
4886838
4886839
4886840
4886841
4886842
4886844
4886845
4886846
4886847
4886848
4886849
4886850
4886851
4886852
4886853
4886854
4886855
4886856
4886857
4886858
4886859
4886860
4886861
4886862
4886863
4886864
4886865
4886866
4886867
4886868
4886869
4886870
4886871
4886873
4886874
4886875
4886876
4886877
4886878
4886879
4886880
4886882
4886883
4886884
4886886
4886887
4886888
4886889
4886890
4886891
4886892
4886893
4886894
4886895
4886896
4886897
4886898
4886899
4886900
4886901
4886902
4886903
4886904
4886905
4886906
4886907
4886908
4886909
4886910
4886911
4886912
4886913
4886914
4886915
4886916
4886917
4886918
4886919
4886920
4886921
4886922
4886924
4886925
4886926
4886927
4886930
4886932
4886933
4886934
4886935
4886936
4886937
4886938
4886939
4886940
4886941
4886942
4886943
4886944
4886945
4886946
4886947
4886948
4886949
4886950
4886951
4886952
4886953
4886954
4886955
4886956
4886957
4886958
4886959
4886960
4886961
4886962
4886963
4886964
4886965
4886966
4886967
4886969
4886970
4886971
4886972
4886973
4886974
4886975
4886976
4886977
4886978
4886979
4886980
4886981
4886982
4886983
4886984
4886985
4886986
4886987
4886988
4886989
4886990
4886991
4886993
4886994
4886995
4886996
4886997
4886998
4886999
4887000
4887001
4887002
4887004
4887005
4887006
4887007
4887003
4887009
4887010
4887011
4887008
4887012
4887013
4887016
4887017
4887018
4887019
4887020
4887021
4887022
4887023
4887024
4887025
4887026
4887027
4887028
4887029
4887030
4887031
4887032
4887033
4887034
4887035
4887036
4887037
4887038
4887039
4887040
4887042
4887043
4887044
4887045
4887046
4887047
4887048
4887049
4887050
4887051
4887052
4887053
4887054
4887055
4887056
4887057
4887058
4887059
4887060
4887061
4887062
4887063
4887064
4887065
4887066
4887067
4887068
4887069
4887070
4887071
4887072
4887073
4887074
4887075
4887077
4887078
4887079
4887080
4887081
4887082
4887083
4887084
4887085
4887086
4887087
4887088
4887089
4887090
4887091
4887092
4887093
4887094
4887095
4887096
4887097
4887098
4887099
4887100
4887101
4887102
4887104
4887103
4887105
4887106
4887108
4887109
4887107
4887110
4887112
4887114
4887115
4887116
4887117
4887118
4887119
4887120
4887121
4887122
4887123
4887124
4887125
4887126
4887128
4887129
4887130
4887131
4887132
4887133
4887134
4887135
4887136
4887137
4887138
4887139
4887140
4887141
4887142
4887143
4887144
4887145
4887146
4887147
4887148
4887149
4887150
4887151
4887152
4887153
4887154
4887155
4887157
4887158
4887159
4887160
4887162
4887163
4887164
4887165
4887166
4887167
4887168
4887169
4887170
4887171
4887173
4887174
4887175
4887176
4887177
4887178
4887179
4887180
4887181
4887182
4887183
4887184
4887185
4887186
4887187
4887188
4887189
4887191
4887192
4887193
4887194
4887195
4887197
4887198
4887199
4887200
4887201
4887202
4887203
4887204
4887205
4887206
4887207
4887208
4887209
4887211
4887213
4887214
4887215
4887216
4887218
4887219
4887220
4887221
4887222
4887224
4887225
4887226
4887227
4887228
4887229
4887230
4887231
4887232
4887233
4887234
4887235
4887236
4887237
4887238
4887239
4887240
4887241
4887242
4887243
4887244
4887245
4887246
4887247
4887248
4887249
4887250
4887251
4887252
4887253
4887254
4887255
4887257
4887258
4887259
4887260
4887261
4887262
4887263
4887264
4887265
4887266
4887267
4887268
4887269
4887270
4887271
4887272
4887274
4887275
4887276
4887278
4887279
4887280
4887281
4887282
4887283
4887284
4887286
4887285
4887288
4887289
4887287
4887290
4887292
4887291
4887294
4887295
4887296
4887297
4887298
4887299
4887302
4887303
4887304
4887300
4887301
4887307
4887308
4887309
4887305
4887311
4887310
4887313
4887312
4887315
4887316
4887317
4887319
4887320
4887322
4887323
4887324
4887326
4887327
4887328
4887332
4887333
4887334
4887335
4887336
4887337
4887338
4887339
4887340
4887341
4887342
4887343
4887344
4887345
4887346
4887347
4887348
4887349
4887350
4887351
4887353
4887354
4887356
4887357
4887359
4887360
4887361
4887362
4887363
4887364
4887365
4887366
4887367
4887368
4887369
4887371
4887372
4887373
4887374
4887375
4887376
4887377
4887378
4887379
4887380
4887381
4887382
4887383
4887384
4887386
4887385
4887388
4887389
4887390
4887391
4887392
4887393
4887394
4887395
4887396
4887397
4887398
4887399
4887401
4887402
4887403
4887404
4887405
4887406
4887408
4887410
4887412
4887413
4887414
4887416
4887417
4887418
4887419
4887420
4887421
4887422
4887423
4887415
4887425
4887426
4887427
4887428
4887430
4887431
4887432
4887433
4887434
4887435
4887436
4887437
4887438
4887439
4887440
4887441
4887442
4887443
4887444
4887445
4887446
4887447
4887448
4887449
4887450
4887451
4887452
4887453
4887454
4887455
4887456
4887457
4887458
4887461
4887462
4887463
4887464
4887466
4887467
4887468
4887469
4887470
4887471
4887472
4887473
4887474
4887475
4887476
4887477
4887478
4887479
4887480
4887481
4887482
4887483
4887484
4887485
4887486
4887488
4887489
4887490
4887491
4887492
4887493
4887494
4887495
4887496
4887497
4887498
4887499
4887500
4887502
4887503
4887504
4887505
4887506
4887507
4887508
4887509
4887510
4887512
4887513
4887514
4887515
4887516
4887517
4887518
4887519
4887520
4887521
4887522
4887523
4887524
4887525
4887526
4887527
4887528
4887529
4887530
4887531
4887532
4887533
4887535
4887536
4887537
4887538
4887539
4887540
4887541
4887542
4887543
4887544
4887545
4887546
4887547
4887548
4887549
4887550
4887551
4887552
4887553
4887554
4887556
4887557
4887558
4887559
4887560
4887561
4887562
4887563
4887564
4887567
4887565
4887566
4887568
4887569
4887570
4887571
4887572
4887574
4887575
4887576
4887577
4887580
4887582
4887583
4887584
4887585
4887586
4887587
4887588
4887589
4887590
4887591
4887592
4887593
4887594
4887595
4887596
4887597
4887598
4887599
4887600
4887601
4887602
4887603
4887604
4887605
4887606
4887607
4887608
4887610
4887612
4887613
4887614
4887615
4887616
4887617
4887618
4887620
4887621
4887619
4887622
4887623
4887624
4887625
4887626
4887627
4887628
4887633
4887629
4887631
4887632
4887634
4887635
4887640
4887636
4887637
4887638
4887639
4887641
4887644
4887645
4887646
4887651
4887647
4887653
4887648
4887649
4887656
4887650
4887654
4887655
4887657
4887658
4887659
4887660
4887662
4887663
4887664
4887665
4887666
4887667
4887668
4887669
4887670
4887671
4887672
4887674
4887675
4887676
4887677
4887678
4887679
4887680
4887681
4887682
4887683
4887684
4887685
4887686
4887687
4887688
4887689
4887690
4887691
4887692
4887693
4887694
4887695
4887696
4887697
4887698
4887699
4887700
4887701
4887702
4887703
4887704
4887705
4887715
4887707
4887717
4887711
4887712
4887713
4887722
4887723
4887724
4887718
4887719
4887720
4887730
4887732
4887733
4887734
4887735
4887736
4887737
4887738
4887739
4887740
4887741
4887742
4887745
4887743
4887744
4887748
4887749
4887750
4887751
4887752
4887754
4887755
4887756
4887757
4887759
4887760
4887761
4887762
4887765
4887766
4887767
4887768
4887769
4887770
4887771
4887772
4887764
4887774
4887775
4887776
4887777
4887779
4887780
4887781
4887782
4887778
4887784
4887785
4887786
4887787
4887783
4887788
4887789
4887791
4887792
4887793
4887794
4887795
4887796
4887797
4887801
4887802
4887805
4887807
4887808
4887810
4887811
4887812
4887816
4887819
4887820
4887821
4887822
4887824
4887825
4887827
4887828
4887829
4887830
4887831
4887832
4887834
4887835
4887836
4887837
4887838
4887839
4887841
4887840
4887844
4887845
4887846
4887847
4887842
4887850
4887851
4887852
4887848
4887854
4887855
4887856
4887859
4887860
4887861
4887862
4887857
4887858
4887867
4887863
4887864
4887865
4887866
4887868
4887869
4887877
4887879
4887880
4887881
4887884
4887885
4887886
4887890
4887891
4887892
4887894
4887895
4887896
4887889
4887893
4887900
4887901
4887902
4887903
4887897
4887905
4887906
4887908
4887904
4887910
4887911
4887907
4887909
4887912
4887913
4887914
4887915
4887916
4887917
4887918
4887919
4887920
4887921
4887922
4887923
4887924
4887925
4887926
4887927
4887928
4887929
4887930
4887932
4887933
4887934
4887936
4887938
4887940
4887941
4887942
4887943
4887944
4887945
4887946
4887947
4887948
4887950
4887951
4887952
4887953
4887954
4887955
4887956
4887957
4887962
4887963
4887964
4887965
4887968
4887976
4887978
4887981
4887982
4887983
4887990
4888018
4888019
4888023
4888024
4888025
4888026
4888027
4888028
4888030
4888032
4888033
4888034
4888037
4888038
4888039
4888040
4888041
4888042
4888045
4888046
4888048
4888049
4888051
4888052
4888053
4888054
4888055
4888056
4888057
4888058
4888059
4888060
4888061
4888062
4888063
4888064
4888065
4888066
4888067
4888068
4888069
4888070
4888071
4888072
4888073
4888074
4887014
4887578
4887579
4887630
4887642
4887643
4887706
4887708
4887709
4887714
4887753
4887763
4887773
4887798
4887799
4887800
4887803
4887804
4887809
4887813
4887814
4887815
4887817
4887818
4887823
4887843
4887849
4887853
4887870
4887871
4887872
4887873
4887874
4887875
4887876
4887882
4887883
4887887
4887888
4887898
4887899
4887935
4887937
4887939
4887958
4887959
4887960
4887966
4887967
4887969
4887970
4887971
4887973
4887974
4887975
4887977
4887979
4887980
4887984
4887985
4887986
4887988
4887989
4887991
4887992
4887993
4887994
4887995
4887996
4887997
4887999
4888000
4888001
4888002
4888003
4888004
4888005
4888006
4888007
4888008
4888009
4888010
4888011
4888012
4888013
4888014
4888015
4888016
4888017
4888020
4888029
4888031
4888035
4888036
4888043
4888075