4961922
4961924
4961926
4961927
4961928
4961929
4961930
4961931
4961932
4961933
4961934
4961935
4961936
4961937
4961938
4961939
4961940
4961941
4961943
4961944
4961945
4961946
4961947
4961948
4961949
4961950
4961952
4961953
4961954
4961955
4961956
4961957
4961958
4961959
4961960
4961961
4961962
4961963
4961964
4961965
4961966
4961967
4961968
4961969
4961970
4961971
4961972
4961973
4961974
4961975
4961976
4961977
4961978
4961979
4961980
4961981
4961982
4961983
4961984
4961985
4961986
4961987
4961988
4961989
4961990
4961991
4961992
4961993
4961994
4961995
4961996
4961997
4961999
4962000
4962001
4962002
4962003
4962004
4962005
4962006
4962007
4962008
4962009
4962010
4962011
4962012
4962013
4962014
4962015
4962016
4962017
4962018
4962019
4962020
4962021
4962022
4962023
4962024
4962025
4962026
4962027
4962029
4962030
4962031
4962032
4962033
4962034
4962035
4962036
4962037
4962038
4962039
4962040
4962041
4962042
4962043
4962045
4962046
4962047
4962048
4962049
4962050
4962051
4962052
4962053
4962054
4962056
4962057
4962058
4962059
4962060
4962061
4962062
4962063
4962064
4962065
4962066
4962067
4962068
4962069
4962070
4962071
4962072
4962073
4962074
4962075
4962076
4962078
4962079
4962080
4962081
4962082
4962084
4962085
4962086
4962087
4962088
4962089
4962090
4962091
4962092
4962093
4962094
4962095
4962096
4962097
4962098
4962099
4962100
4962101
4962103
4962104
4962105
4962106
4962107
4962108
4962109
4962110
4962111
4962112
4962113
4962114
4962115
4962116
4962117
4962118
4962119
4962120
4962121
4962123
4962124
4962125
4962126
4962127
4962128
4962129
4962130
4962131
4962132
4962133
4962134
4962135
4962136
4962137
4962138
4962139
4962140
4962141
4962142
4962143
4962144
4962145
4962146
4962147
4962148
4962149
4962150
4962151
4962152
4962153
4962154
4962155
4962156
4962157
4962158
4962159
4962160
4962161
4962162
4962163
4962164
4962165
4962166
4962167
4962169
4962170
4962171
4962172
4962173
4962176
4962177
4962178
4962179
4962180
4962181
4962182
4962183
4962185
4962186
4962187
4962189
4962190
4962191
4962192
4962193
4962194
4962195
4962196
4962197
4962198
4962199
4962200
4962201
4962202
4962203
4962204
4962205
4962206
4962207
4962208
4962209
4962210
4962211
4962212
4962213
4962214
4962215
4962216
4962217
4962218
4962219
4962220
4962221
4962222
4962223
4962224
4962225
4962226
4962227
4962228
4962229
4962230
4962231
4962232
4962233
4962234
4962235
4962236
4962237
4962238
4962239
4962240
4962241
4962242
4962243
4962244
4962245
4962246
4962247
4962248
4962249
4962250
4962251
4962252
4962253
4962254
4962255
4962256
4962257
4962258
4962259
4962260
4962261
4962262
4962263
4962264
4962265
4962266
4962267
4962268
4962269
4962270
4962271
4962272
4962273
4962274
4962275
4962276
4962277
4962278
4962279
4962280
4962282
4962283
4962284
4962285
4962287
4962288
4962289
4962290
4962291
4962292
4962293
4962294
4962295
4962296
4962297
4962298
4962299
4962300
4962301
4962302
4962303
4962304
4962305
4962306
4962307
4962308
4962309
4962310
4962311
4962312
4962313
4962314
4962315
4962316
4962317
4962318
4962320
4962321
4962322
4962323
4962324
4962325
4962326
4962327
4962328
4962330
4962331
4962332
4962333
4962334
4962335
4962336
4962337
4962338
4962339
4962340
4962341
4962342
4962343
4962344
4962345
4962346
4962347
4962348
4962349
4962350
4962351
4962353
4962354
4962355
4962356
4962357
4962358
4962359
4962360
4962361
4962362
4962363
4962364
4962365
4962366
4962367
4962369
4962372
4962373
4962374
4962375
4962376
4962377
4962378
4962379
4962380
4962381
4962382
4962383
4962384
4962385
4962386
4962387
4962388
4962390
4962391
4962392
4962393
4962394
4962395
4962396
4962397
4962399
4962400
4962401
4962402
4962403
4962404
4962405
4962406
4962407
4962408
4962409
4962410
4962411
4962412
4962413
4962414
4962415
4962416
4962417
4962419
4962420
4962422
4962423
4962424
4962425
4962427
4962428
4962429
4962430
4962431
4962433
4962434
4962435
4962436
4962437
4962438
4962439
4962440
4962441
4962442
4962443
4962444
4962446
4962447
4962448
4962450
4962452
4962454
4962455
4962456
4962457
4962458
4962459
4962460
4962461
4962462
4962463
4962464
4962465
4962466
4962467
4962468
4962469
4962470
4962471
4962472
4962473
4962474
4962475
4962476
4962477
4962478
4962479
4962481
4962482
4962483
4962484
4962485
4962486
4962487
4962488
4962489
4962490
4962491
4962492
4962493
4962494
4962495
4962496
4962497
4962498
4962499
4962500
4962501
4962502
4962503
4962504
4962505
4962506
4962507
4962508
4962509
4962511
4962512
4962513
4962514
4962515
4962516
4962517
4962518
4962519
4962520
4962521
4962522
4962524
4962525
4962526
4962527
4962528
4962529
4962530
4962531
4962532
4962533
4962534
4962535
4962536
4962537
4962538
4962539
4962540
4962541
4962542
4962543
4962544
4962546
4962547
4962549
4962550
4962551
4962552
4962554
4962555
4962556
4962557
4962558
4962559
4962560
4962561
4962562
4962563
4962564
4962565
4962566
4962567
4962568
4962569
4962570
4962571
4962572
4962573
4962574
4962575
4962576
4962577
4962578
4962579
4962580
4962581
4962582
4962583
4962584
4962585
4962586
4962587
4962588
4962589
4962590
4962591
4962592
4962594
4962595
4962596
4962597
4962598
4962599
4962601
4962602
4962604
4962605
4962606
4962607
4962608
4962609
4962610
4962611
4962612
4962613
4962615
4962616
4962618
4962619
4962620
4962621
4962622
4962623
4962624
4962625
4962627
4962628
4962629
4962630
4962631
4962632
4962633
4962634
4962635
4962637
4962638
4962639
4962640
4962641
4962642
4962643
4962644
4962645
4962646
4962647
4962648
4962649
4962650
4962651
4962652
4962654
4962655
4962656
4962657
4962658
4962659
4962660
4962661
4962662
4962663
4962664
4962665
4962666
4962667
4962668
4962669
4962670
4962671
4962672
4962673
4962674
4962675
4962676
4962677
4962678
4962681
4962682
4962683
4962684
4962685
4962686
4962687
4962688
4962689
4962690
4962691
4962693
4962694
4962695
4962696
4962697
4962698
4962699
4962700
4962702
4962703
4962704
4962705
4962706
4962707
4962709
4962710
4962711
4962712
4962713
4962714
4962715
4962716
4962717
4962718
4962719
4962720
4962721
4962722
4962723
4962724
4962725
4962726
4962727
4962728
4962730
4962731
4962732
4962733
4962734
4962736
4962737
4962738
4962739
4962740
4962742
4962743
4962744
4962745
4962746
4962747
4962748
4962749
4962750
4962751
4962752
4962753
4962754
4962755
4962756
4962757
4962758
4962759
4962760
4962762
4962763
4962764
4962765
4962766
4962767
4962768
4962769
4962770
4962771
4962772
4962773
4962774
4962775
4962776
4962777
4962778
4962779
4962780
4962782
4962783
4962784
4962786
4962787
4962788
4962789
4962790
4962792
4962793
4962794
4962795
4962796
4962797
4962798
4962799
4962800
4962801
4962802
4962803
4962804
4962805
4962806
4962807
4962808
4962809
4962810
4962811
4962812
4962813
4962814
4962815
4962816
4962817
4962818
4962819
4962820
4962821
4962822
4962823
4962824
4962825
4962826
4962827
4962828
4962829
4962830
4962831
4962832
4962833
4962834
4962835
4962836
4962837
4962838
4962839
4962840
4962841
4962842
4962843
4962844
4962845
4962846
4962847
4962848
4962849
4962850
4962851
4962852
4962853
4962854
4962855
4962856
4962857
4962858
4962859
4962860
4962861
4962862
4962863
4962864
4962865
4962866
4962867
4962868
4962869
4962870
4962871
4962872
4962873
4962874
4962875
4962876
4962877
4962878
4962879
4962881
4962882
4962884
4962885
4962888
4962889
4962890
4962891
4962894
4962895
4962896
4962897
4962898
4962899
4962900
4962901
4962902
4962903
4962904
4962905
4962906
4962907
4962908
4962909
4962910
4962911
4962912
4962913
4962914
4962915
4962916
4962918
4962919
4962920
4962921
4962922
4962923
4962924
4962925
4962926
4962927
4962928
4962929
4962930
4962931
4962932
4962933
4962934
4962935
4962936
4962937
4962938
4962939
4962940
4962941
4962942
4962943
4962944
4962945
4962946
4962947
4962948
4962949
4962950
4962951
4962952
4962953
4962954
4962956
4962957
4962958
4962959
4962960
4962961
4962962
4962963
4962964
4962966
4962967
4962968
4962969
4962970
4962972
4962973
4962974
4962975
4962976
4962977
4962979
4962980
4962981
4962982
4962983
4962984
4962985
4962986
4962987
4962988
4962990
4962992
4962993
4962994
4962995
4962996
4962997
4962998
4962999
4963000
4963001
4963002
4963003
4963004
4963005
4963006
4963007
4963008
4963009
4963011
4963012
4963013
4963014
4963015
4963016
4963017
4963018
4963019
4963020
4963021
4963022
4963023
4963024
4963025
4963026
4963027
4963028
4963029
4963030
4963031
4963032
4963033
4963034
4963035
4963036
4963037
4963038
4963039
4963040
4963041
4963042
4963043
4963044
4963045
4963046
4963047
4963048
4963049
4963050
4963052
4963053
4963054
4963055
4963056
4963057
4963058
4963059
4963060
4963061
4963062
4963064
4963065
4963066
4963067
4963068
4963069
4963070
4963071
4963072
4963073
4963074
4963075
4963076
4963077
4963078
4963079
4963080
4963081
4963082
4963083
4963084
4963085
4963086
4963087
4963088
4963089
4963090
4963091
4963092
4963093
4963094
4963095
4963096
4963097
4963098
4963099
4963100
4963101
4963102
4963103
4963104
4963105
4963106
4963107
4963108
4963109
4963110
4963111
4963112
4963115
4963116
4963117
4963118
4963119
4963120
4963121
4963122
4963123
4963124
4963125
4963126
4963127
4963128
4963129
4963130
4963131
4963132
4963133
4963134
4963135
4963136
4963137
4963138
4963139
4963140
4963141
4963142
4963143
4963144
4963145
4963146
4963147
4963148
4963149
4963150
4963151
4963152
4963153
4963154
4963155
4963157
4963158
4963159
4963160
4963161
4963162
4963163
4963164
4963165
4963166
4963167
4963168
4963169
4963170
4963171
4963172
4963173
4963174
4963175
4963176
4963177
4963178
4963179
4963180
4963181
4963182
4963183
4963184
4963185
4963186
4963187
4963188
4963189
4963190
4963191
4963192
4963193
4963194
4963195
4963196
4963198
4963199
4963200
4963201
4963202
4963203
4963204
4963205
4963206
4963207
4963208
4963209
4963210
4963211
4963212
4963213
4963214
4963215
4963216
4963217
4963218
4963219
4963220
4963221
4963222
4963223
4963224
4963225
4963226
4963227
4963228
4963229
4963230
4963231
4963232
4963233
4963234
4963235
4963236
4963237
4963238
4963239
4963240
4963241
4963242
4963243
4963244
4963246
4963247
4963248
4963249
4963250
4963251
4963252
4963253
4963254
4963255
4963256
4963257
4963258
4963259
4963260
4963261
4963263
4963264
4963265
4963266
4963267
4963268
4963269
4963270
4963271
4963272
4963273
4963274
4963275
4963276
4963277
4963278
4963279
4963280
4963281
4963282
4963283
4963284
4963285
4963286
4963288
4963290
4963291
4963292
4963294
4963295
4963296
4963297
4963298
4963299
4963300
4963301
4963302
4963304
4963305
4963306
4963307
4963308
4963309
4963310
4963311
4963312
4963313
4963314
4963315
4963316
4963317
4963318
4963319
4963320
4963324
4963325
4963327
4963328
4963329
4963330
4963331
4963332
4963333
4963336
4963337
4963338
4963339
4963340
4963341
4963342
4963343
4963344
4963346
4963347
4963348
4963349
4963351
4963352
4963353
4963354
4963355
4963356
4963357
4963358
4963359
4963360
4963361
4963362
4963363
4963364
4963365
4963366
4963367
4963368
4963369
4963370
4963371
4963372
4963373
4963374
4963375
4963376
4963377
4963378
4963379
4963380
4963381
4963382
4963383
4963384
4963387
4963388
4963389
4963390
4963393
4963394
4963395
4963396
4963397
4963398
4963399
4963400
4963401
4963402
4963403
4963404
4963405
4963406
4963407
4963408
4963409
4963410
4963411
4963412
4963415
4963416
4963422
4963423
4963424
4963425
4963426
4963427
4963428
4963429
4963430
4963431
4963432
4963433
4963434
4963435
4963436
4963437
4963438
4963439
4963440
4963441
4963442
4963443
4963444
4963445
4963446
4963447
4963448
4963449
4963450
4963451
4963452
4963453
4963454
4963455
4963456
4963457
4963458
4963459
4963461
4963462
4963463
4963464
4963465
4963466
4963467
4963468
4963470
4963471
4963472
4963473
4963474
4963476
4963477
4963478
4963479
4963480
4963481
4963482
4963483
4963484
4963485
4963486
4963487
4963488
4963489
4963490
4963491
4963492
4963493
4963494
4963496
4963497
4963498
4963499
4963500
4963501
4963502
4963503
4963504
4963505
4963506
4963507
4963508
4963509
4963510
4963511
4963512
4963513
4963514
4963515
4963516
4963518
4963519
4963520
4963521
4963522
4963523
4963524
4963525
4963526
4963527
4963528
4963529
4963530
4963531
4963532
4963533
4963534
4963536
4963537
4963538
4963539
4963540
4963541
4963542
4963543
4963544
4963545
4963546
4963547
4963548
4963549
4963551
4963552
4963553
4963554
4963555
4963556
4963557
4963558
4963559
4963560
4963561
4963562
4963563
4963564
4963565
4963566
4963567
4963568
4963569
4963570
4963571
4963572
4963573
4963574
4963575
4963576
4963577
4963578
4963579
4963580
4963582
4963583
4963584
4963585
4963586
4963587
4963588
4963589
4963590
4963591
4963592
4963593
4963594
4963595
4963596
4963598
4963599
4963600
4963601
4963602
4963603
4963604
4963605
4963606
4963607
4963609
4963610
4963611
4963612
4963613
4963614
4963615
4963616
4963617
4963618
4963619
4963620
4963622
4963623
4963624
4963625
4963626
4963627
4963628
4963629
4963630
4963631
4963632
4963633
4963634
4963635
4963636
4963637
4963638
4963639
4963640
4963641
4963642
4963643
4963644
4963645
4963646
4963647
4963648
4963649
4963650
4963651
4963652
4963653
4963654
4963655
4963656
4963657
4963658
4963659
4963660
4963661
4963662
4963663
4963664
4963665
4963666
4963667
4963668
4963669
4963670
4963671
4963672
4963673
4963674
4963675
4963676
4963677
4963678
4963679
4963680
4963681
4963682
4963683
4963684
4963685
4963686
4963688
4963689
4963690
4963691
4963692
4963693
4963694
4963695
4963696
4963697
4963698
4963699
4963700
4963701
4963702
4963703
4963704
4963705
4963706
4963707
4963709
4963710
4963712
4963713
4963714
4963715
4963716
4963717
4963718
4963719
4963720
4963721
4963722
4963723
4963724
4963725
4963726
4963727
4963728
4963729
4963730
4963731
4963732
4963733
4963734
4963735
4963736
4963737
4963738
4963739
4963740
4963741
4963742
4963743
4963745
4963746
4963747
4963748
4963749
4963750
4963752
4963753
4963754
4963755
4963756
4963757
4963758
4963759
4963760
4963761
4963762
4963763
4963764
4963765
4963766
4963767
4963768
4963769
4963771
4963772
4963773
4963774
4963775
4963776
4963777
4963779
4963780
4963781
4963783
4963784
4963785
4963786
4963787
4963788
4963789
4963790
4963791
4963792
4963793
4963794
4963795
4963797
4963798
4963800
4963801
4963802
4963803
4963804
4963805
4963806
4963807
4963808
4963809
4963810
4963811
4963812
4963813
4963814
4963815
4963816
4963817
4963818
4963819
4963820
4963821
4963822
4963823
4963824
4963825
4963826
4963827
4963828
4963829
4963830
4963831
4963832
4963833
4963834
4963835
4963836
4963837
4963838
4963839
4963840
4963841
4963842
4963843
4963844
4963845
4963846
4963847
4963848
4963849
4963851
4963852
4963853
4963854
4963855
4963856
4963857
4963858
4963859
4963860
4963861
4963862
4963863
4963864
4963865
4963867
4963868
4963870
4963871
4963872
4963873
4963874
4963875
4963876
4963877
4963879
4963880
4963882
4963883
4963885
4963886
4963887
4963888
4963889
4963890
4963891
4963892
4963893
4963894
4963895
4963896
4963897
4963898
4963899
4963900
4963901
4963902
4963903
4963904
4963905
4963906
4963907
4963908
4963909
4963910
4963911
4963912
4963913
4963914
4963915
4963916
4963917
4963918
4963919
4963920
4963921
4963922
4963923
4963924
4963925
4963926
4963927
4963928
4963929
4963930
4963931
4963932
4963933
4963934
4963935
4963936
4963937
4963938
4963939
4963940
4963941
4963942
4963943
4963944
4963945
4963946
4963947
4963948
4963949
4963950
4963951
4963952
4963953
4963954
4963955
4963956
4963957
4963959
4963960
4963961
4963962
4963963
4963964
4963965
4963966
4963967
4963968
4963969
4963970
4963971
4963972
4963973
4963974
4963975
4963976
4963977
4963978
4963979
4963980
4963981
4963982
4963983
4963984
4963986
4963987
4963988
4963989
4963990
4963991
4963992
4963993
4963994
4963995
4963996
4963997
4963998
4963999
4964000
4964001
4964002
4964003
4964004
4964005
4964006
4964007
4964008
4964009
4964010
4964011
4964012
4964013
4964014
4964016
4964017
4964018
4964019
4964020
4964021
4964022
4964023
4964024
4964025
4964026
4964027
4964028
4964029
4964030
4964031
4964032
4964033
4964034
4964035
4964036
4964037
4964038
4964039
4964040
4964041
4964042
4964043
4964044
4964046
4964047
4964048
4964049
4964050
4964052
4964053
4964054
4964055
4964056
4964057
4964058
4964059
4964060
4964061
4964062
4964063
4964064
4964065
4964066
4964067
4964069
4964070
4964071
4964072
4964073
4964074
4964075
4964076
4964077
4964078
4964079
4964080
4964081
4964082
4964083
4964084
4964085
4964086
4964088
4964089
4964090
4964091
4964092
4964093
4964094
4964096
4964097
4964098
4964099
4964100
4964101
4964102
4964103
4964104
4964105
4964106
4964107
4964108
4964109
4964110
4964111
4964112
4964113
4964114
4964115
4964116
4964117
4964118
4964119
4964120
4964121
4964122
4964123
4964124
4964125
4964126
4964127
4964128
4964129
4964130
4964131
4964132
4964133
4964134
4964135
4964136
4964137
4964138
4964139
4964140
4964141
4964142
4964143
4964144
4964145
4964146
4964147
4964148
4964149
4964150
4964151
4964152
4964154
4964155
4964156
4964157
4964159
4964161
4964162
4964163
4964164
4964165
4964167
4964168
4964169
4964170
4964171
4964172
4964173
4964174
4964175
4964176
4964177
4964178
4964180
4964181
4964182
4964183
4964184
4964185
4964186
4964187
4964188
4964189
4964190
4964191
4964192
4964193
4964194
4964195
4964196
4964197
4964198
4964199
4964200
4964201
4964202
4964203
4964204
4964205
4964206
4964207
4964208
4964209
4964210
4964211
4964212
4964213
4964214
4964216
4964217
4964218
4964219
4964220
4964221
4964222
4964223
4964224
4964225
4964226
4964227
4964228
4964229
4964230
4964231
4964232
4964233
4964234
4964235
4964236
4964237
4964238
4964239
4964240
4964241
4964242
4964243
4964244
4964245
4964246
4964247
4964248
4964249
4964250
4964253
4964254
4964255
4964257
4964259
4964260
4964261
4964262
4964263
4964264
4964265
4964266
4964267
4964268
4964269
4964270
4964271
4964272
4964273
4964274
4964275
4964276
4964277
4964278
4964279
4964280
4964281
4964282
4964283
4964285
4964286
4964287
4964288
4964289
4964290
4964291
4964292
4964293
4964294
4964295
4964296
4964297
4964298
4964299
4964302
4964303
4964304
4964305
4964306
4964307
4964308
4964309
4964310
4964311
4964312
4964313
4964314
4964317
4964318
4964319
4964320
4964321
4964322
4964323
4964324
4964325
4964326
4964327
4964328
4964329
4964330
4964331
4964332
4964333
4964334
4964335
4964336
4964337
4964338
4964339
4964340
4964341
4964342
4964343
4964344
4964345
4964346
4964347
4964348
4964349
4964350
4964351
4964352
4964353
4964354
4964355
4964356
4964357
4964358
4964359
4964360
4964361
4964362
4964363
4964364
4964365
4964366
4964367
4964368
4964369
4964371
4964372
4964373
4964374
4964376
4964377
4964378
4964379
4964380
4964381
4964382
4964383
4964384
4964385
4964387
4964388
4964389
4964390
4964391
4964392
4964393
4964394
4964395
4964396
4964397
4964398
4964399
4964400
4964401
4964402
4964403
4964404
4964405
4964406
4964407
4964408
4964409
4964410
4964411
4964412
4964413
4964414
4964415
4964416
4964417
4964418
4964419
4964420
4964421
4964422
4964424
4964425
4964426
4964427
4964428
4964429
4964430
4964431
4964432
4964433
4964434
4964435
4964436
4964437
4964438
4964439
4964442
4964443
4964444
4964445
4964446
4964447
4964448
4964449
4964450
4964451
4964452
4964453
4964454
4964455
4964456
4964457
4964458
4964459
4964460
4964461
4964463
4964464
4964465
4964466
4964467
4964468
4964469
4964470
4964471
4964472
4964473
4964474
4964475
4964476
4964477
4964478
4964479
4964480
4964481
4964482
4964483
4964484
4964485
4964486
4964487
4964488
4964489
4964490
4964491
4964492
4964493
4964496
4964497
4964498
4964499
4964500
4964501
4964502
4964503
4964504
4964505
4964506
4964507
4964508
4964509
4964511
4964512
4964513
4964514
4964516
4964517
4964518
4964519
4964520
4964521
4964522
4964523
4964524
4964525
4964526
4964528
4964529
4964531
4964534
4964535
4964536
4964537
4964538
4964539
4964540
4964541
4964542
4964543
4964544
4964545
4964546
4964547
4964548
4964549
4964550
4964551
4964552
4964553
4964554
4964555
4964556
4964557
4964558
4964560
4964561
4964562
4964563
4964564
4964565
4964566
4964567
4964568
4964569
4964570
4964571
4964572
4964573
4964574
4964575
4964576
4964577
4964578
4964579
4964580
4964582
4964583
4964584
4964585
4964586
4964587
4964588
4964589
4964590
4964591
4964592
4964593