5119135
5119136
5119142
5119144
5119148
5119150
5119151
5119152
5119153
5119154
5119158
5119163
5119171
5119174
5119175
5119178
5119185
5119186
5119187
5119188
5119189
5119191
5119192
5119193
5119194
5119195
5119196
5119197
5119198
5119199
5119200
5119201
5119202
5119203
5119204
5119205
5119206
5119207
5119208
5119209
5119211
5119212
5119213
5119214
5119215
5119216
5119217
5119218
5119219
5119221
5119222
5119223
5119224
5119225
5119226
5119227
5119228
5119230
5119231
5119232
5119233
5119234
5119235
5119236
5119237
5119238
5119239
5119240
5119241
5119242
5119243
5119244
5119245
5119247
5119248
5119249
5119251
5119252
5119254
5119255
5119256
5119257
5119258
5119259
5119260
5119261
5119262
5119263
5119264
5119265
5119266
5119267
5119268
5119269
5119270
5119271
5119272
5119273
5119274
5119275
5119276
5119277
5119278
5119279
5119280
5119281
5119282
5119283
5119284
5119285
5119286
5119287
5119288
5119289
5119290
5119291
5119292
5119293
5119294
5119295
5119296
5119298
5119299
5119300
5119301
5119303
5119306
5119307
5119308
5119309
5119310
5119311
5119312
5119313
5119314
5119315
5119316
5119317
5119318
5119319
5119320
5119321
5119322
5119323
5119324
5119325
5119326
5119329
5119330
5119332
5119335
5119336
5119337
5119338
5119339
5119340
5119341
5119342
5119343
5119344
5119345
5119346
5119347
5119348
5119349
5119350
5119352
5119353
5119354
5119355
5119356
5119357
5119358
5119359
5119362
5119363
5119364
5119365
5119366
5119367
5119368
5119369
5119371
5119372
5119373
5119374
5119375
5119378
5119379
5119381
5119382
5119383
5119384
5119385
5119386
5119388
5119389
5119390
5119391
5119392
5119393
5119394
5119395
5119397
5119398
5119400
5119104
5119105
5119106
5119107
5119108
5119109
5119110
5119111
5119112
5119113
5119114
5119115
5119116
5119117
5119119
5119120
5119121
5119122
5119123
5119124
5119126
5119127
5119128
5119129
5119130
5119131
5119132
5119133
5119134
5116842
5116843
5116844
5116845
5116846
5116847
5116848
5116849
5116850
5116851
5116853
5116854
5116855
5116856
5116857
5116858
5116859
5116860
5116862
5116863
5116864
5116867
5116868
5116869
5116871
5116873
5116874
5116876
5116877
5116878
5116879
5116880
5116881
5116882
5116883
5116884
5116885
5116886
5116887
5116888
5116889
5116890
5116891
5116892
5116893
5119138
5116895
5116896
5116898
5116899
5116901
5116902
5116903
5116905
5116906
5116907
5116908
5116909
5116910
5116911
5116913
5116914
5116915
5116917
5116918
5116919
5116920
5116921
5116923
5116924
5116925
5116926
5116928
5116929
5116930
5116931
5116933
5116936
5116937
5116938
5116939
5116940
5116941
5116942
5116943
5116944
5116945
5119140
5116947
5116949
5116950
5116951
5116953
5116954
5116955
5116956
5116957
5116958
5116959
5116960
5116961
5116962
5116963
5116964
5116965
5116966
5116967
5116968
5116969
5116970
5116972
5116973
5116974
5116976
5116977
5116978
5116980
5116981
5116982
5116983
5116984
5116985
5116986
5116987
5116988
5116989
5116990
5116991
5116992
5116994
5116995
5116996
5116998
5116999
5117001
5117002
5117003
5117004
5117005
5117006
5117007
5117008
5117009
5117010
5117011
5117012
5119143
5117014
5117016
5117017
5117020
5117021
5117022
5117023
5117024
5117026
5117027
5117028
5117029
5117030
5117031
5117032
5117033
5117034
5117035
5117037
5117038
5117039
5117040
5117042
5117043
5117044
5117045
5117046
5117047
5117048
5117049
5117050
5117051
5117053
5117055
5117056
5117057
5117058
5117059
5117060
5117061
5117063
5119145
5117065
5117067
5117068
5117069
5117070
5117071
5117072
5117073
5117074
5117075
5117076
5117077
5117078
5117079
5117080
5117081
5117083
5117084
5117085
5117086
5117088
5117089
5117090
5117091
5117092
5117093
5117094
5117095
5117096
5117097
5117098
5117099
5117100
5117101
5117102
5117103
5117104
5117105
5117106
5117107
5117109
5117110
5117111
5117112
5117113
5117114
5117115
5117116
5117117
5117118
5117119
5117120
5117121
5117122
5117123
5117124
5117125
5117126
5117127
5117128
5117129
5117130
5117131
5117133
5117135
5117136
5117137
5117139
5117141
5117142
5117143
5117144
5117145
5117146
5117147
5117148
5117149
5117150
5117151
5117152
5117153
5117154
5117156
5117157
5117158
5117159
5117160
5117162
5117163
5117164
5117165
5117166
5117167
5117168
5117169
5117170
5117171
5117172
5117173
5117174
5117175
5117176
5117177
5117178
5117179
5117180
5117181
5117182
5117183
5117184
5117185
5117186
5117187
5117188
5117190
5117191
5117192
5117193
5117194
5117195
5117196
5117197
5117198
5117199
5117200
5117201
5117203
5117204
5117205
5117207
5117208
5117209
5117210
5117211
5117212
5117213
5117215
5117216
5117217
5117218
5117219
5117220
5117221
5117222
5117223
5117224
5117225
5117226
5117227
5117228
5117229
5117231
5117232
5117233
5117234
5117235
5117236
5117237
5117239
5117240
5117241
5117242
5117243
5117244
5117245
5117246
5117247
5117248
5117249
5117250
5117252
5117253
5117254
5117256
5117257
5117258
5117259
5117260
5117261
5117262
5117263
5117265
5117266
5117267
5117268
5117269
5117270
5117271
5117272
5117273
5117274
5117275
5117276
5117277
5117278
5117279
5117281
5117282
5117283
5117284
5117285
5117286
5117287
5117288
5117289
5117290
5117291
5117292
5117293
5117294
5117295
5117296
5117297
5117298
5117299
5117300
5117301
5117302
5117303
5117304
5117305
5117306
5117307
5117308
5117309
5117311
5117312
5117313
5117314
5117315
5117316
5117317
5117318
5117319
5117320
5117321
5117322
5117323
5117324
5117325
5117326
5117328
5117329
5117330
5117331
5117332
5117333
5117334
5117335
5117336
5117337
5117338
5117339
5117340
5117341
5117342
5117343
5117344
5117345
5117346
5117347
5117348
5117349
5117350
5117351
5117352
5117354
5117355
5117356
5117357
5117358
5117359
5117360
5117361
5117362
5117363
5119157
5117365
5117366
5117367
5117368
5117369
5117370
5117371
5117372
5117373
5117374
5117375
5117376
5117377
5117378
5117379
5117380
5117381
5117382
5117383
5117384
5117385
5117386
5117387
5117388
5117389
5117390
5117391
5117392
5117393
5117394
5117395
5117396
5117397
5117398
5117399
5117400
5117401
5117402
5117404
5117405
5117406
5117407
5117408
5117409
5117410
5117411
5117412
5117413
5117414
5119159
5117416
5117417
5117418
5117419
5117420
5117421
5117422
5117423
5117424
5117425
5117427
5117428
5117429
5117430
5117431
5117432
5117433
5117436
5117437
5117438
5117439
5117440
5117441
5117442
5119160
5117444
5117445
5117446
5117447
5117448
5117449
5117450
5117451
5117452
5117453
5117454
5117455
5117456
5117457
5117458
5117459
5117460
5117461
5117462
5117463
5117464
5117465
5117466
5117467
5117468
5117469
5117470
5117471
5117472
5117473
5117474
5117475
5117476
5117477
5117478
5117479
5117480
5117481
5117482
5117483
5117484
5117485
5117486
5117487
5117488
5117489
5117490
5117491
5117492
5117493
5117494
5117495
5117496
5117497
5117498
5117500
5117501
5117504
5117505
5117506
5117507
5117508
5117509
5117510
5117511
5117512
5117513
5117514
5117515
5117516
5117517
5117518
5117519
5117520
5117521
5117522
5117523
5117524
5117525
5117526
5117527
5117528
5117529
5117530
5117531
5117532
5117533
5117534
5117535
5117536
5117537
5117538
5117539
5117540
5117541
5117542
5117543
5117544
5117545
5117546
5117547
5117548
5117549
5117550
5117551
5117552
5117553
5117554
5117555
5117556
5117557
5117558
5117559
5117560
5117561
5117562
5117563
5117564
5117565
5117566
5117567
5117568
5117569
5117570
5117571
5119165
5117573
5117574
5117575
5117576
5117577
5117578
5117579
5117580
5117581
5117582
5117583
5117584
5117585
5117586
5117587
5117588
5117589
5119166
5117591
5117592
5117593
5117594
5117596
5117597
5117598
5117600
5117601
5117602
5117603
5117604
5117605
5117606
5117607
5117608
5117609
5117610
5117611
5117612
5117613
5117614
5117615
5117616
5117617
5117618
5117619
5117620
5117621
5117622
5117623
5117624
5117625
5117626
5117627
5117628
5117629
5117630
5117631
5117632
5117633
5117634
5117635
5117636
5117637
5117638
5117640
5117641
5117642
5119168
5117644
5117645
5117646
5117648
5117649
5117650
5117651
5117652
5117653
5117654
5117655
5117656
5117657
5117658
5117659
5117660
5117661
5117662
5117665
5117666
5117667
5117668
5117669
5117670
5117671
5117672
5117673
5117674
5117675
5117676
5117677
5117678
5117679
5117680
5117681
5117682
5117684
5117685
5117686
5117687
5117688
5117689
5117690
5117691
5117692
5119170
5117694
5117695
5117697
5117698
5117699
5117700
5117701
5117702
5117703
5117704
5117705
5117706
5117707
5117708
5117709
5117710
5117711
5117712
5117713
5117714
5117715
5117718
5117719
5117720
5117721
5117722
5117723
5117724
5117725
5117726
5117727
5117728
5117729
5117730
5117732
5117733
5117734
5117735
5117736
5117737
5117738
5117739
5117740
5117741
5117742
5117744
5117743
5117748
5117749
5117745
5117751
5117752
5117753
5117746
5117750
5117756
5117758
5117759
5117760
5117761
5117763
5117769
5117770
5117766
5117775
5117767
5117777
5117778
5117779
5117780
5117781
5117782
5117783
5117784
5117785
5117786
5117788
5117789
5117790
5117791
5117792
5117793
5117794
5117795
5117796
5117797
5117798
5117799
5117800
5117801
5117802
5117803
5117804
5117805
5117806
5117807
5117808
5117809
5117810
5117811
5117812
5117813
5117814
5117815
5117816
5117817
5117818
5117819
5117820
5117821
5117822
5117823
5117824
5117825
5117826
5117827
5117828
5117829
5117830
5117831
5117833
5117834
5117835
5117836
5117837
5117838
5117839
5117840
5117841
5117843
5117844
5117845
5117846
5117847
5117848
5117849
5117850
5117851
5117852
5117853
5117854
5117855
5117856
5117857
5117858
5117859
5117860
5117861
5117862
5117863
5117864
5117865
5117866
5117867
5117868
5117869
5117870
5117871
5117872
5117873
5117874
5117875
5117876
5117877
5117879
5117880
5117881
5117882
5117883
5117884
5117885
5117887
5117888
5117889
5117890
5117891
5117892
5117893
5117894
5117895
5117896
5117897
5117898
5117899
5117900
5117901
5117902
5117903
5117904
5117906
5117907
5117908
5117909
5117910
5117911
5117912
5117913
5117914
5117915
5117916
5117917
5117919
5117920
5117921
5117922
5117923
5117924
5117925
5117926
5117927
5117929
5117930
5117931
5117932
5117933
5117934
5117935
5117936
5117937
5117938
5117939
5117940
5117941
5117942
5117943
5117944
5117945
5117946
5117948
5117949
5117950
5117951
5117952
5117953
5117954
5117955
5117956
5117958
5117959
5117960
5117961
5117962
5117963
5117964
5117965
5117966
5117967
5117968
5117969
5117970
5117971
5117972
5117973
5117974
5117975
5117976
5117977
5117978
5117979
5117980
5117981
5117982
5117983
5117984
5117985
5117986
5117987
5117988
5117989
5117990
5117991
5118007
5118008
5118009
5118010
5118011
5118012
5118013
5118014
5118015
5118017
5118018
5118020
5118021
5118022
5118023
5118024
5118025
5118026
5118027
5118028
5118029
5118030
5118031
5118032
5118033
5118034
5118038
5118039
5118040
5118041
5118042
5118043
5118044
5118045
5118046
5118047
5118048
5118049
5118050
5118051
5118052
5118053
5118054
5118055
5118056
5118057
5118058
5118059
5118063
5118064
5118065
5118068
5118066
5118071
5118076
5118077
5118078
5118081
5118079
5118083
5118080
5118086
5118087
5118082
5118089
5118091
5118093
5118092
5118095
5118096
5118097
5118098
5118099
5118101
5118102
5118103
5118104
5118105
5118106
5118100
5118109
5118107
5118108
5118110
5118118
5118111
5118112
5118113
5118117
5118128
5118120
5118121
5118124
5118126
5118129
5118138
5118141
5118142
5118143
5118146
5118147
5118139
5118144
5118145
5118148
5118149
5118156
5118157
5118159
5118160
5118161
5118162
5118163
5118164
5118165
5118167
5118169
5118170
5118171
5118173
5118175
5118177
5118178
5118180
5118181
5118182
5118174
5118184
5118185
5118186
5118187
5118188
5118189
5118193
5118194
5118190
5118196
5118197
5118198
5118200
5118201
5118202
5118204
5118203
5118207
5118211
5118210
5118214
5118213
5118216
5118212
5118217
5118218
5118219
5118220
5118221
5118222
5118223
5118224
5118225
5118226
5118232
5118227
5118228
5118229
5118230
5118231
5118233
5118234
5118235
5118242
5118243
5118244
5118245
5118246
5118247
5118248
5118249
5118250
5118251
5118252
5118253
5118254
5118255
5118256
5118257
5118258
5118259
5118260
5118261
5118262
5118263
5118264
5118265
5118266
5118267
5118268
5118269
5118270
5118271
5118272
5118273
5118274
5118275
5118276
5118277
5118278
5118279
5118281
5118283
5118285
5118286
5118287
5118288
5118289
5118290
5118295
5118301
5118294
5118304
5118296
5118297
5118298
5118299
5118309
5118302
5118303
5118305
5118306
5118316
5118308
5118310
5118311
5118312
5118313
5118314
5118315
5118317
5118326
5118318
5118319
5118329
5118330
5118322
5118323
5118324
5118334
5118335
5118328
5118331
5118341
5118333
5118336
5118337
5118338
5118339
5118340
5118342
5118343
5118344
5118346
5118355
5118347
5118348
5118349
5118350
5118360
5118361
5118353
5118363
5118364
5118357
5118367
5118359
5118369
5118371
5118373
5118368
5118379
5118372
5118374
5118384
5118376
5118377
5118378
5118381
5118382
5118383
5118386
5118393
5118387
5118395
5118388
5118398
5118391
5118392
5118403
5118396
5118405
5118397
5118407
5118409
5118410
5118402
5118413
5118414
5118406
5118408
5118418
5118420
5118421
5118422
5118424
5118425
5118426
5118427
5118423
5118432
5118434
5118435
5118437
5118431
5118442
5118436
5118439
5118446
5118449
5118443
5118445
5118454
5118456
5118459
5118460
5118452
5118453
5118464
5118457
5118458
5118462
5118463
5118465
5118466
5118467
5118468
5118469
5118470
5118479
5118471
5118473
5118474
5118475
5118484
5118476
5118486
5118480
5118481
5118482
5118483
5118485
5118489
5118490
5118491
5118492
5118493
5118495
5118496
5118497
5118498
5118499
5118500
5118501
5118503
5118504
5118506
5118512
5118507
5118508
5118515
5118516
5118509
5118510
5118520
5118517
5118518
5118519
5118521
5118522
5118523
5118524
5118525
5118526
5118527
5118528
5118529
5118530
5118531
5118532
5118534
5118535
5118536
5118537
5118538
5118539
5118540
5118541
5118542
5118544
5118546
5118548
5118549
5118550
5118551
5118552
5118553
5118554
5118555
5118556
5118557
5118558
5118559
5118560
5118561
5118563
5118564
5118565
5118566
5118567
5118569
5118571
5118573
5118575
5118578
5118579
5118581
5118585
5118586
5118588
5118589
5118590
5118591
5118592
5118594
5118596
5118597
5118598
5118599
5118600
5118607
5118609
5118611
5118612
5118613
5118614
5118615
5118616
5118618
5118619
5118621
5118622
5118623
5118624
5118625
5118630
5118632
5118633
5118634
5118635
5118636
5118638
5118640
5118641
5118642
5118644
5118646
5118649
5118651
5118654
5118656
5118657
5118659
5118661
5118662
5118665
5118666
5118667
5118668
5118669
5118670
5118673
5118674
5118675
5118676
5118677
5118678
5118680
5118681
5118682
5118683
5118684
5118685
5118686
5118687
5118689
5118692
5118693
5118694
5118695
5118696
5118697
5118698
5118699
5118700
5118701
5118703
5118708
5118709
5118710
5118713
5118715
5118716
5118717
5118720
5118722
5118723
5118724
5118729
5118730
5118732
5118733
5118734
5118735
5118738
5118740
5118741
5118744
5118745
5118746
5118747
5118748
5118749
5118750
5118752
5118754
5118755
5118756
5118757
5118759
5118760
5118761
5118762
5118764
5118766
5118767
5118769
5118770
5118771
5118773
5118775
5118776
5118778
5118779
5118782
5118783
5118784
5118786
5118787
5118788
5118789
5118790
5118791
5118792
5118793
5118794
5118795
5118798
5118800
5118802
5118803
5118804
5118805
5118806
5118807
5118808
5118809
5118811
5118813
5118814
5118815
5118816
5118818
5118820
5118821
5118822
5118824
5118825
5118826
5118828
5118831
5118832
5118833
5118834
5118835
5118836
5118837
5118840
5118843
5118844
5118845
5118847
5118848
5118849
5118850
5118852
5118853
5118854
5118855
5118857
5118859
5118861
5118862
5118863
5118864
5118865
5118867
5118868
5118869
5118870
5118872
5118873
5118874
5118880
5118886
5118891
5118892
5118893
5118895
5118897
5118899
5118901
5118902
5118904
5118905
5118907
5118908
5118909
5118911
5118912
5118913
5118914
5118917
5118918
5118919
5118920
5118922
5118925
5118929
5118930
5118931
5118932
5118933
5118934
5118936
5118937
5118938
5118939
5118944
5118946
5118947
5118948
5118949
5118951
5118953
5118954
5118955
5118956
5118957
5118958
5118959
5118960
5118961
5118963
5118965
5118966
5118967
5118970
5118971
5118972
5118973
5118974
5118975
5118976
5118977
5118978
5118979
5118980
5118981
5118988
5119179
5117754
5117755
5117757
5117762
5117764
5117768
5117771
5117772
5117773
5117774
5117776
5119146
5119147
5117957
5119149
5117992
5117993
5117994
5117996
5117997
5117999
5118000
5118001
5118002
5118003
5118004
5118005
5118006
5118016
5118019
5118036
5118060
5118061
5118062
5118067
5118069
5118070
5118072
5118073
5118074
5118084
5118094
5118114
5118116
5118122
5118123
5119155
5118125
5118127
5118130
5118131
5118132
5118133
5118134
5118135
5118136
5118137
5118737
5118140
5119156
5118150
5118151
5118152
5118153
5118154
5118155
5118158
5118176
5118179
5118191
5118192
5118205
5118206
5118208
5118209
5118215
5118236
5118237
5118238
5118239
5118240
5118241
5119161
5118280
5118282
5118284
5118292
5118293
5119162
5118300
5118307
5118320
5118321
5118325
5118327
5118332
5119164
5118351
5118352
5118354
5118358
5118362
5118365
5118366
5118370
5118375
5118389
5118394
5118399
5118400
5118401
5118404
5118411
5118412
5118415
5118416
5118417
5118419
5119167
5118428
5118429
5118430
5118433
5118441
5118447
5118448
5118450
5118451
5118455
5119169
5118477
5118478
5118513
5118514
5118533
5118543
5118545
5118547
5119172
5118568
5118570
5118572
5118574
5118576
5119173
5118577
5118580
5118582
5118583
5118584
5118587
5118593
5118595
5118601
5118603
5118604
5118605
5118606
5118608
5118617
5118620
5118626
5118627
5118628
5118629
5118631
5118637
5118639
5118645
5118647
5118648
5119176
5118652
5118653
5118658
5118660
5118663
5118664
5118672
5119177
5118704
5118706
5118707
5118718
5118719
5118725
5118726
5118727
5118728
5118736
5118739
5118742
5119180
5118758
5118763
5118765
5118768
5119181
5118796
5118797
5118799
5119182
5118801
5118810
5118812
5118817
5118823
5119183
5118827
5118829
5118838
5118839
5118841
5118846
5119184
5118851
5118856
5118858
5118866
5118871
5118875
5118876
5118877
5118878
5118879
5118881
5118882
5118883
5118884
5118885
5118887
5118888
5118889
5118890
5118894
5118896
5118898
5118900
5118903
5118906
5118910
5118915
5118921
5118923
5118924
5118926
5118927
5118935
5118940
5118941
5118942
5118943
5118945
5118950
5118952
5118962
5118964
5118968
5118982
5118984
5118985
5118986
5118987
5118989
5118990
5118991
5118992
5118993
5118994
5118996
5118997
5118998
5118999
5119000
5119001
5119002
5119003
5119004
5119005
5119006
5119007
5119008
5119009
5119010
5119011
5119012
5119013
5119014
5119015
5119016
5119017
5119018
5119019
5119020
5119021
5119022
5119023
5119024
5119025
5119026
5119027
5119028
5119029
5119030
5119031
5119032
5119033
5119034
5119035
5119036
5119037
5119038
5119039
5119040
5119041
5119042
5119043
5119044
5119045
5119046
5119047
5119048
5119049
5119050
5119052
5119053
5119054
5119055
5119056
5119057
5119058
5119059
5119060
5119061
5119062
5119063
5119064
5119065
5119066
5119067
5119068
5119069
5119070
5119071
5119072
5119073
5119074
5119075
5119076
5119077
5119078
5119079
5119080
5119081
5119082
5119083
5119084
5119085
5119086
5119087
5119088
5119089
5119090
5119091
5119092
5119093
5119094
5119095
5119096
5119097
5119098
5119099
5119100
5119102
5119103