4812672
4812673
4812674
4812675
4812676
4812677
4812678
4812679
4812680
4812681
4812682
4812683
4812684
4812686
4812687
4812688
4812689
4812690
4812691
4812692
4812693
4812694
4812696
4812697
4812698
4812699
4812700
4812701
4812702
4812703
4812704
4812705
4812706
4812707
4812709
4812710
4812712
4812713
4812714
4812715
4812717
4812718
4812719
4812720
4812721
4812722
4812723
4812724
4812725
4812726
4812728
4812729
4812730
4812731
4812732
4812733
4812734
4812735
4812736
4812737
4812739
4812740
4812741
4812742
4812743
4812744
4812745
4812746
4812747
4812748
4812749
4812750
4812751
4812752
4812753
4812754
4812755
4812756
4812757
4812758
4812759
4812760
4812761
4812762
4812763
4812764
4812765
4812766
4812767
4812768
4812769
4812770
4812771
4812772
4812773
4812774
4812775
4812776
4812777
4812778
4812779
4812780
4812781
4812782
4812783
4812784
4812785
4812786
4812787
4812788
4812789
4812790
4812791
4812792
4812793
4812794
4812795
4812796
4812798
4812799
4812800
4812802
4812803
4812804
4812805
4812806
4812807
4812808
4812809
4812810
4812811
4812812
4812816
4812818
4812819
4812820
4812821
4812822
4812823
4812825
4812826
4812827
4812829
4812830
4812831
4812832
4812833
4812834
4812835
4812838
4812840
4812841
4812842
4812843
4812844
4812845
4812846
4812847
4812848
4812849
4812851
4812852
4812853
4812854
4812855
4812856
4812857
4812858
4812859
4812860
4812861
4812862
4812863
4812864
4812865
4812866
4812867
4812868
4812869
4812870
4812871
4812872
4812873
4812874
4812875
4812877
4812878
4812879
4812881
4812882
4812883
4812884
4812885
4812886
4812887
4812888
4812889
4812890
4812891
4812892
4812893
4812894
4812895
4812896
4812897
4812898
4812899
4812901
4812902
4812903
4812904
4812905
4812906
4812907
4812908
4812909
4812910
4812911
4812912
4812913
4812914
4812915
4812916
4812917
4812918
4812919
4812921
4812922
4812923
4812924
4812925
4812926
4812928
4812929
4812930
4812931
4812933
4812934
4812935
4812936
4812937
4812938
4812939
4812940
4812941
4812942
4812943
4812944
4812945
4812946
4812947
4812948
4812949
4812950
4812951
4812952
4812953
4812954
4812955
4812956
4812957
4812958
4812959
4812960
4812961
4812962
4812963
4812964
4812966
4812967
4812968
4812969
4812970
4812971
4812972
4812973
4812974
4812975
4812976
4812977
4812978
4812979
4812980
4812981
4812982
4812983
4812984
4812985
4812986
4812987
4812988
4812989
4812990
4812993
4812994
4812995
4812996
4812998
4812999
4813001
4813002
4813003
4813004
4813005
4813007
4813008
4813010
4813011
4813012
4813013
4813014
4813015
4813016
4813017
4813018
4813019
4813020
4813021
4813022
4813023
4813024
4813025
4813026
4813028
4813030
4813031
4813032
4813033
4813034
4813035
4813036
4813037
4813038
4813039
4813040
4813041
4813043
4813044
4813045
4813046
4813047
4813048
4813049
4813050
4813051
4813052
4813053
4813054
4813055
4813056
4813057
4813058
4813059
4813060
4813061
4813062
4813063
4813064
4813065
4813066
4813067
4813068
4813069
4813070
4813071
4813072
4813073
4813074
4813075
4813076
4813077
4813078
4813079
4813080
4813081
4813082
4813083
4813084
4813085
4813086
4813087
4813088
4813089
4813090
4813091
4813092
4813093
4813094
4813095
4813096
4813097
4813099
4813100
4813101
4813102
4813103
4813104
4813107
4813108
4813109
4813110
4813111
4813112
4813113
4813114
4813115
4813116
4813117
4813118
4813119
4813120
4813121
4813122
4813123
4813124
4813125
4813126
4813127
4813128
4813129
4813130
4813131
4813132
4813133
4813134
4813135
4813136
4813137
4813138
4813139
4813140
4813141
4813142
4813143
4813144
4813145
4813146
4813147
4813148
4813149
4813151
4813152
4813153
4813154
4813155
4813156
4813158
4813159
4813161
4813162
4813163
4813164
4813165
4813166
4813167
4813168
4813169
4813170
4813171
4813172
4813173
4813174
4813175
4813176
4813177
4813178
4813179
4813181
4813182
4813183
4813184
4813185
4813186
4813187
4813188
4813189
4813190
4813191
4813192
4813193
4813194
4813195
4813196
4813198
4813199
4813200
4813201
4813202
4813203
4813204
4813205
4813206
4813209
4813210
4813211
4813212
4813213
4813215
4813217
4813218
4813219
4813220
4813221
4813222
4813223
4813224
4813225
4813226
4813227
4813228
4813229
4813230
4813231
4813232
4813233
4813234
4813235
4813237
4813238
4813239
4813240
4813241
4813242
4813243
4813244
4813245
4813246
4813247
4813248
4813249
4813250
4813251
4813252
4813253
4813255
4813256
4813257
4813258
4813259
4813260
4813261
4813262
4813263
4813264
4813265
4813266
4813267
4813268
4813269
4813270
4813271
4813272
4813273
4813274
4813275
4813276
4813277
4813278
4813279
4813280
4813281
4813282
4813283
4813284
4813285
4813286
4813287
4813288
4813289
4813290
4813291
4813292
4813293
4813294
4813295
4813296
4813297
4813298
4813299
4813300
4813301
4813302
4813303
4813304
4813305
4813307
4813308
4813309
4813311
4813312
4813314
4813315
4813316
4813318
4813319
4813320
4813321
4813322
4813323
4813325
4813326
4813328
4813329
4813330
4813331
4813332
4813334
4813336
4813337
4813338
4813339
4813340
4813341
4813342
4813343
4813344
4813345
4813346
4813347
4813348
4813349
4813350
4813351
4813352
4813353
4813354
4813355
4813356
4813357
4813358
4813359
4813360
4813362
4813363
4813364
4813365
4813366
4813367
4813368
4813369
4813370
4813371
4813373
4813374
4813375
4813376
4813377
4813378
4813379
4813380
4813381
4813382
4813383
4813384
4813385
4813386
4813387
4813388
4813389
4813390
4813391
4813394
4813395
4813396
4813397
4813398
4813399
4813401
4813402
4813403
4813404
4813405
4813406
4813407
4813408
4813409
4813410
4813411
4813412
4813413
4813414
4813415
4813416
4813417
4813418
4813419
4813420
4813421
4813422
4813423
4813424
4813425
4813426
4813427
4813428
4813429
4813430
4813431
4813432
4813433
4813434
4813435
4813436
4813437
4813438
4813439
4813440
4813441
4813442
4813443
4813444
4813445
4813446
4813447
4813448
4813449
4813450
4813451
4813452
4813453
4813454
4813455
4813456
4813457
4813458
4813459
4813460
4813461
4813462
4813463
4813464
4813465
4813466
4813467
4813468
4813469
4813470
4813471
4813472
4813473
4813474
4813475
4813476
4813477
4813478
4813479
4813480
4813481
4813482
4813483
4813484
4813485
4813486
4813488
4813489
4813490
4813492
4813493
4813494
4813495
4813496
4813498
4813499
4813501
4813502
4813503
4813504
4813505
4813506
4813507
4813508
4813509
4813510
4813511
4813512
4813513
4813514
4813515
4813516
4813517
4813518
4813519
4813520
4813521
4813522
4813523
4813524
4813525
4813526
4813527
4813529
4813530
4813531
4813532
4813533
4813534
4813535
4813536
4813537
4813538
4813539
4813540
4813541
4813542
4813543
4813544
4813545
4813546
4813547
4813548
4813549
4813550
4813551
4813552
4813553
4813554
4813555
4813556
4813557
4813558
4813559
4813560
4813561
4813562
4813563
4813564
4813565
4813567
4813568
4813569
4813570
4813571
4813574
4813575
4813576
4813578
4813579
4813580
4813581
4813582
4813583
4813584
4813585
4813586
4813587
4813589
4813590
4813591
4813592
4813593
4813594
4813595
4813596
4813597
4813599
4813600
4813601
4813602
4813603
4813604
4813605
4813606
4813607
4813608
4813609
4813610
4813611
4813612
4813613
4813614
4813615
4813616
4813617
4813618
4813619
4813620
4813621
4813622
4813623
4813624
4813625
4813626
4813627
4813628
4813629
4813630
4813631
4813632
4813633
4813634
4813635
4813636
4813637
4813638
4813639
4813640
4813641
4813642
4813643
4813644
4813646
4813647
4813648
4813649
4813650
4813651
4813652
4813653
4813654
4813655
4813656
4813657
4813658
4813659
4813660
4813661
4813662
4813663
4813664
4813665
4813666
4813667
4813668
4813669
4813670
4813671
4813672
4813673
4813674
4813675
4813676
4813677
4813678
4813679
4813680
4813681
4813682
4813683
4813684
4813685
4813686
4813687
4813688
4813689
4813690
4813691
4813692
4813693
4813694
4813695
4813696
4813697
4813698
4813699
4813700
4813701
4813702
4813703
4813704
4813705
4813706
4813707
4813708
4813709
4813710
4813711
4813712
4813713
4813714
4813715
4813716
4813717
4813718
4813719
4813720
4813721
4813722
4813723
4813724
4813725
4813726
4813727
4813728
4813729
4813730
4813731
4813732
4813733
4813734
4813735
4813736
4813737
4813738
4813739
4813740
4813741
4813743
4813744
4813745
4813746
4813747
4813748
4813749
4813750
4813751
4813752
4813753
4813754
4813755
4813756
4813757
4813758
4813759
4813760
4813761
4813762
4813763
4813764
4813765
4813766
4813767
4813768
4813769
4813770
4813771
4813772
4813773
4813774
4813775
4813776
4813777
4813778
4813779
4813780
4813781
4813782
4813783
4813784
4813785
4813786
4813787
4813788
4813789
4813790
4813791
4813792
4813793
4813794
4813795
4813796
4813798
4813799
4813800
4813801
4813802
4813803
4813804
4813805
4813807
4813808
4813809
4813810
4813811
4813812
4813813
4813814
4813815
4813816
4813817
4813818
4813819
4813820
4813822
4813823
4813824
4813825
4813826
4813827
4813828
4813829
4813830
4813831
4813832
4813833
4813835
4813836
4813837
4813838
4813839
4813840
4813841
4813842
4813843
4813844
4813845
4813846
4813847
4813848
4813849
4813850
4813851
4813852
4813853
4813854
4813855
4813856
4813857
4813858
4813859
4813860
4813861
4813862
4813864
4813865
4813866
4813867
4813868
4813869
4813870
4813871
4813872
4813873
4813874
4813875
4813876
4813877
4813878
4813879
4813880
4813881
4813882
4813883
4813884
4813885
4813886
4813887
4813888
4813889
4813890
4813891
4813892
4813893
4813894
4813895
4813896
4813897
4813898
4813899
4813900
4813901
4813902
4813903
4813904
4813905
4813906
4813907
4813908
4813909
4813910
4813911
4813912
4813913
4813914
4813915
4813916
4813917
4813918
4813919
4813920
4813921
4813922
4813923
4813924
4813925
4813926
4813927
4813928
4813929
4813930
4813931
4813932
4813933
4813934
4813935
4813936
4813937
4813938
4813939
4813940
4813941
4813942
4813943
4813944
4813945
4813946
4813947
4813948
4813949
4813950
4813951
4813952
4813953
4813954
4813955
4813956
4813957
4813958
4813959
4813960
4813961
4813962
4813963
4813964
4813965
4813966
4813967
4813968
4813969
4813970
4813971
4813972
4813973
4813974
4813975
4813976
4813977
4813978
4813979
4813980
4813982
4813983
4813984
4813985
4813986
4813987
4813988
4813990
4813991
4813992
4813993
4813994
4813995
4813996
4813997
4813998
4813999
4814000
4814001
4814002
4814003
4814004
4814005
4814006
4814007
4814008
4814009
4814010
4814011
4814012
4814013
4814014
4814015
4814016
4814017
4814018
4814019
4814020
4814021
4814022
4814023
4814024
4814025
4814026
4814027
4814028
4814029
4814030
4814031
4814032
4814033
4814034
4814035
4814036
4814037
4814038
4814039
4814040
4814041
4814042
4814043
4814044
4814045
4814046
4814047
4814048
4814049
4814050
4814051
4814052
4814053
4814054
4814055
4814056
4814057
4814058
4814059
4814060
4814061
4814062
4814063
4814064
4814065
4814066
4814067
4814068
4814069
4814070
4814071
4814072
4814073
4814074
4814075
4814076
4814077
4814078
4814079
4814080
4814081
4814082
4814083
4814084
4814085
4814087
4814088
4814089
4814090
4814091
4814092
4814093
4814094
4814095
4814096
4814097
4814098
4814099
4814100
4814101
4814102
4814103
4814104
4814105
4814106
4814107
4814108
4814109
4814110
4814111
4814112
4814113
4814114
4814115
4814116
4814117
4814118
4814119
4814120
4814121
4814122
4814123
4814124
4814125
4814126
4814128
4814129
4814130
4814131
4814132
4814133
4814134
4814135
4814136
4814137
4814138
4814139
4814140
4814141
4814142
4814143
4814144
4814146
4814147
4814148
4814149
4814150
4814151
4814152
4814153
4814155
4814156
4814157
4814158
4814159
4814160
4814161
4814162
4814163
4814164
4814165
4814166
4814167
4814168
4814169
4814170
4814171
4814172
4814173
4814174
4814175
4814176
4814177
4814178
4814179
4814180
4814181
4814182
4814184
4814185
4814187
4814188
4814189
4814190
4814191
4814192
4814193
4814194
4814196
4814197
4814199
4814200
4814201
4814202
4814203
4814204
4814205
4814207
4814208
4814209
4814210
4814211
4814212
4814213
4814214
4814215
4814216
4814217
4814218
4814219
4814220
4814221
4814222
4814223
4814224
4814225
4814226
4814227
4814228
4814229
4814230
4814231
4814232
4814233
4814234
4814235
4814236
4814237
4814239
4814240
4814241
4814242
4814243
4814244
4814245
4814246
4814247
4814248
4814249
4814250
4814251
4814253
4814254
4814255
4814256
4814257
4814258
4814259
4814260
4814261
4814263
4814264
4814265
4814266
4814267
4814268
4814269
4814270
4814271
4814272
4814273
4814274
4814275
4814276
4814277
4814278
4814279
4814280
4814281
4814282
4814283
4814285
4814286
4814287
4814288
4814289
4814290
4814291
4814292
4814293
4814294
4814295
4814296
4814297
4814298
4814299
4814300
4814301
4814302
4814303
4814304
4814305
4814306
4814307
4814308
4814309
4814310
4814311
4814312
4814313
4814314
4814315
4814316
4814317
4814318
4814319
4814320
4814321
4814322
4814323
4814324
4814325
4814326
4814327
4814328
4814329
4814330
4814331
4814332
4814333
4814334
4814335
4814336
4814337
4814338
4814339
4814340
4814341
4814342
4814343
4814344
4814345
4814346
4814347
4814348
4814349
4814350
4814351
4814352
4814353
4814354
4814355
4814356
4814357
4814358
4814359
4814360
4814361
4814362
4814363
4814364
4814365
4814366
4814367
4814368
4814369
4814370
4814371
4814372
4814373
4814374
4814375
4814376
4814377
4814378
4814379
4814380
4814381
4814382
4814383
4814384
4814385
4814386
4814387
4814388
4814389
4814390
4814391
4814392
4814393
4814394
4814395
4814396
4814397
4814398
4814399
4814400
4814401
4814402
4814403
4814404
4814405
4814406
4814407
4814408
4814409
4814410
4814411
4814412
4814413
4814415
4814416
4814417
4814419
4814420
4814421
4814422
4814423
4814424
4814425
4814426
4814427
4814428
4814429
4814430
4814431
4814432
4814433
4814434
4814435
4814436
4814437
4814439
4814440
4814442
4814444
4814445
4814446
4814447
4814449
4814450
4814451
4814452
4814453
4814454
4814456
4814457
4814459
4814460
4814461
4814462
4814464
4814466
4814467
4814470
4814472
4814473
4814475
4814476
4814478
4814480
4814481
4814482
4814483
4814484
4814486
4814487
4814488
4814489
4814490
4814492
4814493
4814494
4814495
4814496
4814497
4814498
4814499
4814500
4814501
4814502
4814503
4814504
4814505
4814506
4814508
4814509
4814510
4814511
4814512
4814513
4814514
4814515
4814517
4814518
4814519
4814520
4814521
4814522
4814523
4814524
4814525
4814526
4814527
4814528
4814529
4814530
4814531
4814532
4814533
4814534
4814535
4814536
4814537
4814538
4814539
4814540
4814541
4814542
4814543
4814544
4814545
4814546
4814549
4814550
4814551
4814552
4814553
4814554
4814555
4814556
4814557
4814558
4814559
4814560
4814561
4814562
4814563
4814564
4814565
4814566
4814567
4814568
4814569
4814570
4814571
4814573
4814574
4814575
4814576
4814577
4814578
4814579
4814580
4814581
4814583
4814584
4814585
4814586
4814587
4814588
4814589
4814590
4814592
4814593
4814594
4814595
4814596
4814597
4814598
4814599
4814600
4814601
4814602
4814603
4814604
4814605
4814606
4814607
4814608
4814609
4814610
4814611
4814612
4814613
4814614
4814615
4814616
4814617
4814618
4814619
4814620
4814621
4814622
4814623
4814624
4814625
4814626
4814627
4814628
4814629
4814631
4814632
4814633
4814634
4814635
4814636
4814637
4814638
4814639
4814641
4814642
4814643
4814644
4814645
4814646
4814647
4814648
4814649
4814650
4814651
4814652
4814653
4814655
4814656
4814658
4814659
4814660
4814661
4814662
4814664
4814665
4814667
4814668
4814669
4814671
4814672
4814673
4814675
4814676
4814677
4814678
4814679
4814680
4814681
4814682
4814683
4814684
4814685
4814686
4814687
4814688
4814689
4814691
4814692
4814693
4814694
4814695
4814696
4814697
4814698
4814699
4814700
4814701
4814702
4814703
4814705
4814707
4814708
4814709
4814710
4814711
4814712
4814713
4814715
4814716
4814717
4814718
4814719
4814720
4814723
4814724
4814725
4814726
4814727
4814728
4814729
4814731
4814733
4814734
4814735
4814736
4814737
4814741
4814743
4814744
4814747
4814749
4814751
4814753
4814754
4814755
4814756
4814757
4814758
4814759
4814760
4814762
4814763
4814764
4814765
4814766
4814767
4814768
4814769
4814770
4814771
4814772
4814773
4814774
4814775
4814777
4814779
4814780
4814781
4814782
4814783
4814785
4814788
4814789
4814790
4814791
4814792
4814793
4814794
4814795
4814796
4814797
4814798
4814799
4814800
4814801
4814802
4814803
4814804
4814805
4814806
4814807
4814808
4814809
4814810
4814811
4814812
4814813
4814814
4814815
4814816
4814817
4814818
4814819
4814820
4814821
4814822
4814823
4814824
4814825
4814826
4814827
4814828
4814829
4814830
4814831
4814832
4814833
4814834
4814837
4814838
4814839
4814840
4814841
4814842
4814843
4814844
4814845
4814846
4814847
4814848
4814849
4814850
4814851
4814852
4814853
4814854
4814855
4814856
4814857
4814858
4814859
4814860
4814861
4814862
4814863
4814864
4814865
4814867
4814868
4814869
4814870
4814871
4814872
4814873
4814874
4814875
4814876
4814877
4814878
4814879
4814880
4814881
4814882
4814883
4814884
4814885
4814886
4814887
4814888
4814889
4814890
4814891
4814893
4814894
4814895
4814896
4814897
4814898
4814899
4814900
4814901
4814902
4814903
4814904
4814905
4814906
4814907
4814908
4814909
4814910
4814911
4814912
4814913
4814914
4814915
4814916
4814917
4814918
4814919
4814920
4814921
4814922
4814923
4814924
4814925
4814927
4814928
4814929
4814931
4814932
4814933
4814934
4814935
4814936
4814937
4814938
4814939
4814940
4814941
4814942
4814943
4814944
4814945
4814946
4814947
4814948
4814949
4814950
4814951
4814953
4814955
4814956
4814957
4814958
4814959
4814960
4814961
4814962
4814963
4814964
4814965
4814966
4814967
4814968
4814969
4814970
4814971
4814972
4814973
4814974
4814975
4814976
4814977
4814978
4814979
4814980
4814981
4814983
4814985
4814986
4814987
4814988
4814989
4814990
4814991
4814993
4814995
4814996
4814997
4814998
4815000
4815002
4815003
4815004
4815005
4815006
4815007
4815008
4815009
4815010
4815012
4815013
4815014
4815015
4815016
4815017
4815018
4815019
4815021
4815022
4815023
4815024
4815025
4815026
4815027
4815028
4815029
4815030
4815031
4815032
4815033
4815034
4815035
4815036
4815037
4815038
4815039
4815040
4815041
4815042
4815043
4815044
4815045
4815046
4815047
4815048
4815049
4815050
4815051
4815052
4815053
4815054
4815055
4815056
4815057
4815058
4815059
4815060
4815061
4815062
4815063
4815064
4815065
4815066
4815067
4815068
4815069
4815070
4815071
4815072
4815073
4815074
4815075
4815076
4815077
4815078
4815079
4815080
4815081
4815082
4815083
4815084
4815085
4815086
4815087
4815088
4815089
4815090
4815091
4815092
4815093
4815094
4815095
4815096
4815097
4815099
4815100
4815101
4815102
4815103
4815104
4815105
4815106
4815107
4815108
4815109
4815110
4815111
4815112
4815113
4815114
4815115
4815116
4815117
4815118
4815119
4815120
4815121
4815122
4815123
4815124
4815125
4815126
4815127
4815128
4815129
4815130
4815131
4815132
4815133
4815134
4815135
4815136
4815137
4815138
4815139
4815140
4815141
4815142
4815143
4815144
4815145
4815146
4815147
4815148
4815149
4815150
4815151
4815152
4815153
4815154
4815155
4815156
4815157
4815158
4815159
4815161
4815162
4815163
4815164
4815165
4815166
4815167
4815168
4815169
4815170
4815171
4815172
4815173
4815174
4815175
4815176
4815177
4815178
4815179
4815180
4815181
4815182
4815183
4815184
4815185
4815186
4815187
4815188
4815190
4815191
4815192
4815193
4815195
4815196
4815197
4815198
4815199
4815200
4815201
4815202
4815203
4815204
4815205
4815206
4815207
4815209
4815210
4815211
4815212
4815213
4815214
4815217
4815218
4815219
4815220
4815221
4815222
4815223
4815224
4815225
4815226
4815227
4815228
4815229
4815230
4815231
4815232
4815233
4815234
4815235
4815236
4815237
4815238
4815239
4815240
4815241
4815242
4815243
4815244
4815245
4815246
4815247
4815248
4815249
4815250
4815252
4815253
4815257
4815258
4815260
4815265
4815268
4815270
4815271
4815274
4815275
4815277
4815279
4815282
4815283
4815285
4815286
4815287
4815289
4815293
4815295
4815298
4815300
4815303
4815309
4815312
4815313
4815314
4815315
4815316
4815317
4815318
4815319
4815320
4815321
4815322
4815323
4815324
4815325
4815326
4815327
4815329
4815330
4815331
4815333
4815334
4815336
4815337
4815338
4815339
4815340
4815341
4815342
4815343
4815344
4815346
4815347
4815348
4815349
4815350
4815351
4815352
4815353
4815354
4815355
4815356
4815357
4815358
4815359
4815360
4815361
4815362
4815363
4815364
4815366
4815367
4815369
4815370
4815372
4815373
4815374
4815375
4815376
4815377
4815378
4815379
4815380
4815381
4815383
4815384
4815385
4815386
4815387
4815388
4815389
4815391
4815393
4815394
4815395
4815396
4815397
4815398
4815399
4815400
4815401
4815402
4815403
4815404
4815405
4815406
4815407
4815409
4815410
4815411
4815412
4815413
4815414
4815415
4815416
4815417
4815418
4815419
4815420
4815422
4815423
4815424
4815425
4815427
4815428
4815429
4815430
4815432
4815433
4815434
4815435
4815436
4815437
4815440
4815442
4815443
4815444
4815445
4815451
4815452
4815453
4815454
4815455
4815456
4815457
4815458
4815459
4815460
4815461
4815462
4815464
4815465
4815466
4815467
4815469
4815470
4815471
4815472
4815473
4815474
4815475
4815476
4815477
4815478
4815479
4815480
4815482
4815483
4815484
4815485
4815486
4815487
4815488
4815489
4815490
4815491
4815492
4815493
4815494
4815495
4815496
4815497
4815498
4815499
4815501
4815502
4815503
4815504
4815505
4815506
4815507
4815508
4815509
4815510
4815511
4815512
4815513
4815514
4815515
4815516
4815517
4815518
4815519
4815520
4815521
4815522
4815523
4815524
4815525
4815526
4815527
4815528
4815529
4815530
4815531
4815532
4815533
4815534
4815535
4815536
4815537
4815538
4815539
4815540
4815541
4815542
4815543
4815544
4815545
4815546
4815547
4815548
4815549
4815550
4815551
4815552
4815553
4815554
4815555
4815556
4815557
4815558
4815559
4815560
4815561
4815563
4815565
4815566
4815567
4815568
4815569
4815570
4815571
4815572
4815573
4815574
4815575
4815576
4815577
4815578
4815579
4815580
4815581
4815582
4815583
4815584
4815585
4815586
4815587
4815588
4815589
4815590
4815592
4815593
4815594
4815595
4815596
4815597
4815598
4815600
4815601
4815602
4815603
4815604
4815605
4815606
4815607
4815608
4815609
4815610
4815611
4815612
4815613
4815615
4815616
4815617
4815618
4815619
4815620
4815621
4815623
4815624
4815625
4815626
4815627
4815628
4815629
4815630
4815631
4815632
4815633
4815634
4815635
4815636
4815637
4815638
4815639
4815640
4815641
4815642
4815643
4815644
4815645
4815646
4815647
4815648
4815649
4815650
4815651
4815652
4815653
4815654
4815655
4815656
4815658
4815659
4815660
4815661
4815662
4815663
4815664
4815665
4815666
4815667
4815668
4815669
4815670
4815671
4815672
4815673
4815674
4815675
4815678
4815680
4815681
4815682
4815683
4815684
4815685
4815686
4815687
4815688
4815690
4815691
4815692
4815693
4815694
4815695
4815696
4815697
4815698
4815699
4815700
4815701
4815702
4815703
4815704
4815705
4815706
4815707
4815708
4815709
4815710
4815711
4815712
4815713
4815714
4815715
4815717
4815718
4815719
4815720
4815721
4815723
4815724
4815725
4815726
4815727
4815729
4815730
4815731
4815732
4815733
4815734
4815735
4815736
4815737
4815738
4815740
4815742
4815743
4815744
4815745
4815746
4815747
4815748
4815749
4815750
4815751
4815752
4815753
4815754
4815755
4815756
4815757
4815758
4815759
4815760
4815761
4815762
4815763
4815764
4815765
4815766
4815767
4815768
4815769
4815770
4815771
4815772
4815773
4815774
4815775
4815776
4815777
4815778
4815779
4815780
4815781
4815782
4815783
4815784
4815785
4815786
4815787
4815789
4815790
4815791
4815792
4815794
4815795
4815796
4815797
4815798
4815799
4815800
4815801
4815802
4815803
4815804
4815805
4815806
4815807
4815808
4815809
4815810
4815811
4815812
4815813
4815814
4815815
4815816
4815817
4815818
4815819
4815820
4815821
4815822
4815823
4815824
4815825
4815826
4815827
4815828
4815830
4815831
4815833
4815834
4815835
4815836
4815837
4815838
4815839
4815840
4815841
4815842
4815843
4815844
4815845
4815846
4815847
4815848
4815849
4815850
4815851
4815852
4815853
4815854
4815855
4815856
4815857
4815858
4815859
4815860
4815861
4815862
4815863
4815864
4815865
4815866
4815867
4815868
4815869
4815870
4815871
4815872
4815873
4815874
4815875
4815876
4815877
4815878
4815879
4815880
4815881
4815882
4815883
4815884
4815886
4815887
4815888
4815889
4815890
4815891
4815892
4815893
4815894
4815895
4815896
4815897
4815899
4815900
4815901
4815902
4815903
4815904
4815905
4815906
4815907
4815908
4815909
4815910
4815911
4815912
4815913
4815915
4815916
4815917
4815918
4815919
4815920
4815921
4815922
4815923
4815924
4815925
4815927
4815928
4815929
4815930
4815931
4815932
4815933
4815934
4815935
4815937
4815938
4815939
4815941
4815942
4815943
4815944
4815945
4815946
4815947
4815948
4815949
4815950
4815951
4815952
4815953
4815954
4815955
4815956
4815957
4815958
4815959
4815960
4815961
4815962
4815963
4815964
4815965
4815966
4815967
4815968
4815969
4815970
4815971
4815972
4815974
4815975
4815976
4815977
4815978
4815979
4815980
4815981
4815982
4815983
4815984
4815986
4815987
4815988
4815989
4815990
4815991
4815992
4815993
4815994
4815995
4815996
4815997
4815998
4815999
4816000
4816001
4816003
4816004
4816005
4816006
4816008
4816009
4816010
4816011
4816012
4816013
4816014
4816015
4816016
4816017
4816018
4816019
4816020
4816021
4816022
4816023
4816024
4816025
4816026
4816027
4816028
4816029
4816030
4816031
4816032
4816033
4816034
4816035
4816036
4816037
4816038
4816039
4816040
4816041
4816042
4816045
4816047
4816048
4816049
4816050
4816051
4816052
4816053
4816054
4816055
4816056
4816057
4816058
4816059
4816060
4816061