4907911
4907912
4907913
4907914
4907916
4907917
4907918
4907919
4907920
4907921
4907922
4907923
4907924
4907925
4907926
4907927
4907928
4907929
4907930
4907931
4907932
4907933
4907934
4907935
4907936
4907937
4907938
4907939
4907940
4907941
4907942
4907943
4907944
4907945
4907946
4907947
4907948
4907949
4907950
4907951
4907952
4907953
4907954
4907955
4907956
4907957
4907958
4907959
4907960
4907961
4907962
4907963
4907964
4907965
4907966
4907967
4907968
4907969
4907970
4907971
4907972
4907973
4907974
4907975
4907976
4907977
4907978
4907979
4907980
4907981
4907982
4907983
4907984
4907985
4907986
4907987
4907988
4907989
4907991
4907992
4907993
4907994
4907995
4907997
4907998
4907999
4908000
4908001
4908002
4908003
4908004
4908005
4908006
4908007
4908008
4908009
4908010
4908011
4908012
4908014
4908015
4908016
4908017
4908018
4908019
4908020
4908021
4908022
4908023
4908024
4908025
4908026
4908027
4908028
4908029
4908030
4908031
4908033
4908034
4908035
4908036
4908037
4908038
4908039
4908040
4908041
4908042
4908043
4908044
4908045
4908046
4908047
4908048
4908049
4908050
4908051
4908052
4908054
4908055
4908056
4908057
4908058
4908059
4908060
4908061
4908062
4908063
4908064
4908065
4908066
4908067
4908068
4908070
4908071
4908072
4908073
4908075
4908076
4908077
4908078
4908079
4908080
4908081
4908082
4908084
4908085
4908086
4908087
4908088
4908089
4908090
4908091
4908092
4908093
4908094
4908096
4908097
4908099
4908100
4908101
4908102
4908103
4908104
4908105
4908106
4908107
4908108
4908109
4908110
4908111
4908112
4908113
4908114
4908115
4908116
4908117
4908118
4908119
4908120
4908122
4908123
4908124
4908126
4908127
4908128
4908129
4908133
4908134
4908135
4908136
4908137
4908138
4908139
4908140
4908142
4908143
4908144
4908145
4908146
4908147
4908148
4908149
4908150
4908151
4908152
4908153
4908154
4908155
4908156
4908157
4908158
4908159
4908160
4908161
4908162
4908163
4908164
4908165
4908166
4908167
4908168
4908169
4908170
4908171
4908172
4908173
4908174
4908175
4908176
4908177
4908178
4908179
4908180
4908181
4908182
4908183
4908184
4908186
4908187
4908190
4908191
4908192
4908196
4908197
4908200
4908201
4908202
4908203
4908206
4908209
4908210
4908211
4908212
4908213
4908214
4908216
4908217
4908219
4908220
4908221
4908222
4908223
4908224
4908225
4908226
4908228
4908229
4908231
4908232
4908233
4908234
4908235
4908236
4908237
4908238
4908239
4908240
4908243
4908247
4908248
4908249
4908250
4908251
4908252
4908253
4908254
4908255
4908256
4908257
4908258
4908259
4908260
4908261
4908262
4908264
4908265
4908266
4908267
4908268
4908269
4908270
4908271
4908272
4908274
4908275
4908276
4908277
4908278
4908279
4908280
4908281
4908284
4908285
4908286
4908287
4908288
4908290
4908291
4908292
4908293
4908295
4908296
4908297
4908298
4908299
4908300
4908301
4908304
4908305
4908306
4908308
4908309
4908310
4908311
4908312
4908313
4908314
4908315
4908316
4908317
4908318
4908319
4908320
4908322
4908323
4908324
4908325
4908326
4908327
4908328
4908329
4908330
4908331
4908332
4908333
4908334
4908336
4908337
4908338
4908339
4908340
4908341
4908343
4908344
4908345
4908346
4908347
4908348
4908350
4908351
4908352
4908353
4908355
4908356
4908357
4908358
4908359
4908360
4908361
4908362
4908363
4908364
4908365
4908366
4908368
4908369
4908370
4908371
4908372
4908373
4908374
4908375
4908376
4908377
4908378
4908379
4908380
4908381
4908382
4908383
4908384
4908385
4908387
4908388
4908389
4908390
4908392
4908393
4908394
4908396
4908397
4908398
4908399
4908400
4908401
4908402
4908403
4908404
4908405
4908406
4908407
4908408
4908409
4908411
4908412
4908413
4908414
4908415
4908416
4908418
4908419
4908421
4908422
4908423
4908424
4908425
4908426
4908427
4908428
4908429
4908430
4908431
4908432
4908433
4908434
4908435
4908436
4908437
4908438
4908439
4908440
4908441
4908442
4908443
4908444
4908445
4908446
4908447
4908448
4908449
4908450
4908451
4908452
4908454
4908455
4908456
4908457
4908458
4908459
4908460
4908462
4908463
4908464
4908465
4908466
4908467
4908468
4908469
4908470
4908471
4908472
4908473
4908474
4908475
4908476
4908477
4908478
4908479
4908480
4908481
4908482
4908483
4908484
4908486
4908487
4908488
4908489
4908491
4908494
4908495
4908496
4908497
4908498
4908499
4908500
4908502
4908504
4908505
4908507
4908508
4908509
4908510
4908511
4908512
4908513
4908514
4908516
4908517
4908518
4908519
4908520
4908523
4908526
4908528
4908529
4908530
4908531
4908532
4908533
4908534
4908535
4908537
4908538
4908539
4908541
4908543
4908544
4908545
4908546
4908547
4908548
4908549
4908550
4908551
4908552
4908553
4908554
4908555
4908557
4908558
4908559
4908560
4908561
4908563
4908564
4908565
4908566
4908567
4908568
4908569
4908571
4908572
4908573
4908574
4908577
4908578
4908579
4908580
4908581
4908582
4908584
4908585
4908586
4908587
4908589
4908591
4908592
4908593
4908595
4908597
4908598
4908599
4908600
4908601
4908602
4908603
4908604
4908606
4908607
4908608
4908609
4908610
4908611
4908612
4908613
4908615
4908616
4908617
4908618
4908619
4908620
4908621
4908622
4908623
4908624
4908625
4908626
4908627
4908628
4908629
4908630
4908631
4908632
4908633
4908634
4908635
4908636
4908637
4908638
4908639
4908640
4908641
4908642
4908643
4908644
4908645
4908646
4908647
4908648
4908649
4908650
4908651
4908652
4908653
4908654
4908655
4908656
4908657
4908658
4908659
4908660
4908661
4908662
4908663
4908664
4908665
4908666
4908667
4908668
4908669
4908670
4908671
4908672
4908673
4908674
4908675
4908676
4908677
4908678
4908679
4908680
4908681
4908682
4908683
4908684
4908685
4908686
4908687
4908688
4908689
4908690
4908691
4908692
4908693
4908695
4908697
4908698
4908700
4908701
4908702
4908703
4908704
4908705
4908706
4908707
4908708
4908709
4908710
4908711
4908712
4908713
4908714
4908715
4908717
4908718
4908719
4908720
4908721
4908722
4908723
4908724
4908725
4908726
4908727
4908728
4908729
4908731
4908733
4908735
4908736
4908737
4908738
4908739
4908740
4908741
4908743
4908744
4908745
4908746
4908747
4908748
4908749
4908750
4908751
4908752
4908753
4908756
4908757
4908758
4908760
4908761
4908762
4908763
4908764
4908765
4908766
4908770
4908771
4908772
4908773
4908774
4908775
4908776
4908777
4908778
4908779
4908780
4908781
4908782
4908783
4908784
4908785
4908786
4908787
4908788
4908790
4908791
4908792
4908794
4908795
4908796
4908797
4908798
4908799
4908801
4908802
4908803
4908804
4908805
4908806
4908808
4908809
4908811
4908812
4908813
4908814
4908815
4908816
4908817
4908818
4908819
4908821
4908822
4908823
4908824
4908825
4908826
4908827
4908828
4908829
4908830
4908831
4908832
4908833
4908834
4908835
4908836
4908837
4908838
4908839
4908840
4908841
4908842
4908843
4908844
4908845
4908846
4908847
4908848
4908849
4908850
4908851
4908852
4908853
4908854
4908855
4908857
4908859
4908861
4908863
4908866
4908867
4908868
4908869
4908871
4908873
4908874
4908876
4908877
4908878
4908880
4908881
4908882
4908883
4908888
4908889
4908891
4908892
4908894
4908895
4908896
4908897
4908898
4908899
4908901
4908902
4908903
4908904
4908905
4908906
4908908
4908909
4908910
4908911
4908913
4908914
4908915
4908916
4908920
4908921
4908922
4908923
4908926
4908927
4908928
4908929
4908932
4908933
4908935
4908937
4908938
4908940
4908941
4908942
4908943
4908944
4908945
4908946
4908947
4908948
4908949
4908950
4908951
4908952
4908953
4908954
4908955
4908957
4908958
4908959
4908960
4908961
4908962
4908964
4908965
4908968
4908969
4908971
4908972
4908973
4908975
4908976
4908977
4908979
4908980
4908983
4908984
4908985
4908986
4908987
4908988
4908989
4908990
4908992
4908993
4908994
4908995
4908999
4909001
4909002
4909003
4909004
4909005
4909007
4909008
4909010
4909012
4909013
4909014
4909016
4909017
4909018
4909019
4909020
4909024
4909025
4909026
4909027
4909028
4909029
4909030
4909031
4909032
4909033
4909034
4909035
4909036
4909038
4909039
4909040
4909041
4909042
4909043
4909044
4909045
4909046
4909048
4909049
4909050
4909052
4909053
4909054
4909055
4909056
4909057
4909058
4909059
4909060
4909061
4909062
4909063
4909065
4909066
4909067
4909068
4909069
4909070
4909071
4909072
4909073
4909074
4909075
4909076
4909078
4909079
4909080
4909081
4909084
4909085
4909086
4909087
4909088
4909091
4909092
4909093
4909094
4909095
4909096
4909097
4909098
4909101
4909102
4909103
4909104
4909105
4909106
4909108
4909109
4909110
4909111
4909112
4909113
4909114
4909115
4909116
4909118
4909119
4909120
4909122
4909123
4909124
4909125
4909126
4909127
4909128
4909130
4909131
4909132
4909133
4909134
4909136
4909137
4909138
4909139
4909141
4909142
4909143
4909144
4909145
4909146
4909147
4909148
4909149
4909150
4909152
4909154
4909156
4909157
4909158
4909160
4909161
4909162
4909163
4909164
4909165
4909166
4909167
4909168
4909169
4909170
4909171
4909172
4909173
4909175
4909176
4909177
4909178
4909179
4909180
4909182
4909183
4909185
4909188
4909190
4909191
4909192
4909194
4909195
4909196
4909197
4909198
4909199
4909200
4909201
4909202
4909203
4909204
4909205
4909206
4909207
4909208
4909209
4909210
4909212
4909213
4909214
4909215
4909216
4909218
4909219
4909220
4909222
4909223
4909225
4909226
4909227
4909228
4909229
4909231
4909232
4909234
4909237
4909238
4909239
4909240
4909241
4909242
4909243
4909244
4909246
4909247
4909249
4909250
4909251
4909252
4909254
4909255
4909256
4909257
4909258
4909260
4909261
4909262
4909263
4909264
4909266
4909267
4909268
4909270
4909271
4909273
4909274
4909275
4909277
4909278
4909279
4909280
4909281
4909282
4909283
4909285
4909286
4909290
4909291
4909292
4909293
4909294
4909295
4909298
4909299
4909300
4909302
4909304
4909305
4909306
4909307
4909308
4909311
4909312
4909314
4909316
4909317
4909319
4909322
4909323
4909325
4909327
4909329
4909330
4909332
4909334
4909335
4909336
4909337
4909339
4909340
4909341
4909342
4909344
4909345
4909346
4909347
4909349
4909350
4909351
4909352
4909353
4909354
4909356
4909357
4909358
4909359
4909360
4909361
4909362
4909363
4909364
4909366
4909368
4909370
4909371
4909372
4909373
4909374
4909375
4909376
4909377
4909378
4909379
4909380
4909381
4909382
4909383
4909384
4909385
4909386
4909387
4909388
4909389
4909390
4909391
4909392
4909393
4909394
4909397
4909398
4909399
4909400
4909402
4909403
4909404
4909405
4909406
4909407
4909409
4909410
4909411
4909412
4909413
4909414
4909415
4909416
4909417
4909418
4909419
4909420
4909421
4909422
4909423
4909424
4909425
4909426
4909427
4909428
4909429
4909431
4909432
4909433
4909434
4909435
4909436
4909437
4909438
4909439
4909440
4909441
4909443
4909444
4909445
4909446
4909447
4909448
4909449
4909450
4909451
4909452
4909453
4909454
4909455
4909456
4909457
4909458
4909459
4909460
4909461
4909462
4909463
4909464
4909465
4909466
4909469
4909470
4909471
4909472
4909473
4909474
4909476
4909478
4909480
4909481
4909482
4909483
4909484
4909485
4909486
4909487
4909488
4909489
4909490
4909492
4909493
4909494
4909495
4909496
4909497
4909498
4909499
4909500
4909501
4909502
4909503
4909504
4909505
4909506
4909507
4909508
4909509
4909510
4909511
4909512
4909513
4909514
4909515
4909516
4909517
4909518
4909519
4909520
4909522
4909523
4909524
4909525
4909526
4909527
4909528
4909529
4909530
4909531
4909532
4909533
4909534
4909535
4909536
4909537
4909538
4909539
4909540
4909541
4909542
4909543
4909545
4909546
4909547
4909549
4909550
4909551
4909552
4909553
4909554
4909555
4909556
4909557
4909558
4909559
4909560
4909561
4909563
4909564
4909565
4909566
4909567
4909568
4909571
4909572
4909573
4909574
4909575
4909577
4909578
4909579
4909580
4909581
4909582
4909583
4909584
4909585
4909586
4909587
4909588
4909589
4909590
4909591
4909592
4909593
4909595
4909596
4909597
4909598
4909599
4909600
4909601
4909602
4909603
4909604
4909605
4909606
4909607
4909608
4909609
4909610
4909611
4909612
4909613
4909614
4909615
4909617
4909618
4909619
4909620
4909621
4909622
4909623
4909625
4909626
4909627
4909628
4909629
4909630
4909631
4909632
4909636
4909638
4909639
4909640
4909641
4909642
4909643
4909644
4909645
4909646
4909648
4909649
4909650
4909651
4909653
4909654
4909655
4909656
4909657
4909658
4909659
4909660
4909661
4909662
4909663
4909664
4909665
4909666
4909667
4909668
4909669
4909670
4909671
4909672
4909673
4909675
4909676
4909677
4909678
4909679
4909680
4909681
4909682
4909683
4909684
4909685
4909686
4909687
4909688
4909689
4909690
4909691
4909692
4909693
4909695
4909696
4909697
4909698
4909699
4909700
4909701
4909702
4909703
4909704
4909705
4909706
4909707
4909708
4909709
4909710
4909711
4909712
4909713
4909714
4909715
4909716
4909717
4909718
4909719
4909720
4909721
4909722
4909723
4909724
4909725
4909726
4909728
4909729
4909730
4909731
4909732
4909733
4909734
4909735
4909736
4909738
4909739
4909741
4909743
4909744
4909746
4909747
4909749
4909750
4909752
4909753
4909754
4909756
4909757
4909758
4909759
4909760
4909761
4909762
4909763
4909764
4909765
4909766
4909767
4909768
4909769
4909770
4909771
4909772
4909773
4909774
4909775
4909776
4909777
4909778
4909779
4909780
4909781
4909782
4909783
4909784
4909785
4909786
4909787
4909788
4909789
4909790
4909791
4909792
4909793
4909794
4909795
4909796
4909797
4909798
4909799
4909800
4909801
4909802
4909803
4909804
4909805
4909806
4909807
4909808
4909809
4909811
4909812
4909813
4909814
4909816
4909818
4909819
4909820
4909821
4909822
4909823
4909824
4909825
4909827
4909829
4909830
4909831
4909832
4909833
4909834
4909837
4909838
4909839
4909840
4909841
4909844
4909846
4909847
4909848
4909849
4909850
4909851
4909852
4909853
4909854
4909855
4909856
4909857
4909859
4909860
4909861
4909862
4909863
4909864
4909866
4909867
4909868
4909870
4909871
4909873
4909874
4909875
4909877
4909878
4909879
4909880
4909881
4909882
4909883
4909884
4909886
4909887
4909889
4909890
4909891
4909892
4909893
4909894
4909896
4909897
4909898
4909899
4909900
4909901
4909902
4909903
4909904
4909906
4909907
4909908
4909909
4909910
4909911
4909912
4909913
4909914
4909915
4909916
4909917
4909918
4909919
4909920
4909921
4909922
4909923
4909924
4909925
4909926
4909927
4909928
4909929
4909930
4909931
4909932
4909933
4909934
4909935
4909936
4909937
4909938
4909939
4909940
4909941
4909942
4909943
4909945
4909946
4909947
4909948
4909949
4909950
4909952
4909953
4909955
4909956
4909957
4909958
4909959
4909961
4909963
4909964
4909965
4909967
4909968
4909969
4909970
4909971
4909972
4909973
4909975
4909976
4909977
4909978
4909979
4909980
4909982
4909983
4909985
4909987
4909988
4909989
4909990
4909992
4909993
4909994
4909996
4909997
4910000
4910001
4910002
4910004
4910005
4910006
4910008
4910009
4910010
4910011
4910012
4910013
4910014
4910016
4910017
4910018
4910019
4910020
4910023
4910024
4910025
4910026
4910027
4910028
4910030
4910031
4910032
4910033
4910034
4910036
4910037
4910038
4910039
4910040
4910041
4910042
4910044
4910045
4910046
4910048
4910049
4910050
4910051
4910052
4910053
4910054
4910055
4910056
4910057
4910058
4910059
4910060
4910061
4910063
4910064
4910065
4910066
4910067
4910068
4910069
4910070
4910071
4910072
4910073
4910074
4910076
4910077
4910078
4910079
4910081
4910082
4910083
4910085
4910086
4910087
4910088
4910089
4910090
4910091
4910092
4910093
4910094
4910096
4910099
4910100
4910101
4910102
4910103
4910104
4910105
4910106
4910107
4910108
4910109
4910110
4910111
4910112
4910113
4910115
4910116
4910119
4910120
4910121
4910122
4910123
4910124
4910125
4910126
4910127
4910128
4910129
4910130
4910131
4910132
4910133
4910134
4910135
4910136
4910137
4910138
4910139
4910140
4910141
4910142
4910144
4910145
4910146
4910147
4910150
4910152
4910153
4910154
4910155
4910156
4910157
4910158
4910160
4910161
4910162
4910163
4910164
4910165
4910166
4910167
4910168
4910169
4910170
4910171
4910172
4910173
4910174
4910175
4910177
4910178
4910179
4910180
4910181
4910182
4910183
4910184
4910186
4910187
4910188
4910189
4910191
4910192
4910193
4910194
4910195
4910196
4910197
4910198
4910200
4910201
4910202
4910203
4910204
4910205
4910206
4910207
4910208
4910209
4910210
4910211
4910213
4910215
4910216
4910217
4910218
4910219
4910221
4910222
4910223
4910224
4910225
4910226
4910227
4910228
4910230
4910231
4910232
4910233
4910234
4910235
4910236
4910237
4910238
4910239
4910240
4910241
4910242
4910243
4910244
4910245
4910246
4910247
4910248
4910249
4910250
4910251
4910253
4910254
4910255
4910256
4910257
4910258
4910260
4910261
4910262
4910263
4910264
4910265
4910266
4910267
4910268
4910269
4910270
4910271
4910272
4910273
4910274
4910275
4910276
4910277
4910278
4910279
4910280
4910281
4910282
4910283
4910284
4910285
4910286
4910287
4910288
4910289
4910290
4910291
4910292
4910293
4910294
4910295
4910296
4910297
4910298
4910299
4910300
4910301
4910302
4910303
4910304
4910305
4910306
4910307
4910308
4910309
4910310
4910311
4910312
4910313
4910314
4910315
4910316
4910317
4910318
4910319
4910320
4910321
4910322
4910325
4910329
4910330
4910331
4910332
4910333
4910334
4910335
4910336
4910337
4910338
4910339
4910340
4910341
4910342
4910343
4910344
4910345
4910346
4910347
4910348
4910350
4910351
4910352
4910353
4910354
4910355
4910356
4910357
4910358
4910359
4910361
4910362
4910363
4910364
4910365
4910366
4910368
4910369
4910370
4910371
4910372
4910373
4910374
4910375
4910377
4910378
4910379
4910380
4910381
4910382
4910383
4910384
4910385
4910387
4910388
4910389
4910390
4910391
4910392
4910393
4910394
4910395
4910396
4910397
4910398
4910399
4910401
4910403
4910404
4910405
4910406
4910407
4910408
4910409
4910410
4910411
4910412
4910413
4910414
4910415
4910417
4910418
4910419
4910420
4910421
4910423
4910424
4910425
4910426
4910427
4910429
4910430
4910431
4910432
4910433
4910434
4910435
4910436
4910437
4910438
4910439
4910440
4910441
4910442
4910443
4910444
4910446
4910447
4910448
4910449
4910450
4910452
4910453
4910454
4910455
4910456
4910457
4910458
4910460
4910461
4910462
4910463
4910465
4910466
4910467
4910468
4910469
4910470
4910472
4910473
4910474
4910475
4910478
4910479
4910480
4910481
4910482
4910484
4910485
4910486
4910487
4910488
4910489
4910490
4910491
4910492
4910493
4910494
4910495
4910496
4910497
4910498
4910499
4910500
4910501
4910502
4910503
4910504
4910505
4910506
4910507
4910508
4910509
4910510
4910511
4910512
4910513
4910514
4910515
4910516
4910517
4910519
4910520
4910521
4910523
4910524
4910525
4910527
4910528
4910529
4910530
4910531
4910533
4910535
4910537
4910538
4910540
4910541
4910542
4910543
4910545
4910546
4910547
4910548
4910549
4910550
4910551
4910552
4910553
4910554
4910555
4910556
4910557
4910558
4910559
4910560
4910561
4910562
4910563
4910564
4910565
4910566
4910567
4910568
4910570
4910571
4910572
4910573
4910574
4910575
4910576
4910577
4910578
4910579
4910580
4910581
4910582
4910583
4910585
4910586
4910587
4910588
4910589
4910590
4910591
4910592
4910593
4910594
4910595
4910596
4910597
4910598
4910599
4910600
4910602
4910603
4910604
4910605
4910606
4910607
4910608
4910609
4910610
4910611
4910612
4910613
4910614
4910615
4910616
4910617
4910618
4910619
4910620
4910621
4910622
4910623
4910624
4910625
4910626
4910627
4910628
4910629
4910630
4910631
4910632
4910633
4910634
4910635
4910636
4910637
4910638
4910639
4910640
4910641
4910642
4910643
4910644
4910645
4910646
4910647
4910648
4910649
4910650
4910651
4910652
4910653
4910654
4910655
4910656
4910658
4910659
4910660
4910661
4910662
4910663
4910664
4910665
4910666
4910667
4910668
4910669
4910670
4910671
4910673
4910674
4910675
4910677
4910678
4910680
4910682
4910683
4910684
4910685
4910686
4910687
4910688
4910689
4910690
4910691
4910692
4910693
4910694
4910696
4910697
4910698
4910699
4910700
4910701
4910702
4910703
4910705
4910706
4910707
4910708
4910709
4910710
4910711
4910712
4910713
4910714
4910715
4910716
4910717
4910718
4910719
4910720
4910722
4910723
4910725
4910726
4910727
4910728
4910729
4910730
4910731
4910732
4910733
4910734
4910735
4910736
4910737
4910738
4910739
4910740
4910741
4910742
4910743
4910744
4910745
4910747
4910748
4910749
4910750
4910751
4910752
4910753
4910754
4910755
4910756
4910758
4910759
4910760
4910761
4910762
4910763
4910764
4910765
4910766
4910767
4910768
4910769
4910770
4910771
4910772
4910773
4910774
4910775
4910776
4910777
4910778
4910779
4910780
4910781
4910784
4910785
4910786
4910788
4910789
4910790
4910791
4910792
4910793
4910794
4910795
4910796
4910797
4910798
4910799
4910800
4910801
4910802
4910803
4910804
4910805
4910806
4910807
4910808
4910809
4910810
4910811
4910812
4910813
4910814
4910815
4910816
4910817
4910818
4910819
4910820
4910821
4910822
4910823
4910824
4910825
4910826
4910827
4910828
4910831
4910832
4910833
4910835
4910836
4910839
4910840
4910841
4910845
4910848
4910849
4910850
4910851
4910852
4910854
4910855
4910856
4910857
4910858
4910859
4910860
4910861
4910863
4910864
4910865
4910866
4910867
4910868
4910869
4910870
4910871
4910872
4910873
4910874
4910875
4910876
4910877
4910878
4910879
4910880
4910881
4910882
4910883
4910884
4910885
4910886
4910887
4910888
4910890
4910891
4910892
4910893
4910894
4910895
4910896
4910897
4910898
4910901
4910902
4910903
4910904
4910905
4910906
4910907
4910910
4910911
4910912
4910913
4910914
4910915
4910916
4910917
4910918
4910920
4910921
4910922
4910923
4910924
4910925
4910927
4910929
4910930
4910931
4910932
4910933
4910934
4910935
4910936
4910937
4910938
4910939
4910940
4910941
4910942
4910943
4910944
4910945
4910946
4910947
4910948
4910949
4910950
4910951
4910952
4910953
4910954
4910955
4910956
4910957
4910958
4910959
4910960
4910961
4910962
4910963
4910964
4910965
4910966
4910968
4910969
4910970
4910971
4910972
4910973
4910974
4910975
4910976
4910977
4910978
4910979
4910980
4910981
4910982
4910983
4910984
4910985
4910986
4910987
4910988
4910989
4910990
4910991
4910992
4910993
4910994
4910996
4910997
4910998
4910999
4911000
4911001
4911002
4911003
4911004
4911005
4911006
4911007
4911008
4911009
4911010
4911011
4911012
4911013
4911014
4911015
4911016
4911017
4911018
4911019
4911020
4911021
4911022
4911023
4911024
4911026
4911027
4911029
4911030
4911031
4911032
4911033
4911034
4911035
4911036
4911037
4911038
4911039
4911040
4911041
4911042
4911043
4911045
4911046
4911047
4911048
4911051
4911052
4911053
4911054
4911055
4911056
4911057
4911058
4911060
4911061
4911062
4911064
4911065
4911066
4911067
4911068
4911069
4911070
4911071
4911072
4911073
4911074
4911075
4911076
4911078
4911079
4911080
4911082
4911083
4911084
4911086
4911087
4911088
4911090
4911092
4911093
4911094
4911095
4911096
4911097
4911098
4911099
4911100
4911101
4911103
4911104
4911105
4911106
4911107
4911108
4911109
4911110
4911111
4911112
4911113
4911114
4911115
4911116
4911118
4911119
4911120
4911122
4911123
4911124
4911125
4911126
4911127
4911128
4911129
4911131
4911132
4911134
4911135
4911137
4911139
4911140
4911141
4911142
4911144
4911145
4911146
4911147
4911148
4911149
4911150
4911152
4911153
4911154
4911156
4911157
4911158
4911159
4911160
4911161
4911162
4911163
4911164
4911165
4911166
4911168
4911169
4911170
4911171
4911172
4911174
4911175
4911176
4911177
4911178
4911179
4911180
4911181
4911182
4911183
4911184
4911186
4911187
4911189
4911190
4911192
4911193
4911194
4911195
4911196
4911198
4911199
4911200
4911201
4911202
4911203
4911204
4911205
4911206
4911207
4911208
4911209
4911210
4911211
4911213
4911214
4911215
4911216
4911217
4911218
4911219
4911220
4911221
4911222
4911223
4911224
4911225
4911226
4911227
4911228
4911229
4911230
4911231
4911232
4911233
4911234
4911237
4911238
4911239
4911240
4911241
4911242
4911243
4911244
4911246
4911247
4911248
4911249
4911250
4911251
4911252
4911254
4911255
4911256
4911257
4911258
4911260
4911261
4911262
4911263
4911265
4911266
4911267
4911268
4911269
4911270
4911271
4911272
4911273
4911274
4911275
4911276
4911277
4911278
4911280
4911281
4911282
4911283
4911285
4911286
4911287
4911288
4911289
4911290
4911291
4911292
4911293
4911294
4911295
4911296
4911297
4911299
4911300
4911301
4911302
4911303
4911304
4911305
4911306
4911307
4911308
4911309
4911310
4911311
4911312
4911313
4911314
4911315
4911316
4911317
4911319
4911320
4911321
4911322
4911326
4911328
4911332
4911333
4911334
4911335
4911336
4911337
4911338
4911339
4911341
4911342
4911343
4911345
4911346
4911347
4911349
4911350
4911351
4911353
4911354
4911355
4911356
4911357
4911358
4911359
4911360
4911361
4911362
4911363
4911364
4911366
4911368
4911369
4911370
4911371
4911372
4911373
4911374
4911375
4911376
4911377
4911379
4911380
4911381
4911382
4911383
4911384
4911385
4911386
4911388
4911389
4911390
4911391
4911392
4911393
4911394
4911395
4911396
4911397
4911398
4911399
4911400
4911402
4911403
4911404
4911405
4911406
4911407
4911408
4911409
4911410
4911411
4911412
4911413
4911414
4911415
4911416
4911417
4911418
4911419
4911420
4911421
4911422
4911423
4911424
4911425
4911426
4911427
4911428
4911429
4911430
4911431
4911433
4911434
4911435
4911436
4911437
4911438
4911439
4911440
4911441
4911442
4911443
4911444
4911445
4911446
4911447
4911449
4911450
4911451
4911452
4911453
4911454
4911455
4911456
4911457
4911459
4911460
4911461
4911462
4911463
4911464
4911465
4911466
4911467
4911468
4911469
4911470
4911472
4911473
4911474
4911476
4911477
4911478
4911480
4911481
4911483
4911484
4911485
4911487
4911488
4911489
4911491
4911492
4911493
4911494
4911496
4911497
4911498
4911499
4911500
4911501
4911503
4911504
4911505
4911506
4911507
4911508
4911509
4911510
4911511
4911512
4911513
4911515
4911517
4911518
4911519
4911520
4911521
4911522
4911523
4911524
4911525
4911526
4911528
4911529
4911530
4911531
4911532
4911533
4911534
4911535
4911536
4911537
4911538
4911539
4911540
4911542
4911543
4911544
4911545
4911546
4911547
4911548
4911549
4911550
4911551
4911552
4911553
4911554
4911555
4911556
4911557
4911558
4911559
4911560
4911561
4911563
4911564
4911565
4911566
4911567
4911568
4911569
4911570
4911571
4911572
4911573
4911574
4911575
4911576
4911577
4911578
4911579
4911580
4911581
4911582
4911583
4911584
4911585
4911586
4911587
4911588
4911589
4911591
4911593
4911594
4911595
4911596
4911597
4911599
4911601
4911602
4911603
4911604
4911605
4911606
4911607
4911608
4911609
4911610
4911611
4911612
4911613
4911614
4911615
4911616
4911617
4911618
4911619
4911620
4911621
4911622
4911623
4911624
4911625
4911626
4911627
4911628
4911629
4911630
4911631
4911632
4911633
4911634
4911635
4911636
4911637
4911638
4911639
4911640
4911641
4911642
4911643
4911644
4911645
4911646
4911647
4911648
4911649
4911650
4911651
4911652
4911653
4911654
4911655
4911656
4911657
4911658
4911659
4911660
4911661
4911662
4911663
4911664
4911665
4911666
4911667
4911668
4911669
4911670
4911671
4911672
4911673
4911674
4911675
4911676
4911677
4911678
4911679
4911680
4911681
4911682
4911683
4911684
4911685
4911686
4911687
4911688
4911689
4911690
4911691
4911692
4911693
4911695
4911696
4911697
4911698
4911699
4911700
4911701
4911702
4911703
4911704
4911705
4911706
4911707
4911708
4911709
4911710
4911711
4911712