4999223
4999224
4999225
4999226
4999227
4999228
4999229
4999230
4999232
4999234
4999235
4999236
4999237
4999238
4999239
4999240
4999242
4999243
4999244
4999245
4999246
4999247
4999248
4999249
4999250
4999251
4999252
4999253
4999254
4999255
4999256
4999257
4999258
4999259
4999260
4999261
4999262
4999263
4999264
4999265
4999266
4999267
4999268
4999269
4999270
4999271
4999272
4999273
4999274
4999275
4999276
4999277
4999278
4999279
4999280
4999281
4999282
4999284
4999285
4999286
4999287
4999288
4999289
4999290
4999291
4999292
4999293
4999294
4999295
4999296
4999297
4999298
4999299
4999300
4999301
4999302
4999303
4999304
4999305
4999306
4999307
4999308
4999309
4999310
4999311
4999312
4999313
4999314
4999315
4999317
4999318
4999319
4999320
4999321
4999322
4999323
4999324
4999325
4999326
4999327
4999328
4999329
4999330
4999331
4999333
4999334
4999335
4999337
4999338
4999339
4999340
4999341
4999342
4999343
4999344
4999345
4999346
4999347
4999349
4999350
4999351
4999352
4999353
4999354
4999355
4999356
4999357
4999358
4999359
4999360
4999361
4999362
4999363
4999364
4999365
4999366
4999367
4999368
4999369
4999370
4999371
4999372
4999373
4999374
4999375
4999376
4999377
4999379
4999380
4999381
4999382
4999383
4999384
4999385
4999386
4999387
4999388
4999389
4999390
4999391
4999392
4999393
4999394
4999395
4999396
4999397
4999398
4999399
4999400
4999401
4999402
4999403
4999404
4999405
4999406
4999408
4999409
4999410
4999411
4999412
4999413
4999414
4999415
4999416
4999417
4999418
4999420
4999421
4999422
4999423
4999424
4999425
4999426
4999427
4999428
4999429
4999430
4999431
4999432
4999433
4999434
4999435
4999437
4999438
4999439
4999441
4999443
4999444
4999445
4999446
4999447
4999448
4999449
4999450
4999451
4999452
4999453
4999454
4999455
4999456
4999457
4999458
4999460
4999461
4999462
4999463
4999464
4999465
4999468
4999469
4999470
4999471
4999472
4999473
4999474
4999475
4999476
4999477
4999478
4999479
4999480
4999481
4999482
4999483
4999485
4999486
4999487
4999489
4999490
4999491
4999492
4999493
4999494
4999495
4999496
4999497
4999498
4999499
4999500
4999501
4999502
4999503
4999504
4999505
4999506
4999507
4999508
4999509
4999510
4999511
4999512
4999513
4999514
4999515
4999516
4999517
4999518
4999519
4999521
4999522
4999523
4999524
4999526
4999527
4999528
4999529
4999530
4999531
4999533
4999534
4999535
4999536
4999537
4999538
4999539
4999540
4999541
4999542
4999543
4999544
4999545
4999546
4999547
4999548
4999549
4999550
4999551
4999552
4999553
4999554
4999555
4999556
4999557
4999559
4999560
4999561
4999562
4999563
4999564
4999565
4999566
4999567
4999568
4999569
4999570
4999571
4999574
4999575
4999576
4999578
4999579
4999580
4999581
4999582
4999584
4999585
4999586
4999587
4999588
4999589
4999590
4999591
4999592
4999593
4999595
4999597
4999598
4999599
4999600
4999601
4999602
4999603
4999604
4999606
4999608
4999609
4999613
4999614
4999615
4999616
4999617
4999618
4999619
4999620
4999621
4999623
4999624
4999625
4999626
4999627
4999629
4999630
4999631
4999632
4999633
4999634
4999635
4999636
4999637
4999639
4999640
4999641
4999642
4999643
4999644
4999645
4999646
4999647
4999648
4999649
4999651
4999652
4999653
4999654
4999655
4999656
4999657
4999658
4999659
4999660
4999661
4999662
4999663
4999664
4999665
4999666
4999667
4999668
4999669
4999670
4999671
4999672
4999673
4999674
4999675
4999676
4999677
4999678
4999679
4999680
4999681
4999682
4999683
4999684
4999685
4999686
4999687
4999688
4999689
4999690
4999691
4999692
4999693
4999694
4999695
4999696
4999697
4999698
4999699
4999701
4999702
4999703
4999704
4999705
4999706
4999707
4999708
4999709
4999711
4999712
4999713
4999714
4999715
4999716
4999717
4999718
4999719
4999720
4999721
4999722
4999723
4999724
4999725
4999726
4999727
4999728
4999729
4999730
4999731
4999732
4999733
4999773
4999840
4999844
4999858
4999859
4999868
4999872
4999875
4999876
4999896
4999948
4999949
4999955
4999956
4999958
4999960
4999968
4999982
4999986
4999987
4999993
4999994
4999995
4999997
5000008
5000019
5000020
5000021
5000032
5000045
5000046
5000050
5000057
5000074
5000075
5000078
5000080
5000087
5000089
5000093
5000120
5000121
5000122
5000127
5000128
5000129
5000130
5000131
5000132
5000133
5000135
5000138
5000139
5000140
5000141
5000142
5000143
5000144
5000145
5000146
5000147
5000149
5000151
5000152
5000153
5000154
5000155
5000156
5000157
5000158
5000159
5000160
5000161
5000162
5000163
5000213
5000217
5000234
5000235
5000236
5000238
5000250
5000252
5000259
5000260
5000265
5000275
5000277
5000279
5000281
5000282
5000283
5000285
5000286
5000287
5000288
5000289
5000290
5000292
5000293
5000295
5000296
5000298
5000300
5000301
5000302
5000303
5000304
5000305
5000306
5000307
5000308
5000309
5000310
5000311
5000312
5000313
5000314
5000315
5000316
5000317
5000318
5000319
5000320
5000321
5000322
5000323
5000324
5000325
5000326
5000327
5000328
5000329
5000331
5000332
5000333
5000334
5000335
5000336
5000337
5000338
5000339
5000340
5000341
5000342
5000343
5000344
5000345
5000346
5000347
5000348
5000349
5000350
5000351
5000352
5000353
5000354
5000355
5000356
5000357
5000358
5000359
5000360
5000361
5000362
5000363
5000364
5000365
5000366
5000367
5000368
5000369
5000370
5000371
5000372
5000374
5000375
5000376
5000377
5000378
5000379
5000380
5000381
5000382
5000383
5000384
5000385
5000386
5000387
5000388
5000389
5000390
5000391
5000392
5000393
5000394
5000395
5000396
5000397
5000398
5000399
5000400
5000401
5000402
5000403
5000404
5000405
5000406
5000407
5000408
5000409
5000410
5000411
5000412
5000413
5000414
5000415
5000416
5000418
5000419
5000420
5000421
5000422
5000423
5000424
5000425
5000426
5000427
5000428
5000429
5000430
5000431
5000432
5000433
5000434
5000435
5000436
5000437
5000438
5000439
5000440
5000441
5000442
5000443
5000444
5000445
5000447
5000448
5000449
5000450
5000451
5000452
5000453
5000454
5000455
5000456
5000457
5000458
5000459
5000460
5000461
5000462
5000463
5000464
5000466
5000467
5000468
5000469
5000470
5000471
5000472
5000473
5000474
5000475
5000476
5000477
5000479
5000480
5000481
5000482
5000483
5000485
5000486
5000487
5000488
5000489
5000490
5000491
5000492
5000493
5000494
5000495
5000496
5000498
5000499
5000500
5000501
5000502
5000503
5000505
5000507
5000508
5000509
5000510
5000511
5000512
5000513
5000514
5000516
5000517
5000518
5000520
5000522
5000523
5000524
5000525
5000526
5000527
5000528
5000529
5000530
5000531
5000532
5000533
5000534
5000535
5000536
5000537
5000538
5000539
5000540
5000541
5000542
5000543
5000544
5000545
5000546
5000547
5000548
5000549
5000550
5000551
5000552
5000553
5000555
5000556
5000557
5000558
5000559
5000561
5000562
5000563
5000564
5000565
5000566
5000567
5000569
5000571
5000573
5000574
5000576
5000577
5000578
5000579
5000580
5000581
5000582
5000583
5000584
5000585
5000586
5000587
5000588
5000589
5000591
5000592
5000593
5000594
5000595
5000596
5000597
5000598
5000599
5000600
5000601
5000602
5000603
5000604
5000605
5000606
5000607
5000608
5000609
5000610
5000611
5000612
5000613
5000614
5000616
5000617
5000618
5000619
5000620
5000621
5000622
5000623
5000624
5000625
5000626
5000627
5000628
5000629
5000630
5000631
5000632
5000634
5000635
5000636
5000637
5000638
5000639
5000640
5000642
5000643
5000644
5000645
5000646
5000647
5000648
5000649
5000650
5000651
5000652
5000653
5000654
5000656
5000657
5000658
5000659
5000660
5000661
5000662
5000663
5000664
5000665
5000666
5000667
5000668
5000669
5000670
5000671
5000672
5000673
5000675
5000676
5000677
5000678
5000679
5000680
5000681
5000682
5000683
5000684
5000685
5000686
5000687
5000688
5000689
5000690
5000691
5000692
5000693
5000694
5000695
5000696
5000697
5000698
5000700
5000701
5000703
5000705
5000706
5000707
5000708
5000709
5000702
5000704
5000711
5000712
5000713
5000714
5000715
5000716
5000717
5000718
5000719
5000720
5000721
5000722
5000723
5000725
5000726
5000727
5000728
5000729
5000732
5000733
5000734
5000735
5000736
5000737
5000738
5000739
5000740
5000741
5000742
5000743
5000744
5000745
5000746
5000747
5000748
5000749
5000750
5000751
5000752
5000753
5000754
5000755
5000756
5000757
5000758
5000759
5000760
5000761
5000763
5000764
5000765
5000767
5000768
5000769
5000770
5000771
5000772
5000773
5000774
5000775
5000776
5000777
5000778
5000780
5000781
5000782
5000783
5000784
5000785
5000786
5000787
5000788
5000790
5000791
5000792
5000793
5000794
5000795
5000796
5000797
5000798
5000799
5000800
5000801
5000802
5000803
5000804
5000805
5000806
5000807
5000808
5000809
5000810
5000811
5000812
5000813
5000816
5000817
5000818
5000819
5000820
5000822
5000823
5000824
5000825
5000826
5000827
5000828
5000829
5000830
5000831
5000832
5000833
5000834
5000835
5000836
5000837
5000838
5000839
5000840
5000841
5000842
5000843
5000844
5000845
5000846
5000847
5000848
5000849
5000851
5000852
5000853
5000854
5000855
5000856
5000857
5000858
5000859
5000860
5000861
5000862
5000863
5000864
5000865
5000866
5000867
5000868
5000869
5000870
5000871
5000873
5000874
5000875
5000877
5000878
5000879
5000880
5000881
5000882
5000883
5000885
5000886
5000887
5000888
5000889
5000890
5000891
5000892
5000893
5000894
5000895
5000896
5000897
5000898
5000899
5000900
5000901
5000902
5000903
5000904
5000905
5000906
5000907
5000908
5000909
5000910
5000911
5000912
5000913
5000914
5000915
5000917
5000918
5000919
5000921
5000922
5000923
5000925
5000926
5000927
5000928
5000929
5000930
5000931
5000932
5000933
5000934
5000935
5000936
5000937
5000938
5000939
5000940
5000941
5000942
5000943
5000944
5000945
5000946
5000947
5000948
5000949
5000950
5000951
5000952
5000953
5000954
5000955
5000956
5000957
5000958
5000959
5000960
5000961
5000962
5000964
5000965
5000966
5000967
5000968
5000969
5000971
5000972
5000973
5000974
5000975
5000976
5000977
5000979
5000980
5000981
5000982
5000983
5000984
5000985
5000986
5000987
5000988
5000989
5000990
5000991
5000992
5000993
5000994
5000995
5000996
5000998
5000999
5001000
5001001
5001002
5001003
5001004
5001005
5001006
5001007
5001008
5001009
5001010
5001011
5001012
5001014
5001015
5001016
5001017
5001018
5001019
5001020
5001021
5001022
5001023
5001024
5001025
5001026
5001027
5001028
5001029
5001030
5001031
5001032
5001033
5001034
5001035
5001036
5001037
5001038
5001039
5001040
5001041
5001042
5001043
5001044
5001045
5001046
5001047
5001048
5001049
5001050
5001051
5001052
5001053
5001054
5001055
5001056
5001057
5001058
5001059
5001061
5001062
5001064
5001065
5001066
5001067
5001068
5001069
5001070
5001071
5001072
5001073
5001074
5001076
5001077
5001078
5001080
5001081
5001082
5001083
5001085
5001086
5001087
5001088
5001089
5001090
5001091
5001092
5001093
5001094
5001095
5001096
5001097
5001098
5001099
5001100
5001101
5001102
5001103
5001104
5001105
5001106
5001107
5001108
5001110
5001111
5001112
5001113
5001114
5001115
5001116
5001117
5001118
5001119
5001122
5001123
5001124
5001125
5001126
5001127
5001129
5001130
5001131
5001132
5001133
5001135
5001136
5001137
5001138
5001139
5001140
5001141
5001142
5001143
5001145
5001146
5001147
5001148
5001149
5001151
5001152
5001153
5001154
5001155
5001156
5001157
5001158
5001159
5001160
5001161
5001162
5001163
5001164
5001165
5001166
5001167
5001169
5001170
5001171
5001172
5001173
5001174
5001175
5001176
5001177
5001178
5001179
5001180
5001181
5001182
5001183
5001184
5001185
5001186
5001187
5001188
5001189
5001191
5001192
5001193
5001194
5001195
5001196
5001197
5001198
5001199
5001200
5001201
5001202
5001203
5001204
5001205
5001206
5001207
5001208
5001209
5001210
5001211
5001212
5001213
5001214
5001215
5001216
5001217
5001218
5001219
5001220
5001221
5001222
5001223
5001224
5001225
5001226
5001227
5001228
5001229
5001230
5001231
5001232
5001233
5001234
5001235
5001236
5001237
5001238
5001239
5001240
5001241
5001242
5001243
5001244
5001245
5001246
5001247
5001248
5001251
5001252
5001253
5001254
5001255
5001256
5001257
5001258
5001259
5001260
5001261
5001262
5001263
5001265
5001266
5001267
5001268
5001269
5001270
5001271
5001272
5001273
5001274
5001275
5001276
5001277
5001279
5001282
5001284
5001285
5001286
5001287
5001288
5001289
5001290
5001292
5001293
5001294
5001295
5001296
5001297
5001298
5001299
5001300
5001301
5001302
5001303
5001304
5001305
5001306
5001308
5001309
5001310
5001311
5001312
5001313
5001314
5001315
5001316
5001317
5001318
5001319
5001320
5001321
5001322
5001323
5001324
5001325
5001326
5001327
5001328
5001329
5001330
5001331
5001332
5001333
5001334
5001335
5001336
5001337
5001339
5001340
5001341
5001342
5001343
5001344
5001345
5001346
5001347
5001349
5001350
5001351
5001353
5001354
5001355
5001356
4999734
4999735
4999737
4999738
4999739
4999740
4999741
4999742
4999743
4999744
4999745
4999746
4999747
4999748
4999749
4999750
4999751
4999752
4999753
4999754
4999755
4999756
4999757
4999758
4999759
4999760
4999761
4999762
4999763
4999764
4999765
4999766
4999767
4999768
4999769
4999772
4999774
4999775
4999776
4999777
4999778
4999779
4999780
4999781
4999782
4999783
4999784
4999785
4999786
4999787
4999788
4999789
4999790
4999791
4999792
4999794
4999796
4999797
4999798
4999800
4999801
4999802
4999803
4999804
4999805
4999806
4999807
4999808
4999809
4999812
4999813
4999814
4999815
4999816
4999817
4999818
4999819
4999821
4999822
4999823
4999824
4999825
4999826
4999827
4999828
4999829
4999830
4999831
4999832
4999833
4999834
4999836
4999837
4999839
4999843
4999845
4999846
4999847
4999848
4999849
4999850
4999851
4999852
4999853
4999854
4999855
4999856
4999857
4999860
4999861
4999862
4999863
4999864
4999865
4999866
4999867
4999869
4999870
4999871
4999873
4999874
4999877
4999878
4999879
4999880
4999881
4999882
4999883
4999884
4999885
4999887
4999888
4999889
4999890
4999892
4999893
4999894
4999895
4999897
4999898
4999899
4999900
4999901
4999902
4999903
4999904
4999905
4999906
4999907
4999908
4999909
4999910
4999911
4999913
4999914
4999915
4999916
4999917
4999918
4999919
4999920
4999921
4999922
4999923
4999924
4999925
4999926
4999927
4999928
4999931
4999932
4999933
4999934
4999935
4999936
4999937
4999938
4999939
4999940
4999941
4999942
4999943
4999944
4999945
4999946
4999950
4999952
4999953
4999954
4999957
4999959
4999961
4999962
4999963
4999964
4999965
4999966
4999967
4999969
4999971
4999972
4999973
4999974
4999975
4999976
4999977
4999978
4999979
4999980
4999981
4999983
4999984
4999985
4999988
4999989
4999990
4999991
4999992
4999998
4999999
5000000
5000001
5000002
5000003
5000004
5000005
5000006
5000007
5000009
5000010
5000011
5000012
5000013
5000014
5000015
5000016
5000017
5000018
5000023
5000024
5000025
5000026
5000027
5000028
5000029
5000030
5000031
5000033
5000034
5000035
5000036
5000037
5000038
5000039
5000041
5000042
5000043
5000044
5000047
5000048
5000049
5000051
5000052
5000053
5000054
5000055
5000056
5000058
5000059
5000060
5000061
5000062
5000063
5000064
5000065
5000066
5000067
5000068
5000069
5000070
5000071
5000073
5000076
5000077
5000079
5000081
5000082
5000083
5000084
5000085
5000086
5000088
5000090
5000091
5000092
5000094
5000095
5000096
5000097
5000098
5000099
5000100
5000101
5000102
5000103
5000105
5000106
5000107
5000108
5000109
5000110
5000111
5000112
5000113
5000114
5000115
5000116
5000117
5000119
5000123
5000124
5000125
5000126
5000134
5000136
5000150
5000164
5000165
5000167
5000168
5000169
5000170
5000171
5000172
5000173
5000175
5000176
5000177
5000178
5000179
5000180
5000181
5000182
5000183
5000185
5000186
5000187
5000188
5000189
5000190
5000191
5000192
5000193
5000194
5000195
5000196
5000197
5000198
5000199
5000200
5000201
5000202
5000203
5000204
5000205
5000206
5000207
5000208
5000209
5000210
5000211
5000214
5000215
5000218
5000219
5000220
5000222
5000223
5000224
5000225
5000227
5000228
5000229
5000230
5000231
5000232
5000233
5000239
5000240
5000241
5000242
5000243
5000244
5000245
5000246
5000247
5000253
5000256
5000258
5000261
5000262
5000263
5000264
5000267
5000268
5000270
5000271
5000272
5000273
5000274
5000699
5000730
5000731