5175145
5175146
5175147
5175148
5175149
5175150
5175151
5175152
5175153
5175154
5175155
5175156
5175157
5175158
5175159
5175160
5175161
5175162
5175163
5175164
5175165
5175166
5175167
5175168
5175169
5175170
5175171
5175172
5175173
5175175
5175176
5175177
5175178
5175179
5175180
5175182
5175183
5175184
5175185
5175186
5175187
5175188
5175189
5175190
5175191
5175192
5175193
5175194
5175195
5175196
5175197
5175198
5175199
5175200
5175201
5175202
5175203
5175204
5175205
5175206
5175207
5175208
5175209
5175210
5175211
5175212
5175213
5175214
5175215
5175217
5175218
5175219
5175220
5175221
5175222
5175223
5175224
5175225
5175226
5175227
5175228
5175229
5175230
5175231
5175232
5175233
5175234
5175235
5175236
5175237
5175238
5175239
5175240
5175241
5175242
5175244
5175245
5175246
5175247
5175248
5175249
5175251
5175252
5175253
5175254
5175255
5175256
5175257
5175258
5175259
5175260
5175261
5175262
5175263
5175264
5175265
5175266
5175267
5175268
5175269
5175270
5175271
5175272
5175273
5175274
5175275
5175276
5175277
5175278
5175279
5175280
5175281
5175282
5175283
5175284
5175286
5175287
5175288
5175290
5175291
5175292
5175293
5175295
5175296
5175297
5175298
5175299
5175300
5175301
5175302
5175303
5175304
5175305
5175307
5175308
5175309
5175311
5175312
5175313
5175314
5175315
5175316
5175317
5175318
5175319
5175320
5175321
5175322
5175323
5175324
5175325
5175326
5175327
5175328
5175330
5175331
5175332
5175333
5175334
5175335
5175336
5175338
5175339
5175341
5175342
5175343
5175344
5175345
5175347
5175348
5175349
5175350
5175351
5175352
5175353
5175354
5175355
5175356
5175357
5175358
5175359
5175360
5175361
5175362
5175363
5175364
5175365
5175367
5175368
5175369
5175370
5175371
5175372
5175373
5175374
5175375
5175376
5175377
5175378
5175379
5175380
5175381
5175382
5175383
5175384
5175385
5175386
5175387
5175388
5175389
5175390
5175391
5175392
5175395
5175396
5175397
5175398
5175399
5175400
5175401
5175402
5175403
5175404
5175405
5175406
5175407
5175408
5175410
5175411
5175412
5175413
5175414
5175415
5175416
5175417
5175418
5175419
5175420
5175421
5175422
5175424
5175425
5175426
5175427
5175428
5175429
5175430
5175431
5175432
5175433
5175434
5175435
5175436
5175437
5175438
5175439
5175440
5175441
5175442
5175443
5175444
5175445
5175446
5175447
5175448
5175449
5175450
5175451
5175452
5175453
5175454
5175455
5175457
5175458
5175459
5175460
5175461
5175462
5175463
5175464
5175465
5175466
5175467
5175468
5175469
5175470
5175471
5175472
5175473
5175474
5175475
5175476
5175479
5175480
5175481
5175482
5175483
5175484
5175485
5175486
5175487
5175488
5175489
5175490
5175491
5175492
5175493
5175494
5175495
5175496
5175497
5175498
5175499
5175500
5175501
5175502
5175503
5175504
5175505
5175507
5175508
5175509
5175510
5175511
5175512
5175513
5175515
5175516
5175517
5175518
5175519
5175520
5175521
5175522
5175523
5175524
5175525
5175526
5175527
5175528
5175529
5175530
5175531
5175532
5175533
5175534
5175535
5175536
5175537
5175538
5175539
5175540
5175541
5175542
5175543
5175545
5175546
5175547
5175548
5175549
5175550
5175552
5175553
5175554
5175555
5175556
5175557
5175558
5175559
5175560
5175561
5175562
5175563
5175564
5175565
5175566
5175567
5175568
5175569
5175570
5175571
5175572
5175573
5175574
5175575
5175576
5175577
5175578
5175579
5175580
5175581
5175582
5175583
5175584
5175585
5175586
5175587
5175588
5175589
5175590
5175591
5175592
5175593
5175594
5175595
5175597
5175598
5175599
5175600
5175601
5175602
5175603
5175604
5175605
5175606
5175607
5175610
5175611
5175612
5175613
5175614
5175615
5175616
5175617
5175618
5175619
5175620
5175621
5175622
5175623
5175624
5175625
5175626
5175627
5175628
5175629
5175630
5175631
5175632
5175633
5175634
5175635
5175636
5175637
5175638
5175639
5175640
5175641
5175642
5175643
5175644
5175645
5175646
5175647
5175649
5175650
5175651
5175652
5175654
5175655
5175656
5175657
5175658
5175659
5175660
5175661
5175662
5175663
5175664
5175665
5175666
5175667
5175668
5175669
5175670
5175671
5175673
5175674
5175675
5175676
5175677
5175678
5175679
5175680
5175683
5175684
5175685
5175686
5175687
5175688
5175690
5175691
5175692
5175693
5175694
5175695
5175696
5175697
5175698
5175699
5175700
5175701
5175702
5175703
5175704
5175705
5175707
5175708
5175709
5175710
5175711
5175712
5175714
5175715
5175716
5175717
5175718
5175719
5175720
5175721
5175722
5175723
5175724
5175725
5175727
5175728
5175729
5175730
5175731
5175732
5175733
5175734
5175735
5175736
5175737
5175738
5175739
5175740
5175741
5175742
5175743
5175744
5175745
5175746
5175747
5175748
5175749
5175750
5175751
5175752
5175753
5175754
5175755
5175757
5175760
5175761
5175762
5175763
5175764
5175765
5175766
5175767
5175768
5175769
5175770
5175771
5175772
5175773
5175774
5175775
5175776
5175777
5175778
5175779
5175780
5175782
5175783
5175784
5175785
5175786
5175787
5175788
5175789
5175790
5175791
5175792
5175793
5175794
5175795
5175796
5175797
5175798
5175799
5175801
5175802
5175803
5175804
5175805
5175806
5175807
5175808
5175809
5175810
5175811
5175812
5175813
5175814
5175815
5175816
5175817
5175818
5175819
5175820
5175821
5175822
5175823
5175824
5175825
5175826
5175827
5175828
5175829
5175830
5175831
5175832
5175833
5175834
5175835
5175836
5175837
5175838
5175839
5175840
5175841
5175842
5175843
5175844
5175846
5175847
5175848
5175849
5175850
5175851
5175852
5175854
5175855
5175856
5175857
5175858
5175859
5175860
5175862
5175863
5175864
5175865
5175866
5175867
5175868
5175869
5175870
5175871
5175872
5175873
5175874
5175875
5175876
5175877
5175878
5175879
5175880
5175881
5175882
5175883
5175884
5175885
5175886
5175887
5175888
5175889
5175891
5175892
5175893
5175895
5175896
5175897
5175898
5175899
5175900
5175902
5175903
5175904
5175905
5175907
5175908
5175909
5175910
5175911
5175913
5175914
5175915
5175916
5175917
5175919
5175921
5175922
5175923
5175924
5175925
5175926
5175927
5175928
5175929
5175930
5175931
5175932
5175933
5175934
5175935
5175936
5175938
5175939
5175940
5175941
5175942
5175943
5175945
5175946
5175947
5175948
5175949
5175950
5175951
5175953
5175955
5175956
5175957
5175958
5175959
5175960
5175961
5175962
5175963
5175964
5175965
5175967
5175968
5175969
5175970
5175971
5175972
5175973
5175974
5175975
5175976
5175977
5175978
5175979
5175980
5175981
5175982
5175983
5175984
5175985
5175986
5175987
5175988
5175989
5175990
5175991
5175992
5175993
5175994
5175995
5175996
5175998
5175999
5176001
5176002
5176003
5176004
5176005
5176006
5176007
5176008
5176009
5176011
5176012
5176013
5176014
5176015
5176016
5176017
5176018
5176019
5176020
5176023
5176024
5176025
5176026
5176027
5176028
5176029
5176030
5176031
5176032
5176033
5176034
5176035
5176036
5176037
5176038
5176039
5176040
5176041
5176042
5176044
5176046
5176047
5176048
5176049
5176050
5176051
5176053
5176054
5176055
5176056
5176057
5176058
5176059
5176060
5176061
5176062
5176064
5176065
5176066
5176068
5176069
5176070
5176071
5176072
5176073
5176074
5176075
5176076
5176077
5176078
5176079
5176080
5176081
5176082
5176083
5176084
5176085
5176086
5176088
5176089
5176090
5176092
5176093
5176094
5176095
5176096
5176097
5176098
5176099
5176100
5176102
5176103
5176104
5176105
5176106
5176107
5176108
5176109
5176110
5176111
5176112
5176113
5176114
5176115
5176117
5176118
5176119
5176120
5176121
5176123
5176124
5176125
5176126
5176127
5176128
5176129
5176130
5176131
5176132
5176133
5176134
5176136
5176138
5176139
5176141
5176142
5176143
5176144
5176145
5176147
5176148
5176150
5176151
5176152
5176153
5176154
5176155
5176156
5176157
5176158
5176159
5176160
5176162
5176163
5176164
5176166
5176167
5176168
5176169
5176170
5176171
5176172
5176173
5176175
5176176
5176177
5176178
5176179
5176180
5176181
5176182
5176183
5176184
5176185
5176186
5176187
5176188
5176189
5176190
5176191
5176193
5176194
5176195
5176196
5176197
5176198
5176199
5176200
5176201
5176203
5176204
5176205
5176206
5176207
5176208
5176209
5176210
5176211
5176213
5176214
5176216
5176217
5176218
5176219
5176220
5176221
5176222
5176223
5176224
5176225
5176226
5176227
5176229
5176230
5176231
5176232
5176233
5176234
5176235
5176236
5176239
5176241
5176242
5176243
5176244
5176245
5176246
5176247
5176248
5176249
5176250
5176251
5176252
5176253
5176254
5176255
5176256
5176257
5176258
5176259
5176260
5176261
5176262
5176263
5176265
5176267
5176268
5176269
5176270
5176271
5176272
5176273
5176274
5176275
5176276
5176277
5176278
5176279
5176280
5176281
5176282
5176283
5176284
5176285
5176286
5176287
5176288
5176289
5176290
5176291
5176292
5176293
5176295
5176296
5176297
5176298
5176299
5176300
5176301
5176302
5176303
5176304
5176305
5176306
5176307
5176308
5176309
5176310
5176311
5176312
5176313
5176314
5176315
5176316
5176317
5176318
5176319
5176320
5176321
5176322
5176323
5176324
5176325
5176326
5176327
5176328
5176329
5176330
5176331
5176332
5176333
5176334
5176335
5176336
5176337
5176338
5176340
5176341
5176342
5176343
5176344
5176345
5176346
5176347
5176348
5176349
5176350
5176351
5176352
5176353
5176354
5176355
5176356
5176357
5176358
5176359
5176360
5176361
5176362
5176363
5176364
5176365
5176366
5176367
5176368
5176369
5176370
5176371
5176372
5176373
5176374
5176375
5176376
5176378
5176379
5176380
5176381
5176382
5176383
5176384
5176385
5176386
5176387
5176388
5176389
5176390
5176391
5176392
5176393
5176394
5176395
5176396
5176397
5176398
5176400
5176401
5176402
5176403
5176404
5176405
5176406
5176407
5176409
5176410
5176411
5176412
5176413
5176414
5176415
5176416
5176417
5176418
5176419
5176420
5176421
5176422
5176423
5176424
5176425
5176426
5176427
5176428
5176429
5176430
5176431
5176432
5176433
5176434
5176435
5176436
5176437
5176438
5176439
5176440
5176441
5176442
5176443
5176444
5176445
5176446
5176447
5176448
5176449
5176451
5176452
5176453
5176454
5176455
5176456
5176457
5176458
5176459
5176460
5176461
5176462
5176463
5176464
5176465
5176466
5176467
5176468
5176469
5176470
5176471
5176472
5176473
5176474
5176475
5176476
5176477
5176478
5176479
5176482
5176483
5176484
5176485
5176486
5176487
5176488
5176489
5176490
5176492
5176493
5176494
5176495
5176496
5176497
5176498
5176499
5176500
5176502
5176503
5176504
5176505
5176506
5176507
5176508
5176509
5176510
5176511
5176512
5176513
5176514
5176515
5176516
5176517
5176518
5176519
5176520
5176521
5176522
5176523
5176524
5176525
5176526
5176527
5176528
5176529
5176530
5176531
5176532
5176533
5176535
5176536
5176537
5176538
5176539
5176540
5176541
5176542
5176543
5176544
5176546
5176548
5176549
5176550
5176551
5176552
5176553
5176554
5176555
5176557
5176559
5176560
5176561
5176562
5176563
5176564
5176565
5176566
5176567
5176568
5176569
5176571
5176572
5176573
5176574
5176575
5176576
5176577
5176578
5176579
5176580
5176581
5176582
5176583
5176584
5176585
5176586
5176587
5176588
5176589
5176590
5176591
5176592
5176593
5176594
5176595
5176596
5176597
5176598
5176599
5176600
5176601
5176602
5176603
5176604
5176605
5176606
5176607
5176609
5176610
5176611
5176612
5176613
5176614
5176615
5176616
5176617
5176618
5176619
5176620
5176621
5176622
5176623
5176624
5176625
5176626
5176629
5176630
5176631
5176632
5176634
5176635
5176636
5176637
5176638
5176639
5176640
5176641
5176642
5176643
5176644
5176645
5176646
5176647
5176648
5176649
5176650
5176651
5176652
5176653
5176654
5176655
5176656
5176657
5176660
5176662
5176663
5176664
5176667
5176668
5176669
5176671
5176672
5176673
5176674
5176675
5176676
5176677
5176678
5176679
5176680
5176681
5176682
5176683
5176685
5176686
5176688
5176689
5176691
5176692
5176693
5176694
5176695
5176696
5176697
5176698
5176699
5176700
5176701
5176702
5176703
5176704
5176705
5176706
5176707
5176708
5176709
5176710
5176711