5328449
5328457
5328458
5328462
5328465
5328466
5328467
5328468
5328470
5328471
5328472
5328473
5328474
5328475
5328476
5328477
5328478
5328479
5328481
5328482
5328483
5328484
5328486
5328487
5328488
5328489
5328490
5328491
5328492
5328493
5328494
5328495
5328496
5328497
5328498
5328499
5328501
5328502
5328503
5328504
5328506
5328507
5328508
5328509
5328512
5328514
5328517
5328518
5328520
5328521
5328522
5328524
5328525
5328526
5328527
5328528
5328530
5328532
5328534
5328535
5328536
5328537
5328538
5328541
5328543
5328548
5328549
5328552
5328553
5328554
5328557
5328558
5328559
5328560
5328561
5328562
5328563
5328564
5328567
5328568
5328570
5328571
5328576
5328577
5328578
5328579
5328580
5328581
5328583
5328587
5328588
5328589
5328590
5328591
5328592
5328593
5328594
5328595
5328596
5328599
5328600
5328601
5328602
5328603
5328605
5328607
5328608
5328609
5328610
5328611
5328612
5328613
5328614
5328615
5328616
5328617
5328618
5328620
5328621
5328622
5328623
5328624
5328625
5328626
5328627
5328628
5328629
5328633
5328634
5328635
5328638
5328639
5328641
5328642
5328644
5328646
5328647
5328649
5328651
5328652
5328655
5328657
5328658
5328659
5328660
5328661
5328663
5328668
5328669
5328671
5328672
5328674
5328675
5328676
5328677
5328679
5328680
5328681
5328686
5328688
5328689
5328691
5328693
5328694
5328695
5328696
5328699
5328701
5328702
5328703
5328705
5328707
5328708
5328709
5328710
5328712
5328713
5328714
5328715
5328716
5328717
5328718
5328719
5328720
5328721
5328722
5328725
5328726
5328729
5328735
5328739
5328740
5328745
5328746
5328747
5328750
5328751
5328752
5328754
5328759
5328765
5328766
5328767
5328768
5328769
5328772
5328773
5328775
5328776
5328779
5328780
5328781
5328783
5328785
5328786
5328787
5328789
5328790
5328795
5328796
5328798
5328800
5328801
5328802
5328803
5328804
5328806
5328807
5328808
5328810
5328816
5328818
5328819
5328820
5328821
5328822
5328837
5329011
5329012
5329013
5329016
5329017
5329018
5329019
5329020
5329021
5329022
5329023
5329024
5329025
5329026
5329027
5329028
5329030
5329031
5329032
5329033
5329034
5329035
5329036
5329037
5329038
5329039
5329040
5329041
5329043
5329044
5329045
5329046
5329047
5329048
5329049
5329050
5329051
5329053
5329054
5329055
5329056
5329057
5329058
5329059
5329060
5329061
5329062
5329063
5329064
5329065
5329066
5329067
5329068
5329069
5329070
5329071
5329072
5329073
5329074
5329075
5329076
5329077
5329079
5329080
5329081
5329083
5329084
5329085
5329086
5329087
5329090
5329091
5329092
5329093
5329094
5329096
5329097
5329098
5329099
5329100
5329101
5329102
5329103
5329105
5329106
5329107
5329108
5329109
5329110
5329111
5329113
5329116
5329120
5329121
5329122
5329124
5329125
5329126
5329128
5329129
5329130
5329131
5329132
5329133
5329135
5329136
5329137
5329138
5329140
5329141
5329142
5329143
5329144
5329145
5329146
5329148
5329150
5329151
5329152
5329156
5329157
5329158
5329160
5329161
5329162
5329163
5329164
5329165
5329166
5329167
5329168
5329170
5329171
5329172
5329173
5329174
5329175
5329207
5329209
5329228
5329229
5329230
5329231
5329232
5329233
5329234
5329235
5329236
5329238
5329241
5329242
5329251
5329279
5329301
5329320
5329439
5329440
5329441
5329443
5329444
5329445
5330853
5330854
5328450
5328451
5328452
5328453
5328454
5328455
5328456
5328459
5328460
5328463
5328464
5328469
5328510
5328516
5328519
5328531
5328540
5328542
5328545
5328550
5328546
5328556
5328551
5328565
5328566
5328569
5328573
5328574
5328575
5328584
5328582
5328586
5328597
5328637
5328643
5328645
5328653
5328654
5328656
5328662
5328665
5328667
5328670
5328678
5328682
5328684
5328687
5328697
5328704
5328727
5328728
5328732
5328733
5328734
5328737
5328749
5328753
5328755
5328758
5328760
5328762
5328764
5328770
5328771
5328777
5328782
5328784
5328788
5328791
5328792
5328794
5328797
5328799
5328809
5328811
5328814
5328817
5328823
5328824
5328825
5328826
5328827
5328828
5328829
5328830
5328831
5328832
5328833
5328834
5328835
5328836
5328838
5328839
5328841
5328842
5328843
5328844
5328845
5328846
5328847
5328848
5328849
5328850
5328851
5328852
5328853
5328854
5328855
5328856
5328857
5328858
5328860
5328861
5328865
5328866
5328867
5328868
5328869
5328870
5328872
5328873
5328875
5328876
5328877
5328878
5328879
5328881
5328882
5328883
5328884
5328885
5328886
5328888
5328889
5328890
5328892
5328894
5328896
5328897
5328898
5328899
5328900
5328901
5328902
5328904
5328905
5328906
5328907
5328908
5328909
5328910
5328911
5328912
5328913
5328914
5328915
5328916
5328918
5328919
5328920
5328921
5328922
5328923
5328924
5328925
5328926
5328927
5328928
5328929
5328930
5328931
5328932
5328933
5328934
5328935
5328936
5328937
5328938
5328940
5328941
5328942
5328943
5328944
5328945
5328946
5328947
5328948
5328949
5328950
5328951
5328952
5328953
5328955
5328956
5328957
5328958
5328959
5328960
5328961
5328962
5328963
5328964
5328965
5328966
5328967
5328968
5328969
5328970
5328971
5328972
5328973
5328974
5328975
5328976
5328977
5328978
5328979
5328980
5328981
5328982
5328983
5328984
5328985
5328986
5328987
5328989
5328990
5328991
5328992
5328993
5328994
5328995
5328996
5328997
5328998
5328999
5329000
5329001
5329002
5329003
5329004
5329006
5329007
5329009
5329010
5329014
5329015
5329089
5329114
5329115
5329118
5329123
5329139
5329149
5329154
5329155
5329176
5329177
5329178
5329179
5329180
5329181
5329182
5329183
5329184
5329185
5329186
5329187
5329188
5329189
5329190
5329191
5329192
5329193
5329194
5329196
5329197
5329198
5329199
5329200
5329201
5329202
5329203
5329204
5329205
5329206
5329208
5329210
5329211
5329212
5329213
5329214
5329215
5329216
5329217
5329218
5329219
5329220
5329221
5329222
5329223
5329224
5329225
5329226
5329227
5329237
5329239
5329240
5329243
5329244
5329245
5329246
5329247
5329248
5329249
5329250
5329252
5329253
5329254
5329255
5329257
5329260
5329261
5329262
5329263
5329264
5329265
5329266
5329267
5329268
5329269
5329270
5329271
5329272
5329274
5329275
5329276
5329277
5329278
5329280
5329281
5329282
5329284
5329285
5329286
5329287
5329288
5329289
5329291
5329292
5329293
5329294
5329295
5329296
5329297
5329298
5329299
5329302
5329303
5329305
5329307
5329309
5329310
5329311
5329312
5329313
5329314
5329315
5329316
5329317
5329318
5329319
5329321
5329322
5329323
5329324
5329325
5329326
5329327
5329328
5329329
5329330
5329331
5329332
5329333
5329335
5329336
5329337
5329338
5329339
5329340
5329341
5329342
5329343
5329345
5329346
5329347
5329348
5329349
5329350
5329351
5329352
5329353
5329354
5329355
5329356
5329357
5329359
5329362
5329363
5329364
5329365
5329366
5329367
5329368
5329369
5329370
5329371
5329372
5329373
5329374
5329376
5329377
5329379
5329380
5329381
5329382
5329383
5329384
5329385
5329386
5329387
5329388
5329389
5329390
5329391
5329392
5329393
5329394
5329395
5329396
5329398
5329399
5329401
5329402
5329403
5329404
5329405
5329406
5329407
5329408
5329409
5329410
5329411
5329412
5329413
5329414
5329415
5329416
5329417
5329418
5329419
5329420
5329421
5329422
5329423
5329424
5329425
5329426
5329427
5329428
5329429
5329430
5329431
5329433
5329434
5329435
5329436
5329437
5329438
5329447
5329452
5329446
5329448
5329449
5329450
5329451
5329454
5329455
5329462
5329456
5329457
5329458
5329459
5329467
5329460
5329461
5329463
5329464
5329472
5329465
5329466
5329468
5329469
5329477
5329470
5329471
5329473
5329474
5329475
5329476
5329479
5329480
5329481
5329482
5329483
5329484
5329485
5329486
5329487
5329493
5329489
5329490
5329491
5329492
5329498
5329494
5329495
5329496
5329497
5329503
5329499
5329500
5329501
5329502
5329504
5329505
5329506
5329507
5329508
5329509
5329510
5329511
5329512
5329517
5329513
5329514
5329515
5329516
5329518
5329519
5329520
5329521
5329522
5329523
5329528
5329524
5329525
5329526
5329527
5329533
5329529
5329530
5329531
5329532
5329534
5329535
5329536
5329538
5329539
5329540
5329541
5329542
5329543
5329544
5329545
5329546
5329547
5329548
5329549
5329553
5329550
5329551
5329552
5329554
5329558
5329555
5329556
5329557
5329559
5329563
5329560
5329561
5329562
5329564
5329568
5329565
5329566
5329567
5329569
5329573
5329570
5329571
5329572
5329574
5329578
5329575
5329576
5329577
5329579
5329580
5329581
5329582
5329583
5329584
5329588
5329585
5329586
5329587
5329592
5329593
5329589
5329590
5329591
5329594
5329598
5329595
5329596
5329597
5329599
5329602
5329603
5329604
5329605
5329606
5329607
5329608
5329609
5329610
5329611
5329612
5329613
5329614
5329615
5329616
5329618
5329619
5329617
5329621
5329622
5329623
5329624
5329625
5329626
5329627
5329628
5329629
5329630
5329631
5329632
5329634
5329635
5329636
5329637
5329638
5329639
5329640
5329641
5329642
5329643
5329644
5329645
5329646
5329647
5329648
5329649
5329650
5329651
5329652
5329653
5329654
5329655
5329656
5329657
5329659
5329660
5329661
5329662
5329663
5329664
5329665
5329666
5329667
5329668
5329669
5329670
5329671
5329672
5329673
5329674
5329675
5329676
5329677
5329678
5329679
5329680
5329681
5329682
5329684
5329685
5329686
5329687
5329688
5329689
5329690
5329691
5329692
5329693
5329694
5329695
5329696
5329697
5329698
5329699
5329700
5329702
5329703
5329706
5329707
5329709
5329711
5329712
5329713
5329714
5329715
5329716
5329717
5329718
5329719
5329720
5329721
5329722
5329723
5329724
5329725
5329726
5329727
5329728
5329730
5329731
5329732
5329733
5329734
5329735
5329736
5329737
5329738
5329739
5329740
5329741
5329742
5329743
5329744
5329745
5329746
5329747
5329748
5329749
5329751
5329752
5329754
5329755
5329756
5329757
5329758
5329759
5329760
5329761
5329762
5329764
5329765
5329766
5329767
5329768
5329769
5329770
5329771
5329772
5329773
5329774
5329775
5329776
5329778
5329779
5329780
5329781
5329782
5329783
5329784
5329785
5329786
5329788
5329790
5329793
5329794
5329795
5329797
5329798
5329799
5329800
5329801
5329802
5329803
5329804
5329806
5329807
5329808
5329809
5329810
5329811
5329812
5329813
5329814
5329815
5329816
5329817
5329818
5329819
5329820
5329821
5329822
5329823
5329824
5329825
5329826
5329827
5329828
5329829
5329830
5329831
5329832
5329833
5329834
5329835
5329836
5329837
5329838
5329839
5329840
5329841
5329842
5329843
5329844
5329845
5329846
5329847
5329848
5329849
5329850
5329851
5329853
5329854
5329855
5329856
5329859
5329860
5329861
5329862
5329863
5329864
5329865
5329866
5329867
5329868
5329869
5329870
5329871
5329872
5329873
5329874
5329875
5329876
5329877
5329878
5329879
5329880
5329886
5329887
5329890
5329892
5329894
5329895
5329897
5329899
5329901
5329902
5329903
5329904
5329905
5329906
5329907
5329908
5329909
5329910
5329911
5329912
5329913
5329914
5329915
5329916
5329917
5329918
5329919
5329920
5329921
5329922
5329923
5329924
5329925
5329926
5329927
5329928
5329929
5329930
5329931
5329933
5329935
5329936
5329937
5329938
5329939
5329940
5329941
5329942
5329943
5329944
5329945
5329946
5329947
5329948
5329949
5329950
5329951
5329952
5329953
5329954
5329955
5329956
5329957
5329958
5329959
5329960
5329961
5329963
5329964
5329965
5329966
5329968
5329969
5329970
5329971
5329972
5329974
5329975
5329976
5329977
5329978
5329979
5329980
5329981
5329982
5329984
5329985
5329987
5329988
5329989
5329990
5329991
5329992
5329993
5329994
5329995
5329996
5329997
5329998
5329999
5330000
5330001
5330002
5330003
5330004
5330005
5330006
5330007
5330008
5330009
5330010
5330011
5330012
5330013
5330014
5330015
5330016
5330017
5330018
5330019
5330020
5330021
5330022
5330023
5330024
5330025
5330026
5330027
5330028
5330029
5330030
5330031
5330032
5330033
5330034
5330036
5330037
5330038
5330039
5330040
5330041
5330042
5330043
5330044
5330045
5330046
5330047
5330048
5330049
5330051
5330052
5330053
5330055
5330056
5330057
5330058
5330059
5330060
5330061
5330062
5330063
5330064
5330065
5330066
5330067
5330068
5330069
5330071
5330072
5330073
5330074
5330075
5330076
5330077
5330078
5330079
5330080
5330081
5330082
5330083
5330084
5330085
5330086
5330087
5330088
5330089
5330090
5330091
5330092
5330093
5330094
5330095
5330096
5330097
5330098
5330099
5330100
5330101
5330102
5330103
5330104
5330105
5330106
5330107
5330108
5330110
5330111
5330112
5330113
5330114
5330115
5330116
5330117
5330118
5330119
5330120
5330121
5330122
5330123
5330124
5330125
5330126
5330127
5330128
5330129
5330130
5330131
5330132
5330133
5330134
5330135
5330136
5330137
5330138
5330139
5330140
5330141
5330142
5330143
5330144
5330145
5330146
5330147
5330148
5330149
5330150
5330151
5330152
5330153
5330154
5330155
5330156
5330157
5330158
5330159
5330160
5330161
5330162
5330163
5330164
5330165
5330166
5330167
5330169
5330170
5330171
5330172
5330173
5330174
5330175
5330176
5330177
5330178
5330179
5330180
5330181
5330182
5330183
5330184
5330185
5330186
5330187
5330188
5330189
5330190
5330191
5330192
5330193
5330194
5330195
5330196
5330197
5330198
5330199
5330200
5330201
5330202
5330203
5330204
5330205
5330206
5330207
5330208
5330209
5330210
5330211
5330212
5330213
5330214
5330215
5330216
5330217
5330218
5330219
5330220
5330221
5330222
5330223
5330224
5330225
5330226
5330227
5330228
5330229
5330230
5330231
5330232
5330233
5330234
5330235
5330236
5330237
5330238
5330239
5330240
5330241
5330242
5330243
5330244
5330245
5330246
5330247
5330248
5330249
5330250
5330251
5330252
5330253
5330254
5330256
5330257
5330258
5330259
5330260
5330261
5330262
5330263
5330264
5330265
5330266
5330267
5330268
5330269
5330270
5330271
5330272
5330273
5330274
5330275
5330276
5330277
5330278
5330279
5330280
5330281
5330282
5330283
5330284
5330285
5330286
5330287
5330288
5330289
5330290
5330291
5330293
5330294
5330296
5330297
5330298
5330299
5330300
5330301
5330302
5330303
5330304
5330305
5330306
5330307
5330308
5330309
5330310
5330311
5330312
5330313
5330314
5330315
5330316
5330317
5330318
5330320
5330321
5330322
5330324
5330325
5330326
5330327
5330328
5330329
5330330
5330331
5330332
5330333
5330334
5330335
5330336
5330338
5330339
5330340
5330341
5330342
5330343
5330344
5330345
5330346
5330347
5330348
5330349
5330350
5330351
5330352
5330353
5330354
5330355
5330357
5330358
5330359
5330360
5330361
5330362
5330363
5330364
5330365
5330366
5330367
5330368
5330370
5330371
5330372
5330373
5330374
5330377
5330378
5330379
5330380
5330381
5330382
5330383
5330384
5330385
5330386
5330387
5330388
5330389
5330390
5330391
5330392
5330393
5330394
5330395
5330396
5330397
5330398
5330399
5330400
5330401
5330402
5330403
5330404
5330405
5330406
5330408
5330410
5330411
5330412
5330413
5330415
5330416
5330417
5330418
5330419
5330420
5330421
5330422
5330424
5330425
5330426
5330427
5330429
5330430
5330431
5330432
5330433
5330434
5330435
5330436
5330437
5330438
5330439
5330440
5330441
5330442
5330443
5330444
5330445
5330446
5330447
5330448
5330449
5330450
5330451
5330452
5330453
5330455
5330456
5330457
5330458
5330459
5330460
5330461
5330462
5330463
5330464
5330465
5330466
5330467
5330469
5330470
5330471
5330472
5330473
5330474
5330475
5330476
5330477
5330478
5330479
5330480
5330481
5330482
5330483
5330484
5330485
5330486
5330487
5330488
5330489
5330490
5330491
5330492
5330493
5330494
5330495
5330496
5330497
5330498
5330499
5330500
5330501
5330503
5330504
5330505
5330506
5330507
5330508
5330510
5330511
5330512
5330513
5330514
5330515
5330516
5330517
5330518
5330519
5330520
5330521
5330522
5330523
5330525
5330526
5330527
5330528
5330530
5330531
5330532
5330533
5330534
5330535
5330536
5330537
5330538
5330539
5330540
5330541
5330542
5330543
5330544
5330545
5330546
5330547
5330548
5330549
5330550
5330551
5330552
5330554
5330555
5330556
5330557
5330558
5330559
5330560
5330561
5330562
5330563
5330564
5330565
5330566
5330567
5330568
5330569
5330570
5330571
5330572
5330573
5330574
5330575
5330576
5330577
5330578
5330579
5330580
5330581
5330582
5330583
5330584
5330585
5330586
5330587
5330588
5330589
5330590
5330591
5330593
5330594
5330595
5330596
5330597
5330598
5330599
5330600
5330601
5330602
5330603
5330604
5330605
5330606
5330607
5330608
5330609
5330610
5330611
5330612
5330613
5330614
5330615
5330616
5330617
5330618
5330619
5330620
5330621
5330622
5330623
5330624
5330625
5330626
5330627
5330628
5330629
5330630
5330631
5330632
5330633
5330634
5330635
5330636
5330637
5330638
5330639
5330640
5330641
5330642
5330643
5330644
5330646
5330648
5330649
5330650
5330651
5330652
5330653
5330654
5330655
5330656
5330657
5330658
5330659
5330660
5330661
5330662
5330663
5330664
5330665
5330666
5330667
5330668
5330669
5330670
5330672
5330673
5330675
5330677
5330678
5330679
5330680
5330681
5330682
5330683
5330684
5330685
5330687
5330688
5330689
5330690
5330692
5330693
5330694
5330695
5330697
5330698
5330699
5330700
5330701
5330702
5330703
5330704
5330705
5330706
5330707
5330708
5330709
5330710
5330711
5330712
5330713
5330714
5330715
5330716
5330717
5330718
5330719
5330720
5330721
5330722
5330723
5330724
5330725
5330726
5330727
5330728
5330729
5330730
5330731
5330732
5330733
5330734
5330735
5330736
5330737
5330738
5330739
5330740
5330741
5330742
5330743
5330744
5330745
5330746
5330747
5330749
5330750
5330751
5330752
5330753
5330754
5330755
5330756
5330757
5330759
5330760
5330761
5330762
5330763
5330764
5330765
5330766
5330768
5330769
5330770
5330771
5330772
5330773
5330774
5330776
5330777
5330778
5330779
5330780
5330781
5330782
5330783
5330784
5330785
5330786
5330789
5330790
5330791
5330792
5330794
5330795
5330796
5330797
5330798
5330799
5330800
5330801
5330802
5330803
5330804
5330805
5330806
5330807
5330808
5330809
5330810
5330812
5330811
5330816
5330817
5330813
5330814
5330815
5330821
5330818
5330819
5330820
5330826
5330822
5330823
5330824
5330825
5330827
5330828
5330829
5330830
5330832
5330833
5330834
5330835
5330836
5330841
5330842
5330837
5330838
5330839
5330846
5330840
5330849
5330851
5330843
5330844
5330845
5330847
5330848
5330857
5330850
5330852
5330861
5330862
5330863
5330855
5330856
5330858
5330859
5330860
5330864
5330865
5330866
5330867
5330868
5330869
5330870
5330871
5330872
5330873
5330874
5330875
5330876
5330877
5330878
5330879
5330880
5330881
5330883
5330885
5330886
5330887
5330888
5330890
5330892
5330893
5330894
5330895
5330896
5330897
5330898
5330899
5330900
5330901
5330902
5330903
5330904
5330905
5330906
5330907
5330908
5330909
5330910
5330911
5330912
5330913
5330914
5330915
5330916
5330917
5330921
5330918
5330919
5330920
5330922
5330926
5330923
5330924
5330925
5330927
5330928
5330932
5330929
5330930
5330931
5330933
5330934
5330936
5330937
5330938
5330939
5330940
5330941
5330942
5330943
5330944
5330947
5330945
5330946
5330948
5330949
5330952
5330950
5330951
5330953
5330954
5330957
5330955
5330956
5330958
5330960
5330961
5330962
5330964
5330965