5289628
5289653
5289656
5289659
5289664
5289723
5289740
5289742
5289752
5289753
5289754
5289756
5289803
5289821
5289842
5288702
5288703
5288704
5288705
5288706
5288708
5288709
5288710
5288711
5288712
5288713
5288714
5288715
5288716
5288717
5288718
5288719
5288720
5288721
5288723
5288724
5288725
5288726
5288727
5288728
5288729
5288730
5288731
5288732
5288733
5288734
5288735
5288736
5288737
5288738
5288739
5288741
5288742
5288743
5288745
5288746
5288747
5288748
5288749
5288751
5288752
5288753
5288754
5288756
5288757
5288758
5288760
5288761
5288762
5288763
5288764
5288765
5288766
5288767
5288768
5288769
5288770
5288771
5288774
5288776
5288777
5288779
5288780
5288781
5288782
5288783
5288784
5288785
5288786
5288787
5288788
5288789
5288790
5288791
5288792
5288793
5288794
5288796
5288797
5288798
5288799
5288800
5288802
5288803
5288804
5288805
5288806
5288807
5288808
5288809
5288810
5288811
5288812
5288813
5288814
5288815
5288817
5288818
5288819
5288820
5288822
5288823
5288825
5288826
5288827
5288828
5288830
5288831
5288832
5288833
5288834
5288835
5288836
5288837
5288838
5288839
5288840
5288841
5288842
5288843
5288845
5288846
5288847
5288848
5288850
5288851
5288852
5288854
5288855
5288856
5288857
5288858
5288859
5288860
5288861
5288862
5288863
5288865
5288866
5288867
5288868
5288869
5288870
5288871
5288872
5288874
5288875
5288876
5288877
5288878
5288879
5288881
5288882
5288883
5288884
5288885
5288886
5288887
5288888
5288889
5288890
5288891
5288893
5288894
5288895
5288896
5288897
5288898
5288899
5288900
5288901
5288902
5288903
5288904
5288905
5288906
5288907
5288908
5288909
5288910
5288911
5288912
5288913
5288914
5288915
5288916
5288917
5288918
5288919
5288921
5288922
5288923
5288924
5288925
5288926
5288928
5288929
5288930
5288931
5288932
5288933
5288934
5288935
5288936
5288937
5288938
5288939
5288940
5288941
5288942
5288943
5288944
5288945
5288946
5288947
5288948
5288949
5288950
5288951
5288952
5288953
5288955
5288956
5288957
5288958
5288959
5288960
5288961
5288962
5288963
5288964
5288965
5288966
5288967
5288968
5288969
5288970
5288971
5288973
5288974
5288975
5288976
5288977
5288978
5288979
5288980
5288981
5288982
5288983
5288984
5288985
5288986
5288987
5288988
5288989
5288990
5288991
5288992
5288993
5288994
5288995
5288996
5288997
5288998
5288999
5289000
5289001
5289003
5289004
5289005
5289006
5289007
5289008
5289009
5289010
5289011
5289012
5289013
5289014
5289015
5289016
5289017
5289019
5289020
5289021
5289022
5289023
5289024
5289025
5289026
5289027
5289028
5289029
5289030
5289031
5289032
5289033
5289034
5289035
5289036
5289037
5289038
5289039
5289041
5289042
5289043
5289044
5289045
5289046
5289047
5289048
5289049
5289050
5289051
5289052
5289053
5289054
5289055
5289056
5289057
5289058
5289059
5289060
5289061
5289062
5289063
5289064
5289065
5289066
5289067
5289068
5289071
5289072
5289073
5289074
5289075
5289076
5289077
5289078
5289079
5289080
5289081
5289082
5289083
5289084
5289086
5289087
5289088
5289089
5289090
5289091
5289092
5289093
5289094
5289096
5289097
5289098
5289099
5289100
5289103
5289104
5289105
5289106
5289107
5289108
5289109
5289110
5289111
5289112
5289113
5289114
5289116
5289117
5289118
5289119
5289120
5289121
5289122
5289124
5289125
5289126
5289127
5289128
5289129
5289130
5289131
5289132
5289133
5289134
5289135
5289136
5289137
5289138
5289139
5289140
5289141
5289142
5289144
5289145
5289146
5289147
5289148
5289149
5289150
5289151
5289152
5289153
5289154
5289155
5289156
5289157
5289158
5289159
5289160
5289161
5289163
5289164
5289165
5289166
5289167
5289168
5289169
5289170
5289171
5289172
5289173
5289174
5289175
5289176
5289177
5289178
5289179
5289180
5289181
5289182
5289183
5289184
5289185
5289186
5289187
5289188
5289189
5289190
5289191
5289192
5289193
5289194
5289195
5289196
5289197
5289198
5289199
5289200
5289201
5289203
5289204
5289205
5289206
5289207
5289208
5289209
5289210
5289211
5289212
5289213
5289214
5289215
5289216
5289218
5289219
5289220
5289221
5289222
5289223
5289224
5289225
5289226
5289227
5289228
5289230
5289234
5289235
5289236
5289237
5289238
5289239
5289240
5289243
5289244
5289245
5289246
5289247
5289248
5289249
5289250
5289251
5289252
5289253
5289254
5289255
5289256
5289257
5289258
5289259
5289260
5289262
5289263
5289264
5289265
5289266
5289268
5289269
5289270
5289271
5289272
5289273
5289274
5289275
5289276
5289277
5289278
5289279
5289280
5289281
5289282
5289283
5289284
5289285
5289286
5289287
5289288
5289289
5289290
5289291
5289292
5289293
5289294
5289295
5289296
5289297
5289298
5289299
5289300
5289301
5289302
5289303
5289304
5289305
5289306
5289307
5289308
5289309
5289310
5289311
5289312
5289314
5289315
5289316
5289317
5289318
5289319
5289320
5289321
5289322
5289323
5289325
5289326
5289328
5289330
5289331
5289332
5289335
5289336
5289337
5289338
5289340
5289342
5289344
5289345
5289348
5289349
5289350
5289351
5289352
5289354
5289355
5289356
5289358
5289359
5289360
5289362
5289363
5289367
5289368
5289369
5289370
5289372
5289373
5289377
5289378
5289379
5289380
5289381
5289382
5289383
5289384
5289385
5289387
5289390
5289391
5289392
5289393
5289394
5289395
5289396
5289397
5289398
5289399
5289400
5289401
5289402
5289403
5289404
5289405
5289406
5289407
5289408
5289409
5289410
5289411
5289412
5289413
5289414
5289415
5289416
5289417
5289418
5289419
5289420
5289421
5289422
5289423
5289424
5289425
5289427
5289428
5289429
5289432
5289433
5289434
5289435
5289436
5289438
5289440
5289441
5289442
5289443
5289444
5289445
5289446
5289447
5289448
5289449
5289450
5289451
5289452
5289453
5289454
5289455
5289456
5289457
5289458
5289459
5289460
5289461
5289462
5289463
5289464
5289465
5289466
5289467
5289468
5289469
5289470
5289471
5289472
5289473
5289475
5289476
5289477
5289478
5289479
5289480
5289481
5289482
5289483
5289484
5289485
5289486
5289487
5289488
5289489
5289490
5289492
5289493
5289494
5289495
5289496
5289498
5289499
5289500
5289501
5289502
5289503
5289504
5289505
5289506
5289507
5289508
5289509
5289510
5289511
5289512
5289513
5289514
5289515
5289516
5289517
5289519
5289520
5289521
5289522
5289524
5289525
5289526
5289528
5289529
5289530
5289531
5289532
5289533
5289534
5289535
5289536
5289537
5289538
5289539
5289540
5289541
5289542
5289543
5289544
5289545
5289546
5289547
5289548
5289549
5289550
5289551
5289552
5289553
5289554
5289555
5289556
5289557
5289558
5289559
5289560
5289561
5289562
5289563
5289564
5289565
5289566
5289567
5289568
5289569
5289571
5289572
5289573
5289574
5289575
5289576
5289577
5289578
5289579
5289580
5289581
5289582
5289584
5289585
5289586
5289587
5289588
5289589
5289590
5289591
5289592
5289593
5289594
5289595
5289596
5289597
5289598
5289599
5289600
5289601
5289602
5289603
5289604
5289605
5289607
5289608
5289609
5289610
5289611
5289612
5289614
5289615
5289616
5289617
5289618
5289619
5289620
5289621
5289622
5289623
5289624
5289625
5289626
5289627
5289629
5289630
5289631
5289632
5289633
5289634
5289635
5289636
5289637
5289638
5289640
5289641
5289642
5289643
5289644
5289639
5289646
5289645
5289649
5289650
5289651
5289652
5289647
5289654
5289655
5289657
5289658
5289660
5289661
5289662
5289663
5289665
5289667
5289668
5289669
5289670
5289671
5289672
5289673
5289674
5289675
5289676
5289677
5289678
5289680
5289681
5289682
5289683
5289685
5289686
5289687
5289688
5289689
5289690
5289691
5289692
5289693
5289694
5289695
5289696
5289697
5289699
5289700
5289701
5289703
5289705
5289706
5289707
5289708
5289709
5289710
5289711
5289712
5289713
5289714
5289715
5289716
5289717
5289718
5289719
5289720
5289721
5289722
5289724
5289725
5289726
5289727
5289728
5289729
5289730
5289732
5289733
5289734
5289735
5289737
5289738
5289731
5289736
5289741
5289739
5289743
5289744
5289745
5289746
5289748
5289750
5289751
5289747
5289749
5289755
5289757
5289758
5289759
5289760
5289761
5289763
5289764
5289765
5289766
5289767
5289768
5289769
5289770
5289771
5289772
5289773
5289774
5289776
5289778
5289779
5289780
5289781
5289782
5289783
5289784
5289785
5289786
5289787
5289788
5289789
5289790
5289791
5289792
5289793
5289794
5289795
5289796
5289798
5289799
5289800
5289801
5289802
5289797
5289804
5289805
5289806
5289807
5289808
5289809
5289810
5289811
5289813
5289814
5289815
5289816
5289817
5289818
5289820
5289812
5289819
5289823
5289824
5289825
5289826
5289827
5289828
5289829
5289830
5289831
5289832
5289833
5289834
5289835
5289836
5289838
5289839
5289840
5289841
5289843
5289844
5289845
5289846
5289847
5289848
5289849
5289851
5289852
5289853
5289854
5289855
5289856
5289857
5289858
5289859
5289860
5289861
5289862
5289863
5289864
5289865
5289866
5289867
5289868
5289869
5289870
5289872
5289873
5289874
5289875
5289876
5289877
5289878
5289879
5289880
5289881
5289882
5289883
5289884
5289885
5289886
5289887
5289889
5289891
5289892
5289893
5289894
5289895
5289896
5289897
5289899
5289900
5289901
5289902
5289903
5289904
5289905
5289906
5289907
5289908
5289909
5289910
5289911
5289912
5289913
5289914
5289915
5289916
5289917
5289918
5289919
5289920
5289921
5289922
5289923
5289924
5289925
5289926
5289927
5289928
5289929
5289930
5289931
5289933
5289935
5289936
5289938
5289939
5289940
5289941
5289942
5289943
5289944
5289945
5289946
5289947
5289948
5289949
5289950
5289951
5289952
5289954
5289955
5289956
5289957
5289958
5289959
5289960
5289962
5289963
5289964
5289965
5289966
5289967
5289968
5289969
5289970
5289971
5289972
5289973
5289974
5289975
5289976
5289977
5289978
5289979
5289980
5289981
5289982
5289983
5289984
5289985
5289986
5289987
5289988
5289990
5289991
5289992
5289994
5289995
5289996
5289998
5289999
5290000
5290001
5290002
5290003
5290004
5290005
5290006
5290007
5290008
5290009
5290010
5290011
5290012
5290013
5290014
5290015
5290016
5290017
5290018
5290021
5290022
5290023
5290024
5290025
5290026
5290027
5290028
5290029
5290031
5290033
5290034
5290035
5290036
5290037
5290038
5290040
5290041
5290042
5290043
5290044
5290045
5290046
5290047
5290048
5290049
5290050
5290051
5290052
5290053
5290054
5290055
5290056
5290057
5290058
5290059
5290061
5290062
5290063
5290064
5290065
5290067
5290068
5290069
5290071
5290074
5290076
5290077
5290078
5290079
5290080
5290081
5290082
5290083
5290084
5290085
5290086
5290087
5290088
5290089
5290090
5290091
5290092
5290093
5290094
5290095
5290096
5290097
5290098
5290099
5290100
5290101
5290102
5290103
5290104
5290105
5290106
5290108
5290109
5290110
5290111
5290113
5290114
5290115
5290116
5290117
5290118
5290119
5290120
5290121
5290122
5290123
5290124
5290125
5290126
5290127
5290128
5290129
5290130
5290131
5290132
5290134
5290135
5290136
5290137
5290138
5290139
5290140
5290141
5290142
5290143
5290144
5290145
5290146
5290147
5290148
5290150
5290151
5290153
5290154
5290155
5290156
5290157
5290158
5290159
5290160
5290161
5290162
5290163
5290164
5290165
5290166
5290167
5290168
5290169
5290170
5290171
5290172
5290173
5290174
5290175
5290176
5290177
5290178
5290179
5290180
5290181
5290183
5290184
5290185
5290186
5290187
5290188
5290189
5290190
5290191
5290193
5290194
5290195
5290196
5290197
5290198
5290199
5290201
5290202
5290203
5290204
5290205
5290206
5290208
5290209
5290210
5290211
5290212
5290213
5290216
5290217
5290218
5290219
5290220
5290221
5290222
5290223
5290224
5290225
5290226
5290227
5290228
5290229
5290230
5290231
5290232
5290234
5290235
5290236
5290237
5290238
5290239
5290240
5290241
5290242
5290243
5290244
5290245
5290246
5290247
5290248
5290249
5290250
5290251
5290252
5290253
5290254
5290255
5290256
5290257
5290258
5290259
5290260
5290261
5290262
5290263
5290264
5290265
5290267
5290268
5290269
5290270
5290271
5290272
5290273
5290274
5290275
5290276
5290277
5290278
5290281
5290282
5290283
5290284
5290285
5290286
5290287
5290288
5290289
5290290
5290291
5290292
5290293
5290294
5290295
5290296
5290297
5290298
5290299
5290300
5290302
5290303
5290304
5290305
5290306
5290307
5290308
5290310
5290311
5290312
5290313
5290314
5290315
5290316
5290317
5290319
5290320
5290321
5290322
5290323
5290324
5290325
5290326
5290327
5290328
5290330
5290331
5290332
5290333
5290336
5290337
5290339
5290340
5290341
5290342
5290343
5290344
5290345
5290346
5290347
5290348
5290349
5290350
5290351
5290352
5290353
5290354
5290355
5290356
5290357
5290359
5290360
5290361
5290362
5290363
5290364
5290365
5290366
5290367
5290368
5290369
5290370
5290371
5290372
5290373
5290374
5290375
5290376
5290377
5290378
5290379
5290380
5290381
5290382
5290383
5290384
5290385
5290386
5290387
5290388
5290389
5290390
5290391
5290392
5290393
5290394
5290395
5290396
5290397
5290398
5290399
5290401
5290402
5290403
5290404
5290405
5290406
5290407
5290409
5290410
5290411
5290412
5290413
5290414
5290416
5290417
5290418
5290421
5290422
5290423
5290424
5290425
5290427
5290429
5290430
5290431
5290433
5290434
5290435
5290436
5290437
5290438
5290439
5290440
5290441
5290442
5290443
5290444
5290445
5290446
5290447
5290448
5290449
5290450
5290451
5290452
5290453
5290454
5290455
5290456
5290457
5290458
5290459
5290460
5290461
5290462
5290463
5290466
5290467
5290468
5290469
5290471
5290472
5290473
5290475
5290476
5290477
5290478
5290479
5290480
5290481
5290482
5290484
5290485
5290486
5290487
5290488
5290489
5290490
5290491
5290492
5290493
5290494
5290495
5290496
5290497
5290498
5290499
5290500
5290502
5290503
5290504
5290505
5290506
5290507
5290508
5290509
5290510
5290511
5290512
5290513
5290514
5290515
5290516
5290517
5290518
5290519
5290520
5290521
5290522
5290523
5290524
5290525
5290526
5290527
5290528
5290530
5290531
5290532
5290533
5290534
5290536
5290537
5290538
5290539
5290540
5290541
5290542
5290543
5290544
5290545
5290546
5290548
5290551
5290552
5290553
5290554
5290555
5290556
5290557
5290558
5290559
5290560
5290562
5290563
5290564
5290565
5290566
5290567
5290568
5290569
5290570
5290571
5290572
5290573
5290574
5290575
5290576
5290577
5290578
5290579
5290580
5290581
5290582
5290583
5290584
5290585
5290586
5290587
5290589
5290590
5290591
5290594
5290595
5290596
5290598
5290599
5290600
5290601
5290602
5290603
5290604
5290605
5290606
5290607
5290608
5290609
5290610
5290611
5290612
5290613
5290614
5290615
5290616
5290617
5290618
5290619
5290620
5290621
5290622
5290623
5290624
5290625
5290626
5290627
5290628
5290629
5290630
5290631
5290633
5290634
5290635
5290636
5290637
5290638
5290639
5290640
5290641
5290642
5290643
5290644
5290645
5290646
5290647
5290648
5290649
5290651
5290652
5290653
5290654
5290655
5290656
5290657
5290658
5290659
5290660
5290661
5290662
5290663
5290664
5290665
5290666
5290668
5290669
5290670
5290672
5290673
5290676
5290677
5290678
5290679
5290680
5290681
5290682
5290683
5290684
5290685
5290686
5290687
5290688
5290689
5290690
5290691
5290692
5290693
5290694
5290695
5290696
5290697
5290698
5290699
5290700
5290701
5290702
5290703
5290704
5290705
5290706
5290707
5290708
5290709
5290711
5290712
5290714
5290715
5290716
5290717
5290718
5290719
5290720
5290721
5290724
5290725
5290726
5290727
5290728
5290730
5290731
5290732
5290733
5290734
5290735
5290737
5290738
5290740
5290741
5290742
5290743
5290744
5290745
5290746
5290747
5290748
5290749
5290750
5290751
5290752
5290753
5290754
5290755
5290756
5290757
5290758
5290759
5290760
5290762
5290763
5290764
5290765
5290766
5290767
5290768
5290769
5290770
5290771
5290772
5290773
5290774
5290775
5290776
5290777
5290778
5290779
5290780
5290781
5290782
5290783
5290784
5290785
5290786
5290787
5290788
5290789
5290790
5290791
5290792
5290793
5290794
5290795
5290796
5290797
5290798
5290799
5290800
5290801
5290802
5290803
5290805
5290806
5290807
5290808
5290809
5290810
5290811
5290812
5290813
5290814
5290815
5290816
5290817
5290818
5290820
5290822
5290824
5290825
5290827
5290829
5290830
5290833
5290835
5290836
5290837
5290839
5290841
5290843
5290844
5290845
5290846
5290847
5290848
5290849
5290850
5290851
5290852
5290853
5290854
5290855
5290856
5290857
5290858
5290859
5290860
5290861
5290862
5290863
5290864
5290865
5290866
5290868
5290869
5290870
5290871
5290873
5290875
5290876
5290877
5290878
5290879
5290880
5290881
5290882
5290883
5290884
5290886
5290887
5290888
5290889
5290890
5290891
5290892
5290893
5290894
5290896
5290897
5290898
5290899
5290900
5290901
5290902
5290903
5290904
5290905
5290906
5290907
5290908
5290909
5290910
5290911
5290912
5290913
5290914
5290915
5290916
5290917
5290918
5290921
5290922
5290923
5290924
5290925
5290926
5290927
5290928
5290929
5290930
5290931
5290932
5290933
5290934
5290935
5290936
5290937
5290938
5290939
5290940
5290941
5290942
5290943
5290944
5290945
5290946
5290947
5290949
5290950
5290951
5290952
5290953
5290954
5290955
5290956
5290957
5290958
5290959
5290960
5290961
5290962
5290963
5290965
5290966
5290967
5290968
5290969
5290970
5290971
5290972
5290973
5290974
5290975
5290976
5290977
5290978
5290979
5290980
5290981
5290982
5290983
5290984
5290985
5290986
5290987
5290988
5290989
5290990
5290991
5290992
5290993
5290994
5290995
5290997
5290998
5290999
5291000
5291001
5291002
5291003
5291004
5291006
5291007
5291009
5291010
5291011
5291012
5291013
5291014
5291015
5291016
5291017
5291018
5291019
5291020
5291021
5291022
5291023
5291024
5291025
5291026
5291027
5291028
5291029
5291030
5291031
5291032
5291033
5291034
5291035
5291036
5291037
5291038
5291039
5291040
5291041
5291043
5291044
5291045
5291046
5291047
5291048
5291050
5291051
5291053
5291054
5291055
5291056
5291057
5291058
5291059
5291060
5291062
5291063
5291064
5291065
5291066
5291067
5291068
5291069
5291070
5291071
5291072
5291073
5291074
5291075
5291076