5318975
5318976
5318977
5318979
5318980
5318981
5318982
5318983
5318984
5318985
5318986
5318987
5318988
5318989
5318990
5318991
5318992
5318993
5318994
5318995
5318996
5318997
5318998
5318999
5319000
5319001
5319002
5319003
5319004
5319005
5319006
5319007
5319008
5319009
5319010
5319011
5319012
5319013
5319014
5319015
5319016
5319017
5319018
5319019
5319020
5319021
5319022
5319023
5319024
5319025
5319026
5319027
5319028
5319029
5319030
5319031
5319032
5319033
5319034
5319035
5319036
5319037
5319038
5319039
5319040
5319041
5319042
5319043
5319044
5319045
5319046
5319047
5319048
5319049
5319050
5319051
5319052
5319054
5319055
5319056
5319057
5319058
5319059
5319060
5319061
5319062
5319064
5319065
5319066
5319067
5319068
5319069
5319070
5319071
5319072
5319073
5319074
5319075
5319076
5319077
5319078
5319079
5319080
5319081
5319082
5319083
5319084
5319085
5319087
5319088
5319089
5319090
5319091
5319092
5319093
5319094
5319095
5319096
5319097
5319098
5319099
5319100
5319101
5319102
5319103
5319104
5319105
5319106
5319108
5319109
5319110
5319111
5319112
5319113
5319114
5319115
5319116
5319117
5319118
5319119
5319120
5319121
5319122
5319123
5319124
5319125
5319127
5319128
5319129
5319130
5319131
5319132
5319133
5319134
5319136
5319137
5319138
5319139
5319140
5319141
5319142
5319143
5319144
5319145
5319146
5319147
5319149
5319150
5319151
5319152
5319153
5319154
5319156
5319157
5319158
5319159
5319160
5319161
5319162
5319163
5319164
5319165
5319166
5319168
5319169
5319170
5319171
5319172
5319173
5319174
5319175
5319176
5319177
5319178
5319179
5319180
5319181
5319182
5319183
5319184
5319185
5319186
5319187
5319188
5319189
5319190
5319191
5319192
5319193
5319194
5319195
5319196
5319197
5319198
5319200
5319201
5319202
5319203
5319204
5319205
5319206
5319207
5319208
5319209
5319210
5319211
5319212
5319213
5319215
5319216
5319217
5319218
5319219
5319220
5319221
5319222
5319223
5319224
5319225
5319226
5319227
5319229
5319230
5319231
5319232
5319233
5319234
5319235
5319236
5319237
5319238
5319239
5319240
5319241
5319242
5319243
5319244
5319245
5319246
5319247
5319248
5319249
5319250
5319251
5319252
5319253
5319254
5319255
5319256
5319258
5319259
5319260
5319262
5319264
5319265
5319266
5319267
5319268
5319269
5319270
5319271
5319272
5319273
5319274
5319275
5319276
5319277
5319278
5319279
5319280
5319281
5319282
5319283
5319284
5319285
5319286
5319287
5319288
5319289
5319290
5319291
5319292
5319293
5319294
5319295
5319296
5319297
5319298
5319299
5319300
5319301
5319302
5319303
5319304
5319305
5319306
5319307
5319308
5319309
5319310
5319311
5319312
5319313
5319314
5319315
5319316
5319318
5319320
5319321
5319322
5319324
5319325
5319326
5319327
5319328
5319329
5319330
5319331
5319332
5319333
5319334
5319335
5319336
5319337
5319338
5319339
5319340
5319341
5319342
5319343
5319344
5319345
5319346
5319348
5319349
5319350
5319351
5319352
5319353
5319354
5319355
5319356
5319357
5319358
5319359
5319360
5319361
5319363
5319364
5319365
5319366
5319367
5319368
5319369
5319370
5319371
5319373
5319374
5319375
5319376
5319377
5319378
5319379
5319380
5319381
5319383
5319385
5319386
5319387
5319388
5319389
5319390
5319392
5319393
5319394
5319395
5319396
5319397
5319398
5319399
5319400
5319401
5319402
5319403
5319404
5319405
5319406
5319407
5319409
5319410
5319411
5319412
5319413
5319414
5319416
5319418
5319419
5319420
5319421
5319422
5319423
5319424
5319425
5319426
5319428
5319429
5319430
5319431
5319432
5319433
5319435
5319436
5319437
5319438
5319439
5319440
5319441
5319442
5319444
5319445
5319446
5319447
5319448
5319449
5319450
5319451
5319452
5319453
5319454
5319455
5319456
5319457
5319458
5319459
5319460
5319461
5319462
5319463
5319464
5319465
5319466
5319467
5319468
5319469
5319470
5319471
5319473
5319474
5319475
5319476
5319477
5319478
5319480
5319482
5319483
5319484
5319485
5319486
5319487
5319488
5319489
5319490
5319491
5319492
5319493
5319494
5319495
5319496
5319497
5319498
5319499
5319500
5319503
5319504
5319505
5319507
5319508
5319509
5319510
5319511
5319512
5319513
5319514
5319515
5319516
5319517
5319518
5319519
5319520
5319521
5319522
5319523
5319524
5319525
5319526
5319527
5319528
5319530
5319531
5319532
5319533
5319534
5319535
5319536
5319537
5319538
5319540
5319541
5319542
5319544
5319545
5319546
5319547
5319548
5319549
5319552
5319553
5319554
5319555
5319556
5319557
5319558
5319559
5319560
5319561
5319562
5319563
5319564
5319565
5319566
5319567
5319570
5319571
5319572
5319573
5319574
5319575
5319576
5319577
5319578
5319579
5319580
5319582
5319583
5319584
5319585
5319589
5319592
5319593
5319594
5319595
5319596
5319600
5319601
5319603
5319604
5319605
5319606
5319607
5319608
5319610
5319611
5319612
5319613
5319616
5319619
5319633
5319634
5319635
5319636
5319637
5319638
5319642
5319655
5319657
5319658
5319659
5319660
5319661
5319670
5319705
5319706
5319707
5319708
5319709
5319710
5319711
5319712
5319713
5319714
5319715
5319716
5319743
5319746
5319748
5319772
5319774
5319777
5319778
5319779
5319780
5319781
5319782
5319783
5319784
5319786
5319789
5319790
5319791
5319792
5319794
5319795
5319796
5319797
5319801
5319804
5319805
5319806
5319807
5319808
5319809
5319810
5319811
5319812
5319814
5319815
5319816
5319817
5319818
5319819
5319820
5319822
5319824
5319832
5319833
5319837
5319838
5319839
5319840
5319841
5319843
5319846
5319848
5319849
5319850
5319851
5319852
5319853
5319854
5319855
5319856
5319857
5319858
5319859
5319860
5319861
5319862
5319863
5319864
5319865
5319866
5319867
5319868
5319869
5319870
5319871
5319872
5319874
5319875
5319876
5319877
5319878
5319880
5319882
5319883
5319884
5319885
5319887
5319888
5319911
5319912
5319915
5319916
5319917
5319918
5319919
5319920
5319921
5319922
5319925
5319926
5319928
5319929
5319930
5319931
5319932
5319933
5319935
5319939
5319940
5319941
5319942
5319943
5319944
5319945
5319949
5319954
5319956
5319957
5319962
5319964
5319965
5319966
5319968
5319974
5319976
5319977
5319980
5319982
5319983
5319984
5319985
5319986
5319987
5319989
5319994
5319995
5320026
5320037
5320031
5320034
5320038
5320041
5320060
5320059
5320063
5320072
5320074
5320082
5320094
5320100
5320116
5320121
5320137
5320149
5320154
5320156
5320163
5320176
5320178
5320187
5320191
5320200
5320223
5320228
5320241
5320262
5320282
5320284
5320285
5320302
5320303
5320305
5320308
5320311
5320312
5320313
5320314
5320307
5320317
5320309
5320310
5320320
5320321
5320322
5320323
5320324
5320316
5320326
5320327
5320328
5320325
5320329
5320331
5320330
5320333
5320332
5320335
5320336
5320337
5320338
5320339
5320340
5320341
5320343
5320344
5320345
5320346
5320347
5320348
5320349
5320350
5320351
5320352
5320353
5320354
5320355
5320356
5320357
5320358
5320359
5320360
5320361
5320362
5320363
5320364
5320365
5320366
5320367
5320368
5320370
5320371
5320372
5320373
5320374
5320376
5320377
5320378
5320379
5320380
5320381
5320382
5320383
5320384
5320385
5320386
5320388
5320389
5320390
5320392
5320393
5320394
5320396
5320397
5320398
5320400
5320401
5320402
5320403
5320405
5320406
5320408
5320409
5320410
5320411
5320412
5320413
5320414
5320415
5320416
5320417
5320418
5320419
5320420
5320421
5320422
5320423
5320424
5320425
5320426
5320427
5320428
5320429
5320431
5320432
5320433
5320434
5320435
5320436
5320437
5320438
5320439
5320440
5320441
5320442
5320443
5320444
5320445
5320447
5320448
5320449
5320450
5320452
5320453
5320454
5320455
5320456
5320457
5320458
5320459
5320460
5320461
5320462
5320463
5320464
5320465
5320466
5320469
5320471
5320473
5320474
5320475
5320477
5320478
5320479
5320481
5320482
5320483
5320484
5320485
5320486
5320487
5320488
5320490
5320491
5320492
5320493
5320494
5320495
5320496
5320497
5320498
5320499
5320500
5320501
5320502
5320503
5320504
5320505
5320506
5320507
5320508
5320509
5320510
5320512
5320513
5320514
5320515
5320516
5320517
5320518
5320519
5320520
5320521
5320522
5320523
5320524
5320526
5320527
5320528
5320529
5320530
5320531
5320532
5320533
5320534
5320536
5320537
5320538
5320544
5320545
5320548
5320549
5320550
5320551
5320552
5320554
5320555
5320556
5320558
5320559
5320560
5320561
5320562
5320563
5320564
5320565
5320566
5320567
5320568
5320569
5320570
5320571
5320572
5320573
5320574
5320575
5320576
5320577
5320578
5320579
5320580
5320581
5320582
5320583
5320584
5320585
5320586
5320587
5320588
5320589
5320590
5320591
5320593
5320594
5320595
5320597
5320598
5320599
5320600
5320601
5320602
5320603
5320604
5320605
5320606
5320607
5320608
5320609
5320610
5320611
5320612
5320613
5320614
5320615
5320616
5320617
5320618
5320619
5320620
5320621
5320622
5320623
5320624
5320625
5320626
5320627
5320628
5320629
5320630
5320631
5320632
5320633
5320634
5320635
5320636
5320637
5320638
5320639
5320640
5320641
5320642
5320643
5320644
5320645
5320646
5320647
5320649
5320650
5320651
5320652
5320653
5320654
5320655
5320656
5320657
5320658
5320659
5320660
5320661
5320662
5320663
5320664
5320665
5320666
5320667
5320668
5320669
5320670
5320671
5320672
5320673
5320674
5320675
5320676
5320677
5320678
5320679
5320680
5320681
5320682
5320683
5320684
5320685
5320686
5320687
5320688
5320689
5320690
5320691
5320692
5320693
5320694
5320695
5320697
5320698
5320699
5320700
5320701
5320703
5320704
5320705
5320706
5320707
5320708
5320709
5320710
5320711
5320712
5320713
5320714
5320715
5320716
5320717
5320718
5320719
5320721
5320722
5320723
5320724
5320725
5320726
5320727
5320728
5320729
5320730
5320731
5320732
5320733
5320734
5320735
5320736
5320737
5320738
5320739
5320740
5320742
5320743
5320744
5320745
5320746
5320747
5320748
5320749
5320750
5320751
5320752
5320753
5320756
5320757
5320758
5320761
5320763
5320764
5320765
5320766
5320767
5320768
5320769
5320770
5320771
5320773
5320774
5320775
5320776
5320777
5320779
5320780
5320781
5320782
5320783
5320784
5320786
5320787
5320788
5320789
5320790
5320791
5320792
5320793
5320794
5320795
5320796
5320797
5320799
5320800
5320801
5320802
5320803
5320804
5320805
5320806
5320807
5320808
5320809
5320810
5320811
5320812
5320813
5320814
5320815
5320816
5320817
5320818
5320819
5320820
5320821
5320822
5320823
5320824
5320825
5320826
5320827
5320828
5320829
5320830
5320831
5320832
5320833
5320834
5320835
5320836
5320837
5320838
5320839
5320840
5320841
5320842
5320843
5320844
5320845
5320846
5320847
5320848
5320849
5320850
5320852
5320853
5320854
5320856
5320857
5320858
5320859
5320860
5320861
5320862
5320863
5320864
5320865
5320866
5320867
5320868
5320869
5320870
5320871
5320872
5320873
5320874
5320875
5320876
5320877
5320878
5320879
5320880
5320881
5320882
5320883
5320884
5320885
5320886
5320887
5320888
5320889
5320890
5320891
5320892
5320893
5320894
5320895
5320897
5320898
5320899
5320900
5320901
5320902
5320903
5320904
5320905
5320906
5320907
5320909
5320910
5320911
5320912
5320913
5320914
5320915
5320916
5320917
5320918
5320919
5320920
5320921
5320922
5320923
5320924
5320925
5320926
5320927
5320928
5320929
5320930
5320931
5320932
5320933
5320934
5320935
5320936
5320937
5320938
5320939
5320940
5320941
5320942
5320943
5320944
5320947
5320948
5320949
5320950
5320951
5320952
5320953
5320954
5320955
5320956
5320957
5320958
5320959
5320960
5320961
5320962
5320963
5320964
5320966
5320967
5320968
5320969
5320970
5320971
5320972
5320973
5320974
5320975
5320976
5320978
5320979
5320980
5320981
5320982
5320983
5320984
5320985
5320986
5320987
5320988
5320989
5320990
5320991
5320992
5320993
5320994
5320995
5320996
5320997
5320998
5320999
5321000
5321001
5321002
5321003
5321004
5321006
5321007
5321008
5321009
5321010
5321011
5321012
5321013
5321014
5321015
5321016
5321017
5321018
5321019
5321020
5321021
5321022
5321023
5321024
5321026
5321027
5321028
5321029
5321030
5321031
5321032
5321034
5321035
5321036
5321037
5321038
5321039
5321040
5321041
5321042
5321043
5321044
5321046
5321047
5321048
5321049
5321050
5321051
5321052
5321053
5321054
5321055
5321056
5321057
5321058
5321059
5321060
5321061
5321062
5321063
5321064
5321065
5321067
5321068
5321069
5321070
5321071
5319550
5319551
5319569
5319581
5319586
5319587
5319588
5319590
5319591
5319597
5319598
5319615
5319618
5319620
5319621
5319622
5319623
5319624
5319625
5319626
5319627
5319628
5319629
5319630
5319631
5319632
5319639
5319640
5319641
5319643
5319645
5319646
5319647
5319648
5319649
5319650
5319651
5319653
5319654
5319656
5319662
5319663
5319664
5319665
5319666
5319667
5319668
5319669
5319671
5319672
5319673
5319674
5319675
5319676
5319677
5319679
5319680
5319681
5319682
5319683
5319684
5319685
5319686
5319687
5319688
5319689
5319690
5319691
5319692
5319693
5319694
5319695
5319698
5319699
5319700
5319701
5319702
5319703
5319704
5319717
5319718
5319719
5319720
5319721
5319723
5319724
5319725
5319726
5319727
5319728
5319729
5319730
5319732
5319733
5319734
5319735
5319736
5319737
5319738
5319739
5319740
5319742
5319744
5319745
5319749
5319750
5319751
5319752
5319753
5319754
5319755
5319756
5319757
5319758
5319759
5319760
5319761
5319763
5319764
5319765
5319766
5319767
5319768
5319769
5319770
5319771
5319773
5319775
5319776
5319785
5319788
5319798
5319800
5319802
5319803
5319821
5319823
5319826
5319827
5319828
5319829
5319830
5319834
5319835
5319836
5319842
5319845
5319873
5319889
5319890
5319891
5319892
5319893
5319894
5319895
5319896
5319897
5319898
5319899
5319900
5319901
5319903
5319904
5319905
5319906
5319907
5319908
5319909
5319910
5319913
5319914
5319923
5319924
5319927
5319934
5319936
5319937
5319938
5319946
5319947
5319948
5319950
5319951
5319952
5319953
5319955
5319958
5319959
5319960
5319969
5319971
5319972
5319975
5319978
5319979
5319988
5319990
5319991
5319992
5319993
5319998
5319999
5320000
5320002
5320004
5320006
5320008
5320009
5320010
5320011
5320012
5320014
5320015
5320016
5320018
5320019
5320020
5320021
5320022
5320023
5320024
5320027
5320028
5320032
5320033
5320035
5320039
5320042
5320043
5320044
5320045
5320046
5320047
5320048
5320049
5320050
5320051
5320052
5320053
5320054
5320055
5320056
5320057
5320058
5320064
5320065
5320066
5320067
5320068
5320069
5320070
5320071
5320073
5320075
5320076
5320077
5320078
5320079
5320080
5320081
5320083
5320084
5320085
5320086
5320087
5320088
5320089
5320090
5320091
5320092
5320093
5320095
5320096
5320097
5320098
5320099
5320101
5320102
5320103
5320104
5320105
5320106
5320107
5320108
5320109
5320110
5320111
5320112
5320113
5320114
5320115
5320117
5320118
5320119
5320120
5320122
5320123
5320124
5320125
5320126
5320127
5320128
5320129
5320130
5320132
5320133
5320134
5320135
5320136
5320138
5320139
5320140
5320141
5320142
5320143
5320144
5320145
5320146
5320147
5320148
5320150
5320151
5320152
5320153
5320155
5320157
5320159
5320160
5320161
5320162
5320165
5320166
5320167
5320168
5320169
5320170
5320171
5320172
5320173
5320174
5320175
5320177
5320179
5320180
5320181
5320182
5320183
5320184
5320185
5320186
5320188
5320189
5320190
5320192
5320193
5320194
5320195
5320196
5320197
5320198
5320199
5320201
5320202
5320203
5320204
5320205
5320206
5320207
5320208
5320209
5320210
5320211
5320212
5320213
5320214
5320215
5320216
5320217
5320218
5320219
5320220
5320221
5320222
5320224
5320226
5320227
5320229
5320230
5320231
5320236
5320238
5320239
5320242
5320243
5320244
5320245
5320246
5320247
5320248
5320249
5320250
5320251
5320252
5320253
5320255
5320256
5320257
5320259
5320261
5320263
5320264
5320265
5320266
5320267
5320268
5320270
5320271
5320272
5320273
5320274
5320275
5320278
5320283
5320287
5320288
5320290
5320291
5320292
5320293
5320294
5320296
5320297
5320298
5320299
5320300
5320301
5320306
5320315
5320318