5603328
5603329
5603330
5603331
5603333
5603334
5603335
5603336
5603337
5603338
5603339
5603340
5603341
5603342
5603343
5603345
5603346
5603347
5603349
5603350
5603352
5603353
5603354
5603355
5603356
5603358
5603359
5603360
5603361
5603362
5603363
5603364
5603365
5603366
5603367
5603368
5603369
5603370
5603371
5603372
5603373
5603374
5603375
5603376
5603377
5603378
5603379
5603380
5603381
5603382
5603383
5603384
5603385
5603386
5603387
5603388
5603389
5603390
5603391
5603392
5603393
5603394
5603395
5603396
5603397
5603398
5603399
5603400
5603401
5603402
5603403
5603405
5603406
5603407
5603408
5603409
5603410
5603411
5603412
5603413
5603414
5603415
5603416
5603417
5603419
5603420
5603421
5603422
5603423
5603424
5603425
5603426
5603427
5603428
5603429
5603430
5603431
5603432
5603433
5603434
5603435
5603436
5603437
5603438
5603439
5603440
5603441
5603442
5603443
5603445
5603446
5603447
5603448
5603449
5603451
5603452
5603453
5603454
5603455
5603456
5603457
5603458
5603459
5603460
5603461
5603462
5603464
5603465
5603466
5603467
5603468
5603470
5603471
5603473
5603474
5603475
5603476
5603477
5603478
5603479
5603480
5603481
5603482
5603483
5603485
5603486
5603487
5603488
5603490
5603491
5603492
5603493
5603494
5603495
5603496
5603497
5603498
5603499
5603500
5603501
5603502
5603503
5603504
5603505
5603506
5603507
5603508
5603509
5603510
5603511
5603512
5603513
5603514
5603515
5603516
5603517
5603518
5603519
5603520
5603521
5603522
5603524
5603525
5603526
5603527
5603528
5603529
5603530
5603531
5603532
5603533
5603534
5603535
5603536
5603537
5603538
5603539
5603540
5603541
5603543
5603544
5603545
5603546
5603547
5603548
5603549
5603550
5603551
5603553
5603554
5603555
5603556
5603557
5603558
5603559
5603561
5603562
5603563
5603564
5603565
5603566
5603568
5603569
5603570
5603571
5603572
5603573
5603574
5603575
5603576
5603577
5603578
5603579
5603580
5603581
5603582
5603583
5603584
5603585
5603586
5603587
5603588
5603589
5603590
5603591
5603592
5603593
5603595
5603596
5603597
5603598
5603599
5603600
5603601
5603602
5603603
5603604
5603605
5603606
5603607
5603608
5603609
5603610
5603611
5603612
5603613
5603614
5603615
5603616
5603617
5603618
5603619
5603620
5603621
5603622
5603623
5603624
5603625
5603626
5603627
5603628
5603629
5603631
5603632
5603633
5603634
5603635
5603636
5603637
5603638
5603639
5603640
5603641
5603642
5603643
5603644
5603645
5603647
5603648
5603649
5603650
5603651
5603652
5603653
5603654
5603655
5603656
5603657
5603658
5603660
5603662
5603663
5603664
5603665
5603666
5603667
5603669
5603671
5603672
5603673
5603674
5603675
5603677
5603678
5603679
5603681
5603682
5603683
5603684
5603685
5603686
5603687
5603688
5603689
5603690
5603691
5603692
5603693
5603694
5603695
5603696
5603697
5603698
5603700
5603702
5603703
5603704
5603705
5603706
5603707
5603708
5603709
5603710
5603711
5603712
5603713
5603714
5603716
5603717
5603718
5603719
5603721
5603722
5603723
5603724
5603726
5603727
5603728
5603729
5603730
5603731
5603732
5603733
5603734
5603735
5603738
5603739
5603741
5603743
5603744
5603745
5603746
5603747
5603748
5603749
5603751
5603754
5603755
5603756
5603757
5603758
5603759
5603760
5603761
5603762
5603763
5603764
5603765
5603766
5603767
5603768
5603769
5603770
5603771
5603772
5603773
5603774
5603775
5603776
5603777
5603778
5603779
5603780
5603781
5603782
5603783
5603784
5603785
5603786
5603787
5603788
5603789
5603790
5603791
5603792
5603793
5603794
5603795
5603797
5603798
5603799
5603800
5603801
5603802
5603803
5603804
5603805
5603807
5603808
5603809
5603811
5603812
5603813
5603814
5603815
5603816
5603817
5603818
5603819
5603820
5603821
5603822
5603824
5603825
5603826
5603827
5603828
5603829
5603830
5603831
5603832
5603833
5603834
5603835
5603836
5603837
5603838
5603839
5603840
5603841
5603842
5603843
5603844
5603845
5603846
5603847
5603848
5603849
5603850
5603851
5603852
5603853
5603854
5603855
5603857
5603859
5603860
5603861
5603862
5603863
5603864
5603865
5603866
5603867
5603868
5603870
5603871
5603872
5603873
5603874
5603875
5603876
5603877
5603878
5603880
5603881
5603882
5603883
5603884
5603885
5603886
5603887
5603888
5603889
5603890
5603891
5603892
5603893
5603894
5603895
5603896
5603897
5603898
5603899
5603900
5603901
5603902
5603903
5603904
5603905
5603906
5603907
5603908
5603910
5603911
5603913
5603914
5603915
5603916
5603917
5603918
5603919
5603920
5603921
5603923
5603924
5603925
5603926
5603927
5603928
5603929
5603930
5603931
5603932
5603933
5603934
5603935
5603936
5603937
5603938
5603939
5603941
5603942
5603943
5603944
5603945
5603946
5603947
5603948
5603949
5603950
5603951
5603952
5603953
5603954
5603955
5603956
5603957
5603958
5603959
5603960
5603961
5603962
5603963
5603964
5603965
5603966
5603967
5603968
5603969
5603970
5603971
5603972
5603973
5603974
5603975
5603976
5603977
5603978
5603979
5603980
5603981
5603982
5603983
5603984
5603985
5603986
5603987
5603988
5603989
5603990
5603991
5603992
5603993
5603994
5603995
5603996
5603997
5603998
5603999
5604000
5604001
5604002
5604003
5604004
5604005
5604006
5604007
5604008
5604009
5604010
5604011
5604012
5604013
5604014
5604015
5604016
5604017
5604018
5604019
5604020
5604021
5604022
5604023
5604024
5604025
5604026
5604027
5604028
5604029
5604030
5604032
5604033
5604034
5604035
5604036
5604037
5604039
5604041
5604042
5604043
5604044
5604045
5604047
5604048
5604049
5604050
5604051
5604052
5604053
5604054
5604055
5604056
5604057
5604058
5604059
5604060
5604061
5604062
5604063
5604064
5604065
5604067
5604068
5604069
5604070
5604071
5604072
5604073
5604074
5604075
5604076
5604077
5604078
5604080
5604081
5604082
5604084
5604085
5604086
5604087
5604088
5604089
5604090
5604091
5604092
5604093
5604094
5604095
5604096
5604097
5604098
5604100
5604101
5604102
5604103
5604104
5604105
5604107
5604108
5604109
5604110
5604111
5604112
5604113
5604114
5604115
5604116
5604117
5604118
5604119
5604120
5604121
5604122
5604123
5604124
5604125
5604126
5604127
5604128
5604129
5604130
5604131
5604132
5604133
5604134
5604135
5604136
5604137
5604138
5604139
5604140
5604141
5604142
5604143
5604144
5604145
5604146
5604147
5604148
5604149
5604150
5604151
5604152
5604153
5604154
5604155
5604156
5604157
5604158
5604159
5604160
5604161
5604162
5604163
5604164
5604165
5604167
5604168
5604169
5604171
5604172
5604173
5604174
5604175
5604176
5604177
5604179
5604180
5604181
5604182
5604183
5604184
5604185
5604186
5604187
5604189
5604190
5604191
5604193
5604194
5604195
5604196
5604197
5604198
5604199
5604200
5604201
5604202
5604203
5604204
5604205
5604206
5604207
5604208
5604209
5604210
5604211
5604213
5604214
5604215
5604216
5604217
5604218
5604219
5604220
5604221
5604222
5604223
5604224
5604225
5604226
5604227
5604229
5604230
5604231
5604232
5604233
5604234
5604235
5604236
5604237
5604238
5604239
5604240
5604241
5604243
5604244
5604245
5604246
5604247
5604248
5604250
5604252
5604253
5604254
5604255
5604256
5604257
5604258
5604259
5604260
5604261
5604262
5604263
5604264
5604265
5604266
5604267
5604268
5604269
5604270
5604271
5604272
5604273
5604274
5604275
5604276
5604277
5604278
5604279
5604280
5604281
5604282
5604283
5604284
5604285
5604287
5604288
5604289
5604290
5604291
5604292
5604293
5604294
5604295
5604296
5604297
5604298
5604299
5604300
5604301
5604302
5604303
5604304
5604306
5604307
5604308
5604309
5604310
5604311
5604312
5604313
5604314
5604315
5604316
5604317
5604318
5604319
5604320
5604321
5604322
5604323
5604324
5604325
5604326
5604327
5604329
5604330
5604332
5604333
5604334
5604335
5604336
5604337
5604338
5604339
5604340
5604341
5604342
5604344
5604345
5604346
5604347
5604348
5604349
5604350
5604351
5604352
5604353
5604354
5604355
5604356
5604357
5604358
5604359
5604360
5604361
5604362
5604363
5604364
5604365
5604366
5604368
5604369
5604370
5604371
5604372
5604373
5604374
5604375
5604376
5604377
5604378
5604379
5604380
5604381
5604382
5604383
5604384
5604385
5604386
5604387
5604388
5604389
5604390
5604391
5604392
5604393
5604394
5604395
5604396
5604397
5604398
5604399
5604400
5604401
5604402
5604403
5604404
5604405
5604406
5604407
5604408
5604409
5604410
5604411
5604412
5604413
5604414
5604415
5604416
5604417
5604418
5604419
5604420
5604421
5604422
5604424
5604425
5604426
5604427
5604428
5604429
5604430
5604431
5604433
5604434
5604435
5604436
5604437
5604438
5604439
5604440
5604441
5604442
5604443
5604444
5604445
5604446
5604447
5604450
5604451
5604452
5604453
5604454
5604455
5604456
5604457
5604458
5604459
5604460
5604461
5604462
5604463
5604465
5604466
5604467
5604468
5604469
5604470
5604471
5604473
5604474
5604475
5604476
5604477
5604478
5604479
5604480
5604481
5604482
5604483
5604484
5604485
5604486
5604487
5604488
5604489
5604490
5604491
5604492
5604493
5604494
5604495
5604496
5604497
5604499
5604500
5604501
5604502
5604503
5604504
5604505
5604506
5604508
5604512
5604513
5604514
5604515
5604516
5604517
5604518
5604519
5604520
5604521
5604522
5604523
5604524
5604525
5604526
5604527
5604528
5604529
5604530
5604531
5604532
5604533
5604534
5604535
5604536
5604537
5604538
5604539
5604540
5604541
5604542
5604543
5604544
5604545
5604546
5604547
5604550
5604551
5604552
5604553
5604554
5604555
5604556
5604557
5604558
5604559
5604560
5604561
5604562
5604563
5604564
5604566
5604567
5604568
5604569
5604570
5604571
5604572
5604573
5604574
5604575
5604576
5604577
5604578
5604579
5604580
5604581
5604582
5604583
5604584
5604585
5604586
5604587
5604588
5604589
5604590
5604591
5604592
5604593
5604594
5604595
5604596
5604597
5604598
5604599
5604600
5604601
5604602
5604603
5604604
5604605
5604606
5604607
5604608
5604609
5604610
5604611
5604612
5604613
5604614
5604615
5604616
5604617
5604618
5604619
5604620
5604621
5604622
5604623
5604624
5604625
5604626
5604627
5604628
5604629
5604630
5604632
5604633
5604634
5604635
5604636
5604637
5604638
5604640
5604643
5604645
5604646
5604648
5604651
5604652
5604653
5604654
5604655
5604656
5604657
5604658
5604659
5604660
5604661
5604662
5604663
5604664
5604665
5604666
5604667
5604668
5604669
5604670
5604672
5604673
5604674
5604675
5604676
5604677
5604678
5604679
5604680
5604681
5604682
5604683
5604685
5604686
5604687
5604688
5604689
5604690
5604691
5604692
5604693
5604694
5604695
5604696
5604697
5604699
5604700
5604701
5604702
5604703
5604705
5604706
5604707
5604708
5604709
5604710
5604711
5604712
5604713
5604715
5604716
5604717
5604718
5604719
5604720
5604721
5604722
5604723
5604724
5604725
5604726
5604727
5604728
5604729
5604731
5604732
5604733
5604734
5604735
5604736
5604738
5604739
5604740
5604741
5604742
5604744
5604745
5604746
5604748
5604749
5604750
5604751
5604752
5604753
5604754
5604755
5604757
5604758
5604759
5604760
5604761
5604763
5604764
5604766
5604767
5604768
5604769
5604770
5604771
5604772
5604773
5604774
5604775
5604776
5604777
5604778
5604779
5604781
5604782
5604783
5604784
5604785
5604786
5604787
5604788
5604790
5604791
5604792
5604793
5604794
5604795
5604796
5604797
5604799
5604800
5604801
5604802
5604803
5604804
5604805
5604806
5604807
5604809
5604810
5604812
5604813
5604814
5604816
5604817
5604818
5604819
5604820
5604821
5604822
5604823
5604824
5604825
5604827
5604828
5604829
5604830
5604831
5604832
5604833
5604834
5604835
5604836
5604837
5604838
5604839
5604840
5604841
5604842
5604843
5604844
5604845
5604846
5604847
5604849
5604850
5604851
5604852
5604853
5604854
5604855
5604857
5604859
5604861
5604862
5604863
5604864
5604865
5604867
5604868
5604869
5604870
5604871
5604872
5604874
5604875
5604876
5604878
5604879
5604880
5604881
5604883
5604884
5604885
5604886
5604888
5604889
5604890
5604891
5604895
5604896
5604897
5604898
5604899
5604900
5604902
5604904
5604905
5604906
5604907
5604908
5604909
5604910
5604911
5604912
5604913
5604914
5604915
5604916
5604917
5604918
5604919
5604920
5604921
5604922
5604923
5604924
5604925
5604926
5604927
5604928
5604929
5604930
5604931
5604932
5604933
5604934
5604935
5604937
5604938
5604939
5604940
5604941
5604942
5604943
5604944
5604945
5604946
5604948
5604950
5604951
5604952
5604953
5604954
5604955
5604956
5604957
5604958
5604959
5604960
5604961
5604962
5604964
5604965
5604966
5604967
5604968
5604969
5604970
5604971
5604972
5604973
5604974
5604975
5604976
5604977
5604978
5604979
5604980
5604981
5604982
5604983
5604985
5604986
5604988
5604989
5604990
5604991
5604992
5604993
5604994
5604995
5604996
5604997
5604998
5604999
5605000
5605001
5605003
5605004
5605005
5605006
5605007
5605008
5605009
5605010
5605011
5605012
5605013
5605014
5605015
5605016
5605017
5605018
5605019
5605020
5605021
5605022
5605023
5605024
5605025
5605026
5605027
5605028
5605029
5605030
5605031
5605032
5605033
5605034
5605035
5605036
5605037
5605038
5605039
5605040
5605041
5605042
5605043
5605044
5605045
5605046
5605047
5605049
5605050
5605051
5605052
5605053
5605054
5605055
5605056
5605057
5605058
5605059
5605060
5605061
5605062
5605063
5605064
5605065
5605066
5605067
5605068
5605069
5605070
5605071
5605072
5605073
5605074
5605075
5605076
5605077
5605078
5605079
5605080
5605081
5605082
5605083
5605084
5605085
5605086
5605087
5605088
5605089
5605090
5605091
5605092
5605093
5605094
5605095
5605096
5605097
5605098
5605099
5605100
5605102
5605103
5605104
5605105
5605106
5605107
5605108
5605109
5605110
5605111
5605112
5605113
5605114
5605115
5605116
5605117
5605118
5605119
5605120
5605121
5605122
5605123
5605124
5605125
5605126
5605127
5605128
5605129
5605130
5605131
5605132
5605133
5605134
5605135
5605136
5605138
5605139
5605140
5605141
5605142
5605143
5605144
5605145
5605146
5605147
5605148
5605149
5605150
5605152
5605153
5605154
5605155
5605156
5605157
5605160
5605161
5605162
5605163
5605164
5605165
5605166
5605167
5605168
5605169
5605170
5605171
5605172
5605173
5605174
5605175
5605176
5605177
5605178
5605179
5605180
5605181
5605182
5605183
5605184
5605185
5605186
5605187
5605188
5605189
5605190
5605191
5605192
5605193
5605194
5605195
5605196
5605197
5605198
5605199
5605200
5605201
5605202
5605203
5605204
5605205
5605206
5605207
5605208
5605209
5605210
5605211
5605212
5605213
5605214
5605215
5605216
5605217
5605218
5605219
5605220
5605222
5605223
5605224
5605225
5605226
5605227
5605228
5605229
5605230
5605232
5605233
5605234
5605235
5605236
5605237
5605238
5605240
5605241
5605242
5605243
5605244
5605245
5605246
5605247
5605248
5605249
5605250
5605251
5605252
5605253
5605254
5605255
5605256
5605257
5605258
5605259
5605260
5605261
5605262
5605264
5605266
5605267
5605268
5605269
5605270
5605271
5605272
5605273
5605274
5605275
5605276
5605277
5605278
5605279
5605280
5605281
5605282
5605283
5605284
5605285
5605286
5605287
5605288
5605289
5605290
5605291
5605292
5605293
5605294
5605295
5605296
5605297
5605298
5605299
5605300
5605301
5605302
5605303
5605304
5605305
5605306
5605307
5605308
5605309
5605310
5605311
5605312
5605313
5605314
5605315
5605316
5602578
5602579
5602580
5602581
5602582
5602583
5602584
5602585
5602586
5602587
5602588
5602589
5602590
5602592
5602593
5602594
5602595
5602596
5602597
5602598
5602599
5602601
5602602
5602603
5602604
5602605
5602606
5602607
5602608
5602610
5602611
5602612
5602613
5602614
5602615
5602616
5602617
5602618
5602619
5602620
5602621
5602622
5602623
5602624
5602625
5602626
5602627
5602629
5602630
5602631
5602632
5602633
5602634
5602635
5602636
5602637
5602638
5602639
5602640
5602641
5602643
5602644
5602645
5602646
5602647
5602649
5602650
5602651
5602652
5602653
5602654
5602655
5602656
5602657
5602658
5602659
5602660
5602661
5602663
5602664
5602665
5602666
5602667
5602669
5602670
5602672
5602673
5602674
5602675
5602676
5602677
5602678
5602679
5602681
5602682
5602683
5602684
5602685
5602686
5602688
5602689
5602690
5602691
5602692
5602693
5602694
5602695
5602698
5602699
5602701
5602702
5602703
5602704
5602705
5602706
5602707
5602708
5602709
5602710
5602711
5602712
5602713
5602714
5602715
5602716
5602717
5602718
5602719
5602720
5602721
5602722
5602723
5602725
5602726
5602727
5602728
5602729
5602730
5602731
5602732
5602733
5602734
5602735
5602736
5602737
5602738
5602739
5602740
5602741
5602742
5602743
5602744
5602745
5602746
5602747
5602748
5602749
5602750
5602751
5602753
5602754
5602755
5602756
5602757
5602758
5602759
5602760
5602761
5602762
5602763
5602764
5602765
5602766
5602767
5602768
5602769
5602770
5602771
5602772
5602773
5602774
5602776
5602777
5602778
5602779
5602780
5602781
5602782
5602783
5602784
5602785
5602786
5602787
5602788
5602789
5602790
5602791
5602792
5602793
5602794
5602795
5602796
5602797
5602798
5602799
5602800
5602801
5602802
5602803
5602804
5602805
5602806
5602807
5602808
5602809
5602810
5602811
5602812
5602813
5602814
5602815
5602816
5602817
5602818
5602819
5602820
5602821
5602822
5602823
5602824
5602825
5602826
5602827
5602828
5602829
5602830
5602831
5602832
5602833
5602834
5602835
5602836
5602837
5602839
5602840
5602841
5602842
5602843
5602844
5602845
5602847
5602849
5602850
5602851
5602853
5602854
5602855
5602856
5602857
5602858
5602859
5602860
5602861
5602862
5602863
5602864
5602865
5602866
5602867
5602868
5602869
5602870
5602871
5602872
5602873
5602874
5602876
5602877
5602878
5602880
5602881
5602882
5602883
5602884
5602885
5602886
5602887
5602888
5602889
5602890
5602891
5602892
5602893
5602894
5602895
5602896
5602897
5602898
5602900
5602901
5602903
5602904
5602905
5602906
5602907
5602909
5602910
5602911
5602912
5602913
5602914
5602915
5602916
5602918
5602919
5602920
5602921
5602922
5602923
5602924
5602925
5602926
5602927
5602928
5602929
5602930
5602931
5602933
5602934
5602936
5602937
5602938
5602939
5602940
5602943
5602944
5602945
5602946
5602947
5602948
5602950
5602951
5602952
5602953
5602954
5602956
5602957
5602958
5602959
5602960
5602961
5602962
5602963
5602964
5602965
5602966
5602967
5602968
5602969
5602970
5602971
5602972
5602973
5602974
5602975
5602977
5602978
5602979
5602980
5602981
5602982
5602983
5602984
5602985
5602986
5602987
5602988
5602990
5602991
5602992
5602994
5602995
5602996
5602997
5602998
5603001
5603002
5603004
5603005
5603006
5603007
5603008
5603009
5603010
5603011
5603012
5603013
5603014
5603015
5603016
5603017
5603018
5603019
5603020
5603021
5603022
5603023
5603026
5603027
5603028
5603029
5603030
5603031
5603032
5603033
5603034
5603035
5603037
5603038
5603039
5603041
5603042
5603044
5603045
5603046
5603047
5603049
5603050
5603051
5603052
5603054
5603055
5603058
5603059
5603060
5603061
5603062
5603063
5603064
5603065
5603066
5603067
5603068
5603070
5603071
5603072
5603073
5603074
5603075
5603076
5603077
5603078
5603079
5603080
5603081
5603082
5603083
5603084
5603085
5603086
5603087
5603088
5603089
5603090
5603092
5603093
5603094
5603095
5603096
5603097
5603098
5603099
5603100
5603101
5603102
5603103
5603104
5603106
5603107
5603108
5603109
5603111
5603112
5603113
5603114
5603115
5603116
5603117
5603118
5603119
5603120
5603122
5603123
5603124
5603126
5603127
5603128
5603131
5603132
5603133
5603134
5603135
5603136
5603137
5603141
5603142
5603143
5603145
5603146
5603147
5603148
5603149
5603150
5603151
5603152
5603153
5603154
5603155
5603156
5603157
5603158
5603159
5603160
5603161
5603162
5603163
5603164
5603166
5603167
5603168
5603169
5603170
5603171
5603172
5603173
5603174
5603175
5603176
5603177
5603179
5603180
5603181
5603182
5603183
5603184
5603185
5603186
5603188
5603189
5603190
5603191
5603192
5603193
5603194
5603195
5603196
5603197
5603198
5603199
5603200
5603201
5603202
5603203
5603204
5603205
5603206
5603207
5603208
5603209
5603210
5603211
5603212
5603213
5603214
5603215
5603216
5603217
5603218
5603219
5603220
5603221
5603222
5603223
5603224
5603225
5603227
5603228
5603229
5603230
5603231
5603232
5603233
5603234
5603235
5603236
5603237
5603238
5603239
5603240
5603241
5603242
5603243
5603244
5603245
5603246
5603247
5603248
5603249
5603251
5603252
5603254
5603256
5603257
5603258
5603259
5603260
5603261
5603262
5603263
5603264
5603265
5603266
5603267
5603268
5603269
5603270
5603271
5603272
5603273
5603274
5603275
5603276
5603277
5603278
5603279
5603280
5603281
5603282
5603283
5603284
5603285
5603286
5603287
5603288
5603289
5603290
5603291
5603292
5603293
5603294
5603295
5603296
5603298
5603299
5603300
5603301
5603302
5603303
5603304
5603305
5603306
5603308
5603309
5603310
5603311
5603312
5603313
5603314
5603315
5603316
5603317
5603318
5603319
5603320
5603321
5603322
5603323
5603324
5603325
5603326
5603327