5632385
5632386
5632387
5632388
5632389
5632390
5632391
5632392
5632393
5632394
5632395
5632396
5632397
5632398
5632399
5632400
5632401
5632402
5632403
5632404
5632405
5632406
5632407
5632408
5632410
5632411
5632412
5632413
5632414
5632415
5632416
5632417
5632419
5632420
5632422
5632423
5632424
5632425
5632428
5632429
5632430
5632431
5632432
5632434
5632435
5632436
5632437
5632438
5632439
5632440
5632441
5632444
5632445
5632446
5632447
5632448
5632449
5632451
5632452
5632453
5632454
5632455
5632456
5632457
5632458
5632459
5632460
5632461
5632462
5632463
5632465
5632466
5632467
5632468
5632469
5632470
5632471
5632472
5632473
5632474
5632475
5632476
5632478
5632485
5632486
5632487
5632488
5632489
5632490
5632491
5632493
5632495
5632496
5632497
5632498
5632499
5632500
5632501
5632502
5632503
5632504
5632505
5632506
5632507
5632508
5632509
5632511
5632512
5632513
5632521
5632523
5632524
5632525
5632526
5632527
5632528
5632532
5632533
5632536
5632537
5632542
5632543
5632547
5632548
5632551
5632552
5632557
5632560
5632561
5632566
5632568
5632569
5632570
5632572
5632573
5632574
5632575
5632576
5632578
5632585
5632586
5632587
5632592
5632601
5632602
5632603
5632604
5632605
5632606
5632607
5632608
5632609
5632610
5632611
5632612
5632613
5632615
5632616
5632619
5632620
5632621
5632622
5632623
5632624
5632625
5632626
5632627
5632628
5632629
5632631
5632633
5632634
5632637
5632639
5632641
5632642
5632643
5632644
5632645
5632646
5632647
5632648
5632649
5632650
5632651
5632652
5632653
5632654
5632655
5632656
5632657
5632658
5632659
5632660
5632661
5632662
5632663
5632665
5632666
5632667
5632668
5632669
5632670
5632671
5632672
5632674
5632676
5632677
5632678
5632679
5632680
5632681
5632682
5632683
5632684
5632685
5632686
5632687
5632688
5632689
5632690
5632691
5632692
5632693
5632694
5632695
5632696
5632697
5632698
5632699
5632701
5632702
5632703
5632704
5632705
5632706
5632707
5632708
5632709
5632710
5632711
5632712
5632713
5632714
5632715
5632716
5632717
5632718
5632719
5632722
5632723
5632724
5632726
5632730
5632731
5632732
5632733
5632734
5632735
5632736
5632737
5632738
5632739
5632740
5632741
5632742
5632743
5632744
5632745
5632746
5632747
5632748
5632749
5632750
5632751
5632752
5632753
5632754
5632755
5632757
5632758
5632759
5632760
5632761
5632762
5632763
5632764
5632765
5632766
5632767
5632768
5632769
5632770
5632771
5632772
5632773
5632774
5632775
5632776
5632777
5632778
5632779
5632780
5632781
5632782
5632783
5632784
5632785
5632786
5632787
5632789
5632790
5632791
5632792
5632793
5632794
5632795
5632796
5632797
5632798
5632799
5632800
5632801
5632802
5632803
5632804
5632806
5632807
5632808
5632809
5632810
5632811
5632812
5632813
5632814
5632815
5632816
5632817
5632819
5632820
5632821
5632822
5632823
5632824
5632825
5632826
5632827
5632828
5632829
5632831
5632832
5632833
5632834
5632835
5632836
5632837
5632838
5632839
5632840
5632841
5632842
5632844
5632845
5632846
5632847
5632849
5632851
5632852
5632853
5632854
5632855
5632856
5632857
5632858
5632859
5632863
5632865
5632866
5632867
5632868
5632869
5632870
5632871
5632872
5632873
5632874
5632875
5632876
5632877
5632879
5632880
5632881
5632882
5632883
5632884
5632887
5632888
5632890
5632891
5632892
5632893
5632894
5632895
5632896
5632897
5632898
5632899
5632900
5632901
5632902
5632904
5632905
5632906
5632907
5632908
5632909
5632910
5632911
5632912
5632913
5632914
5632915
5632917
5632918
5632919
5632920
5632921
5632922
5632923
5632924
5632925
5632926
5632927
5632928
5632929
5632930
5632931
5632932
5632933
5632935
5632936
5632939
5632941
5632942
5632943
5632946
5632947
5632949
5632952
5632953
5632954
5632959
5632960
5632962
5632966
5632969
5632970
5632972
5632973
5632974
5632975
5632976
5632977
5632978
5632979
5632980
5632981
5632982
5632983
5632984
5632985
5632986
5632987
5632988
5632991
5632992
5632993
5632994
5632995
5632996
5632997
5632998
5632999
5633000
5633001
5633002
5633004
5633005
5633006
5633007
5633008
5633009
5633010
5633011
5633012
5633013
5633014
5633016
5633018
5633019
5633020
5633021
5633022
5633023
5633024
5633025
5633026
5633027
5633029
5633030
5633031
5633033
5633034
5633035
5633036
5633037
5633038
5633039
5633040
5633041
5633043
5633044
5633045
5633046
5633048
5633049
5633050
5633051
5633052
5633054
5633055
5633056
5633057
5633060
5633061
5633063
5633064
5633065
5633067
5633068
5633070
5633071
5633072
5633073
5633074
5633075
5633076
5633077
5633078
5633079
5633080
5633081
5633082
5633083
5633084
5633085
5633087
5633088
5633090
5633091
5633092
5633093
5633094
5633096
5633097
5633098
5633101
5633102
5633103
5633104
5633106
5633107
5633108
5633110
5633111
5633112
5633113
5633115
5633116
5633117
5633119
5633121
5633122
5633123
5633124
5633126
5633128
5633129
5633132
5633133
5633134
5633135
5633136
5633137
5633138
5633139
5633141
5633142
5633143
5633144
5633145
5633146
5633147
5633149
5633150
5633151
5633152
5633153
5633155
5633156
5633157
5633160
5633163
5633164
5633165
5633166
5633167
5633168
5633169
5633170
5633171
5633173
5633175
5633176
5633177
5633179
5633180
5633181
5633182
5633183
5633184
5633185
5633186
5633187
5633189
5633190
5633191
5633192
5633193
5633194
5633195
5633196
5633197
5633198
5633200
5633201
5633202
5633203
5633204
5633205
5633206
5633207
5633210
5633211
5633212
5633213
5633214
5633215
5633216
5633217
5633218
5633219
5633220
5633221
5633222
5633223
5633224
5633225
5633226
5633227
5633228
5633229
5633231
5633232
5633233
5633234
5633235
5633237
5633239
5633240
5633241
5633242
5633243
5633244
5633245
5633246
5633247
5633248
5633250
5633251
5633252
5633253
5633254
5633255
5633256
5633258
5633259
5633261
5633263
5633264
5633265
5633266
5633267
5633268
5633269
5633270
5633271
5633272
5633274
5633275
5633276
5633277
5633278
5633279
5633280
5633281
5633283
5633284
5633285
5633287
5633288
5633289
5633290
5633291
5633292
5633293
5633294
5633295
5633296
5633299
5633300
5633301
5633302
5633303
5633304
5633305
5633307
5633308
5633309
5633310
5633311
5633312
5633313
5633314
5633315
5633316
5633317
5633318
5633319
5633320
5633321
5633322
5633323
5633324
5633325
5633326
5633327
5633328
5633329
5633330
5633331
5633332
5633333
5633334
5633335
5633336
5633338
5633339
5633340
5633341
5633342
5633344
5633345
5633346
5633347
5633348
5633349
5633350
5633352
5633353
5633354
5633355
5633356
5633357
5633359
5633360
5633361
5633362
5633363
5633364
5633366
5633367
5633368
5633369
5633370
5633371
5633372
5633373
5633374
5633375
5633376
5633377
5633379
5633380
5633381
5633382
5633383
5633384
5633385
5633386
5633387
5633388
5633390
5633391
5633392
5633393
5633394
5633395
5633396
5633397
5633398
5633399
5633401
5633403
5633404
5633405
5633406
5633407
5633408
5633409
5633410
5633411
5633412
5633413
5633414
5633415
5633416
5633417
5633418
5633419
5633420
5633421
5633422