5821479
5821480
5821481
5821482
5821483
5821484
5821485
5821489
5821491
5821492
5821494
5821496
5821497
5821498
5821499
5821500
5821501
5821502
5821503
5821504
5821505
5821506
5821507
5821509
5821511
5821512
5821514
5821516
5821517
5821520
5821522
5821523
5821524
5821525
5821526
5821527
5821528
5821529
5821530
5821531
5821532
5821533
5821534
5821535
5821537
5821538
5821539
5821540
5821541
5821542
5821544
5821545
5821546
5821547
5821548
5821549
5821551
5821554
5821555
5821556
5821557
5821558
5821560
5821561
5821563
5821565
5821566
5821569
5821571
5821572
5821573
5821574
5821575
5821576
5821577
5821578
5821580
5821582
5821584
5821585
5821586
5821587
5821588
5821589
5821591
5821592
5821593
5821594
5821595
5821596
5821597
5821598
5821600
5821601
5821602
5821603
5821604
5821605
5821606
5821607
5821608
5821609
5821610
5821611
5821612
5821613
5821614
5821615
5821616
5821617
5821618
5821619
5821621
5821622
5821623
5821624
5821625
5821626
5821627
5821628
5821629
5821630
5821631
5821632
5821633
5821634
5821635
5821636
5821637
5821638
5821639
5821641
5821642
5821643
5821644
5821646
5821647
5821648
5821649
5821650
5821651
5821652
5821654
5821655
5821656
5821657
5821658
5821659
5821661
5821663
5821664
5821665
5821666
5821667
5821668
5821669
5821671
5821672
5821673
5821675
5821676
5821677
5821678
5821679
5821680
5821681
5821682
5821683
5821684
5821685
5821687
5821688
5821690
5821691
5821692
5821693
5821694
5821695
5821696
5821697
5821698
5821699
5821700
5821701
5821702
5821704
5821705
5821706
5821707
5821708
5821710
5821711
5821712
5821713
5821714
5821715
5821718
5821719
5821720
5821721
5821722
5821723
5821725
5821726
5821727
5821728
5821729
5821730
5821731
5821732
5821733
5821734
5821736
5821737
5821738
5821739
5821740
5821741
5821742
5821743
5821744
5821745
5821747
5821749
5821750
5821751
5821752
5821753
5821754
5821755
5821756
5821757
5821758
5821759
5821760
5821761
5821762
5821763
5821764
5821765
5821766
5821767
5821768
5821770
5821771
5821772
5821773
5821774
5821776
5821777
5821778
5821779
5821780
5821781
5821783
5821784
5821786
5821787
5821788
5821789
5821790
5821791
5821792
5821793
5821794
5821795
5821796
5821797
5821799
5821800
5821801
5821804
5821805
5821806
5821807
5821808
5821809
5821810
5821811
5821812
5821813
5821814
5821815
5821816
5821817
5821818
5821820
5821822
5821823
5821824
5821826
5821829
5821830
5821831
5821832
5821833
5821834
5821835
5821836
5821837
5821839
5821840
5821841
5821842
5821843
5821844
5821847
5821848
5821849
5821850
5821852
5821853
5821854
5821855
5821856
5821857
5821858
5821859
5821860
5821861
5821862
5821863
5821864
5821865
5821866
5821867
5821868
5821870
5821871
5821872
5821873
5821874
5821875
5821876
5821877
5821878
5821879
5821880
5821881
5821882
5821883
5821884
5821885
5821886
5821887
5821888
5821890
5821891
5821892
5821893
5821894
5821895
5821896
5821897
5821898
5821899
5821901
5821902
5821903
5821904
5821905
5821906
5821907
5821908
5821909
5821910
5821911
5821912
5821913
5821914
5821915
5821916
5821917
5821918
5821919
5821920
5821921
5821922
5821923
5821924
5821925
5821926
5821927
5821928
5821930
5821931
5821932
5821933
5821934
5821935
5821936
5821937
5821938
5821939
5821940
5821942
5821943
5821944
5821945
5821946
5821947
5821949
5821950
5821951
5821952
5821953
5821954
5821955
5821956
5821957
5821958
5821959
5821960
5821961
5821962
5821964
5821965
5821966
5821967
5821968
5821969
5821970
5821971
5821972
5821973
5821974
5821975
5821976
5821977
5821978
5821979
5821980
5821981
5821982
5821983
5821984
5821985
5821986
5821987
5821988
5821989
5821991
5821992
5821993
5821994
5821995
5821996
5821997
5821998
5821999
5822000
5822001
5822002
5822003
5822004
5822005
5822006
5822007
5822008
5822009
5822010
5822012
5822013
5822014
5822015
5822016
5822017
5822018
5822019
5822020
5822021
5822022
5822023
5822024
5822025
5822028
5822029
5822030
5822031
5822032
5822033
5822034
5822035
5822036
5822037
5822038
5822039
5822040
5822041
5822043
5822045
5822047
5822048
5822049
5822050
5822052
5822053
5822054
5822055
5822056
5822057
5822058
5822059
5822060
5822061
5822062
5822063
5822065
5822066
5822067
5822068
5822069
5822070
5822071
5822072
5822073
5822074
5822075
5822076
5822077
5822078
5822079
5822080
5822082
5822083
5822084
5822085
5822086
5822088
5822089
5822091
5822092
5822093
5822094
5822095
5822096
5822097
5822098
5822099
5822100
5822101
5822102
5822103
5822104
5822105
5822106
5822107
5822108
5822109
5822110
5822111
5822112
5822113
5822114
5822115
5822116
5822118
5822120
5822121
5822123
5822124
5822125
5822126
5822127
5822128
5822129
5822130
5822131
5822133
5822134
5822135
5822136
5822138
5822139
5822140
5822141
5822142
5822143
5822144
5822145
5822146
5822147
5822149
5822150
5822151
5822152
5822154
5822155
5822156
5822157
5822158
5822159
5822160
5822161
5822162
5822163