5820700
5820701
5820702
5820703
5820704
5820705
5820706
5820707
5820708
5820709
5820710
5820711
5820712
5820713
5820714
5820715
5820717
5820718
5820719
5820720
5820721
5820722
5820723
5820724
5820725
5820726
5820727
5820728
5820729
5820730
5820731
5820732
5820733
5820734
5820735
5820736
5820737
5820739
5820740
5820741
5820742
5820743
5820744
5820745
5820746
5820747
5820748
5820749
5820750
5820752
5820753
5820754
5820755
5820756
5820757
5820758
5820759
5820760
5820761
5820762
5820764
5820765
5820766
5820767
5820768
5820769
5820770
5820771
5820772
5820773
5820774
5820775
5820776
5820777
5820778
5820779
5820780
5820781
5820782
5820783
5820785
5820786
5820787
5820788
5820789
5820790
5820791
5820792
5820793
5820795
5820796
5820798
5820799
5820800
5820801
5820803
5820804
5820805
5820806
5820807
5820809
5820810
5820811
5820812
5820813
5820816
5820817
5820819
5820820
5820821
5820822
5820823
5820824
5820825
5820826
5820828
5820829
5820830
5820831
5820832
5820833
5820834
5820835
5820836
5820838
5820839
5820840
5820841
5820843
5820844
5820845
5820846
5820848
5820850
5820851
5820852
5820853
5820854
5820855
5820856
5820857
5820858
5820859
5820860
5820861
5820863
5820864
5820865
5820866
5820867
5820868
5820869
5820870
5820871
5820872
5820873
5820874
5820875
5820876
5820877
5820878
5820879
5820880
5820881
5820882
5820883
5820884
5820885
5820886
5820887
5820888
5820890
5820891
5820892
5820894
5820895
5820896
5820898
5820899
5820901
5820902
5820903
5820904
5820906
5820907
5820908
5820909
5820910
5820911
5820912
5820913
5820914
5820915
5820916
5820917
5820918
5820920
5820921
5820922
5820923
5820924
5820925
5820926
5820927
5820928
5820929
5820930
5820931
5820932
5820933
5820934
5820935
5820936
5820937
5820938
5820939
5820940
5820941
5820942
5820943
5820944
5820945
5820946
5820947
5820948
5820949
5820950
5820951
5820952
5820953
5820955
5820956
5820957
5820958
5820959
5820960
5820961
5820962
5820963
5820964
5820965
5820966
5820967
5820968
5820969
5820970
5820971
5820972
5820973
5820974
5820978
5820979
5820980
5820983
5820984
5820985
5820986
5820987
5820988
5820989
5820990
5820991
5820992
5820993
5820994
5820995
5820996
5820997
5820998
5820999
5821000
5821001
5821002
5821003
5821004
5821005
5821006
5821007
5821008
5821009
5821010
5821011
5821012
5821014
5821015
5821016
5821017
5821018
5821020
5821021
5821022
5821023
5821024
5821025
5821026
5821027
5821028
5821029
5821030
5821031
5821032
5821033
5821036
5821037
5821038
5821039
5821040
5821041
5821042
5821043
5821044
5821045
5821046
5821047
5821048
5821050
5821051
5821052
5821053
5821054
5821055
5821056
5821057
5821058
5821059