2436562
2436563
2436564
2436566
2436567
2436568
2436569
2436571
2436572
2436573
2436576
2436577
2436578
2436579
2436581
2436582
2436583
2436584
2436587
2436588
2436590
2436597
2436628
2436629
2436630
2436631
2436632
2436633
2436634
2436635
2436652
2436654
2436659
2436660
2436663
2436664
2436668
2436669
2436697
2436698
2436704
2436724
2436727
2436738
2436742
2436744
2436757
2436793
2436802
2436510
2436517
2436522
2436551
2436560
2436574
2436580
2436592
2436596
2436606
2436614
2436622
2436625
2436626
2436627
2436636
2436649
2436650
2436651
2436666
2436673
2436676
2436681
2436689
2436690
2436692
2436694
2436730
2436734
2436747
2436751
2436755
2436764
2436788
2436790
2436797
2436818
2436840
2436865
2436871
2436875
2436880
2436883
2436903
2436909
2436919
2436931
2436932
2436942
2436943
2436944
2436945
2436946
2436960
2436962
2436963
2436964
2436965
2436966
2436974
2436978
2436979
2436981
2436987
2436989
2436991
2436992
2436994
2437002
2437009
2437014
2437035
2437041
2437072
2437075
2437080
2437092
2437109
2437111
2437137
2437138
2437157
2437158
2437159
2437165
2437166
2437174
2437175
2437180
2437189
2437198
2437201
2437204
2437216
2437217
2437228
2437232
2437237
2437246
2437250
2437264
2437273
2437307
2437314
2437316
2437317
2437328
2437342
2437344
2437346
2437356
2437365
2437367
2437369
2437375
2437377
2437381
2437387
2437390
2437392
2437393
2437394
2437395
2437399
2437400
2437403
2437404
2437405
2437408
2437409
2437410
2437411
2437412
2437413
2437414
2437416
2437417
2437422
2437423
2437424
2437426
2437428
2437434
2437437
2437439
2437443
2437444
2437446
2437447
2437449
2437451
2437453
2437455
2437456
2437458
2437476
2437481
2437482
2437485
2437495
2437497
2437500
2437503
2437505
2437506
2437508
2437511
2437512
2437514
2437521
2437522
2437525
2437526
2437527
2437528
2437531
2437532
2437533
2437535
2437539
2437547
2437548
2437549
2437550
2437551
2437552
2437557
2437561
2437568
2437574
2437577
2437584
2437585
2437586
2437587
2437590
2437593
2437598
2437599
2437600
2437606
2437610
2437613
2437614
2437617
2437623
2437631
2437635
2437640
2437646
2437647
2437654
2437657
2437662
2437664
2437665
2437676
2437679
2437682
2437690
2437691
2437697
2437699
2437700
2437702
2437704
2437705
2437716
2437724
2437726
2437727
2437735
2437741
2437743
2437745
2437755
2437759
2437767
2437768
2437778
2437795
2437796
2437801
2437807
2437826
2437839
2437842
2437846
2437848
2437855
2437861
2437863
2437865
2437880
2437881
2437883
2437884
2437902
2437911
2437925
2437931
2437933
2437944
2437946
2437950
2437956
2437957
2437965
2437974
2437978
2437981
2438006
2438009
2438015
2438025
2438027
2438028
2438041
2438043
2438049
2438050
2438055
2438056
2438058
2438064
2438065
2438070
2438074
2438086
2438088
2438093
2438106
2438114
2438116
2438122
2438123
2438124
2438136
2438137
2438140
2438142
2438155
2438159
2438163
2438180
2438183
2438185
2438191
2438193
2438194
2438206
2438214
2438228
2438229
2438234
2438235
2438237
2438239
2438245
2438247
2438252
2438257
2438284
2438291
2438295
2438299
2438303
2438305
2438310
2438311
2438315
2438318
2438320
2438322
2438326
2438328
2438332
2438340
2438353
2438355
2438358
2438361
2438367
2438380
2438390
2438394
2438398
2438399
2438401
2438402
2438404
2438411
2438413
2438417
2438421
2438423
2438426
2438427
2438430
2438433
2438438
2438449
2438450
2438460
2438466
2438467
2438471
2438490
2438506
2438513
2438514
2438522
2438525
2438528
2438529
2438532
2438533
2438535
2438547
2438548
2438558
2438560
2438561
2438565
2438571
2438573
2438574
2438575
2438583
2438584
2438592
2438593
2438596
2438597
2438606
2438622
2438629
2438633
2438634
2438638
2438640
2438641
2438643
2438645
2438650
2438651
2438653
2438663
2438664
2438666
2438670
2438677
2438678
2438680
2438684
2438689
2438693
2438694
2438695
2438697
2438699
2438700
2438703
2438704
2438705
2438707
2438711
2438716
2438717
2438720
2438722
2438723
2438724
2438728
2438729
2438733
2438734
2438735
2438736
2438747
2438748
2438749
2438750
2438751
2438753
2438755
2438756
2438762
2438765
2438766
2438770
2438771
2438772
2438778
2438780
2438790
2438796
2438800
2438801
2438807
2438811
2438815
2438823
2438825
2438827
2438830
2438832
2438836
2438839
2438841
2438850
2438853
2438863
2438865
2438875
2438877
2438881
2438889
2438904
2438915
2438924
2438925
2438926
2438931
2438935
2438937
2438938
2438949
2438950
2438952
2438964
2438967
2438968
2438971
2438973
2438979
2438980
2438992
2438994
2439002
2439007
2439009
2439012
2439013
2439015
2439018
2439035
2439043
2439045
2439061
2439063
2439070
2439072
2439079
2439080
2439083
2439085
2439090
2439091
2439092
2439094
2439095
2439097
2439098
2439105
2439106
2439107
2439108
2439111
2439112
2439114
2439118
2439122
2439123
2439125
2439126
2439127
2439128
2439131
2436530
2436561
2436585
2436586