2349938
2349940
2349941
2349942
2349949
2349950
2349965
2349966
2349967
2349978
2349992
2349995
2349999
2350002
2350024
2350029
2350031
2350033
2350035
2350038
2350054
2350070
2350072
2350075
2350076
2350086
2350087
2350088
2350109
2350110
2350111
2350112
2350115
2350123
2350124
2350130
2350137
2350138
2350140
2350141
2350146
2350149
2350152
2350153
2350157
2350159
2350161
2350163
2350168
2350169
2350171
2350174
2350178
2350180
2350185
2350187
2350189
2350193
2350195
2350198
2350210
2350215
2350218
2350220
2350231
2350238
2350247
2350262
2350278
2350283
2350286
2350305
2350309
2350310
2350312
2350313
2350314
2350316
2350317
2350318
2350319
2350320
2350321
2350322
2350323
2350352
2350359
2350360
2350363
2350374
2350375
2350376
2350388
2350393
2350394
2350410
2350416
2350417
2350420
2350422
2350424
2350431
2350436
2350441
2350442
2350444
2350446
2350448
2350450
2350464
2350465
2350466
2350468
2350475
2350482
2350485
2350486
2350487
2350488
2350489
2350490
2350495
2350503
2350505
2350512
2350519
2350523
2350524
2350531
2350533
2350534
2350535
2350536
2350539
2350541
2350544
2350545
2350546
2350548
2350550
2350551
2350553
2350554
2350557
2350559
2350561
2350563
2350569
2350571
2350572
2350575
2350577
2350581
2350584
2350588
2350597
2350599
2350600
2350602
2350604
2350608
2350609
2350611
2350615
2350617
2350618
2350620
2350622
2350623
2350624
2350625
2350626
2350627
2350629
2350643
2350647
2350649
2350650
2350654
2350661
2350665
2350672
2350678
2350699
2350701
2350711
2350732
2350733
2350734
2350735
2350737
2350745
2350754
2350755
2350759
2350763
2350765
2350766
2350767
2350771
2350773
2350774
2350775
2350777
2350778
2350780
2350781
2350782
2350783
2350784
2350785
2350787
2350789
2350794
2350795
2350796
2350797
2350798
2350800
2350815
2350819
2350823
2350826
2350828
2350831
2350832
2350833
2350837
2350842
2350849
2350863
2350873
2350875
2350878
2350885
2350887
2350888
2350892
2350893
2350894
2350896
2350897
2350899
2350900
2350901
2350902
2350903
2350904
2350907
2350916
2350928
2350939
2350944
2350945
2350949
2350955
2350956
2350957
2350958
2350959
2350960
2350961
2350963
2350964
2350967
2350969
2350970
2350976
2350998
2351008
2351010
2351014
2351020
2351022
2351023
2351024
2351026
2351027
2351029
2351030
2351032
2351036
2351048
2351051
2351053
2351056
2351058
2351059
2351079
2351083
2351090
2351091
2351092
2351093
2351094
2351095
2351099
2351105
2351107
2351109
2351111
2351127
2351152
2351154
2351155
2351156
2351157
2351174
2351195
2351201
2351207
2351214
2351221
2351227
2351230
2351237
2351248
2351249
2351253
2351319
2351327
2351339
2351346
2351347
2351356
2351363
2351364
2351366
2351368
2351370
2351385
2351391
2351398
2351405
2351424
2351427
2351428
2351429
2351430
2351431
2351433
2351436
2351445
2351446
2351447
2351450
2351452
2351454
2351475
2351476
2351477
2351479
2351480
2351481
2351484
2351490
2351494
2351498
2351507
2351513
2351518
2351528
2351529
2351534
2351538
2351540
2351543
2351546
2351547
2351552
2351554
2351555
2351556
2351557
2351559
2351566
2351567
2351568
2351569
2351574
2351576
2351579
2351580
2351591
2351602
2351604
2351606
2351613
2351627
2351636
2351651
2351657
2351658
2351660
2351668