2475743
2475752
2475753
2475754
2475755
2475756
2475760
2475787
2475797
2475822
2475827
2475831
2475841
2475854
2475856
2475860
2475862
2475869
2475870
2475871
2475874
2475876
2475877
2475882
2475886
2475887
2475888
2475890
2475895
2475899
2475900
2475903
2475907
2475917
2475920
2475935
2475938
2475950
2475964
2475973
2475985
2475987
2475989
2475998
2476003
2476004
2476005
2476008
2476010
2476016
2476022
2476023
2476025
2476029
2476036
2476039
2476060
2476061
2476072
2476075
2476080
2476082
2476084
2476089
2476090
2476091
2476092
2476093
2476094
2476095
2476096
2476098
2476099
2476100
2476102
2476103
2476104
2476105
2476106
2476107
2476108
2476109
2476110
2476111
2476112
2476113
2476114
2476116
2476117
2476118
2476119
2476120
2476123
2476124
2476125
2476127
2476129
2476131
2476132
2476133
2476134
2476135
2476137
2476139
2476143
2476151
2476152
2476153
2476154
2476155
2476160
2476162
2476164
2476168
2476171
2476172
2476183
2476184
2476185
2476187
2476199
2476207
2476211
2476214
2476231
2476232
2476234
2476235
2476236
2476237
2476238
2476239
2476240
2476241
2476242
2476243
2476244
2476245
2476246
2476247
2476248
2476249
2476250
2476251
2476252
2476253
2476254
2476255
2476256
2476257
2476258
2476259
2476260
2476261
2476262
2476263
2476264
2476265
2476266
2476267
2476268
2476269
2476270
2476271
2476272
2476273
2476278
2476286
2476287
2476290
2476291
2476292
2476293
2476294
2476295
2476298