2599548
2599551
2599552
2599554
2599555
2599556
2599559
2599562
2599564
2599569
2599573
2599574
2599575
2599576
2599578
2599581
2599585
2599588
2599589
2599591
2599594
2599595
2599596
2599604
2599605
2599606
2599611
2599612
2599613
2599616
2599617
2599618
2599620
2599621
2599622
2599623
2599624
2599625
2599626
2599627
2599629
2599630
2599631
2599632
2599633
2599634
2599635
2599637
2599638
2599639
2599640
2599641
2599642
2599643
2599644
2599645
2599646
2599647
2599648
2599649
2599651
2599652
2599653
2599654
2599655
2599656
2599657
2599658
2599659
2599660
2599662
2599663
2599664
2599665
2599666
2599672
2599673
2599675
2599676
2599677
2599678
2599679
2599680
2599683
2599686
2599687
2599688
2599690
2599691
2599693
2599694
2599698
2599699
2599700
2599702
2599703
2599704
2599705
2599706
2599708
2599709
2599711
2599716
2599718
2599719
2599721
2599724
2599725
2599726
2599729
2599733
2599735
2599738
2599741
2599743
2599745
2599749
2599754
2599760
2599762
2599764
2599765
2599766
2599767
2599769
2599770
2599771
2599774
2599775
2599776
2599778
2599780
2599781
2599782
2599783
2599784
2599786
2599789
2599790
2599792
2599793
2599794
2599795
2599796
2599797
2599799
2599800
2599801
2599802
2599803
2599804
2599805
2599806
2599807
2599809
2599810
2599812
2599813
2599814
2599815
2599816
2599817
2599818
2599821
2599822
2599823
2599824
2599825
2599826
2599827
2599828
2599830
2599835
2599836
2599838
2599840
2599843
2599850
2599858
2599872
2599873
2599875
2599876
2599877
2599878
2599879
2599880
2599881
2599883
2599884
2599885
2599886
2599889
2599898
2599900
2599906
2599907
2599909
2599910
2599912
2599913
2599914
2599915
2599916
2599917
2599918
2599919
2599920
2599921
2599922
2599924
2599925
2599926
2599927
2599928
2599929
2599930
2599931
2599932
2599933
2599935
2599936
2599937
2599938
2599947
2599948
2599949
2599950
2599953
2599955
2599956
2599957
2599958
2599960
2599961
2599962
2599964
2599965
2599966
2599967
2599968
2599969
2599970
2599976
2599977
2599978
2599979
2599980
2599981
2599982
2599983
2599984
2599985
2599986
2599988
2599989
2599990
2599991
2599992
2599993
2599994
2599995
2599996
2599997
2599998
2599999
2600000
2600001
2600003
2600004
2600006
2600008
2600009
2600010
2600011
2600012
2600013
2600014
2600015
2600018
2600020
2600021
2600023
2600025
2600027
2600028
2600030
2600033
2600035
2600036
2600037
2600038
2600039
2600040
2600041
2600042
2600043
2600044
2600045
2600046
2600047
2600048
2600049
2600051
2600052
2600053
2600054
2600056
2600057
2600060
2600062
2600063
2600064
2600067
2600068
2600069
2600070
2600071
2600072
2600073
2600074
2600075
2600076
2600077
2600078
2600079
2600083
2600084
2600087
2600088
2600089
2600092
2600093
2600094
2600095
2600096
2600097
2600098
2600101
2600102
2600103
2600104
2600105
2600107
2600108
2600110
2600111
2600112
2600113
2600114
2600116
2600117
2600118
2600119
2600121
2600123
2600124
2600125
2600126
2600127
2600128
2600129
2600131
2600132
2600133
2600134
2600135
2600136
2600137
2600138
2600139
2600140
2600141
2600142
2600143
2600144
2600145
2600146
2600147
2600148
2600149
2600150
2600151
2600152
2600153
2600154
2600155
2600156
2600158
2600159
2600160
2600161
2600162
2600163
2600164
2600165
2600166
2600167
2600168
2600169
2600170
2600171
2600173
2600174
2600175
2600176
2600177
2600180
2600181
2600182
2600183
2600185
2600186
2600187
2600188
2600190
2600193
2600194
2600195
2600196
2600197
2600198
2600199
2600200
2600201
2600202
2600203
2600205
2600206
2600207
2600208
2600209
2600211
2600212
2600213
2600214
2600215
2600216
2600217
2600218
2600219
2600221
2600222
2600224
2600225
2600226
2600228
2600229
2600230
2600231
2600232
2600233
2600235
2600236
2600237
2600238
2600239
2600240
2600241
2600242
2600243
2600245
2600246
2600247
2600248
2600250
2600251
2600252
2600253
2600254
2600255
2600256
2600258
2600259
2600260
2600261
2600262
2600263
2600264
2600265
2600266
2600269
2600270
2600271
2600272
2600273
2600274
2600275
2600276
2600277
2600278
2600279
2600280
2600281
2600282
2600283
2600284
2600285
2600286
2600287
2600288
2600289
2600290
2600292
2600293
2600294
2600295
2600296
2600297
2600298
2600299
2600300
2600301
2600302
2600303
2600304
2600305
2600306
2600308
2600309
2600310
2600313
2600315
2600316
2600317
2600318
2600319
2600320
2600321
2600322
2600325
2600329
2600330
2600331
2600332
2600333
2600334
2600335
2600336
2600337
2600338
2600340
2600341
2600342
2600345
2600346
2600347
2600349
2600350
2600351
2600352
2600353
2600354
2600355
2600356
2600357
2600358
2600359
2600360
2600361
2600362
2600363
2600364
2600365
2600366
2600368
2600369
2600370
2600372
2600373
2600374
2600375
2600376
2600377
2600382
2600383
2600384
2600385
2600386
2600387
2600389
2600390
2600396
2600397
2600398
2600404
2600405
2600406
2600407
2600408
2600409
2600411
2600412
2600414
2600415
2600416
2600418
2600421
2600422
2600424
2600425
2600426
2600427
2600428
2600429
2600430
2600431
2600432
2600433
2600434
2600435
2600436
2600437
2600438
2600439
2600440
2600441
2600442
2600443
2600444
2600445
2600446
2600447
2600448
2600449
2600450
2600451
2600452
2600453
2600454
2600456
2600458
2600459
2600460
2600462
2600464
2600467
2600468
2600471
2600473
2600474
2600476
2600480
2600483
2600484
2600486
2600488
2600492
2600494
2600495
2600498
2600500
2600501
2600505
2600506
2600507
2600508
2600509
2600510
2600511
2600512
2600513
2600514
2600516
2600517
2600518