2351686
2351688
2351702
2351703
2351706
2351707
2351709
2351711
2351712
2351713
2351714
2351715
2351721
2351724
2351729
2351730
2351734
2351737
2351738
2351741
2351759
2351771
2351772
2351775
2351776
2351777
2351778
2351779
2351781
2351785
2351788
2351791
2351793
2351794
2351795
2351798
2351799
2351800
2351804
2351806
2351807
2351808
2351810
2351811
2351812
2351813
2351814
2351817
2351818
2351819
2351820
2351821
2351822
2351825
2351829
2351830
2351846
2351849
2351854
2351860
2351868
2351870
2351871
2351886
2351889
2351899
2351905
2351907
2351910
2351926
2351929
2351934
2351938
2351939
2351960
2351966
2351968
2351974
2351979
2351992
2352005
2352006
2352007
2352009
2352011
2352012
2352013
2352015
2352016
2352017
2352020
2352021
2352022
2352027
2352028
2352029
2352031
2352032
2352034
2352036
2352038
2352042
2352050
2352060
2352076
2352088
2352093
2352095
2352101
2352102
2352107
2352108
2352110
2352119
2352121
2352123
2352124
2352125
2352126
2352130
2352157
2352166
2352174
2352185
2352200
2352201
2352213
2352214
2352221
2352225
2352226
2352228
2352232
2352241
2352248
2352251
2352258
2352262
2352263
2352273
2352289
2352290
2352318
2352321
2352325
2352329
2352331
2352334
2352336
2352338
2352344
2352345
2352346
2352347
2352349
2352350
2352351
2352354
2352355
2352356
2352357
2352366
2352370
2352409
2352431
2352441
2352444
2352447
2352453
2352454
2352455
2352457
2352460
2352467
2352468
2352472
2352489
2352496
2352498
2352500
2352507
2352509
2352515
2352519
2352523
2352535
2352536
2352538
2352539
2352540
2352541
2352542
2352543
2352545
2352546
2352547
2352548
2352549
2352550
2352551
2352552
2352553
2352554
2352555
2352556
2352557
2352559
2352560
2352561
2352562
2352564
2352565
2352567
2352568
2352569
2352570
2352571
2352572
2352573
2352574
2352591
2352600
2352611
2352612
2352615
2352616
2352621
2352623
2352625
2352627
2352640
2352650
2352653
2352654
2352659
2352661
2352667
2352671
2352672
2352675
2352678
2352681
2352684
2352697
2352700
2352704
2352707
2352717
2352718
2352720
2352726
2352727
2352755
2352761
2352765
2352768
2352772
2352773
2352792
2352808
2352820
2352826
2352828
2352829
2352830
2352831
2352835
2352839
2352843
2352846
2352848
2352851
2352852
2352853
2352855
2352857
2352861
2352871
2352873
2352874
2352875
2352880
2352891
2352893
2352894
2352901
2352903
2352906
2352907
2352908
2352909
2352910
2352911
2352912
2352914
2352916
2352923
2352925
2352938
2352941
2352951
2352954
2352958
2352969
2352970
2352973
2352977
2352988
2352989
2353000
2353003
2353006
2353022
2353023
2353024
2353025
2353026
2353028
2353030
2353032
2353033
2353034
2353040
2353042
2353075
2353085
2353086
2353089
2353094
2353095
2353104
2353123
2353125
2353128
2353129
2353133
2353144
2353148
2353150
2353151
2353152