2544619
2544620
2544621
2544622
2544624
2544625
2544626
2544628
2544629
2544630
2544631
2544632
2544633
2544634
2544635
2544636
2544637
2544638
2544639
2544640
2544642
2544644
2544647
2544648
2544649
2544650
2544651
2544652
2544653
2544654
2544655
2544656
2544657
2544658
2544659
2544660
2544661
2544662
2544663
2544664
2544665
2544666
2544668
2544670
2544671
2544672
2544673
2544674
2544675
2544676
2544677
2544678
2544679
2544680
2544681
2544682
2544684
2544686
2544690
2544691
2544692
2544694
2544695
2544696
2544697
2544698
2544699
2544700
2544701
2544702
2544703
2544705
2544706
2544707
2544709
2544710
2544712
2544713
2544714
2544715
2544718
2544719
2544720
2544721
2544722
2544723
2544724
2544725
2544726
2544727
2544728
2544729
2544730
2544731
2544732
2544733
2544734
2544735
2544736
2544737
2544738
2544740
2544741
2544742
2544743
2544744
2544745
2544746
2544747
2544748
2544749
2544750
2544753
2544754
2544755
2544756
2544757
2544758
2544759
2544760
2544761
2544763
2544765
2544768
2544770
2544772
2544773
2544774
2544775
2544776
2544777
2544778
2544779
2544781
2544782
2544783
2544784
2544785
2544786
2544787
2544788
2544789
2544790
2544791
2544792
2544793
2544794
2544795
2544796
2544797
2544798
2544799
2544800
2544801
2544802
2544803
2544804
2544805
2544806
2544807
2544808
2544809
2544810
2544811
2544812
2544813
2544815
2544816
2544817
2544818
2544819
2544820
2544821
2544822
2544824
2544825
2544826
2544827
2544828
2544830
2544832
2544833
2544834
2544835
2544836
2544837
2544839
2544840
2544841
2544842
2544843
2544844
2544845
2544847
2544848
2544849
2544850
2544851
2544852
2544853
2544854
2544855
2544856
2544857
2544858
2544859
2544860
2544861
2544862
2544863
2544864
2544865
2544867
2544869
2544871
2544872
2544873
2544875
2544876
2544877
2544878
2544879
2544880
2544881
2544882
2544883
2544884
2544885
2544886
2544887
2544889
2544890
2544891
2544892
2544894
2544895
2544896
2544900
2544901
2544902
2544904
2544905
2544906
2544907
2544909
2544910
2544911
2544912
2544913
2544915
2544916
2544917
2544918
2544919
2544920
2544921
2544922
2544923
2544924
2544925
2544926
2544927
2544928
2544929
2544930
2544931
2544932
2544933
2544935
2544936
2544938
2544939
2544940
2544941
2544942
2544943
2544944
2544945
2544946
2544948
2544949
2544950
2544951
2544954
2544955
2544956
2544957
2544958
2544959
2544960
2544961
2544962
2544963
2544964
2544965
2544966
2544968
2544969
2544970
2544971
2544972
2544973
2544974
2544975
2544976
2544977
2544978
2544979
2544980
2544981
2544982
2544983
2544984
2544985
2544986
2544987
2544988
2544989
2544991
2544992
2544993
2544994
2544996
2544997
2544999
2545000
2545002
2545005
2545009
2545011
2545012
2545013
2545018
2545020
2545021
2545022
2545023
2545024
2545026
2545027
2545030
2545031
2545032
2545036
2545040
2545044
2545045
2545055
2545061
2545066
2545067
2545074
2545077
2545082
2545085
2545086
2545091
2545093
2545094
2545096
2545097
2545098
2545099
2545101
2545105
2545107
2545109
2545112
2545113
2545114
2545116
2545117
2545120
2545122
2545124
2545125
2545126
2545127
2545129
2545130
2545131
2545132
2545134
2545136
2545137
2545138
2545139
2545141
2545143
2545144
2545145
2545147
2545149
2545150
2545151
2545152
2545153
2545154
2545155
2545157
2545158
2545159
2545160
2545161
2545162
2545163
2545165
2545166
2545168
2545169
2545170
2545171
2545172
2545174
2545175
2545176
2545177
2545179
2545180
2545181
2545183
2545184
2545185
2545186
2545188
2545189
2545190
2545192
2545196
2545197
2545198
2545200
2545201
2545203
2545205
2545206
2545210
2545214
2545221
2545224
2545226
2545227
2545228
2545229
2545230
2545231
2545232
2545233
2545234
2545235
2545236
2545237
2545239
2545240
2545241
2545242
2545244
2545245
2545246
2545247
2545248
2545249
2545251
2545252
2545254
2545256
2545259
2545260
2545261
2545262
2545263
2545264
2545265
2545266
2545267
2545269
2545270
2545271
2545272
2545273
2545274
2545275
2545276
2545277
2545278
2545279
2545280
2545281
2545282
2545283
2545284
2545285
2545286
2545287
2545288
2545289
2545290
2545291
2545292
2545293
2545294
2545295
2545296
2545297
2545298
2545299
2545301
2545302
2545303
2545304
2545305
2545306
2545308
2545309
2545310
2545311
2545312
2545313
2545314
2545315
2545316
2545317
2545318
2545319
2545320
2545321
2545322
2545323
2545324
2545325
2545326
2545327
2545329
2545330
2545331
2545332
2545333
2545335
2545337
2545338
2545339
2545340
2545341
2545342
2545346
2545347
2545352
2545353
2545354
2545355
2545356
2545358
2545359
2545360
2545361
2545362
2545365
2545366
2545367
2545368
2545369
2545370
2545371
2545372
2545373
2545374
2545375
2545376
2545377
2545380
2545381
2545383
2545386
2545387
2545388
2545389
2545390
2545392
2545393
2545394
2545395
2545396
2545397
2545398
2545399
2545400
2545401
2545402
2545403
2545404
2545405
2545406
2545407
2545408
2545411
2545412
2545413
2545414
2545416
2545418
2545421
2545422
2545423
2545424
2545425
2545426
2545427
2545431
2545434
2545436
2545437
2545438
2545440
2545442
2545443
2545444
2545445
2545447
2545448
2545449
2545450
2545451
2545452
2545453
2545454
2545455
2545456
2545462
2545463
2545464
2545465
2545466
2545467
2545468
2545469
2545470
2545471
2545474
2545477
2545478
2545479
2545480
2545481
2545482
2545487
2545488
2545490
2545492
2545495
2545498
2545499
2545500
2545501
2545503
2545504
2545505
2545506
2545507
2545508
2545509
2545511
2545512
2545513
2545514
2545515
2545517
2545518
2545519
2545521