2482426
2482436
2482443
2482454
2482465
2482476
2482480
2482481
2482482
2482485
2482486
2482487
2482491
2482493
2482498
2482512
2482517
2482520
2482526
2482536
2482540
2482543
2482557
2482560
2482577
2482615
2482620
2482628
2482631
2482636
2482638
2482642
2482668
2482672
2482673
2482684
2482685
2482693
2482703
2482712
2482713
2482725
2482726
2482728
2482729
2482731
2482738
2482740
2482765
2482772
2482793
2482809
2482812
2482817
2482827
2482829
2482837
2482843
2482863
2482865
2482876
2482880
2482883
2482895
2482896
2482900
2482904
2482906
2482908
2482915
2482926
2482931
2482947
2482949
2482950
2482951
2482955
2482965
2482966
2482969
2482972
2482996
2482997
2482999
2483000
2483004
2483023
2483030
2483036
2483038
2483043
2483044
2483045
2483047
2483051
2483054
2483059
2483064
2483068
2483069
2483072
2483074
2483075
2483082
2483084
2483098
2483117
2483126
2483131
2483153
2483174
2483181
2483199
2483200
2483202
2483203
2483205
2483207
2483208
2483209
2483211
2483212
2483217
2483218
2483219
2483225
2483262
2483265
2483266
2483268
2483269
2483270
2483275
2483276
2483282
2483283
2483291
2483296
2483301
2483311
2483322
2483325
2483333
2483338
2483342
2483343
2483344
2483347
2483348
2483350
2483351
2483353
2483354
2483356
2483372
2483373
2483383
2483386
2483387
2483388
2483389
2483390
2483392
2483397
2483411
2483417
2483419
2483420
2483436
2483445
2483448
2483458
2483466
2483467
2483472
2483475
2483476
2483478
2483492
2483500