2383875
2383880
2383892
2383909
2383934
2383941
2383943
2383944
2383949
2383952
2383954
2383955
2383959
2383960
2383962
2383966
2383968
2383970
2383977
2383981
2383984
2383985
2383997
2383998
2384003
2384007
2384012
2384013
2384023
2384024
2384026
2384043
2384050
2384051
2384055
2384057
2384060
2384061
2384062
2384064
2384065
2384066
2384067
2384075
2384081
2384082
2384083
2384084
2384085
2384087
2384089
2384090
2384093
2384101
2384103
2384104
2384109
2384113
2384117
2384119
2384120
2384121
2384131
2384136
2384137
2384139
2384140
2384142
2384145
2384152
2384154
2384155
2384160
2384162
2384165
2384166
2384170
2384171
2384173
2384176
2384183
2384184
2384188
2384198
2384213
2384214
2382227
2382228
2382229
2382230
2382233
2382236
2382238
2382241
2382252
2382260
2382265
2382268
2382269
2382271
2382284
2382285
2382286
2382289
2382302
2382304
2382305
2382306
2382307
2382308
2382309
2382310
2382311
2382312
2382314
2382315
2382328
2382330
2382331
2382333
2382334
2382335
2382338
2382342
2382346
2382348
2382350
2382352
2382353
2382355
2382382
2382386
2382388
2382391
2382392
2382395
2382397
2382401
2382402
2382407
2382408
2382414
2382420
2382434
2382437
2382441
2382449
2382453
2382457
2382460
2382463
2382464
2382470
2382484
2382488
2382491
2382492
2382494
2382495
2382496
2382503
2382505
2382513
2382522
2382534
2382545
2382553
2382564
2382565
2382574
2382580
2382625
2382631
2382649
2382680
2382694
2382713
2382719
2382723
2382733
2382741
2382745
2382759
2382760
2382762
2382764
2382767
2382771
2382772
2382773
2382776
2382777
2382781
2382787
2382791
2382795
2382798
2382804
2382808
2382809
2382810
2382811
2382814
2382815
2382818
2382821
2382827
2382837
2382839
2382840
2382850
2382851
2382855
2382856
2382857
2382858
2382860
2382862
2382864
2382866
2382871
2382875
2382877
2382878
2382879
2382880
2382882
2382883
2382884
2382886
2382887
2382888
2382891
2382892
2382894
2382895
2382897
2382902
2382903
2382905
2382906
2382909
2382910
2382913
2382916
2382917
2382918
2382922
2382923
2382924
2382925
2382926
2382927
2382929
2382930
2382933
2382935
2382937
2382938
2382939
2382940
2382946
2382952
2382961
2382977
2382980
2382982
2382995
2382996
2383002
2383011
2383014
2383017
2383018
2383020
2383025
2383027
2383030
2383031
2383033
2383037
2383040
2383044
2383046
2383053
2383055
2383064
2383067
2383086
2383087
2383088
2383089
2383101
2383111
2383113
2383116
2383117
2383119
2383120
2383123
2383124
2383127
2383131
2383132
2383136
2383137
2383143
2383145
2383153
2383168
2383171
2383182
2383191
2383194
2383196
2383200
2383201
2383202
2383204
2383216
2383219
2383221
2383222
2383239
2383243
2383247
2383248
2383250
2383263
2383279
2383281
2383288
2383289
2383290
2383294
2383301
2383302
2383304
2383320
2383326
2383331
2383332
2383333
2383336
2383337
2383352
2383354
2383356
2383372
2383379
2383381
2383386
2383387
2383390
2383394
2383396
2383398
2383403
2383435
2383439
2383442
2383470
2383475
2383479
2383481
2383484
2383498
2383500
2383501
2383504
2383506
2383507
2383510
2383512
2383515
2383522
2383527
2383528
2383529
2383530
2383533
2383536
2383542
2383550
2383559
2383566
2383569
2383571
2383573
2383575
2383576
2383578
2383591
2383601
2383614
2383626
2383629
2383634
2383635
2383643
2383657
2383664
2383669
2383676
2383705
2383713
2383734
2383765
2383773
2383783
2383800
2383805
2383807
2383815
2383817
2383823
2383831
2383832
2383833
2383837
2383838
2383839
2383841
2383843
2383848
2383849
2383854
2383858
2383859
2383870
2383906
2383908
2383915
2383918
2383924
2383926
2383939
2384002
2384005
2384021
2384022
2384028
2384033
2384034
2384037
2384039
2384040
2384041
2384042
2384049
2384054
2384063
2384070
2384079
2384092
2384099
2384111
2384126
2384129
2384130
2384149
2384151
2384158
2384163
2384194
2384206
2384226
2384228
2384232
2384234
2384235
2384237
2384239
2384240
2384244
2384259
2384261
2384264
2384268
2384269
2384272
2384273
2384277
2384280
2384281
2384284
2384286
2384288
2384289
2384290
2384292
2384293
2384294
2384297
2384299
2384300
2384301
2384302
2384304
2384306
2384307
2384308
2384309
2384310
2384314
2384315
2384317
2384318
2384319
2384321
2384323
2384326
2384329
2384331
2384333
2384334
2384336
2384351
2384353
2384357
2384358
2384359
2384361
2384364
2384365
2384367
2384370
2384377
2384382
2384383
2384386
2384387
2384392
2384396
2384405
2384407
2384411
2384413
2384420
2384427
2384428
2384431
2384446
2384453
2384456
2384460
2384462
2384464
2384470
2384479
2384483
2384492
2384493
2384497
2384501
2384503
2384510
2384517
2384519
2384520
2384531
2384532
2384533
2384535
2384541
2384542
2384557
2384566
2384567
2384570
2384574
2384577
2384578
2384582
2384586
2384591
2384599
2384600
2384625
2384629
2384641
2384642
2384648
2384651
2384669
2384672
2384679
2384680
2384688
2384689
2384701
2384702
2384706
2382258
2384713
2384730
2384732
2384736
2384740
2384741
2384745
2384749
2384750
2384753
2384758
2384770
2384774
2384780
2384781
2384783
2382272
2384790
2384793
2382274
2384801
2384802
2384804
2384821
2384823
2384824
2384833
2384835
2384837
2384847
2384848
2384851
2384855
2384856
2384860
2384865
2384871
2384876
2384878
2384880
2384881
2384887
2384888
2384891
2384892
2384896
2384899
2384905
2384912
2384913
2384914
2384917
2384919
2384922
2384924
2384927
2384933
2384950
2384956
2384981
2384985
2384987
2384990
2384997
2385004
2385006
2385009
2385017
2385019
2385023
2385028
2385035
2385042
2385053
2385054
2385065
2385067
2385068
2385086
2385094
2385111
2385123
2385126
2385129
2385133
2385144
2385147
2385149
2385174
2385178
2385182
2385186
2383688