2538222
2538223
2538224
2538250
2538253
2538256
2538257
2538259
2538261
2538262
2538263
2538264
2538265
2538266
2538267
2538268
2538269
2538272
2538274
2538275
2538276
2538279
2538282
2538288
2538289
2538296
2538298
2538299
2538304
2538305
2538308
2538309
2538310
2538315
2538317
2538319
2538320
2538336
2538338
2538341
2538353
2538366
2538380
2538383
2538384
2538385
2538386
2538390
2538396
2538397
2538398
2538399
2538400
2538401
2538406
2538414
2538419
2538424
2538426
2538436
2538439
2538443
2538449
2538451
2538460
2538472
2538486
2538499
2538503
2538509
2538512
2538514
2538518
2538519
2538520
2538521
2538522
2538523
2538525
2538527
2538528
2538530
2538533
2538539
2538541
2538545
2538556
2538559
2538561
2538563
2538577
2538582
2538584
2538587
2538588
2538602
2538605
2538607
2538613
2538615
2538616
2538619
2538629
2538630
2538648
2538654
2538671
2538672
2538679
2538680
2538682
2538685
2538686
2538688
2538689
2538692
2538693
2538703
2538705
2538706
2538707
2538708
2538709
2538710
2538722
2538723
2538724
2538725
2538732
2538734
2538739
2538746
2538750
2538751
2538761
2538764
2538766
2538769
2538771
2538778
2538781
2538786
2538797
2538801
2538803
2538804
2538805
2538807
2538809
2538818
2538838
2538839
2538840
2538842
2538865
2538866
2538868
2538870
2538873
2538881
2538894
2538900
2538904
2538907
2538911
2538913
2538918
2538919
2538920
2538921
2538932
2538935
2538950
2538951
2538953
2538954
2538955
2538956
2538973
2539006
2539007
2539008
2539010
2539013
2539017
2539028
2539033
2539034
2539037
2539048
2539057
2539059
2539062
2539064
2539065
2539069
2539070
2539076
2539082
2539083
2539085
2539086
2539088
2539093
2539098
2539100
2539104
2539112
2539113
2539114
2539115
2539117
2539120
2539121
2539122
2539123
2539124
2539125
2539126
2539127
2539128
2539129
2539130
2539131
2539133
2539136
2539137
2539138
2539139
2539140
2539141
2539142
2539143
2539144
2539145
2539146
2539147
2539148
2539149
2539150
2539151
2539152
2539153
2539154
2539155
2539156
2539157
2539158
2539159
2539160
2538851
2538859
2539009