2398895
2398897
2398905
2398908
2398911
2398912
2398924
2398916
2398917
2398941
2398942
2398943
2398946
2398947
2398949
2398950
2398952
2398953
2398954
2398955
2398956
2398959
2398961
2398963
2398965
2398967
2398968
2398972
2398966
2398976
2398977
2398978
2398983
2398985
2398989
2398991
2398994
2398995
2399007
2399014
2399018
2399016
2399022
2399025
2399033
2399034
2399035
2399051
2399053
2399058
2399060
2399061
2399070
2399071
2399074
2399075
2399078
2399087
2399102
2399103
2399104
2399105
2399107
2399110
2399111
2399112
2399114
2399116
2399117
2399118
2399119
2399120
2399122
2399123
2399124
2399125
2399126
2399127
2399128
2399130
2399129
2399132
2399131
2399134
2399133
2399136
2399137
2399138
2399139
2399140
2399142
2399143
2399135
2399145
2399146
2399147
2399148
2399149
2399150
2399151
2399152
2399153
2399154
2399155
2399158
2399164
2399167
2399169
2399172
2399183
2399185
2399186
2399206
2399214
2399217
2399218
2399229
2399234
2399239
2399240
2399249
2399252
2399257
2399260
2399273
2399277
2399280
2399286
2399291
2399321
2399323
2399342
2399363
2399378
2399390
2399398
2399399
2399403
2399411
2399413
2399414
2399415
2399416
2399417
2399418
2399420
2399423
2399424
2399428
2399429
2399432
2399433
2399437
2399438
2399442
2399446
2399449
2399451
2399452
2399454
2399459
2399462
2399468
2399469
2399474
2399479
2399482
2399485
2399487
2399488
2399493
2399494
2399495
2399496
2399498
2399503
2399510
2399515
2399518
2399527
2399536
2399540
2399544
2399547
2399548
2399549
2399552
2399553
2399555
2399562
2399563
2399565
2399567
2399584
2399591
2399595
2399597
2399601
2399604
2399607
2399609
2399611
2399614
2399616
2399617
2399619
2399624
2399628
2399629
2399632
2399634
2399635
2399638
2399640
2399641
2399643
2399644
2399652
2399654
2399657
2399661
2399681
2399688
2399690
2399694
2399698
2399700
2399703
2399726
2399731
2399737
2399739
2399740
2399742
2399748
2399760
2399769
2399771
2399782
2399783
2399786
2399790
2399791
2399792
2399798
2399799
2399801
2399806
2399811
2399821
2399823
2399825
2399833
2399836
2399837
2399839
2399840
2399844
2399873
2399874
2399886
2399895
2399903
2399905
2399917
2399923
2399924
2399928
2399935
2399941
2399942
2399945
2399947
2399948
2399952
2399954
2399956
2399957
2399959
2399960
2399962
2399963
2399965
2399966
2399969
2399970
2399972
2399974
2399975
2399978
2399979
2399982
2399983
2399984
2399987
2399988
2399994
2399999
2400003
2400004
2400005
2400014
2400019
2400034
2400035
2400041
2400042
2400043
2400045
2400049
2400050
2400053
2400062
2400066
2400073
2400075
2400085
2400090
2400092
2400097
2400098
2400099
2400107
2400116
2400127
2400130
2400135
2400141
2400142
2400143
2400149
2400150
2400158
2400167
2400171
2400176
2400179
2400181
2400183
2400184
2400195
2400203
2400205
2400211
2400213
2400214
2400217
2400222
2400223
2400224
2400229
2400230
2400232
2400235
2400237
2400241
2400243
2400244
2400245
2400246
2400247
2400248
2400254
2400255
2400257
2400260
2400272
2400274
2400277
2400284
2400287
2400289
2400290
2400302
2400309
2400324
2400326
2400333
2400358
2400365
2400379
2400401
2400407
2400420
2400423
2400424
2400427
2400434
2400444
2400445
2400451
2400452
2400453
2400455
2400458
2400459
2400460
2400465
2400467
2400476
2400482
2400500
2400514
2400515
2400536
2400539
2400542
2400547
2400555
2400559
2400571
2400576
2400619
2400622
2400629
2400640
2400645
2400657
2400660
2400662
2400663
2400666
2400672
2400674
2398915
2398918
2398921
2398939
2398940
2398944
2398945
2398951
2398957
2398958
2398960
2399008
2399013
2399200
2399219
2399222
2399250
2399251
2399253
2399254
2399275
2399292
2399327
2399329
2399331
2399340
2399343
2399345
2399348
2399356
2399359
2399361
2399364
2399365
2399366
2399370
2399382
2399388
2399397
2399400
2399627