2716899
2716486
2716487
2716490
2716491
2716492
2716494
2716495
2716496
2716498
2716501
2716506
2716508
2716538
2716558
2716571
2716572
2716573
2716574
2716575
2716578
2716580
2716587
2716589
2716592
2716600
2716605
2716606
2716611
2716613
2716625
2716627
2716628
2716631
2716632
2716634
2716635
2716636
2716637
2716638
2716639
2716640
2716641
2716642
2716643
2716644
2716647
2716652
2716659
2716663
2716666
2716670
2716674
2716748
2716760
2716767
2716810
2716811
2716813
2716814
2716815
2716818
2716821
2716822
2716824
2716825
2716827
2716828
2716829
2716837
2716838
2716839
2716841
2716842
2716843
2716844
2716845
2716855
2716873
2716890
2716892
2716893
2716895
2716896
2716897
2716898
2716906
2716907
2716908
2716909
2716910
2716911
2716912
2716913
2716914
2716917
2716918
2716922
2716925
2716928
2716929
2716930