2796081
2796082
2796083
2796084
2796086
2796089
2796093
2796094
2796095
2796098
2796099
2796100
2796101
2796102
2796103
2796104
2796105
2796106
2796107
2796108
2796109
2796110
2796111
2796112
2796113
2796114
2796115
2796116
2796117
2796119
2796120
2796121
2796122
2796123
2796124
2796125
2796126
2796127
2796129
2796130
2796131
2796133
2796134
2796135
2796137
2796138
2796139
2796140
2796141
2796143
2796144
2796145
2796146
2796147
2796148
2796149
2796150
2796152
2796153
2796154
2796156
2796162
2796164
2796166
2796167
2796168
2796169
2796170
2796171
2796172
2796173
2796175
2796176
2796177
2796178
2796179
2796180
2796181
2796182
2796184
2796185
2796186
2796187
2796188
2796189
2796190
2796191
2796192
2796193
2796194
2796195
2796196
2796197
2796198
2796199
2796200
2796201
2796202
2796204
2796205
2796207
2796209
2796210
2796211
2796213
2796214
2796215
2796216
2796217
2796218
2796219
2796220
2796221
2796222
2796223