2734509
2734513
2734515
2734522
2734523
2734531
2734539
2734546
2734549
2734554
2734563
2734569
2734572
2734573
2734574
2734575
2734576
2734577
2734578
2734579
2734580
2734581
2734583
2734585
2734587
2734588
2734590
2734592
2734594
2734595
2734604
2734605
2734606
2734607
2734654
2734657
2734658
2734661
2734664
2734666
2734667
2734672
2734677
2734678
2734680
2734681
2734682
2734683
2734685
2734686
2734687
2734688
2734690
2734691
2734693
2734694
2734695
2734696
2734701
2734721
2734722
2734726
2734727
2734728
2734729
2734732
2734735
2734736
2734737
2734745
2734747
2734751
2734752
2734755
2734756
2734757
2734758
2734759
2734760
2734765
2734767
2734834
2734836
2734846
2734849
2734850
2734856
2734862
2734875
2734884
2734886
2734887
2734888
2734889
2734891
2734892
2734893
2734894
2734896
2734900
2734914
2734918
2734923
2734927
2734928
2734931
2734935
2734938
2734939
2734941
2734946
2734947
2734949
2734951
2734954
2734955
2734956
2734957
2734958
2734959
2734963
2734964
2734965
2734967
2734974
2734977
2734978
2734979
2734980
2734982