2738330
2738345
2738355
2738356
2738357
2738360
2738364
2738368
2738390
2738392
2738395
2738396
2738402
2738406
2738411
2738416
2738417
2738421
2738425
2738484
2738489
2738501
2738507
2738508
2738509
2738541
2738543
2738547
2738556
2738559
2738560
2738568
2738570
2738576
2738579
2738580
2738582
2738584
2738586
2738588
2738589
2738590
2738592
2738595
2738602
2738604
2738605
2738614
2738621
2738629
2738633
2738635
2738636
2738638
2738639
2738640
2738641
2738642
2738643
2738648
2738650
2738656
2738657
2738660
2738661
2738662
2738663
2738664
2738665
2738678
2738688
2738695
2738696
2738703
2738719
2738723
2738727
2738750
2738770
2738786
2738787
2738794
2738796
2738798
2738800
2738801
2738812
2738814
2738815
2738818
2738819
2738820
2738821
2738822
2738824
2738825
2738826
2738827
2738828
2738829
2738830
2738831
2738833
2738834
2738835
2738838
2738840
2738872
2738907
2738909
2738958
2738969
2738987
2738997
2738998