2780826
2780827
2780828
2780829
2780831
2780833
2780836
2780838
2780839
2780840
2780841
2780842
2780844
2780846
2780848
2780849
2780850
2780851
2780855
2780857
2780858
2780859
2780862
2780864
2780866
2780867
2780871
2780872
2780873
2780874
2780875
2780876
2780877
2780878
2780879
2780880
2780881
2780883
2780884
2780885
2780887
2780888
2780889
2780891
2780892
2780893
2780894
2780896
2780897
2780900
2780901
2780904
2780905
2780906
2780907
2780908
2780909
2780911
2780913
2780914
2780915
2780916
2780917
2780918
2780919
2780920
2780921
2780922
2780923
2780924
2780925
2780926
2780927
2780928
2780929
2780930
2780931
2780932
2780933
2780934
2780935
2780937
2780938
2780939
2780940
2780942
2780943
2780945
2780946
2780948
2780949
2780951
2780952
2780954
2780955
2780956
2780957
2780958
2780959
2780962
2780963
2780964
2780965
2780967
2780968
2780970
2780971
2780972
2780973
2780974
2780976
2780977
2780978
2780979
2780980
2780981
2780983
2780984
2780985
2780986
2780987
2780989
2780990
2780991
2780992
2780993
2780994
2780995
2780996
2780997
2780998
2780999
2781000
2781002
2781003
2781004
2781005
2781006
2781007
2781008
2781009
2781010
2781011
2781012
2781013
2781015
2781016
2781019
2781021
2781022
2781023
2781024
2781025
2781027
2781029
2781030
2781032
2781033
2781035
2781036
2781037
2781038
2781040
2781041
2781044
2781045
2781046
2781047
2781049
2781050
2781051
2781052
2781053
2781054
2781055
2781056
2781057
2781058
2781059
2781060
2781062
2781065
2781066
2781067
2781068
2781069
2781070
2781072
2781073
2781074
2781075
2781076
2781077
2781078
2781079
2781080
2781081
2781082
2781083
2781084
2781085
2781086
2781087
2781088
2781089
2781090
2781092
2781093
2781094
2781095
2781096
2781097
2781098
2781099
2781100
2781101
2781102
2781103
2781104
2781105
2781106
2781107
2781108
2781109
2781110
2781111
2781112
2781113
2781114
2781115
2781116
2781117
2781118
2781119
2781120
2781121
2781122
2781123
2781124
2781125
2781127
2781129
2781130
2781131
2781132
2781133
2781134
2781135
2781137
2781138
2781139
2781140
2781141
2781142
2781143
2781144
2781146
2781149
2781151
2781152
2781153
2781154
2781155
2781156
2781157
2781160
2781161
2781162
2781163
2781164
2781165
2781166
2781167
2781168
2781170
2781171
2781172
2781173
2781176
2781177
2781178
2781179
2781180
2781181
2781182
2781183
2781184
2781185
2781186
2781187
2781188
2781189
2781190
2781191
2781192
2781193
2781194
2781195
2781197
2781198
2781200
2781201
2781202
2781203
2781204
2781205
2781206
2781207
2781208
2781209
2781210
2781211
2781212
2781213
2781214
2781215
2781216
2781217
2781218
2781219
2781220
2781221
2781222
2781223
2781224
2781225
2781227
2781228
2781229
2781230
2781231
2781232
2781233
2781236
2781238
2781239
2781241
2781242
2781243
2781245
2781247
2781248
2781249
2781250
2781251
2781253
2781255
2781256
2781257
2781258
2781259
2781260
2781261
2781262
2781263
2781264
2781265
2781266
2781267
2781268
2781269
2781270
2781271
2781272
2781273
2781275
2781276
2781277
2781278
2781279
2781280
2781281
2781282
2781283
2781284
2781286
2781287
2781288
2781290
2781291
2781292
2781293
2781294
2781295
2781296
2781297
2781298
2781299
2781300
2781301
2781302
2781303
2781305
2781306
2781307
2781309
2781310
2781311
2781313
2781314
2781315
2781316
2781317
2781318
2781319
2781320
2781321
2781323
2781324
2781326
2781327
2781328
2781330
2781331
2781340
2781344
2781345
2781346
2781347
2781348
2781349
2781350
2781351
2781352
2781353
2781354
2781355
2781356
2781358
2781359
2781360
2781361
2781362
2781364
2781365
2781366
2781367
2781369
2781370
2781372
2781373
2781374
2781375
2781376
2781377
2781378
2781379
2781380
2781385
2781386
2781387
2781388
2781389
2781391
2781393
2781395
2781397
2781399
2781403
2781404
2781405
2781406
2781407
2781408
2781409
2781410
2781411