2730090
2730093
2730095
2730104
2730119
2730127
2730133
2730134
2730135
2730137
2730138
2730139
2730144
2730147
2730148
2730151
2730156
2730177
2730178
2730179
2730180
2730181
2730182
2730183
2730184
2730185
2730190
2730191
2730192
2730194
2730197
2730198
2730199
2730200
2730201
2730202
2730205
2730208
2730213
2730219
2730222
2730223
2730227
2730228
2730231
2730234
2730235
2730236
2730238
2730247
2730249
2730261
2730266
2730272
2730274
2730284
2730296
2730301
2730308
2730316
2730323
2730340
2730343
2730356
2730361
2730363
2730364
2730365
2730366
2730369
2730371
2730373
2730376
2730385
2730390
2730393
2730394
2730398
2730402
2730416
2730417
2730427
2730448
2730449
2730450
2730459
2730460
2730461
2730463
2730464
2730466
2730472
2730501
2730508
2730510
2730531
2730551
2730552
2730615
2730620
2730622
2730625
2730627
2730628
2730634
2730637
2730644
2730645
2730649
2730650
2730652
2730658
2730678
2730680
2730690
2730695
2730701
2730703
2730707
2730711
2730713
2730717
2730718
2730733
2730736
2730738
2730739
2730746
2730755
2730756
2730760
2730761
2730763
2730765
2730768
2730769
2730770
2730771
2730772
2730778
2730779
2730780
2730781
2730782
2730784
2730786
2730789
2730791
2730797
2730803
2730805
2730809
2730811
2730813
2730814
2730815
2730818
2730820
2730821
2730826
2730828
2730831
2730832
2730834
2730835
2730836
2730838
2730839
2730840
2730842
2730843
2730845
2730846
2730847
2730849
2730850
2730851
2730854
2730855
2730856
2730858
2730862
2730863
2730864
2730865
2730867
2730868
2730869
2730870
2730873
2730874
2730875
2730876
2730878
2730879
2730882
2730883
2730886
2730888
2730890
2730892
2730894
2730895
2730896
2730898
2730901
2730904
2730909
2730910
2730911
2730916
2730917
2730918
2730922
2730923
2730927
2730929
2730931
2730940
2730945
2730947
2730959
2730967
2730968
2730969
2730972
2730976
2730977
2730978
2730981
2730982
2730985
2730989
2730994
2730995
2730997
2730998
2730999
2731000
2731001
2731003
2731005
2731006
2731008
2731009
2731012
2731015
2731016
2731018
2731019
2731022
2731023
2731024
2731025
2731026
2731031
2731034
2731035
2731036
2731039
2731040
2731041
2731044
2731046
2731048
2731049
2731050
2731051
2731052
2731053
2731054
2731055
2731056
2731057
2731058
2731059
2731060
2731061
2731062
2731064
2731065
2731066
2731068
2731071
2731074
2731075
2731077
2731078
2731080
2731081
2731082
2731086
2731087
2731088
2731089
2731090
2731091
2731093
2731096
2731097
2731098
2731100
2731101
2731102
2731103
2731106
2731109
2731113
2731122
2731124
2731128
2731133
2731135
2731137
2731140
2731141
2731142
2731147
2731148
2731152
2731155
2731160
2731163
2731164
2731166
2731199
2731205
2731209
2731218
2731222
2731231
2731233
2731234
2731236
2731237
2731238
2731239
2731240
2731242
2731243
2731245
2731246
2731250
2731261
2731262
2731264
2731285
2731300
2731303
2731306
2731310
2731311
2731314
2731315
2731318
2731319
2731322
2731323
2731324
2731325
2731327
2731335
2731336
2731338
2731340
2731341
2731343
2731345
2731349
2731350
2731356
2731357
2731358
2731360
2731363
2731365
2731366
2731368
2731369
2731372
2731373
2731374
2731375
2731376
2731378