5284039
5284041
5284042
5284043
5284044
5284045
5284046
5284047
5284048
5284049
5284050
5284051
5284052
5284053
5284054
5284055
5284056
5284057
5284058
5284059
5284060
5284061
5284062
5284063
5284064
5284065
5284066
5284067
5284070
5284071
5284072
5284074
5284075
5284076
5284077
5284078
5284079
5284080
5284081
5284082
5284083
5284084
5284085
5284086
5284088
5284089
5284090
5284091
5284092
5284093
5284094
5284095
5284096
5284097
5284098
5284099
5284100
5284101
5284102
5284103
5284104
5284106
5284107
5284108
5284110
5284111
5284112
5284113
5284114
5284116
5284117
5284118
5284119
5284120
5284121
5284122
5284123
5284124
5284125
5284126
5284129
5284131
5284132
5284133
5284134
5284135
5284136
5284137
5284138
5284139
5284140
5284141
5284142
5284143
5284144
5284145
5284146
5284147
5284148
5284150
5284151
5284152
5284153
5284154
5284155
5284160
5284161
5284162
5284163
5284164
5284165
5284166
5284167
5284168
5284169
5284170
5284171
5284172
5284173
5284174
5284176
5284177
5284180
5284181
5284182
5284183
5284184
5284185
5284186
5284187
5284188
5284189
5284190
5284191
5284192
5284193
5284194
5284195
5284196
5284197
5284200
5284201
5284202
5284203
5284204
5284205
5284206
5284208
5284209
5284211
5284212
5284213
5284214
5284215
5284216
5284217
5284218
5284219
5284222
5284223
5284225
5284226
5284227
5284228
5284229
5284230
5284231
5284232
5284233
5284234
5284235
5284236
5284237
5284238
5284239
5284240
5284241
5284242
5284244
5284245
5284246
5284247
5284248
5284249
5284250
5284251
5284252
5284254
5284255
5284256
5284257
5284258
5284259
5284260
5284261
5284262
5284263
5284264
5284265
5284266
5284267
5284268
5284269
5284270
5284273
5284275
5284276
5284277
5284278
5284279
5284280
5284281
5284282
5284283
5284284
5284286
5284287
5284288
5284289
5284290
5284292
5284293
5284294
5284295
5284296
5284297
5284298
5284299
5284300
5284301
5284303
5284304
5284305
5284306
5284307
5284308
5284309
5284310
5284311
5284312
5284313
5284314
5284315
5284316
5284317
5284318
5284319
5284321
5284323
5284325
5284326
5284327
5284328
5284329
5284330
5284331
5284334
5284336
5284337
5284340
5284342
5284345
5284346
5284349
5284351
5284352
5284353
5284354
5284355
5284356
5284357
5284358
5284359
5284360
5284362
5284363
5284364
5284365
5284367
5284368
5284370
5284371
5284372
5284373
5284374
5284375
5284376
5284377
5284379
5284380
5284381
5284382
5284384
5284385
5284387
5284388
5284389
5284390
5284391
5284393
5284394
5284395
5284397
5284398
5284401
5284403
5284404
5284405
5284406
5284407
5284408
5284410
5284411
5284412
5284413
5284414
5284417
5284418
5284420
5284421
5284422
5284423
5284424
5284425
5284426
5284427
5284428
5284429
5284430
5284431
5284432
5284433
5284434
5284435
5284436
5284437
5284438
5284439
5284440
5284441
5284442
5284443
5284444
5284445
5284446
5284447
5284449
5284452
5284453
5284454
5284456
5284457
5284458
5284466
5284468
5284470
5284471
5284472
5284474
5284477
5284478
5284479
5284480
5284481
5284482
5284483
5284484
5284486
5284488
5284489
5284490
5284491
5284492
5284493
5284494
5284495
5284496
5284497
5284498
5284500
5284501
5284503
5284504
5284505
5284508
5284509
5284510
5284511
5284512
5284515
5284518
5284519
5284520
5284523
5284524
5284525
5284526
5284527
5284528
5284530
5284531
5284532
5284533
5284534
5284535
5284536
5284537
5284538
5284539
5284540
5284541
5284542
5284543
5284545
5284546
5284548
5284549
5284550
5284551
5284553
5284554
5284557
5284558
5284559
5284560
5284561
5284562
5284563
5284564
5284566
5284567
5284570
5284571
5284572
5284573
5284574
5284575
5284576
5284577
5284578
5284580
5284582
5284583
5284585
5284586
5284587
5284588
5284590
5284592
5284593
5284595
5284596
5284598
5284599
5284600
5284605
5284606
5284607
5284610
5284612
5284613
5284614
5284615
5284616
5284619
5284622
5284623
5284626
5284628
5284629
5284631
5284632
5284633
5284635
5284636
5284637
5284638
5284639
5284640
5284641
5284642
5284643
5284644
5284645
5284646
5284647
5284649
5284654
5284655
5284656
5284657
5284660
5284664
5284666
5284668
5284670
5284671
5284672
5284673
5284674
5284676
5284677
5284679
5284680
5284681
5284682
5284683
5284684
5284685
5284686
5284687
5284688
5284689
5284690
5284691
5284693
5284694
5284695
5284696
5284697
5284698
5284699
5284700
5284701
5284703
5284704
5284706
5284707
5284708
5284709
5284710
5284711
5284712
5284713
5284714
5284715
5284717
5284719
5284720
5284721
5284722
5284723
5284724
5284725
5284727
5284728
5284729
5284730
5284731
5284733
5284735
5284736
5284737
5284738
5284739
5284741
5284742
5284743
5284744
5284745
5284747
5284749
5284752
5284753
5284755
5284757
5284758
5284759
5284760
5284761
5284762
5284763
5284765
5284766
5284767
5284768
5284769
5284772
5284773
5284774
5284775
5284776
5284777
5284778
5284782
5284783
5284785
5284786
5284787
5284788
5284789
5284791
5284792
5284793
5284794
5284795
5284797
5284798
5284799
5284800
5284801
5284802
5284803
5284804
5284805
5284806
5284807
5284808
5284809
5284810
5284811
5284812
5284813
5284815
5284816
5284817
5284818
5284819
5284820
5284821
5284824
5284825
5284828
5284829
5284830
5284831
5284832
5284833
5284835
5284836
5284837
5284838
5284841
5284843
5284844
5284847
5284848
5284850
5284851
5284854
5284855
5284856
5284857
5284858
5284859
5284860
5284861
5284862
5284863
5284865
5284866
5284867
5284868
5284869
5284870
5284871
5284872
5284873
5284874
5284875
5284876
5284877
5284878
5284879
5284880
5284881
5284882
5284884
5284885
5284887
5284891
5284892
5284893
5284894
5284895
5284896
5284897
5284898
5284899
5284900
5284901
5284902
5284903
5284904
5284905
5284907
5284908
5284909
5284910
5284911
5284912
5284913
5284914
5284915
5284916
5284917
5284918
5284919
5284920
5284921
5284922
5284923
5284924
5284925
5284926
5284928
5284929
5284931
5284932
5284934
5284935
5284936
5284937
5284941
5284942
5284943
5284945
5284947
5284949
5284951
5284952
5284954
5284956
5284957
5284958
5284959
5284960
5284961
5284962
5284963
5284964
5284966
5284967
5284968
5284969
5284970
5284971
5284972
5284973
5284975
5284978
5284980
5284981
5284982
5284983
5284984
5284985
5284986
5284987
5284988
5284989
5284990
5284991
5284992
5284993
5284994
5284995
5284996
5284997
5284998
5284999
5285000
5285002
5285003
5285005
5285006
5285007
5285008
5285009
5285013
5285014
5285016
5285017
5285018
5285020
5285021
5285022
5285023
5285024
5285025
5285026
5285027
5285028
5285029
5285032
5285033
5285034
5285035
5285037
5285038
5285040
5285041
5285044
5285045
5285047
5285048
5285049
5285050
5285051
5285052
5285053
5285056
5285057
5285058
5285060
5285061
5285062
5285065
5285066
5285068
5285069
5285071
5285072
5285074
5285075
5285076
5285077
5285078
5285079
5285080
5285081
5285082
5285084
5285085
5285086
5285087
5285088
5285089
5285090
5285091
5285094
5285096
5285097
5285100
5285101
5285102
5285104
5285106
5285107
5285108
5285109
5285110
5285111
5285112
5285113
5285115
5285116
5285118
5285119
5285120
5285121
5285122
5285126
5285127
5285130
5285132
5285133
5285134
5285135
5285136
5285137
5285138
5285139
5285140
5285141
5285142
5285144
5285145
5285146
5285147
5285149
5285150
5285151
5285152
5285153
5285154
5285155
5285156
5285159
5285160
5285161
5285162
5285165
5285166
5285168
5285169
5285170
5285172
5285174
5285175
5285180
5285181
5285182
5285183
5285184
5285185
5285186
5285187
5285188
5285189
5285190
5285192
5285193
5285194
5285195
5285196
5285198
5285199
5285200
5285201
5285202
5285203
5285205
5285207
5285208
5285209
5285210
5285211
5285212
5285213
5285214
5285215
5285216
5285217
5285218
5285219
5285221
5285222
5285224
5285225
5285226
5285227
5285228
5285229
5285230
5285231
5285232
5285233
5285234
5285236
5285237
5285238
5285240
5285241
5285244
5285245
5285247
5285248
5285250
5285252
5285253
5285254
5285255
5285256
5285257
5285258
5285260
5285261
5285262
5285263
5285264
5285265
5285266
5285267
5285268
5285269
5285270
5285271
5285272
5285273
5285275
5285276
5285277
5285278
5285280
5285281
5285282
5285283
5285285
5285286
5285287
5285288
5285289
5285290
5285292
5285293
5285294
5285295
5285296
5285298
5285299
5285300
5285301
5285302
5285303
5285304
5285305
5285306
5285307
5285308
5285309
5285310
5285311
5285312
5285313
5285314
5285315
5285316
5285317
5285318
5285320
5285321
5285322
5285324
5285325
5285326
5285327
5285328
5285331
5285332
5285334
5285336
5285337
5285338
5285339
5285340
5285341
5285342
5285343
5285344
5285345
5285346
5285347
5285348
5285350
5285351
5285352
5285353
5285355
5285357
5285358
5285359
5285360
5285361
5285362
5285363
5285365
5285366
5285367
5285368
5285370
5285372
5285375
5285376
5285377
5285379
5285382
5285385
5285386
5285387
5285388
5285395
5285396
5285398
5285399
5285400
5285401
5285402
5285403
5285404
5285405
5285406
5285407
5285409
5285410
5285411
5285413
5285416
5285418
5285419
5285421
5285422
5285425
5285426
5285427
5285428
5285429
5285430
5285431
5285433
5285434
5285435
5285436
5285437
5285438
5285440
5285441
5285442
5285443
5285444
5285445
5285447
5285448
5285449
5285450
5285451
5285453
5285454
5285455
5285456
5285458
5285459
5285462
5285463
5285464
5285465
5285466
5285467
5285468
5285469
5285470
5285471
5285472
5285474
5285475
5285478
5285480
5285481
5285482
5285484
5285485
5285486
5285487
5285488
5285491
5285492
5285494
5285495
5285496
5285497
5285498
5285499
5285502
5285503
5285504
5285505
5285506
5285507
5285509
5285510
5285511
5285514
5285515
5285516
5285517
5285519
5285520
5285521
5285522
5285524
5285525
5285526
5285527
5285528
5285529
5285531
5285532
5285535
5285536
5285538
5285539
5285540
5285541
5285542
5285545
5285546
5285547
5285548
5285549
5285550
5285551
5285552
5285554
5285556
5285560
5285561
5285562
5285564
5285566
5285567
5285568
5285570
5285571
5285572
5285573
5285576
5285578
5285579
5285580
5285581
5285583
5285584
5285585
5285586
5285588
5285589
5285590
5285591
5285594
5285595
5285596
5285597
5285598
5285599
5285600
5285601
5285603
5285604
5285605
5285606
5285607
5285608
5285609
5285613
5285614
5285615
5285616
5285617
5285618
5285619
5285620
5285621
5285622
5285623
5285624
5285625
5285626
5285627
5285628
5285629
5285630
5285631
5285632
5285633
5285634
5285635
5285636
5285637
5285638
5285639
5285640
5285642
5285643
5285644
5285646
5285647
5285648
5285649
5285651
5285652
5285654
5285655
5285656
5285657
5285658
5285659
5285660
5285661
5285663
5285664
5285665
5285666
5285667
5285668
5285669
5285670
5285672
5285673
5285674
5285675
5285676
5285677
5285678
5285679
5285680
5285681
5285683
5285684
5285685
5285686
5285687
5285688
5285689
5285690
5285691
5285692
5285693
5285694
5285695
5285697
5285698
5285699
5285700
5285701
5285702
5285703
5285704
5285705
5285706
5285707
5285708
5285709
5285710
5285711
5285712
5285713
5285714
5285715
5285716
5285717
5285718
5285719
5285721
5285722
5285723
5285724
5285725
5285726
5285728
5285729
5285730
5285732
5285733
5285734
5285735
5285737
5285739
5285740
5285741
5285742
5285744
5285745
5285746
5285747
5285748
5285749
5285750
5285751
5285752
5285753
5285754
5285755
5285756
5285757
5285758
5285759
5285762
5285763
5285764
5285765
5285766
5285767
5285768
5285769
5285770
5285772
5285773
5285774
5285777
5285779
5285781
5285782
5285783
5285784
5285785
5285786
5285790
5285794
5285796
5285797
5285800
5285801
5285802
5285803
5285805
5285808
5285809
5285810
5285812
5285813
5285818
5285819
5285821
5285822
5285823
5285824
5285826
5285827
5285830
5285832
5285833
5285836
5285837
5285838
5285839
5285841
5285842
5285845
5285846
5285848
5285849
5285853
5285855
5285856
5285857
5285859
5285860
5285862
5285863
5285864
5285865
5285866
5285867
5285869
5285871
5285873
5285874
5285875
5285877
5285878
5285879
5285880
5285881
5285885
5285888
5285889
5285890
5285891
5285892
5285893
5285894
5285896
5285897
5285898
5285899
5285900
5285901
5285902
5285903
5285905
5285906
5285908
5285909
5285910
5285911
5285912
5285913
5285914
5285915
5285916
5285917
5285918
5285919
5285920
5285921
5285922
5285924
5285925
5285926
5285927
5285928
5285930
5285931
5285932
5285933
5285934
5285936
5285937
5285938
5285939
5285940
5285941
5285942
5285943
5285944
5285945
5285946
5285947
5285948
5285949
5285951
5285952
5285953
5285954
5285955
5285956
5285957
5285959
5285960
5285961
5285962
5285963
5285964
5285965
5285966
5285967
5285968
5285969
5285970
5285973
5285974
5285975
5285976
5285977
5285979
5285980
5285981
5285982
5285983
5285984
5285985
5285986
5285987
5285990
5285991
5285992
5285993
5285994
5285996
5285997
5285999
5286000
5286001
5286002
5286004
5286005
5286006
5286007
5286009
5286010
5286012
5286013
5286014
5286015
5286016
5286018
5286019
5286021
5286022
5286025
5286026
5286027
5286028
5286030
5286032
5286034
5286035
5286037
5286038
5286040
5286041
5286042
5286043
5286044
5286045
5286046
5286047
5286048
5286049
5286050
5286051
5286052
5286054
5286055
5286056
5286057
5286058
5286059
5286060
5286061
5286062
5286063
5286064
5286066
5286067
5286068
5286069
5286070
5286072
5286073
5286074
5286075
5286076
5286077
5286078
5286079
5286080
5286081
5286082
5286083
5286084
5286085
5286086
5286087
5286088
5286089
5286090
5286091
5286093
5286094
5286095
5286096
5286097
5286098
5286099
5286100
5286101
5286102
5286103
5286104
5286105
5286106
5286108
5286109