5343754
5343755
5343757
5343758
5343759
5343760
5343761
5343762
5343764
5343765
5343766
5343767
5343768
5343770
5343771
5343773
5343775
5343776
5343777
5343778
5343779
5343780
5343781
5343782
5343783
5343784
5343786
5343790
5343791
5343792
5343793
5343794
5343795
5343796
5343797
5343799
5343800
5343801
5343802
5343803
5343804
5343805
5343806
5343808
5343809
5343810
5343811
5343812
5343813
5343814
5343815
5343816
5343817
5343818
5343819
5343820
5343822
5343823
5343824
5343825
5343826
5343827
5343828
5343831
5343832
5343835
5343836
5343837
5343838
5343839
5343840
5343841
5343842
5343843
5343844
5343845
5343846
5343847
5343848
5343849
5343850
5343851
5343852
5343853
5343854
5343855
5343856
5343857
5343858
5343859
5343860
5343861
5343862
5343863
5343864
5343865
5343866
5343867
5343868
5343869
5343870
5343871
5343872
5343873
5343874
5343875
5343876
5343877
5343883
5343884
5343885
5343887
5343888
5343889
5343890
5343892
5343893
5343894
5343895
5343896
5343897
5343898
5343900
5343901
5343902
5343904
5343905
5343906
5343907
5343908
5343909
5343910
5343912
5343913
5343914
5343915
5343916
5343918
5343920
5343922
5343923
5343924
5343925
5343926
5343927
5343928
5343929
5343930
5343931
5343932
5343933
5343934
5343935
5343937
5343938
5343939
5343940
5343941
5343942
5343943
5343944
5343946
5343947
5343948
5343949
5343950
5343951
5343952
5343954
5343955
5343956
5343957
5343958
5343960
5343961
5343962
5343963
5343964
5343965
5343966
5343967
5343968
5343969
5343970
5343971
5343972
5343973
5343974
5343975
5343976
5343977
5343980
5343981
5343982
5343983
5343984
5343986
5343988
5343989
5343990
5343991
5343992
5343993
5343994
5343995
5343999
5344000
5344001
5344002
5344003
5344004
5344005
5344008
5344009
5344010
5344012
5344013
5344014
5344015
5344018
5344019
5344020
5344022
5344023
5344024
5344025
5344026
5344027
5344028
5344029
5344031
5344032
5344033
5344035
5344036
5344037
5344038
5344039
5344040
5344041
5344044
5344046
5344048
5344049
5344050
5344051
5344052
5344053
5344054
5344055
5344056
5344057
5344058
5344060
5344063
5344064
5344065
5344066
5344067
5344068
5344069
5344071
5344072
5344073
5344074
5344079
5344080
5344083
5344084
5344085
5344086
5344087
5344088
5344090
5344091
5344092
5344093
5344095
5344096
5344097
5344098
5344099
5344100
5344101
5344102
5344103
5344104
5344106
5344107
5344108
5344109
5344110
5344111
5344112
5344116
5344117
5344118
5344119
5344120
5344121
5344125
5344129
5344130
5344131
5344133
5344134
5344138
5344139
5344140
5344143
5344144
5344145
5344147
5344148
5344149
5344151
5344152
5344153
5344154
5344155
5344156
5344157
5344158
5344159
5344160
5344161
5344162
5344163
5344164
5344165
5344166
5344167
5344169
5344172
5344173
5344174
5344176
5344177
5344178
5344179
5344180
5344181
5344183
5344184
5344185
5344186
5344188
5344189
5344190
5344191
5344192
5344193
5344195
5344197
5344198
5344199
5344200
5344202
5344204
5344205
5344207
5344208
5344210
5344211
5344213
5344215
5344217
5344218
5344219
5344220
5344221
5344222
5344223
5344225
5344226
5344228
5344229
5344230
5344232
5344233
5344234
5344235
5344236
5344237
5344238
5344239
5344240
5344241
5344242
5344243
5344244
5344245
5344247
5344249
5344250
5344252
5344253
5344254
5344255
5344256
5344257
5344258
5344259
5344260
5344263
5344266
5344267
5344268
5344270
5344271
5344272
5344273
5344274
5344275
5344276
5344277
5344279
5344280
5344281
5344282
5344283
5344284
5344285
5344286
5344287
5344288
5344289
5344292
5344293
5344296
5344297
5344298
5344300
5344302
5344303
5344304
5344305
5344307
5344308
5344309
5344311
5344312
5344313
5344314
5344315
5344316
5344317
5344318
5344319
5344321
5344322
5344323
5344324
5344325
5344326
5344327
5344329
5344331
5344332
5344333
5344334
5344336
5344337
5344338
5344340
5344341
5344342
5344343
5344347
5344348
5344349
5344350
5344351
5344352
5344353
5344354
5344355
5344356
5344357
5344358
5344359
5344361
5344362
5344363
5344364
5344365
5344366
5344367
5344368
5344369
5344370
5344374
5344375
5344376
5344377
5344379
5344380
5344381
5344382
5344383
5344385
5344386
5344387
5344388
5344389
5344390
5344391
5344392
5344393
5344395
5344396
5344397
5344398
5344399
5344400
5344401
5344402
5344403
5344404
5344406
5344407
5344408
5344409
5344410
5344411
5344413
5344414
5344415
5344416
5344417
5344418
5344419
5344420
5344421
5344423
5344424
5344426
5344427
5344428
5344429
5344430
5344431
5344433
5344434
5344435
5344440
5344441
5344442
5344444
5344445
5344446
5344448
5344449
5344450
5344453
5344455
5344456
5344457
5344458
5344459
5344460
5344462
5344464
5344466
5344467
5344468
5344470
5344471
5344472
5344474
5344475
5344476
5344477
5344478
5344479
5344480
5344481
5344482
5344483
5344484
5344486
5344487
5344489
5344490
5344491
5344492
5344495
5344496
5344499
5344500
5344501
5344502
5344503
5344504
5344505
5344506
5344508
5344509
5344511
5344512
5344513
5344514
5344517
5344518
5344519
5344520
5344522
5344524
5344526
5344527
5344528
5344529
5344530
5344531
5344532
5344534
5344535
5344536
5344538
5344539
5344540
5344541
5344542
5344543
5344544
5344546
5344547
5344549
5344550
5344551
5344552
5344553
5344555
5344556
5344557
5344558
5344559
5344561
5344562
5344563
5344565
5344567
5344568
5344569
5344570
5344571
5344572
5344573
5344574
5344576
5344577
5344578
5344579
5344580
5344581
5344584
5344585
5344586
5344587
5344588
5344589
5344590
5344593
5344594
5344596
5344597
5344598
5344600
5344601
5344602
5344603
5344604
5344605
5344608
5344609
5344610
5344611
5344612
5344613
5344614
5344615
5344616
5344617
5344618
5344619
5344620
5344621
5344625
5344626
5344627
5344628
5344629
5344630
5344631
5344632
5344633
5344635
5344638
5344639
5344640
5344641
5344642
5344643
5344644
5344645
5344646
5344647
5344649
5344651
5344652
5344653
5344654
5344655
5344656
5344657
5344658
5344659
5344660
5344661
5344662
5344663
5344664
5344665
5344666
5344667
5344668
5344670
5344671
5344672
5344673
5344674
5344675
5344676
5344677
5344678
5344679
5344680
5344681
5344682
5344683
5344685
5344686
5344687
5344688
5344689
5344690
5344691
5344692
5344693
5344694
5344695
5344696
5344697
5344698
5344699
5344700
5344702
5344703
5344705
5344706
5344707
5344708
5344709
5344710
5344711
5344712
5344713
5344714
5344715
5344716
5344717
5344718
5344719
5344720
5344721
5344723
5344728
5344729
5344730
5344731
5344732
5344733
5344734
5344735
5344736
5344739
5344740
5344741
5344742
5344743
5344744
5344745
5344746
5344747
5344749
5344751
5344752
5344755
5344756
5344757
5344758
5344759
5344761
5344762
5344763
5344764
5344765
5344766
5344767
5344768
5344771
5344773
5344774
5344775
5344776
5344777
5344778
5344779
5344781
5344782
5344783
5344784
5344786
5344787
5344788
5344789
5344790
5344791
5344792
5344793
5344794
5344795
5344796
5344797
5344798
5344799
5344802
5344803
5344804
5344805
5344806
5344807
5344808
5344809
5344810
5344811
5344812
5344813
5344814
5344817
5344818
5344819
5344820
5344821
5344822
5344823
5344824
5344826
5344829
5344830
5344831
5344832
5344833
5344834
5344835
5344836
5344837
5344838
5344839
5344840
5344841
5344842
5344843
5344844
5344845
5344846
5344847
5344848
5344849
5344850
5344851
5344852
5344853
5344859
5344860
5344861
5344863
5344864
5344866
5344867
5344868
5344870
5344871
5344872
5344873
5344874
5344875
5344877
5344878
5344879
5344880
5344881
5344883
5344884
5344885
5344886
5344888
5344890
5344891
5344892
5344893
5344894
5344895
5344896
5344898
5344899
5344900
5344901
5344902
5344903
5344904
5344906
5344907
5344908
5344910
5344911
5344912
5344914
5344915
5344917
5344918
5344919
5344920
5344921
5344922
5344923
5344924
5344925
5344926
5344927
5344928
5344929
5344930
5344931
5344932
5344933
5344935
5344936
5344937
5344939
5344940
5344941
5344942
5344944
5344945
5344947
5344948
5344949
5344950
5344951
5344952
5344953
5344954
5344955
5344956
5344959
5344960
5344961
5344962
5344963
5344964
5344966
5344967
5344968
5344969
5344970
5344971
5344972
5344973
5344974
5344975
5344976
5344977
5344978
5344979
5344980
5344981
5344982
5344983
5344984
5344985
5344986
5344988
5344989
5344990
5344991
5344992
5344993
5344994
5344995
5344996
5344997
5344998
5345000
5345001
5345002
5345003
5345004
5345005
5345007
5345009
5345010
5345011
5345012
5345014
5345015
5345016
5345017
5345018
5345019
5345020
5345024
5345026
5345027
5345030
5345031
5345032
5345034
5345036
5345037
5345038
5345040
5345041
5345042
5345043
5345044
5345045
5345046
5345047
5345049
5345050
5345051
5345052
5345053
5345054
5345055
5345056
5345057
5345058
5345059
5345061
5345062
5345063
5345064
5345065
5345067
5345068
5345070
5345071
5345072
5345073
5345075
5345076
5345077
5345079
5345080
5345082
5345083
5345084
5345085
5345087
5345091
5345092
5345093
5345095
5345096
5345097
5345098
5345099
5345101
5345102
5345103
5345104
5345106
5345107
5345108
5345109
5345110
5345111
5345113
5345114
5345115
5345117
5345118
5345120
5345122
5345123
5345124
5345125
5345126
5345127
5345128
5345129
5345130
5345131
5345132
5345133
5345135
5345137
5345138
5345139
5345140
5345141
5345142
5345143
5345144
5345145
5345146
5345147
5345148
5345149
5345150
5345151
5345153
5345156
5345157
5345159
5345160
5345162
5345163
5345165
5345166
5345167
5345168
5345169
5345171
5345172
5345173
5345174
5345175
5345176
5345177
5345180
5345181
5345182
5345183
5345184
5345185
5345186
5345189
5345190
5345191
5345192
5345194
5345195
5345196
5345198
5345199
5345200
5345205
5345206
5345207
5345208
5345209
5345210
5345211
5345212
5345213
5345214
5345217
5345218
5345219
5345220
5345222
5345223
5345224
5345225
5345226
5345227
5345228
5345229
5345230
5345232
5345234
5345235
5345236
5345238
5345239
5345240
5345244
5345246
5345247
5345248
5345249
5345250
5345251
5345256
5345257
5345259
5345260
5345261
5345262
5345263
5345264
5345265
5345266
5345268
5345269
5345270
5345271
5345273
5345274
5345275
5345276
5345277
5345278
5345280
5345281
5345282
5345283
5345286
5345287
5345288
5345291
5345292
5345294
5345295
5345298
5345300
5345303
5345304
5345305
5345306
5345307
5345308
5345309
5345310
5345311
5345312
5345313
5345314
5345315
5345316
5345317
5345318
5345319
5345320
5345321
5345322
5345323
5345324
5345327
5345328
5345330
5345331
5345332
5345333
5345334
5345335
5345336
5345337
5345338
5345339
5345340
5345341
5345342
5345343
5345344
5345345
5345347
5345348
5345349
5345350
5345351
5345352
5345353
5345354
5345355
5345356
5345358
5345359
5345360
5345361
5345362
5345363
5345364
5345366
5345367
5345370
5345371
5345372
5345373
5345375
5345376
5345377
5345378
5345379
5345381
5345382
5345383
5345385
5345387
5345388
5345389
5345391
5345392
5345393
5345395
5345396
5345397
5345398
5345399
5345400
5345401
5345402
5345403
5345404
5345406
5345407
5345408
5345409
5345410
5345411
5345412
5345413
5345414
5345416
5345417
5345418
5345419
5345420
5345421
5345423
5345424
5345425
5345426
5345427
5345428
5345429
5345430
5345433
5345435
5345436
5345437
5345438
5345439
5345441
5345442
5345443
5345444
5345445
5345446
5345447
5345448
5345449
5345450
5345451
5345452
5345453
5345457
5345458
5345459
5345461
5345462
5345463
5345464
5345465
5345466
5345467
5345468
5345469
5345470
5345471
5345472
5345473
5345475
5345476
5345477
5345479
5345480
5345481
5345482
5345484
5345488
5345490
5345492
5345495
5345496
5345497
5345499
5345500
5345501
5345502
5345503
5345505
5345507
5345508
5345509
5345510
5345511
5345512
5345514
5345515
5345516
5345517
5345519
5345520
5345521
5345522
5345523
5345524
5345525
5345526
5345530
5345531
5345532
5345533
5345534
5345535
5345536
5345537
5345538
5345539
5345540
5345543
5345544
5345545
5345546
5345547
5345548
5345549
5345550
5345552
5345553
5345555
5345557
5345558
5345560
5345562
5345563
5345564
5345565
5345566
5345567
5345568
5345569
5345570
5345571
5345572
5345573
5345574
5345575
5345576
5345577
5345578
5345579
5345580
5345581
5345582
5345583
5345584
5345586
5345587
5345589
5345590
5345592
5345593
5345594
5345596
5345597
5345599
5345600
5345601
5345602
5345604
5345605
5345606
5345607
5345608
5345611
5345612
5345613
5345614
5345615
5345617
5345619
5345620
5345621
5345622
5345623
5345625
5345626
5345627
5345628
5345629
5345630
5345631
5345633
5345635
5345636
5345637
5345638
5345639
5345642
5345643
5345645
5345646
5345647
5345649
5345650
5345651
5345652
5345653
5345654
5345655
5345657
5345659
5345660
5345661
5345662
5345663
5345664
5345665
5345666
5345667
5345668
5345669
5345670
5345673
5345675
5345676
5345677
5345678
5345679
5345680
5345681
5345682
5345683
5345684
5345685
5345686
5345687
5345688
5345689
5345690
5345691
5345692
5345693
5345694
5345695
5345696
5345697
5345698
5345699
5345700
5345701
5345702
5345703
5345705
5345706
5345707
5345708
5345709
5345710
5345711
5345712
5345713
5345714
5345715
5345716
5345717
5345718
5345719
5345720
5345721
5345722
5345723
5345724
5345726
5345727
5345729
5345730
5345731
5345732
5345733
5345734
5345735
5345736
5345737
5345738
5345740
5345741
5345743
5345744
5345745
5345746
5345747
5345749
5345750
5345751
5345753
5345754
5345755
5345756
5345757
5345758
5345759
5345760
5345761
5345762
5345763
5345765
5345766
5345767
5345768
5345769
5345770
5345771
5345773
5345775
5345776
5345777
5345778
5345779
5345780
5345781
5345782
5345783
5345784
5345785
5345786
5345787
5345790
5345791
5345792
5345794
5345797
5345798
5345799
5345800
5345801
5345803
5345805
5345807
5345808
5345810
5345811
5345812
5345813
5345814
5345815
5345816
5345817
5345818
5345819
5345820
5345821
5345823
5345824
5345825
5345826
5345827
5345829
5345833
5345834
5345836
5345837
5345838
5345839
5345840
5345841
5345842
5345843
5345844
5345845
5345846
5345847
5345848
5345851
5345853
5345854
5345855
5345856
5345857
5345858
5345859
5345861
5345863
5345864
5345865
5345866
5345867
5345868
5345869
5345871
5345872
5345873
5345875
5345876
5345878
5345879
5345880
5345881
5345884
5345885
5345886
5345887
5345888
5345889
5345890
5345892
5345894
5345895
5345896
5345897
5345898
5345899
5345900
5345901
5345902
5345903
5345904
5345906
5345908
5345909
5345910
5345911
5345912
5345913
5345914
5345915
5345916
5345917
5345918
5345919
5345920
5345921
5345922
5345923
5345924
5345925
5345926
5345927
5345928
5345929
5345930
5345931
5345932
5345933
5345934
5345935
5345936
5345937
5345938
5345939
5345940
5345941
5345942
5345943
5345944
5345945
5345947
5345948
5345949
5345950
5345951
5345952
5345953
5345954
5345955
5345956
5345957
5345958
5345959
5345960
5345961
5345962
5345963
5345964
5345965
5345966
5345967
5345968
5345970
5345971
5345972
5345973
5345974
5345975
5345976
5345977
5345978
5345979
5345981
5345982
5345983
5345984
5345985
5345988
5345989
5345991
5345992
5345993
5345994
5345995
5345996
5345997
5345998
5345999
5346000
5346001
5346002
5346004
5346005
5346006
5346007
5346008
5346009
5346010
5346011
5346012
5346013
5346014
5346015
5346019
5346020
5346021
5346022
5346023
5346024
5346025
5346026
5346027
5346028
5346029
5346033
5346034
5346035
5346036
5346037
5346039
5346041
5346042
5346043
5346044
5346045
5346046
5346049
5346050
5346051
5346052
5346053
5346054
5346055
5346056
5346057
5346058
5346059
5346060
5346061
5346062
5346063
5346064
5346065
5346066
5346067
5346068
5346069
5346070
5346071
5346072
5346074
5346075
5346077
5346078
5346079
5346080
5346082
5346083
5346084
5346087
5346089
5346091
5346092
5346093
5346094
5346095
5346096
5346097
5346098
5346100
5346101
5346102
5346106
5346108
5346109
5346110
5346111
5346112
5346113
5346114
5346115
5346116
5346117
5346118
5346120
5346121
5346123
5346124
5346125
5346126
5346128
5346129
5346130
5346132
5346133
5346134
5346135
5346136
5346137
5346138
5346140
5346142
5346143
5346144
5346145
5346147
5346148
5346151
5346152
5346153
5346154
5346156
5346157
5346159
5346160
5346162
5346164
5346166
5346170
5346171
5346172
5346173
5346174
5346175
5346176
5346178
5346179
5346180
5346181
5346182
5346184
5346185
5346186
5346187
5346188
5346190
5346192
5346193
5346194
5346195
5346196
5346197
5346198
5346199
5346201
5346203
5346204
5346206
5346207
5346208
5346210
5346212
5346214
5346215
5346218
5346220
5346221
5346223
5346224
5346225
5346226
5346227
5346228
5346229
5346230
5346231
5346233
5346236
5346237
5346239
5346240
5346241
5346243
5346246
5346248
5346250
5346252
5346253
5346255
5346256
5346257
5346259
5346261
5346262
5346263
5346264
5346265
5346269
5346271
5346274
5346275
5346276
5346277
5346278
5346279
5346281
5346282
5346283
5346284
5346285
5346286
5346288
5346289
5346290
5346291
5346292
5346293
5346294
5346295
5346296
5346297
5346300
5346303
5346304
5346305
5346306
5346307
5346310
5346311
5346312
5346313
5346314
5346315
5346316
5346317
5346318
5346319
5346320
5346321
5346322
5346324
5346326
5346327
5346328
5346329
5346330
5346331
5346332
5346333
5346334
5346335
5346338
5346339
5346340
5346341
5346342
5346344
5346345
5346347
5346348
5346349
5346350
5346352
5346353
5346356
5346357
5346358
5346359
5346360
5346361
5346362
5346363
5346365
5346366
5346367
5346368
5346370
5346371
5346372
5346373
5346374
5346375
5346377
5346379
5346384
5346385
5346386
5346389
5346391
5346392
5346393
5346394
5346395
5346396
5346397
5346398
5346399
5346400
5346401
5346402
5346403
5346404
5346405
5346406
5346407
5346408
5346409
5346410
5346411
5346412
5346413
5346414
5346416
5346417
5346418
5346419
5346420
5346421
5346423
5346425
5346426
5346428
5346429
5346430
5346431
5346432
5346433
5346434
5346435
5346436
5346437
5346438
5346439
5346440
5346441
5346443
5346444
5346445
5346446
5346447
5346448
5346449
5346451
5346452
5346453
5346454
5346455
5346456
5346457
5346458
5346459
5346460
5346461
5346462
5346464
5346467
5346468
5346470
5346472
5346473
5346475
5346476
5346477
5346478
5346479
5346480
5346481
5343772
5343774
5343769
5343787
5343798
5343807
5343821
5343829
5343830
5343834
5343881
5343882
5343886
5343891
5343903
5343919
5343936
5343945
5343979
5343997
5344007
5344006
5344016
5344017
5344042
5344043
5344059
5344082
5344081
5344114
5344124
5344122
5344128
5344170
5344175
5344187
5344194
5344196
5344201
5344203
5344209
5344216
5344224
5344231
5344248
5344251
5344269
5344290
5344301
5344320
5344339
5344344
5344372
5344373
5344405
5344425
5344436
5344437
5344452
5344463
5344510
5344516
5344521
5344523
5344525
5344548
5344560
5344564
5344575
5344582
5344592
5344595
5344607
5344622
5344624
5344634
5344636
5344650
5344669
5344704
5344722
5344727
5344738
5344737
5344760
5344770
5344816
5344827
5344857
5344858
5344869
5344865
5344882
5344889
5344887
5344897
5344916
5344938
5344946
5344958
5344987
5345013
5345023
5345029
5345033
5345035
5345048
5345060
5345069
5345094
5345152
5345154
5345158
5345164
5345161
5345187
5345202
5345204
5345203
5345221
5345215
5345216
5345254
5345289
5345299
5345296
5345329
5345357
5345369
5345365
5345368
5345380
5345405
5345422
5345432
5345434
5345460
5345455
5345486
5345493
5345506
5345518
5345551
5345561
5345585
5345588
5345610
5345616
5345618
5345632
5345624
5345644
5345658
5345656
5345674
5345728
5345739
5345752
5345774
5345772
5345788
5345789
5345793
5345804
5345802
5345806
5345831
5345832
5345849
5345850
5345852
5345860
5345870
5345862
5345882
5345883
5345893
5345946
5345969
5345980
5345987
5345990
5346003
5346016
5346017
5346038
5346047
5346048
5346086
5346088
5346099
5346104
5346105
5346119
5346127
5346146
5346150
5346161
5346155
5346158
5346163
5346168
5346169
5346202
5346213
5346242
5346244
5346249
5346251
5346254
5346266
5346260
5346267
5346268
5346280
5346287
5346299
5346302
5346301
5346309
5346323
5346325
5346336
5346337
5346346
5346351
5346354
5346364
5346369
5346376
5346380
5346382
5346378
5346381
5346383
5346388
5346415
5346424
5346427
5346442
5346450
5346463
5346465
5346466
5346469
5346474