5385309
5385310
5385311
5385312
5385313
5385315
5385316
5385317
5385318
5385320
5385321
5385322
5385323
5385324
5385325
5385326
5385327
5385328
5385329
5385330
5385331
5385333
5385335
5385336
5385339
5385346
5385352
5385354
5385355
5385358
5385359
5385361
5385362
5385364
5385365
5385366
5385367
5385371
5385372
5385373
5385374
5385377
5385379
5385383
5385385
5385388
5385392
5385394
5385396
5385399
5385407
5385411
5385412
5385413
5385414
5385415
5385416
5385418
5385420
5385421
5385422
5385423
5385428
5385433
5385434
5385435
5385437
5385438
5385439
5385440
5385441
5385442
5385443
5385444
5385445
5385446
5385447
5385448
5385449
5385450
5385452
5385453
5385455
5385456
5385457
5385458
5385459
5385460
5385461
5385462
5385463
5385464
5385465
5385466
5385467
5385468
5385469
5385470
5385471
5385472
5385473
5385474
5385475
5385476
5385477
5385478
5385479
5385480
5385481
5385482
5385484
5385485
5385486
5385487
5385488
5385489
5385491
5385492
5385495
5385496
5385497
5385498
5385499
5385500
5385501
5385502
5385503
5385504
5385505
5385506
5385507
5385508
5385509
5385510
5385511
5385512
5385514
5385515
5385516
5385517
5385518
5385519
5385520
5385521
5385522
5385523
5385524
5385525
5385526
5385527
5385529
5385530
5385531
5385532
5385534
5385535
5385536
5385537
5385538
5385539
5385540
5385541
5385542
5385543
5385545
5385546
5385547
5385548
5385549
5385550
5385551
5385552
5385553
5385554
5385555
5385556
5385557
5385558
5385559
5385560
5385561
5385562
5385563
5385564
5385565
5385566
5385567
5385568
5385569
5385570
5385571
5385572
5385573
5385574
5385576
5385578
5385579
5385580
5385581
5385582
5385583
5385584
5385585
5385586
5385587
5385588
5385589
5385590
5385591
5385593
5385594
5385595
5385596
5385597
5385598
5385599
5385600
5385601
5385602
5385603
5385604
5385605
5385606
5385607
5385608
5385609
5385610
5385613
5385614
5385615
5385616
5385618
5385619
5385620
5385621
5385622
5385623
5385625
5385626
5385627
5385628
5385629
5385630
5385631
5385632
5385633
5385634
5385635
5385636
5385637
5385638
5385639
5385640
5385641
5385642
5385643
5385644
5385645
5385646
5385647
5385648
5385649
5385650
5385651
5385652
5385653
5385654
5385655
5385656
5385657
5385658
5385659
5385660
5385661
5385663
5385664
5385665
5385666
5385667
5385668
5385669
5385670
5385671
5385672
5385673
5385674
5385675
5385676
5385677
5385678
5385679
5385680
5385684
5385685
5385687
5385688
5385689
5385690
5385691
5385692
5385693
5385694
5385695
5385696
5385697
5385698
5385699
5385700
5385701
5385703
5385704
5385705
5385706
5385707
5385708
5385709
5385711
5385712
5385714
5385715
5385716
5385717
5385719
5385721
5385722
5385723
5385724
5385725
5385726
5385727
5385728
5385729
5385730
5385732
5385733
5385734
5385735
5385736
5385737
5385738
5385740
5385741
5385742
5385743
5385744
5385745
5385746
5385747
5385749
5385751
5385752
5385753
5385754
5385755
5385756
5385757
5385758
5385759
5385760
5385761
5385762
5385763
5385764
5385765
5385766
5385767
5385768
5385769
5385770
5385771
5385772
5385773
5385774
5385775
5385776
5385777
5385778
5385779
5385780
5385781
5385782
5385783
5385784
5385785
5385786
5385788
5385789
5385790
5385791
5385792
5385793
5385794
5385795
5385796
5385797
5385798
5385799
5385800
5385801
5385802
5385803
5385804
5385805
5385806
5385807
5385808
5385809
5385810
5385811
5385812
5385813
5385814
5385815
5385817
5385818
5385821
5385822
5385823
5385824
5385825
5385826
5385827
5385828
5385829
5385830
5385831
5385832
5385833
5385834
5385835
5385836
5385837
5385838
5385839
5385840
5385841
5385842
5385843
5385844
5385845
5385846
5385847
5385848
5385850
5385851
5385853
5385854
5385855
5385856
5385857
5385858
5385859
5385860
5385861
5385862
5385863
5385864
5385865
5385866
5385867
5385868
5385869
5385870
5385871
5385872
5385873
5385874
5385875
5385876
5385877
5385878
5385879
5385880
5385881
5385882
5385883
5385884
5385885
5385886
5385887
5385888
5385890
5385891
5385893
5385894
5385895
5385896
5385897
5385898
5385899
5385900
5385901
5385902
5385903
5385904
5385905
5385906
5385907
5385908
5385909
5385911
5385912
5385913
5385914
5385915
5385916
5385917
5385918
5385919
5385920
5385921
5385922
5385924
5385926
5385927
5385928
5385929
5385930
5385931
5385933
5385934
5385935
5385936
5385937
5385938
5385939
5385940
5385941
5385942
5385943
5385944
5385945
5385946
5385947
5385948
5385949
5385950
5385951
5385952
5385953
5385954
5385955
5385956
5385957
5385958
5385959
5385960
5385961
5385962
5385963
5385964
5385965
5385967
5385968
5385969
5385970
5385971
5385973
5385974
5385975
5385976
5385977
5385978
5385982
5385983
5385984
5385985
5385986
5385988
5385989
5385990
5385991
5385993
5385994
5385996
5385997
5385998
5386000
5386002
5386003
5386004
5386005
5386006
5386007
5386008
5386009
5386010
5386012
5386013
5386014
5386015
5386016
5386018
5386019
5386021
5386022
5386024
5386026
5386027
5386028
5386029
5386030
5386031
5386032
5386033
5386034
5386035
5386036
5386038
5386039
5386040
5386042
5386043
5386045
5386046
5386048
5386049
5386050
5386052
5386054
5386055
5386058
5386059
5386061
5386062
5386063
5386064
5386066
5386067
5386068
5386069
5386071
5386072
5386073
5386074
5386075
5386076
5386077
5386078
5386079
5386080
5386081
5386082
5386083
5386084
5386085
5386086
5386087
5386089
5386090
5386091
5386092
5386093
5386094
5386095
5386096
5386097
5386098
5386099
5386100
5386102
5386103
5386105
5386106
5386107
5386108
5386109
5386110
5386111
5386112
5386113
5386114
5386115
5386116
5386117
5386118
5386119
5386120
5386121
5386122
5386123
5386124
5386125
5386126
5386128
5386129
5386131
5386132
5386133
5386134
5386136
5386137
5386138
5386139
5386140
5386141
5386142
5386143
5386144
5386145
5386146
5386147
5386148
5386149
5386150
5386151
5386152
5386153
5386154
5386155
5386156
5386157
5386158
5386159
5386160
5386161
5386162
5386163
5386165
5386166
5386167
5386168
5386169
5386171
5386172
5386173
5386176
5386179
5386181
5386182
5386187
5386188
5386189
5386190
5386192
5386193
5386194
5386195
5386196
5386197
5386198
5386199
5386200
5386203
5386204
5386205
5386206
5386207
5386208
5386210
5386211
5386212
5386213
5386214
5386215
5386217
5386218
5386219
5386220
5386222
5386223
5386224
5386225
5386226
5386227
5386228
5386229
5386230
5386231
5386232
5386233
5386234
5386236
5386237
5386238
5386239
5386241
5386242
5386243
5386244
5386245
5386246
5386247
5386248
5386249
5386250
5386251
5386252
5386253
5386254
5386255
5386256
5386257
5386258
5386259
5386260
5386261
5386262
5386263
5386264
5386265
5386267
5386268
5386269
5386270
5386271
5386273
5386274
5386275
5386276
5386277
5386278
5386279
5386281
5386282
5386283
5386284
5386285
5386286
5386287
5386288
5386289
5386290
5386291
5386292
5386293
5386294
5386295
5386296
5386297
5386298
5386299
5386300
5386301
5386302
5386303
5386305
5386306
5386307
5386308
5386309
5386310
5386311
5386314
5386315
5386316
5386317
5386318
5386319
5386320
5386321
5386322
5386323
5386324
5386325
5386326
5386327
5386331
5386332
5386333
5386334
5386335
5386336
5386337
5386338
5386339
5386340
5386341
5386342
5386343
5386344
5386346
5386348
5386349
5386350
5386351
5386352
5386353
5386354
5386355
5386357
5386358
5386360
5386361
5386362
5386363
5386365
5386368
5386369
5386370
5386371
5386373
5386374
5386375
5386376
5386377
5386380
5386381
5386382
5386384
5386385
5386386
5386387
5386388
5386389
5386390
5386391
5386392
5386393
5386394
5386396
5386398
5386399
5386400
5386403
5386404
5386405
5386406
5386409
5386410
5386411
5386412
5386414
5386415
5386416
5386417
5386418
5386419
5386421
5386422
5386423
5386424
5386425
5386426
5386427
5386428
5386429
5386431
5386432
5386433
5386434
5386435
5386436
5386438
5386439
5386440
5386441
5386442
5386443
5386444
5386445
5386446
5386447
5386448
5386451
5386452
5386454
5386455
5386458
5386460
5386461
5386463
5386464
5386465
5386466
5386467
5386469
5386472
5386473
5386476
5386477
5386478
5386480
5386482
5386483
5386484
5386485
5386486
5386487
5386489
5386490
5386492
5386493
5386494
5386495
5386496
5386498
5386499
5386500
5386502
5386503
5386504
5386507
5386508
5386509
5386510
5386511
5386512
5386513
5386514
5386516
5386518
5386519
5386520
5386521
5386522
5386523
5386524
5386525
5386527
5386528
5386529
5386530
5386531
5386532
5386533
5386535
5386536
5386537
5386538
5386539
5386540
5386543
5386544
5386545
5386546
5386547
5386548
5386549
5386550
5386551
5386552
5386553
5386554
5386555
5386556
5386557
5386559
5386560
5386561
5386562
5386564
5386565
5386566
5386567
5386569
5386571
5386572
5386573
5386574
5386575
5386580
5386581
5386582
5386583
5386588
5386589
5386590
5386591
5386592
5386593
5386594
5386595
5386596
5386598
5386600
5386601
5386602
5386603
5386604
5386605
5386606
5386607
5386608
5386609
5386610
5386612
5386613
5386614
5386615
5386616
5386617
5386618
5386619
5386620
5386621
5386622
5386623
5386624
5386625
5386626
5386627
5386628
5386629
5386630
5386631
5386632
5386633
5386634
5386636
5386637
5386638
5386639
5386640
5386641
5386642
5386643
5386644
5386645
5386646
5386647
5386648
5386649
5386650
5386651
5386652
5386653
5386654
5386655
5386657
5386658
5386659
5386660
5386661
5386663
5386664
5386665
5386666
5386667
5386668
5386669
5386670
5386671
5386672
5386673
5386674
5386675
5386676
5386677
5386678
5386679
5386680
5386681
5386682
5386683
5386684
5386685
5386686
5386687
5386688
5386689
5386690
5386691
5386692
5386693
5386694
5386695
5386696
5386697
5386698
5386701
5386702
5386704
5386705
5386706
5386708
5386709
5386710
5386711
5386713
5386714
5386715
5386716
5386717
5386718
5386719
5386720
5386721
5386722
5386723
5386724
5386725
5386726
5386727
5386729
5386730
5386731
5386732
5386733
5386734
5386735
5386736
5386737
5386738
5386739
5386740
5386741
5386742
5386748
5386749
5386750
5386751
5386752
5386753
5386754
5386755
5386756
5386757
5386758
5386759
5386760
5386761
5386762
5386763
5386764
5386766
5386767
5386768
5386770
5386771
5386772
5386773
5386774
5386775
5386776
5386778
5386779
5386780
5386781
5386782
5386783
5386784
5386785
5386787
5386788
5386790
5386791
5386792
5386794
5386795
5386796
5386797
5386798
5386799
5386800
5386801
5386802
5386803
5386804
5386805
5386806
5386807
5386808
5386809
5386810
5386811
5386812
5386813
5386814
5386815
5386816
5386817
5386818
5386819
5386820
5386821
5386822
5386823
5386826
5386828
5386829
5386830
5386831
5386832
5386833
5386835
5386837
5386838
5386839
5386840
5386841
5386842
5386843
5386844
5386845
5386846
5386847
5386848
5386849
5386851
5386852
5386853
5386854
5386855
5386856
5386857
5386858
5386860
5386861
5386862
5386863
5386864
5386865
5386866
5386867
5386868
5386869
5386870
5386871
5386873
5386875
5386876
5386877
5386878
5386879
5386880
5386881
5386882
5386884
5386885
5386887
5386889
5386890
5386891
5386893
5386894
5386895
5386897
5386898
5386901
5386902
5386903
5386904
5386905
5386906
5386908
5386909
5386910
5386911
5386912
5386913
5386914
5386915
5386917
5386919
5386920
5386921
5386923
5386924
5386925
5386926
5386927
5386928
5386929
5386930
5386931
5386932
5386933
5386934
5386935
5386936
5386937
5386938
5386939
5386941
5386942
5386943
5386944
5386945
5386946
5386947
5386948
5386949
5386951
5386952
5386954
5386955
5386956
5386957
5386958
5386960
5386961
5386962
5386963
5386964
5386965
5386966
5386967
5386968
5386969
5386970
5386971
5386972
5386973
5386974
5386975
5386976
5386978
5386979
5386980
5386981
5386982
5386983
5386984
5386985
5386986
5386987
5386988
5386989
5386992
5386993
5386995
5386996
5386997
5386998
5386999
5387000
5387001
5387002
5387003
5387004
5387005
5387006
5387007
5387008
5387009
5387010
5387011
5387012
5387013
5387014
5387015
5387016
5387017
5387018
5387019
5387020
5387021
5387022
5387023
5387024
5387025
5387026
5387028
5387029
5387031
5387033
5387034
5387035
5387036
5387037
5387038
5387039
5387040
5387041
5387042
5387043
5387044
5387046
5387047
5387048
5387049
5387050
5387051
5387052
5387053
5387054
5387056
5387057
5387058
5387060
5387061
5387062
5387063
5387064
5387065
5387067
5387068
5387069
5387070
5387071
5387072
5387073
5387074
5387075
5387076
5387077
5387079
5387081
5387082
5387083
5387084
5387085
5387086
5387087
5387088
5387089
5387090
5387092
5387093
5387094
5387095
5387096
5387097
5387098
5387099
5387100
5387102
5387103
5387105
5387106
5387107
5387108
5387109
5387110
5387111
5387112
5387113
5387114
5387115
5387116
5387117
5387118
5387120
5387122
5387123
5387124
5387125
5387126
5387127
5387128
5387129
5387130
5387132
5387134
5387135
5387136
5387137
5387138
5387139
5387140
5387141
5387143
5387144
5387145
5387147
5387148
5387149
5387150
5387151
5387152
5387153
5387154
5387155
5387156
5387157
5387158
5387159
5387160
5387161
5387162
5387163
5387164
5387165
5387166
5387167
5387168
5387169
5387170
5387171
5387172
5387173
5387174
5387175
5387176
5387177
5387178
5387179
5387180
5387181
5387182
5387183
5387184
5387185
5387186
5387187
5387188
5387189
5387190
5387191
5387192
5387193
5387194
5387195
5387196
5387197
5387198
5387200
5387201
5387202
5387203
5387204
5387205
5387206
5387207
5387208
5387210
5387212