5736292
5736293
5736294
5736295
5736297
5736298
5736299
5736300
5736302
5736303
5736304
5736305
5736306
5736307
5736308
5736309
5736310
5736311
5736312
5736313
5736314
5736315
5736316
5736317
5736318
5736319
5736320
5736321
5736322
5736323
5736324
5736325
5736326
5736328
5736329
5736330
5736331
5736332
5736333
5736334
5736335
5736336
5736337
5736338
5736339
5736340
5736341
5736342
5736343
5736344
5736345
5736347
5736348
5736349
5736351
5736352
5736354
5736355
5736356
5736357
5736358
5736360
5736361
5736362
5736363
5736364
5736365
5736366
5736367
5736368
5736370
5736371
5736372
5736373
5736374
5736375
5736376
5736377
5736378
5736379
5736380
5736381
5736383
5736384
5736385
5736386
5736387
5736388
5736389
5736391
5736394
5736396
5736397
5736398
5736399
5736400
5736401
5736402
5736403
5736404
5736405
5736406
5736407
5736408
5736409
5736410
5736411
5736412
5736413
5736414
5736415
5736416
5736417
5736418
5736419
5736420
5736421
5736422
5736423
5736424
5736425
5736426
5736427
5736428
5736429
5736430
5736431
5736432
5736433
5736434
5736435
5736436
5736437
5736438
5736439
5736440
5736441
5736442
5736444
5736445
5736446
5736447
5736448
5736449
5736450
5736451
5736452
5736453
5736454
5736456
5736457
5736458
5736459
5736460
5736461
5736462
5736463
5736464
5736465
5736466
5736467
5736468
5736469
5736470
5736471
5736472
5736473
5736474
5736475
5736476
5736477
5736478
5736479
5736480
5736481
5736482
5736483
5736484
5736485
5736486
5736487
5736488
5736489
5736490
5736492
5736493
5736494
5736495
5736496
5736497
5736498
5736500
5736501
5736502
5736503
5736504
5736505
5736506
5736508
5736509
5736510
5736511
5736512
5736513
5736514
5736515
5736516
5736517
5736518
5736519
5736520
5736521
5736522
5736523
5736524
5736525
5736526
5736527
5736530
5736531
5736532
5736533
5736534
5736535
5736536
5736537
5736538
5736539
5736541
5736542
5736544
5736545
5736546
5736547
5736548
5736549
5736550
5736551
5736552
5736553
5736554
5736555
5736556
5736557
5736558
5736559
5736560
5736561
5736562
5736563
5736564
5736565
5736566
5736567
5736568
5736569
5736571
5736572
5736573
5736574
5736575
5736576
5736577
5736578
5736579
5736580
5736581
5736582
5736583
5736584
5736585
5736586
5736587
5736588
5736589
5736590
5736591
5736592
5736593
5736594
5736595
5736596
5736598
5736599
5736600
5736601
5736602
5736603
5736604
5736605
5736606
5736607
5736608
5736609
5736610
5736611
5736612
5736613
5736614
5736615
5736616
5736617
5736619
5736620
5736621
5736622
5736623
5736624
5736625
5736626
5736627
5736628
5736629
5736630
5736631
5736632
5736633
5736634
5736635
5736636
5736637
5736638
5736640
5736641
5736643
5736644
5736645
5736646
5736647
5736648
5736649
5736650
5736651
5736652
5736653
5736654
5736655
5736656
5736657
5736658
5736660
5736661
5736662
5736663
5736666
5736667
5736668
5736669
5736670
5736671
5736675
5736676
5736677
5736678
5736679
5736681
5736682
5736684
5736685
5736686
5736687
5736688
5736689
5736690
5736691
5736692
5736693
5736694
5736695
5736696
5736697
5736699
5736700
5736701
5736702
5736703
5736704
5736705
5736706
5736707
5736708
5736709
5736710
5736711
5736712
5736713
5736714
5736715
5736716
5736717
5736718
5736720
5736721
5736722
5736723
5736725
5736726
5736727
5736728
5736729
5736730
5736731
5736733
5736735
5736736
5736737
5736738
5736739
5736740
5736741
5736742
5736743
5736744
5736745
5736746
5736747
5736748
5736749
5736751
5736752
5736753
5736754
5736755
5736756
5736757
5736758
5736759
5736760
5736761
5736762
5736763
5736764
5736765
5736766
5736768
5736769
5736770
5736771
5736772
5736773
5736774
5736775
5736776
5736777
5736778
5736779
5736781
5736782
5736783
5736784
5736785
5736786
5736787
5736788
5736789
5736790
5736791
5736792
5736793
5736794
5736795
5736796
5736797
5736798
5736799
5736800
5736801
5736803
5736804
5736805
5736806
5736807
5736808
5736809
5736810
5736811
5736812
5736813
5736814
5736815
5736816
5736817
5736818
5736820
5736821
5736822
5736823
5736824
5736825
5736826
5736827
5736828
5736829
5736830
5736831
5736832
5736833
5736834
5736836
5736837
5736838
5736840
5736841
5736843
5736844
5736845
5736846
5736847
5736848
5736849
5736850
5736851
5736853
5736854
5736855
5736857
5736858
5736859
5736860
5736861
5736862
5736863
5736864
5736865
5736866
5736867
5736868
5736869
5736870
5736871
5736872
5736873
5736875
5736876
5736877
5736879
5736880
5736881
5736882
5736883
5736884
5736885
5736886
5736887
5736889
5736891
5736892
5736893
5736894
5736895
5736897
5736899
5736900
5736901
5736903
5736905
5736906
5736907
5736908
5736910
5736911
5736912
5736913
5736915
5736916
5736917
5736918
5736919
5736920
5736921
5736922
5736923
5736924
5736925
5736926
5736927
5736928
5736929
5736930
5736931
5736932
5736933
5736934
5736935
5736936
5736937
5736938
5736939
5736940
5736941
5736942
5736943
5736944
5736945
5736946
5736947
5736948
5736949
5736951
5736952
5736953
5736954
5736955
5736956
5736957
5736959
5736960
5736961
5736962
5736963
5736965
5736967
5736968
5736969
5736970
5736971
5736972
5736973
5736974
5736975
5736976
5736977
5736979
5736980
5736982
5736983
5736985
5736986
5736987
5736990
5736991
5736992
5736993
5736994
5736996
5736997
5736998
5736999
5737000
5737001
5737002
5737003
5737004
5737005
5737006
5737007
5737008
5737009
5737010
5737011
5737012
5737013
5737014
5737015
5737016
5737017
5737018
5737019
5737020
5737021
5737022
5737023
5737025
5737026
5737027
5737029
5737030
5737031
5737032
5737033
5737034
5737035
5737036
5737037
5737038
5737039
5737040
5737041
5737042
5737045
5737046
5737047
5737048
5737049
5737050
5737052
5737053
5737054
5737055
5737056
5737057
5737058
5737059
5737060
5737062
5737063
5737064
5737066
5737067
5737068
5737069
5737070
5737071
5737072
5737073
5737074
5737075
5737076
5737077
5737079
5737080
5737081
5737082
5737083
5737084
5737085
5737086
5737088
5737089
5737090
5737092
5737093
5737094
5737095
5737096
5737098
5737099
5737100
5737101
5737103
5737105
5737106
5737107
5737108
5737109
5737110
5737111
5737112
5737114
5737116
5737120
5737121
5737124
5737127
5737128
5737130
5737131
5737132
5737133
5737135
5737136
5737138
5737139
5737140
5737141
5737142
5737143
5737144
5737145
5737146
5737147
5737148
5737149
5737150
5737151
5737152
5737153
5737154
5737155
5737157
5737158
5737159
5737160
5737161
5737163
5737164
5737165
5737166
5737167
5737168
5737170
5737171
5737172
5737173
5737174
5737175
5737177
5737178
5737179
5737180
5737182
5737183
5737185
5737186
5737187
5737188
5737189
5737190
5737192
5737193
5737194
5737195
5737196
5737197
5737198
5737199
5737200
5737201
5737202
5737203
5737204
5737205
5737206
5737207
5737208
5737209
5737210
5737212
5737213
5737214
5737215
5737217
5737218
5737219
5737220
5737221
5737222
5737223
5737224
5737225
5737226
5737228
5737229
5737231
5737232
5737233
5737235
5737236
5737240
5737242
5737243
5737244
5737245
5737246
5737247
5737248
5737249
5737252
5737253
5737254
5737255
5737256
5737257
5737258
5737259
5737260
5737261
5737262
5737264
5737265
5737266
5737267
5737268
5737269
5737270
5737272
5737273
5737274
5737276
5737277
5737278
5737279
5737280
5737281
5737282
5737285
5737286
5737287
5737288
5737289
5737290
5737293
5737294
5737295
5737296
5737297
5737298
5737300
5737301
5737302
5737303
5737304
5737305
5737306
5737307
5737308
5737309
5737310
5737311
5737312
5737315
5737316
5737317
5737318
5737319
5737320
5737322
5737323
5737324
5737325
5737326
5737327
5737328
5737329
5737330
5737331
5737332
5737333
5737334
5737335
5737336
5737339
5737340
5737342
5737343
5737345
5737346
5737348
5737349
5737350
5737351
5737352
5737353
5737354
5737355
5737357
5737358
5737359
5737360
5737361
5737363
5737364
5737365
5737366
5737367
5737368
5737369
5737370
5737371
5737372
5737373
5737374
5737375
5737377
5737378
5737379
5737380
5737382
5737384
5737385
5737386
5737387
5737388
5737389
5737391
5737393
5737394
5737395
5737398
5737400
5737401
5737402
5737405
5737406
5737407
5737409
5737410
5737411
5737413
5737414
5737415
5737416
5737417
5737418
5737419
5737420
5737421
5737424
5737426
5737427
5737428
5737429
5737431
5737432
5737433
5737434
5737435
5737436
5737437
5737438
5737439
5737440
5737441
5737442
5737443
5737444
5737445
5737446
5737447
5737448
5737449
5737450
5737452
5737453
5737455
5737456
5737457
5737458
5737459
5737460
5737462
5737463
5737464
5737465
5737466
5737467
5737468
5737469
5737470
5737471
5737472
5737473
5737474
5737475
5737476
5737477
5737478
5737479
5737480
5737481
5737483
5737484
5737485
5737486
5737487
5737488
5737489
5737490
5737492
5737493
5737494
5737495
5737496
5737497
5737498
5737499
5737500
5737501
5737503
5737505
5737506
5737507
5737508
5737509
5737510
5737511
5737513
5737514
5737515
5737516
5737517
5737518
5737519
5737521
5737522
5737523
5737525
5737526
5737527
5737528
5737530
5737531
5737532
5737533
5737534
5737535
5737536
5737537
5737538
5737539
5737540
5737541
5737542
5737543
5737544
5737546
5737547
5737548
5737549
5737550
5737551
5737552
5737553
5737554
5737556
5737557
5737558
5737559
5737560
5737561
5737562
5737563
5737564
5737565
5737566
5737567
5737568
5737570
5737571
5737572
5737573
5737574
5737575
5737576
5737577
5737578
5737580
5737581
5737582
5737583
5737586
5737587
5737588
5737589
5737591
5737592
5737594
5737595
5737596
5737597
5737598
5737599
5737600
5737601
5737602
5737603
5737604
5737605
5737606
5737608
5737609
5737610
5737611
5737612
5737613
5737614
5737615
5737616
5737617
5737618
5737619
5737620
5737621
5737625
5737626
5737627
5737628
5737629
5737630
5737631
5737632
5737633
5737634
5737635
5737636
5737637
5737638
5737639
5737640
5737642
5737643
5737644
5737645
5737646
5737647
5737649
5737650
5737651
5737652
5737653
5737654
5737655
5737656
5737657
5737659
5737660
5737661
5737662
5737663
5737664
5737665
5737666
5737667
5737668
5737669
5737670
5737672
5737673
5737674
5737675
5737676
5737677
5737678
5737680
5737681
5737683
5737684
5737685
5737686
5737687
5737688
5737689
5737690
5737692
5737693
5737694
5737695
5737696
5737697
5737698
5737700
5737701
5737702
5737703
5737704
5737705
5737706
5737707
5737710
5737711
5737712
5737713
5737714
5737715
5737716
5737717
5737718
5737719
5737720
5737721
5737724
5737725
5737727
5737728
5737729
5737730
5737731
5737733
5737735
5737736
5737737
5737739
5737740
5737741
5737742
5737743
5737744
5737746
5737747
5737749
5737750
5737751
5737753
5737754
5737755
5737756
5737757
5737758
5737759
5737760
5737761
5737762
5737763
5737764
5737765
5737766
5737767
5737768
5737769
5737770
5737771
5737772
5737773
5737774
5737775
5737777
5737778
5737779
5737780
5737782
5737784
5737785
5737786
5737788
5737790
5737791
5737792
5737793
5737794
5737795
5737796
5737797
5737798
5737799
5737800
5737802
5737803
5737804
5737807
5737808
5737809
5737810
5737811
5737812
5737814
5737815
5737816
5737818
5737819
5737820
5737822
5737823
5737824
5737826
5737827
5737828
5737829
5737831
5737832
5737833
5737835
5737837
5737838
5737839
5737840
5737841
5737842
5737843
5737844
5737845
5737846
5737848
5737849
5737850
5737851
5737853
5737854
5737855
5737856
5737857
5737859
5737860
5737861
5737862
5737864
5737866
5737867
5737868
5737869
5737870
5737871
5737872
5737873
5737874
5737875
5737876
5737877
5737878
5737879
5737880
5737881
5737882
5737883
5737884
5737885
5737886
5737887
5737888
5737889
5737890
5737891
5737892
5737893
5737894
5737895
5737896
5737897
5737898
5737899
5737900
5737901
5737902
5737903
5737904
5737905