5396842
5396843
5396844
5396845
5396846
5396847
5396848
5396850
5396851
5396852
5396853
5396854
5396855
5396856
5396857
5396860
5396861
5396862
5396863
5396864
5396865
5396866
5396867
5396868
5396869
5396870
5396871
5396872
5396873
5396875
5396876
5396877
5396878
5396879
5396880
5396881
5396882
5396883
5396884
5396886
5396887
5396888
5396890
5396891
5396892
5396893
5396894
5396895
5396896
5396897
5396898
5396899
5396900
5396902
5396903
5396905
5396906
5396907
5396908
5396909
5396910
5396911
5396912
5396913
5396914
5396915
5396916
5396917
5396918
5396919
5396920
5396921
5396922
5396923
5396924
5396925
5396926
5396927
5396929
5396931
5396932
5396933
5396934
5396935
5396936
5396937
5396938
5396940
5396941
5396942
5396943
5396944
5396945
5396946
5396947
5396948
5396950
5396951
5396952
5396953
5396954
5396955
5396956
5396957
5396958
5396959
5396960
5396961
5396962
5396963
5396964
5396965
5396966
5396967
5396968
5396969
5396970
5396971
5396972
5396973
5396974
5396975
5396976
5396977
5396978
5396979
5396981
5396982
5396983
5396984
5396985
5396986
5396987
5396988
5396989
5396990
5396991
5396992
5396993
5396994
5396996
5396997
5396998
5396999
5397000
5397001
5397002
5397003
5397004
5397005
5397007
5397008
5397009
5397010
5397011
5397012
5397013
5397014
5397015
5397016
5397017
5397018
5397019
5397020
5397021
5397022
5397023
5397024
5397025
5397026
5397027
5397028
5397029
5397031
5397032
5397033
5397034
5397035
5397036
5397037
5397038
5397039
5397040
5397042
5397044
5397045
5397047
5397048
5397049
5397050
5397052
5397053
5397054
5397055
5397056
5397057
5397058
5397059
5397060
5397061
5397062
5397063
5397064
5397065
5397066
5397067
5397069
5397070
5397071
5397072
5397073
5397074
5397075
5397076
5397078
5397079
5397080
5397081
5397082
5397083
5397084
5397085
5397086
5397087
5397088
5397089
5397090
5397092
5397094
5397095
5397096
5397097
5397098
5397100
5397102
5397103
5397104
5397105
5397106
5397107
5397108
5397109
5397110
5397112
5397113
5397114
5397116
5397117
5397118
5397119
5397121
5397122
5397123
5397125
5397126
5397127
5397128
5397129
5397130
5397131
5397132
5397133
5397134
5397135
5397136
5397138
5397139
5397140
5397141
5397142
5397143
5397144
5397145
5397146
5397147
5397148
5397149
5397151
5397152
5397153
5397154
5397155
5397156
5397158
5397159
5397160
5397162
5397163
5397164
5397166
5397167
5397170
5397171
5397172
5397173
5397176
5397177
5397178
5397179
5397180
5397181
5397182
5397183
5397186
5397188
5397189
5397190
5397191
5397192
5397193
5397194
5397195
5397196
5397197
5397199
5397200
5397201
5397202
5397204
5397205
5397206
5397207
5397208
5397210
5397211
5397212
5397213
5397215
5397216
5397217
5397218
5397219
5397221
5397222
5397223
5397224
5397225
5397226
5397227
5397228
5397230
5397231
5397232
5397233
5397236
5397237
5397239
5397240
5397241
5397243
5397244
5397245
5397247
5397248
5397249
5397250
5397251
5397252
5397254
5397255
5397256
5397257
5397258
5397259
5397260
5397262
5397263
5397264
5397265
5397266
5397267
5397270
5397271
5397272
5397273
5397274
5397275
5397276
5397277
5397278
5397279
5397284
5397285
5397287
5397290
5397292
5397295
5397297
5397298
5397299
5397301
5397302
5397304
5397305
5397306
5397307
5397308
5397310
5397311
5397312
5397313
5397314
5397316
5397317
5397319
5397320
5397321
5397322
5397323
5397324
5397325
5397326
5397327
5397328
5397330
5397331
5397332
5397333
5397334
5397335
5397336
5397337
5397338
5397339
5397340
5397341
5397342
5397343
5397344
5397346
5397347
5397348
5397349
5397350
5397351
5397352
5397353
5397354
5397356
5397358
5397359
5397360
5397361
5397362
5397363
5397364
5397365
5397366
5397367
5397368
5397369
5397370
5397371
5397372
5397373
5397374
5397375
5397376
5397377
5397378
5397379
5397380
5397381
5397382
5397383
5397385
5397386
5397387
5397388
5397389
5397390
5397391
5397392
5397393
5397394
5397395
5397397
5397398
5397399
5397401
5397402
5397403
5397404
5397405
5397406
5397407
5397408
5397409
5397411
5397412
5397413
5397414
5397415
5397416
5397417
5397418
5397419
5397420
5397421
5397422
5397423
5397424
5397425
5397426
5397428
5397429
5397430
5397431
5397432
5397433
5397435
5397436
5397437
5397438
5397439
5397440
5397441
5397442
5397443
5397444
5397445
5397446
5397447
5397448
5397449
5397450
5397451
5397452
5397453
5397454
5397455
5397456
5397457
5397458
5397459
5397460
5397461
5397462
5397463
5397464
5397466
5397467
5397468
5397469
5397470
5397471
5397473
5397474
5397475
5397476
5397479
5397480
5397481
5397482
5397483
5397484
5397485
5397486
5397487
5397490
5397491
5397492
5397494
5397495
5397496
5397497
5397498
5397499
5397500
5397501
5397502
5397504
5397505
5397506
5397507
5397510
5397511
5397512
5397514
5397515
5397516
5397517
5397518
5397519
5397521
5397522
5397523
5397524
5397526
5397527
5397528
5397529
5397530
5397531
5397532
5397534
5397535
5397536
5397538
5397539
5397540
5397541
5397542
5397543
5397545
5397546
5397547
5397548
5397549
5397550
5397551
5397553
5397554
5397555
5397556
5397557
5397558
5397559
5397560
5397561
5397562
5397563
5397565
5397566
5397567
5397568
5397569
5397571
5397573
5397578
5397581
5397583
5397584
5397586
5397587
5397589
5397590
5397591
5397592
5397593
5397594
5397596
5397597
5397598
5397599
5397601
5397602
5397604
5397605
5397606
5397607
5397608
5397609
5397610
5397611
5397612
5397613
5397615
5397616
5397618
5397619
5397620
5397621
5397622
5397623
5397624
5397625
5397626
5397627
5397628
5397629
5397631
5397632
5397634
5397635
5397636
5397638
5397639
5397640
5397641
5397642
5397643
5397644
5397645
5397646
5397647
5397648
5397649
5397650
5397651
5397652
5397653
5397654
5397655
5397656
5397657
5397658
5397659
5397660
5397661
5397662
5397663
5397665
5397667
5397668
5397669
5397670
5397671
5397672
5397673
5397674
5397675
5397676
5397677
5397679
5397680
5397681
5397682
5397683
5397685
5397686
5397687
5397688
5397690
5397691
5397693
5397694
5397695
5397696
5397697
5397699
5397700
5397702
5397703
5397704
5397706
5397707
5397708
5397709
5397710
5397711
5397712
5397713
5397714
5397715
5397716
5397717
5397718
5397719
5397720
5397721
5397722
5397723
5397724
5397725
5397727
5397728
5397729
5397732
5397733
5397734
5397736
5397737
5397738
5397739
5397740
5397741
5397742
5397743
5397744
5397745
5397748
5397750
5397752
5397753
5397754
5397755
5397756
5397757
5397758
5397759
5397760
5397761
5397762
5397765
5397766
5397767
5397768
5397769
5397770
5397771
5397772
5397773
5397774
5397775
5397777
5397778
5397780
5397781
5397782
5397783
5397784
5397785
5397786
5397787
5397788
5397790
5397791
5397792
5397793
5397794
5397795
5397796
5397797
5397798
5397799
5397800
5397801
5397802
5397803
5397804
5397805
5397806
5397807
5397808
5397809
5397810
5397811
5397812
5397814
5397815
5397816
5397817
5397818
5397819
5397820
5397821
5397822
5397823
5397824
5397825
5397826
5397829
5397830
5397832
5397833
5397834
5397836
5397837
5397839
5397840
5397841
5397843
5397844
5397845
5397846
5397847
5397848
5397849
5397851
5397853
5397854
5397855
5397858
5397859
5397860
5397861
5397862
5397864
5397866
5397867
5397869
5397870
5397871
5397873
5397874
5397875
5397876
5397877
5397878
5397879
5397880
5397881
5397882
5397883
5397884
5397886
5397889
5397891
5397892
5397893
5397894
5397896
5397897
5397899
5397900
5397901
5397902
5397903
5397907
5397908
5397909
5397910
5397911
5397915
5397916
5397918
5397919
5397920
5397921
5397922
5397923
5397924
5397925
5397926
5397927
5397928
5397930
5397931
5397933
5397934
5397935
5397936
5397937
5397939
5397940
5397942
5397943
5397944
5397945
5397946
5397947
5397948
5397949
5397950
5397951
5397953
5397954
5397955
5397956
5397957
5397958
5397959
5397960
5397961
5397962
5397963
5397964
5397965
5397966
5397967
5397968
5397969
5397970
5397971
5397972
5397973
5397974
5397975
5397976
5397977
5397979
5397980
5397981
5397982
5397983
5397985
5397986
5397987
5397988
5397989
5397990
5397991
5397992
5397993
5397994
5397995
5397996
5397997
5397998
5397999
5398000
5398001
5398002
5398003
5398004
5398005
5398006
5398007
5398008
5398009
5398010
5398011
5398012
5398016
5398017
5398018
5398019
5398020
5398021
5398022
5398023
5398024
5398025
5398026
5398027
5398028
5398029
5398030
5398031
5398032
5398033
5398034
5398035
5398036
5398037
5398038
5398040
5398041
5398042
5398044
5398045
5398046
5398047
5398048
5398049
5398050
5398051
5398053
5398055
5398056
5398057
5398058
5398060
5398061
5398062
5398063
5398064
5398065
5398066
5398068
5398069
5398070
5398072
5398073
5398074
5398075
5398076
5398080
5398081
5398082
5398083
5398084
5398085
5398086
5398087
5398089
5398091
5398092
5398093
5398094
5398095
5398096
5398097
5398098
5398100
5398101
5398102
5398105
5398106
5398107
5398108
5398110
5398111
5398112
5398113
5398115
5398116
5398117
5398118
5398119
5398120
5398121
5398122
5398123
5398124
5398125
5398126
5398127
5398128
5398129
5398131
5398132
5398133
5398134
5398135
5398136
5398137
5398138
5398139
5398140
5398141
5398142
5398143
5398144
5398145
5398146
5398147
5398148
5398149
5398150
5398152
5398154
5398155
5398156
5398157
5398158
5398159
5398160
5398161
5398162
5398163
5398164
5398165
5398166
5398167
5398168
5398170
5398171
5398172
5398173
5398174
5398175
5398176
5398177
5398178
5398179
5398180
5398181
5398182
5398183
5398184
5398186
5398187
5398188
5398189
5398190
5398192
5398193
5398194
5398195
5398196
5398198
5398203
5398204
5398205
5398206
5398207
5398209
5398210
5398212
5398213
5398214
5398215
5398217
5398218
5398219
5398220
5398221
5398222
5398223
5398224
5398225
5398227
5398229
5398231
5398232
5398233
5398234
5398235
5398236
5398237
5398239
5398240
5398241
5398242
5398244
5398245
5398246
5398247
5398248
5398249
5398250
5398251
5398252
5398254
5398255
5398256
5398257
5398258
5398259
5398260
5398261
5398262
5398263
5398264
5398265
5398266
5398267
5398268
5398269
5398270
5398271
5398272
5398273
5398274
5398275
5398276
5398277
5398278
5398279
5398280
5398281
5398282
5398283
5398284
5398285
5398286
5398287
5398288
5398289
5398290
5398291
5398292
5398294
5398295
5398296
5398297
5398298
5398299
5398300
5398301
5398302
5398303
5398304
5398305
5398306
5398307
5398308
5398309
5398310
5398311
5398313
5398314
5398315
5398316
5398317
5398318
5398319
5398320
5398321
5398322
5398323
5398325
5398326
5398327
5398328
5398329
5398330
5398331
5398332
5398333
5398334
5398335
5398337
5398338
5398339
5398340
5398341
5398342
5398343
5398344
5398345
5398346
5398347
5398348
5398349
5398350
5398351
5398352
5398353
5398354
5398355
5398356
5398357
5398358
5398359
5398360
5398361
5398362
5398363
5398364
5398365
5398367
5398368
5398369
5398370
5398372
5398373
5398374
5398375
5398376
5398378
5398379
5398380
5398381
5398382
5398383
5398384
5398385
5398386
5398387
5398388
5398389
5398390
5398392
5398393
5398394
5398395
5398396
5398397
5398398
5398399
5398400
5398401
5398402
5398403
5398404
5398405
5398406
5398407
5398408
5398409
5398410
5398411
5398412
5398413
5398414
5398415
5398417
5398418
5398419
5398420
5398422
5398423
5398424
5398425
5398426
5398427
5398428
5398430
5398431
5398432
5398433
5398434
5398435
5398436
5398437
5398438
5398439
5398440
5398441
5398442
5398443
5398445
5398446
5398448
5398449
5398450
5398451
5398452
5398453
5398454
5398455
5398456
5398457
5398458
5398459
5398460
5398461
5398462
5398464
5398465
5398466
5398467
5398468
5398470
5398471
5398472
5398473
5398474
5398475
5398477
5398479
5398480
5398481
5398482
5398483
5398484
5398485
5398486
5398487
5398488
5398489
5398490
5398491
5398493
5398494
5398495
5398496
5398497
5398498
5398499
5398500
5398501
5398502
5398503
5398504
5398506
5398507
5398508
5398510
5398511
5398512
5398513
5398514
5398515
5398516
5398517
5398518
5398519
5398521
5398522
5398524
5398525
5398526
5398527
5398528
5398529
5398531
5398532
5398533
5398534
5398535
5398536
5398537
5398538
5398539
5398540
5398541
5398542
5398543
5398544
5398546
5398547
5398549
5398550
5398551
5398552
5398553
5398554
5398555
5398556
5398557
5398558
5398559
5398560
5398561
5398562
5398563
5398564
5398565
5398566
5398569
5398571
5398572
5398573
5398576
5398577
5398578
5398579
5398580
5398581
5398582
5398583
5398584
5398585
5398586
5398588
5398589
5398590
5398591
5398592
5398593
5398594
5398595
5398596
5398597
5398598
5398600
5398601
5398602
5398603
5398604
5398605
5398606