5688489
5688490
5688491
5688492
5688495
5688512
5688515
5688544
5688548
5688554
5688569
5688581
5688610
5688613
5688623
5688635
5688648
5687812
5687813
5687814
5687815
5687816
5687817
5687818
5687819
5687820
5687821
5687822
5687824
5687825
5687826
5687827
5687828
5687829
5687830
5687831
5687832
5687834
5687835
5687836
5687837
5687838
5687839
5687840
5687841
5687842
5687844
5687845
5687846
5687848
5687849
5687850
5687851
5687852
5687854
5687855
5687856
5687857
5687858
5687859
5687860
5687861
5687862
5687863
5687864
5687866
5687867
5687868
5687869
5687870
5687871
5687872
5687873
5687874
5687875
5687876
5687877
5687878
5687879
5687880
5687881
5687882
5687883
5687884
5687885
5687886
5687887
5687888
5687889
5687890
5687891
5687892
5687893
5687894
5687895
5687896
5687897
5687899
5687900
5687901
5687902
5687903
5687904
5687905
5687906
5687907
5687910
5687911
5687912
5687913
5687915
5687916
5687918
5687919
5687920
5687921
5687922
5687923
5687924
5687925
5687928
5687929
5687930
5687932
5687933
5687934
5687935
5687936
5687938
5687939
5687940
5687942
5687943
5687944
5687945
5687946
5687947
5687948
5687949
5687952
5687953
5687958
5687959
5687961
5687963
5687965
5687966
5687967
5687970
5687971
5687972
5687973
5687975
5687976
5687977
5687979
5687980
5687981
5687984
5687986
5687987
5687988
5687989
5687990
5687992
5687994
5687995
5687996
5687997
5687998
5687999
5688000
5688001
5688002
5688003
5688004
5688005
5688007
5688008
5688009
5688010
5688011
5688012
5688013
5688014
5688015
5688016
5688017
5688018
5688019
5688020
5688021
5688022
5688023
5688024
5688025
5688027
5688028
5688029
5688030
5688032
5688033
5688034
5688036
5688037
5688038
5688039
5688040
5688041
5688042
5688044
5688045
5688046
5688048
5688049
5688051
5688052
5688053
5688054
5688055
5688057
5688059
5688060
5688061
5688062
5688063
5688064
5688065
5688066
5688067
5688068
5688069
5688070
5688072
5688073
5688074
5688075
5688076
5688077
5688078
5688079
5688080
5688081
5688084
5688085
5688087
5688088
5688089
5688091
5688092
5688093
5688094
5688095
5688096
5688097
5688098
5688099
5688100
5688101
5688102
5688103
5688105
5688106
5688107
5688108
5688109
5688110
5688111
5688112
5688113
5688114
5688115
5688116
5688117
5688118
5688119
5688120
5688121
5688122
5688123
5688124
5688125
5688126
5688127
5688128
5688129
5688130
5688131
5688132
5688133
5688135
5688136
5688137
5688138
5688139
5688140
5688141
5688142
5688144
5688145
5688146
5688147
5688148
5688149
5688151
5688152
5688153
5688155
5688156
5688157
5688158
5688159
5688160
5688162
5688164
5688165
5688166
5688167
5688168
5688169
5688170
5688171
5688172
5688173
5688174
5688175
5688176
5688177
5688178
5688179
5688180
5688181
5688182
5688183
5688185
5688186
5688187
5688188
5688189
5688190
5688192
5688193
5688194
5688195
5688196
5688198
5688199
5688200
5688201
5688202
5688203
5688204
5688205
5688206
5688207
5688208
5688210
5688211
5688212
5688215
5688216
5688217
5688218
5688219
5688220
5688221
5688222
5688223
5688225
5688226
5688227
5688228
5688229
5688230
5688231
5688232
5688233
5688234
5688235
5688236
5688238
5688240
5688241
5688242
5688243
5688244
5688245
5688246
5688247
5688248
5688249
5688250
5688252
5688253
5688254
5688255
5688256
5688258
5688259
5688261
5688262
5688263
5688264
5688266
5688267
5688268
5688270
5688271
5688273
5688274
5688275
5688276
5688277
5688278
5688279
5688280
5688281
5688282
5688283
5688284
5688285
5688286
5688288
5688289
5688290
5688291
5688292
5688293
5688294
5688295
5688297
5688298
5688299
5688300
5688302
5688303
5688304
5688305
5688306
5688307
5688308
5688310
5688311
5688312
5688313
5688314
5688315
5688316
5688317
5688318
5688320
5688321
5688322
5688323
5688324
5688325
5688326
5688327
5688328
5688329
5688330
5688331
5688333
5688334
5688335
5688336
5688337
5688339
5688340
5688342
5688343
5688344
5688345
5688346
5688347
5688349
5688350
5688351
5688352
5688353
5688354
5688355
5688356
5688357
5688358
5688359
5688360
5688362
5688364
5688365
5688366
5688367
5688369
5688370
5688371
5688372
5688373
5688374
5688375
5688376
5688377
5688378
5688379
5688380
5688381
5688382
5688383
5688384
5688385
5688386
5688388
5688389
5688391
5688392
5688394
5688395
5688397
5688398
5688399
5688400
5688403
5688405
5688406
5688407
5688408
5688409
5688410
5688411
5688412
5688413
5688414
5688415
5688417
5688419
5688420
5688421
5688422
5688423
5688424
5688425
5688426
5688427
5688428
5688429
5688430
5688431
5688432
5688434
5688435
5688436
5688437
5688438
5688439
5688440
5688443
5688444
5688445
5688446
5688448
5688449
5688451
5688452
5688453
5688454
5688455
5688456
5688457
5688458
5688459
5688460
5688461
5688464
5688465
5688466
5688467
5688468
5688473
5688474
5688475
5688477
5688481
5688478
5688479
5688486
5688480
5688483
5688484
5688487
5688488
5688496
5688497
5688498
5688499
5688500
5688501
5688493
5688494
5688504
5688505
5688506
5688507
5688508
5688509
5688510
5688511
5688514
5688517
5688518
5688519
5688520
5688521
5688522
5688523
5688525
5688526
5688527
5688529
5688530
5688531
5688532
5688533
5688535
5688537
5688538
5688539
5688540
5688541
5688542
5688545
5688546
5688547
5688549
5688550
5688551
5688552
5688555
5688556
5688557
5688558
5688560
5688561
5688562
5688563
5688564
5688565
5688566
5688567
5688568
5688571
5688572
5688573
5688574
5688575
5688576
5688577
5688578
5688580
5688584
5688585
5688586
5688587
5688579
5688590
5688591
5688592
5688593
5688594
5688595
5688597
5688598
5688599
5688600
5688601
5688602
5688603
5688604
5688606
5688608
5688609
5688611
5688612
5688614
5688615
5688617
5688618
5688619
5688620
5688621
5688624
5688625
5688626
5688627
5688628
5688629
5688630
5688631
5688632
5688633
5688634
5688636
5688637
5688638
5688639
5688640
5688641
5688642
5688643
5688644
5688646
5688647
5688649
5688650
5688651
5688652
5688653
5688654
5688655
5688656
5688657
5688658
5688660
5688661
5688662
5688663
5688664
5688665
5688666
5688667
5688668
5688669
5688670
5688671
5688672
5688673
5688674
5688675
5688676
5688677
5688678
5688679
5688680
5688682
5688683
5688684
5688685
5688687
5688688
5688689
5688690
5688692
5688693
5688694
5688695
5688696
5688697
5688698
5688700
5688701
5688702
5688703
5688705
5688706
5688707
5688708
5688709
5688710
5688712
5688714
5688715
5688716
5688717
5688718
5688720
5688721
5688722
5688723
5688725
5688726
5688727
5688728
5688729
5688730
5688731
5688732
5688733
5688734
5688735
5688736
5688737
5688738
5688740
5688741
5688742
5688743
5688744
5688745
5688746
5688747
5688748
5688749
5688751
5688752
5688753
5688754
5688755
5688756
5688757
5688758
5688759
5688760
5688761
5688762
5688763
5688765
5688766
5688767