5764991
5763969
5763972
5763973
5763974
5763975
5763976
5763978
5763980
5763982
5763984
5763985
5763987
5763988
5763989
5763990
5763992
5763993
5763995
5763996
5763998
5764000
5764018
5764020
5764023
5764024
5764025
5764026
5764028
5764030
5764031
5764033
5764034
5764038
5764039
5764040
5764041
5764042
5764043
5764044
5764045
5764046
5764048
5764052
5765141
5764056
5764058
5764063
5764067
5764068
5764069
5764072
5764074
5764075
5764076
5764077
5764078
5764079
5764081
5764082
5764083
5764084
5764085
5764086
5764087
5764088
5764089
5764090
5764091
5764092
5764093
5764094
5764095
5764096
5764097
5764103
5764104
5764106
5764107
5764108
5764111
5764113
5764114
5764115
5764117
5764119
5764120
5764124
5764125
5764128
5764131
5764132
5764134
5764135
5764136
5764137
5764138
5764140
5764142
5764143
5764144
5764156
5764157
5764160
5764161
5764164
5764165
5765520
5764166
5764168
5764169
5764170
5764171
5764173
5764175
5764177
5764178
5764180
5764182
5764183
5764184
5764185
5764186
5764187
5764188
5764191
5764193
5764194
5764195
5764196
5764198
5764200
5764201
5764203
5764204
5764205
5764206
5764207
5764208
5764211
5764212
5764213
5764215
5764216
5764217
5764218
5764219
5764220
5764221
5764222
5764223
5764224
5764228
5765262
5764232
5764233
5764234
5764235
5764236
5764238
5764242
5764246
5764248
5765058
5764252
5765060
5764261
5764262
5764264
5764267
5764270
5764272
5764273
5764274
5764277
5764278
5764279
5764281
5764299
5764300
5764384
5764385
5764450
5764456
5764458
5765100
5764461
5764466
5764473
5764475
5764476
5764477
5764478
5765104
5764482
5764483
5764484
5765105
5764488
5764491
5764492
5764493
5764494
5764497
5764498
5765108
5764501
5764502
5764503
5764504
5764505
5764506
5764508
5764509
5764510
5765110
5764511
5764512
5764513
5764514
5764515
5764519
5764520
5764526
5764528
5764530
5764531
5764532
5765115
5765116
5764542
5764545
5764548
5764549
5764550
5764552
5764553
5764565
5764571
5764577
5764579
5764580
5764581
5764582
5764586
5764587
5764590
5764595
5764596
5764597
5764598
5764601
5764602
5764603
5764605
5764611
5764614
5765131
5764617
5764625
5764626
5764627
5764629
5764631
5764632
5764638
5764641
5764646
5764647
5764649
5764652
5764660
5764664
5764665
5764666
5764669
5764670
5764671
5764675
5764679
5764681
5765145
5764691
5764706
5764708
5764709
5764710
5764711
5764714
5764715
5764716
5764717
5764718
5764719
5764722
5764724
5764725
5764726
5765308
5764730
5764731
5764733
5764734
5764735
5764741
5764743
5765157
5764747
5764748
5764749
5764751
5764752
5764753
5764755
5764756
5764757
5764758
5764759
5764768
5764769
5764771
5764772
5764781
5764782
5764790
5764791
5764792
5764795
5764796
5764798
5764799
5764800
5764801
5764803
5764806
5764809
5764813
5764814
5764815
5764816
5765171
5764817
5764818
5764828
5764829
5764830
5764831
5764832
5764833
5764834
5764835
5764836
5764837
5764838
5764840
5764841
5764842
5764843
5765177
5764847
5765309
5764852
5764855
5765287
5764858
5764859
5764861
5764863
5764864
5764866
5764870
5764871
5764872
5764875
5764879
5764885
5764886
5764887
5764889
5764892
5764898
5764899
5764901
5764903
5764904
5765189
5765289
5764907
5764910
5764912
5764913
5764914
5764915
5764918
5764919
5764921
5764922
5764924
5764925
5764926
5764928
5764929
5764931
5764936
5764937
5764938
5764939
5764941
5764942
5764943
5764945
5764948
5764950
5764953
5764954
5764958
5764959
5764961
5764962
5764963
5764968
5764971
5764972
5764974
5764975
5764976
5764977
5764981
5764982
5764984
5764986
5764987
5764990
5764993
5764994
5764995
5764996
5764998
5765001
5765002
5765004
5765005
5765006
5765007
5765008
5765009
5765011
5765013
5765015
5765017
5765018
5765019
5765020
5765022
5765024
5765025
5765026
5765028
5765030
5765031
5765032
5765033
5765034
5765035
5765037
5765038
5765040
5765041
5765042
5765044
5765045
5765047
5765050
5765051
5765052
5765053
5765055
5765056
5765057
5765061
5765063
5765066
5765068
5765070
5765071
5765073
5765074
5765075
5765080
5765081
5765082
5765084
5765085
5765086
5765087
5765088
5765089
5765090
5765091
5765094
5765095
5765096
5765099
5765101
5765103
5765106
5765107
5765109
5765114
5765118
5765119
5765123
5765126
5765127
5765129
5765130
5765133
5765135
5765136
5765137
5765138
5765140
5765144
5765147
5765152
5765153
5765154
5765155
5765158
5765161
5765163
5765164
5765165
5765166
5765169
5765172
5765173
5765174
5765175
5765176
5765178
5765179
5765180
5765182
5765183
5765184
5765185
5765186
5765187
5765188
5765190
5765192
5765195
5765197
5765199
5765200
5765201
5765202
5765203
5765205
5765206
5765207
5765208
5765209
5765211
5765212
5765213
5765214
5765215
5765216
5765217
5765218
5765219
5765221
5765224
5765225
5765227
5765228
5765230
5765231
5765232
5765233
5765234
5765235
5765236
5765238
5765239
5765240
5765241
5765243
5765244
5765246
5765250
5765253
5765254
5765256
5765257
5765258
5765259
5765260
5765261
5765263
5765264
5765266
5765267
5765269
5765271
5765274
5765275
5765276
5765278
5765280
5765283
5765290
5765291
5765292
5765293
5765301
5765302
5765303
5765304
5765305
5765307
5765270
5765310
5765311
5765313
5765314
5765316
5765317
5765318
5765323
5765324
5765325
5765328
5765329
5765330
5765332
5765333
5765335
5765337
5765339
5765340
5765343
5765277
5765347
5765348
5765349
5765350
5765352
5765353
5765279
5765355
5765356
5765358
5765359
5765360
5765362
5765363
5765364
5765365
5765366
5765367
5765282
5765374
5765376
5765284
5765383
5765384
5765285
5765386
5765388
5765413
5765742
5765752
5765755
5765756
5765757
5765758
5765763
5765767
5765777
5765779
5765781
5765783
5765787
5765790
5765791
5765064
5765794
5765795
5765798
5765368
5765799
5765807
5765813
5765814
5765815
5765816
5765824
5765825
5765826
5765827
5765832
5765843
5765845
5765848
5765849
5765378
5765869
5765870
5765382
5765891
5765897
5765899
5765910
5765069
5765391
5765918
5765919
5765921
5765923
5765924
5765925
5765926
5765394
5765395
5765396
5765397
5765315
5765398
5765331
5765399
5765400
5765403
5765405
5765406
5765072
5765407
5765408
5765409
5765411
5765334
5765415
5765417
5765527
5765419
5765420
5765421
5765423
5765424
5765425
5765426
5765427
5765428
5765429
5765430
5765432
5765433
5765434
5765435
5765436
5765437
5765438
5765439
5765440
5765444
5765445
5765447
5765449
5765450
5765451
5765453
5765342
5765454
5765455
5765456
5765458
5765460
5765462
5765463
5765464
5765465
5765467
5765345
5765470
5765471
5765472
5765473
5765474
5765475
5765476
5765478
5765482
5765484
5765485
5765486
5765487
5765488
5765489
5765492
5765494
5765495
5765498
5765499
5765501
5765503
5765504
5765505
5765506
5765092
5765507
5765508
5765509
5765510
5765511
5765093
5765513
5765354
5765514
5765515
5765516
5765517
5765519
5765523
5765524
5765528
5765530
5765531
5765097
5765532
5765533
5765534
5765536
5765537
5765538
5765539
5765540
5765541
5765542
5765543
5765545
5765548
5765550
5765551
5765552
5765553
5765554
5765555
5765556
5765102
5765557
5765559
5765560
5765561
5765564
5765565
5765567
5765568
5765570
5765571
5765572
5765573
5765574
5765575
5765576
5765577
5765578
5764276
5765580
5765525
5765582
5764280
5765583
5765585
5764283
5765586
5764284
5765588
5764848
5765589
5764287
5765590
5765591
5764289
5765592
5765065
5765370
5765594
5764292
5765595
5764294
5765597
5764295
5764296
5765599
5764297
5765600
5765601
5765602
5765372
5764301
5765893
5765604
5764302
5765605
5765326
5765606
5764591
5765608
5764307
5765743
5765610
5765611
5764309
5765612
5765613
5764311
5765614
5764312
5765615
5764313
5765616
5764314
5765617
5764315
5765618
5764317
5765620
5764318
5764441
5764320
5765623
5764322
5765625
5764323
5765626
5764324
5765627
5764325
5765628
5764326
5765629
5765630
5764328
5765632
5764330
5765633
5765634
5765744
5765636
5764334
5765637
5764335
5765638
5764336
5765379
5765639
5764337
5765640
5764338
5764339
5765067
5764341
5765380
5765644
5764342
5765646
5764344
5765648
5765381
5765649
5764347
5764348
5765651
5765652
5765653
5764353
5765656
5764354
5765122
5765657
5764355
5765658
5765659
5765745
5764357
5765660
5765661
5765124
5765669
5764367
5764368
5765671
5764370
5765673
5765674
5764373
5764374
5764375
5765678
5764377
5765680
5764378
5765682
5764380
5765683
5764381
5765684
5765685
5764383
5765688
5765689
5764387
5765690
5765691
5764389
5765692
5764390
5765693
5765390
5765694
5764392
5765695
5764393
5764394
5765697
5764395
5765698
5764396
5765699
5764397
5764398
5765702
5764400
5765703
5765704
5764403
5764405
5765708
5765709
5765747
5764407
5765710
5764408
5765711
5765226
5765712
5764410
5765713
5764411
5764873
5765714
5765716
5765717
5765718
5764874
5764417
5765720
5764445
5765722
5765724
5765725
5765727
5764428
5765731
5764430
5765734
5765735
5764434
5765737
5765738
5764436
5765739
5765749
5764457
5765760
5765143
5765761
5765762
5764464
5765768
5765769
5764467
5764468
5765771
5765774
5764472
5765776
5765782
5765784
5765785
5765229
5765786
5765788
5765149
5765792
5765150
5765796
5765151
5765802
5765803
5764891
5765804
5765805
5765806
5765809
5765810
5765811
5764894
5765823
5764522
5764523
5765828
5765830
5765831
5765833
5765834
5765836
5765838
5765839
5765840
5765841
5765842
5764546
5764547
5765850
5765851
5765852
5765853
5765854
5765855
5765856
5765857
5765753
5765858
5765859
5765860
5765861
5765862
5765863
5765864
5765865
5764563
5764564
5765867
5765871
5765872
5765873
5765875
5765876
5764574
5765877
5764575
5765878
5765879
5765880
5765881
5765883
5765754
5765884
5765888
5764592
5764593
5765896
5765901
5765142
5765904
5765907
5765908
5765286
5765911
5765913
5765915
5764616
5764618
5764619
5764628
5764640
5765288
5764658
5764667
5764672
5764674
5764676
5764690
5764694
5764695
5764696
5764697
5764705
5764707
5764712
5764713
5764414
5764935
5764736
5764740
5765721
5764419
5764420
5765723
5764754
5765726
5764424
5764946
5764425
5764947
5765729
5765730
5765748
5765733
5764431
5764820
5764955
5765740
5764438
5764440
5763968
5763970
5763971
5763977
5763981
5763983
5763986
5763999
5764001
5764003
5764007
5764010
5764006
5764008
5764009
5764014
5764012
5764019
5764015
5764016
5764017
5764027
5764029
5764021
5764022
5764035
5764036
5764032
5764047
5764050
5764059
5764061
5764064
5764057
5764060
5764062
5764071
5764066
5764070
5764080
5764073
5764098
5764099
5764100
5764102
5764109
5764110
5764116
5764118
5764121
5764122
5764123
5764126
5764127
5764129
5764130
5764133
5764141
5764158
5764162
5764163
5764167
5764172
5764179
5764181
5764190
5764192
5764197
5764202
5764209
5764210
5764226
5764237
5764229
5764240
5764244
5764250
5764253
5764256
5764257
5764259
5764260
5764265
5764268
5764269
5764288
5764290
5764293
5764298
5764303
5764316
5764319
5764329
5764331
5764333
5764340
5764343
5764345
5764350
5764346
5764356
5764351
5764360
5764352
5764363
5764364
5764359
5764361
5764369
5764362
5764365
5764372
5764379
5764386
5764388
5764399
5764402
5764412
5764413
5764416
5764423
5764426
5764429
5764432
5764433
5764439
5764442
5764443
5764444
5764447
5764449
5764452
5764454
5764455
5764460
5764462
5764469
5764470
5764471
5764474
5764480
5764481
5764485
5764486
5764489
5764490
5764495
5764516
5764518
5764525
5764529
5764535
5764533
5764537
5764538
5764539
5764540
5764541
5764543
5764544
5764554
5764551
5764556
5764566
5764558
5764560
5764561
5764572
5764573
5764568
5764570
5764578
5764584
5764585
5764583
5764588
5764589
5764599
5764600
5764604
5764606
5764607
5764608
5764609
5764610
5764612
5764613
5764620
5764621
5764622
5764624
5764634
5764639
5764643
5764635
5764636
5764644
5764645
5764654
5764655
5764648
5764651
5764662
5764661
5764673
5764668
5764680
5764682
5764683
5764685
5764686
5764448
5764684
5764692
5764687
5764688
5764689
5764699
5764702
5764701
5764703
5764720
5764721
5764723
5764727
5764744
5764738
5764739
5764746
5764750
5764761
5764763
5764765
5764760
5764764
5764766
5764767
5764774
5764776
5764777
5764778
5764779
5764788
5764783
5764793
5764794
5764797
5764802
5764804
5764808
5764810
5764811
5764812
5764821
5764822
5764823
5764825
5764826
5764824
5764827
5764839
5764844
5764845
5764846
5764854
5764857
5764860
5764862
5764865
5764867
5764869
5764876
5764878
5764880
5764883
5764884
5764893
5764888
5764900
5764902
5764905
5764911
5764916
5764920
5764923
5764932
5764933
5764944
5764952
5764973
5764978
5764980
5764997
5765003
5765012
5765016
5765023
5765036
5765043
5765046
5765048
5765054
5765059
5765077
5765078
5765079
5765111
5765113
5765120
5765128
5765132
5765134
5765159
5765160
5765162
5765167
5765168
5765193
5765194
5765204
5765220
5765242
5765247
5765248
5765252
5765265
5765272
5765273
5765281
5765295
5765296
5765299
5765297
5765306
5765300
5765312
5765319
5765320
5765321
5765322
5765336
5765338
5765344
5765357
5765371
5765373
5765375
5765377
5765385
5765392
5765393
5765402
5765404
5765412
5765414
5765418
5765441
5765446
5765448
5765452
5765457
5765459
5765468
5765477
5765479
5765480
5765491
5765496
5765500
5765502
5765512
5765522
5765526
5765529
5765535
5765546
5765547
5765569
5765579
5765598
5765603
5765607
5765619
5765621
5765624
5765631
5765643
5765645
5765647
5765650
5765654
5765655
5765662
5765663
5765664
5765665
5765666
5765667
5765668
5765672
5765676
5765677
5765679
5765681
5765706
5765707
5765719
5765736
5765741
5765751
5765764
5765772
5765780
5765789
5765793
5765797
5765808
5765817
5765821
5765822
5765829
5765844
5765846
5765874
5765882
5765898
5765900
5765902
5765909
5765912
5765914
5765916
5765920
5765922
5764956
5764957
5764966
5765766
5764970
5764983
5764988