5293080
5293081
5293082
5293083
5293084
5293085
5293086
5293087
5293089
5293090
5293091
5293092
5293093
5293094
5293095
5293096
5293097
5293098
5293099
5293100
5293101
5293102
5293104
5293105
5293106
5293107
5293108
5293109
5293110
5293111
5293112
5293114
5293115
5293116
5293117
5293118
5293119
5293120
5293121
5293122
5293123
5293124
5293126
5293128
5293129
5293130
5293131
5293132
5293133
5293134
5293135
5293136
5293137
5293138
5293139
5293140
5293141
5293142
5293143
5293144
5293145
5293146
5293147
5293148
5293149
5293150
5293151
5293152
5293153
5293154
5293155
5293156
5293157
5293159
5293160
5293162
5293163
5293164
5293165
5293166
5293167
5293168
5293169
5293170
5293173
5293174
5293175
5293176
5293177
5293178
5293179
5293180
5293181
5293182
5293183
5293184
5293185
5293186
5293187
5293188
5293189
5293190
5293191
5293192
5293193
5293194
5293195
5293196
5293197
5293198
5293201
5293202
5293203
5293204
5293205
5293206
5293207
5293208
5293209
5293210
5293211
5293212
5293213
5293214
5293215
5293216
5293218
5293219
5293220
5293221
5293222
5293223
5293224
5293225
5293226
5293227
5293228
5293229
5293230
5293231
5293232
5293233
5293234
5293235
5293236
5293237
5293238
5293239
5293240
5293241
5293242
5293243
5293244
5293245
5293246
5293247
5293248
5293249
5293250
5293251
5293252
5293253
5293254
5293255
5293257
5293259
5293260
5293261
5293262
5293263
5293264
5293265
5293266
5293267
5293268
5293271
5293272
5293273
5293274
5293275
5293276
5293277
5293278
5293279
5293280
5293282
5293283
5293284
5293285
5293286
5293287
5293288
5293289
5293292
5293293
5293294
5293295
5293296
5293297
5293299
5293300
5293301
5293303
5293304
5293305
5293306
5293308
5293309
5293311
5293312
5293314
5293315
5293316
5293317
5293320
5293321
5293322
5293323
5293325
5293326
5293327
5293328
5293330
5293332
5293334
5293335
5293336
5293337
5293338
5293339
5293340
5293343
5293344
5293345
5293346
5293347
5293348
5293349
5293351
5293352
5293353
5293354
5293355
5293356
5293357
5293358
5293359
5293361
5293362
5293363
5293365
5293366
5293369
5293370
5293372
5293374
5293375
5293376
5293377
5293379
5293380
5293383
5293384
5293385
5293386
5293389
5293391
5293393
5293394
5293395
5293396
5293398
5293399
5293400
5293402
5293404
5293405
5293406
5293407
5293408
5293409
5293410
5293414
5293416
5293417
5293420
5293421
5293422
5293423
5293424
5293425
5293426
5293427
5293428
5293429
5293430
5293434
5293437
5293438
5293441
5293442
5293443
5293444
5293445
5293446
5293447
5293448
5293449
5293450
5293451
5293452
5293453
5293454
5293455
5293456
5293458
5293459
5293460
5293461
5293462
5293463
5293464
5293465
5293467
5293468
5293469
5293472
5293473
5293474
5293475
5293476
5293477
5293478
5293480
5293481
5293482
5293483
5293484
5293486
5293487
5293488
5293489
5293490
5293492
5293493
5293494
5293496
5293498
5293499
5293500
5293502
5293503
5293504
5293505
5293506
5293507
5293509
5293510
5293512
5293513
5293514
5293515
5293516
5293517
5293518
5293519
5293520
5293521
5293522
5293523
5293524
5293525
5293527
5293528
5293529
5293530
5293531
5293532
5293534
5293535
5293537
5293538
5293539
5293540
5293541
5293542
5293543
5293544
5293545
5293546
5293547
5293549
5293550
5293551
5293552
5293553
5293554
5293555
5293556
5293557
5293559
5293561
5293562
5293563
5293564
5293565
5293566
5293567
5293569
5293570
5293571
5293572
5293574
5293575
5293576
5293580
5293581
5293583
5293584
5293585
5293586
5293587
5293588
5293589
5293590
5293591
5293592
5293593
5293594
5293595
5293596
5293597
5293599
5293600
5293601
5293602
5293603
5293604
5293605
5293606
5293607
5293608
5293609
5293610
5293611
5293612
5293613
5293615
5293616
5293618
5293620
5293621
5293624
5293625
5293626
5293627
5293628
5293629
5293630
5293631
5293633
5293634
5293635
5293636
5293637
5293638
5293639
5293640
5293644
5293645
5293646
5293648
5293649
5293650
5293651
5293652
5293653
5293654
5293655
5293656
5293657
5293658
5293659
5293660
5293662
5293664
5293665
5293667
5293668
5293669
5293670
5293671
5293672
5293673
5293674
5293675
5293676
5293677
5293678
5293681
5293682
5293683
5293684
5293685
5293686
5293687
5293688
5293689
5293690
5293691
5293693
5293694
5293695
5293696
5293698
5293700
5293701
5293702
5293703
5293705
5293706
5293707
5293708
5293709
5293710
5293711
5293712
5293713
5293714
5293715
5293716
5293717
5293718
5293719
5293720
5293721
5293722
5293723
5293724
5293725
5293726
5293727
5293728
5293729
5293730
5293731
5293733
5293734
5293735
5293736
5293737
5293738
5293739
5293741
5293743
5293745
5293746
5293747
5293748
5293749
5293751
5293752
5293753
5293754
5293755
5293756
5293757
5293759
5293760
5293761
5293763
5293764
5293765
5293766
5293767
5293768
5293769
5293770
5293772
5293774
5293775
5293776
5293777
5293778
5293779
5293783
5293784
5293786
5293788
5293789
5293792
5293794
5293795
5293796
5293798
5293799
5293800
5293801
5293802
5293803
5293804
5293808
5293809
5293810
5293812
5293813
5293815
5293816
5293817
5293818
5293820
5293821
5293823
5293824
5293825
5293826
5293827
5293828
5293829
5293832
5293833
5293834
5293835
5293836
5293838
5293839
5293841
5293842
5293844
5293845
5293846
5293847
5293848
5293855
5293856
5293859
5293861
5293864
5293867
5293868
5293870
5293872
5293873
5293876
5293878
5293879
5293880
5293881
5293882
5293883
5293884
5293885
5293887
5293888
5293890
5293892
5293893
5293896
5293897
5293898
5293899
5293902
5293903
5293904
5293905
5293907
5293910
5293912
5293914
5293915
5293916
5293917
5293919
5293920
5293921
5293922
5293924
5293926
5293927
5293928
5293934
5293935
5293936
5293937
5293938
5293939
5293945
5293946
5293948
5293949
5293950
5293951
5293952
5293953
5293954
5293955
5293956
5293959
5293960
5293961
5293962
5293963
5293965
5293966
5293967
5293968
5293969
5293970
5293972
5293973
5293974
5293975
5293976
5293977
5293978
5293980
5293981
5293982
5293983
5293985
5293989
5293990
5293991
5293992
5293993
5293994
5293995
5293996
5293997
5293998
5294001
5294002
5294003
5294004
5294008
5294013
5294014
5294015
5294016
5294017
5294018
5294019
5294020
5294021
5294022
5294023
5294024
5294025
5294026
5294029
5294030
5294031
5294032
5294033
5294034
5294035
5294036
5294037
5294038
5294039
5294040
5294041
5294042
5294043
5294044
5294045
5294047
5294048
5294049
5294051
5294053
5294054
5294056
5294057
5294059
5294060
5294061
5294062
5294063
5294064
5294065
5294066
5294067
5294068
5294069
5294070
5294072
5294073
5294074
5294076
5294077
5294078
5294079
5294080
5294082
5294083
5294084
5294085
5294086
5294087
5294088
5294090
5294091
5294093
5294094
5294095
5294096
5294097
5294098
5294100
5294101
5294104
5294105
5294107
5294109
5294110
5294112
5294114
5294115
5294117
5294118
5294119
5294120
5294121
5294122
5294123
5294124
5294125
5294127
5294128
5294130
5294131
5294132
5294133
5294134
5294136
5294138
5294139
5294140
5294141
5294142
5294144
5294145
5294146
5294147
5294148
5294149
5294150
5294151
5294152
5294153
5294154
5294156
5294157
5294158
5294159
5294160
5294162
5294163
5294165
5294166
5294167
5294170
5294172
5294173
5294174
5294176
5294177
5294178
5294179
5294180
5294182
5294183
5294185
5294186
5294187
5294188
5294189
5294190
5294191
5294192
5294193
5294196
5294197
5294198
5294199
5294201
5294202
5294203
5294204
5294205
5294206
5294209
5294210
5294211
5294212
5294213
5294215
5294216
5294218
5294219
5294220
5294221
5294222
5294223
5294224
5294225
5294228
5294229
5294230
5294231
5294232
5294233
5294234
5294235
5294236
5294238
5294240
5294242
5294243
5294244
5294245
5294248
5294249
5294250
5294252
5294253
5294254
5294255
5294256
5294259
5294260
5294262
5294263
5294265
5294266
5294267
5294269
5294270
5294272
5294273
5294275
5294276
5294277
5294278
5294281
5294282
5294284
5294285
5294286
5294287
5294289
5294290
5294291
5294292
5294293
5294294
5294295
5294296
5294298
5294299
5294301
5294303
5294304
5294305
5294306
5294309
5294310
5294311
5294312
5294313
5294314
5294315
5294316
5294317
5294318
5294319
5294320
5294322
5294324
5294325
5294326
5294327
5294328
5294331
5294333
5294334
5294335
5294336
5294337
5294338
5294340
5294341
5294344
5294345
5294346
5294347
5294348
5294349
5294350
5294351
5294354
5294356
5294357
5294358
5294359
5294362
5294364
5294366
5294369
5294372
5294373
5294374
5294376
5294377
5294378
5294379
5294380
5294383
5294385
5294387
5294388
5294390
5294391
5294392
5294393
5294395
5294396
5294398
5294399
5294400
5294401
5294403
5294404
5294407
5294408
5294409
5294410
5294411
5294414
5294415
5294416
5294417
5294418
5294419
5294420
5294421
5294423
5294424
5294425
5294426
5294427
5294428
5294429
5294431
5294432
5294435
5294436
5294437
5294438
5294440
5294441
5294443
5294444
5294446
5294447
5294448
5294449
5294451
5294454
5294456
5294457
5294458
5294459
5294460
5294461
5294466
5294468
5294469
5294470
5294472
5294473
5294474
5294475
5294476
5294477
5294478
5294479
5294480
5294481
5294482
5294483
5294484
5294485
5294486
5294489
5294490
5294491
5294493
5294495
5294497
5294498
5294499
5294500
5294501
5294503
5294504
5294505
5294506
5294508
5294509
5294510
5294511
5294512
5294513
5294514
5294515
5294516
5294517
5294518
5294519
5294520
5294521
5294522
5294523
5294524
5294525
5294526
5294527
5294528
5294529
5294530
5294531
5294532
5294533
5294534
5294535
5294536
5294537
5294538
5294541
5294542
5294545
5294546
5294547
5294548
5294550
5294551
5294554
5294555
5294556
5294557
5294558
5294559
5294560
5294561
5294562
5294563
5294564
5294565
5294566
5294567
5294570
5294571
5294572
5294573
5294574
5294575
5294576
5294577
5294578
5294580
5294581
5294583
5294585
5294586
5294588
5294589
5294592
5294593
5294594
5294595
5294597
5294598
5294599
5294601
5294602
5294603
5294605
5294606
5294607
5294608
5294611
5294612
5294614
5294615
5294616
5294617
5294619
5294620
5294621
5294622
5294623
5294624
5294626
5294627
5294628
5294629
5294631
5294633
5294634
5294635
5294636
5294637
5294638
5294639
5294640
5294641
5294642
5294643
5294644
5294645
5294646
5294647
5294648
5294649
5294650
5294651
5294652
5294654
5294655
5294656
5294658
5294660
5294661
5294662
5294663
5294665
5294667
5294668
5294669
5294670
5294671
5294672
5294673
5294674
5294678
5294679
5294680
5294681
5294682
5294683
5294684
5294685
5294687
5294688
5294689
5294692
5294693
5294695
5294696
5294697
5294698
5294699
5294700
5294701
5294702
5294703
5294704
5294706
5294707
5294708
5294709
5294710
5294712
5294716
5294717
5294718
5294719
5294720
5294721
5294722
5294724
5294725
5294726
5294727
5294728
5294729
5294730
5294731
5294732
5294733
5294735
5294736
5294737
5294739
5294741
5294742
5294743
5294744
5294745
5294746
5294747
5294748
5294750
5294751
5294752
5294753
5294754
5294755
5294756
5294757
5294758
5294760
5294761
5294762
5294763
5294764
5294765
5294766
5294767
5294768
5294769
5294770
5294771
5294772
5294774
5294776
5294777
5294779
5294780
5294781
5294782
5294783
5294784
5294785
5294786
5294787
5294788
5294789
5294790
5294791
5294792
5294793
5294794
5294795
5294797
5294799
5294800
5294801
5294803
5294804
5294805
5294806
5294807
5294808
5294809
5294810
5294812
5294813
5294814
5294815
5294816
5294817
5294819
5294822
5294823
5294824
5294826
5294827
5294828
5294829
5294830
5294831
5294833
5294835
5294836
5294837
5294838
5294839
5294840
5294841
5294842
5294843
5294844
5294845
5294847
5294848
5294849
5294850
5294851
5294852
5294853
5294854
5294855
5294856
5294857
5294858
5294859
5294860
5294861
5294862
5294863
5294864
5294865
5294866
5294869
5294870
5294871
5294872
5294873
5294874
5294875
5294876
5294877
5294879
5294880
5294881
5294884
5294885
5294886
5294887
5294888
5294889
5294892
5294893
5294895
5294898
5294899
5294900
5294901
5294902
5294904
5294906
5294907
5294908
5294909
5294910
5294911
5294912
5294913
5294914
5294915
5294916
5294918
5294919
5294921
5294922
5294923
5294924
5294926
5294927
5294928
5294929
5294930
5294931
5294932
5294933
5294934
5294936
5294937
5294939
5294940
5294941
5294942
5294945
5294946
5294948
5294949
5294950
5294951
5294953
5294954
5294955
5294956
5294957
5294958
5294960
5294961
5294962
5294963
5294964
5294965
5294967
5294968
5294969
5294971
5294972
5294973
5294974
5294975
5294976
5294977
5294978
5294981
5294982
5294983
5294985
5294986
5294987
5294990
5294991
5294992
5294993
5294994
5294995
5294996
5294997
5294998
5295000
5295001
5295003
5295004
5295005
5295006
5295008
5295009
5295011
5295012
5295014
5295016
5295018
5295019
5295021
5295022
5295024
5295026
5295027
5295028
5295030
5295032
5295033
5295035
5295036
5295037
5295039
5295040
5295042
5295043
5295045
5295046
5295047
5295048
5295049
5295050
5295051
5295052
5295053
5295054
5295055
5295056
5295057
5295059
5295060
5295061
5295063
5295064
5295065
5295067
5295068
5295069
5295070
5295071
5295072
5295073
5295074
5295075
5295077
5295079
5295080
5295081
5295082
5295083
5295085
5295086
5295088
5295089
5295091
5295093
5295095
5295097
5295098
5295099
5295100
5295102
5295103
5295105
5295106
5295107
5295109
5295111
5295115
5295116
5295117
5295118
5295119
5295121
5295122
5295123
5295124
5295125
5295127
5295128
5295129
5295130
5295133
5295135
5295136
5295139
5295140
5295141
5295144
5295145
5295146
5295147
5295148
5295150
5295151
5295153
5295154
5295155
5295156
5295157
5295159
5295162
5295163
5295164
5295165
5295166
5295169
5295170
5295171
5295172
5295174
5295176
5295177
5295179
5295181
5295182
5295183
5295184
5295186
5295187
5295188
5295189
5295190
5295191
5295192
5295193
5295194
5295195
5295196
5295197
5295198
5295199
5295200
5295201
5295203
5295206
5295207
5295209
5295210
5295211
5295212
5295213
5295216
5295217
5295218
5295219
5295220
5295221
5295222
5295223
5295224
5295225
5295226
5295227
5295228
5295229
5295230
5295231
5295232
5295233
5295234
5295235
5295236
5295237
5295240
5295241
5295242
5295243
5295244
5295246
5295247
5295248
5295249
5295250
5295251
5295253
5295254
5295255
5295257
5295259
5295260
5295261
5295263
5295264
5295265
5295267
5295268
5295269
5295270
5295271
5295272
5295273
5295274
5295275
5295276
5295278
5295279
5295280
5295281
5295282
5295283
5295284
5295285
5295286
5295288
5295289
5295293
5295294
5295295
5295296
5295297
5295298
5295299
5295301
5295303
5295304
5295305
5295306
5295307
5295308
5295310
5295311
5295312
5295313
5295314
5295315
5295316
5295317
5295318
5295319
5295321
5295323
5295324
5295325
5295326
5295327
5295329
5295330
5295331
5295333
5295334
5295335
5295336
5295337
5295338
5295339
5295341
5295342
5295343
5295344
5295346
5295347
5295348
5295349
5295350
5295351
5295353
5295354
5295355
5295358
5295359
5295362
5295363
5295364
5295365
5295366
5295368
5295369
5295370
5295371
5295372
5295373
5295374
5295376
5295377
5295378
5295380
5295381
5295382
5295384
5295385
5295386
5295387
5295388
5295389
5295390
5295391
5295392
5295393
5295394
5295395
5295397
5295398
5295399
5295400
5295403
5295404
5295405
5295407
5295409
5295410
5295411
5295412
5295413
5295414
5295415
5295416
5295417
5295418
5295419
5295420
5295421
5295422
5295423
5295424
5295425
5295427
5295428
5295429
5295431
5295432
5295433
5295434
5295435
5295436
5295437
5295438
5295439
5295440
5295441
5295442
5295443
5295444
5295445
5295446
5295447
5295448
5295449
5295450
5295451
5295452
5295453
5295454
5295455
5295456
5295457
5295458
5295459
5295460
5295461
5295462
5295463
5295464
5295465
5295466
5295467
5295468
5295469
5295470
5295471
5295472
5295473
5295474
5295475
5295476
5295477
5295479
5295480
5295481
5295483
5295484
5295486
5295487
5295488
5295489
5295491