6356585
6356591
6356593
6356595
6356596
6356604
6356606
6356607
6356613
6356615
6356618
6356620
6356338
6356621
6356346
6356625
6356347
6356630
6356631
6356632
6356638
6356639
6356640
6356642
6356643
6356649
6356653
6356656
6356658
6356660
6356664
6356665
6356668
6356670
6356671
6356672
6356674
6356676
6356686
6356696
6356699
6356704
6356709
6356712
6356715
6356717
6356365
6356722
6356366
6356725
6356729
6356733
6356734
6356737
6356739
6356740
6356742
6356743
6356744
6356745
6356748
6356749
6356751
6356752
6356756
6356757
6356760
6356761
6356764
6356763
6356765
6356768
6356770
6356773
6356775
6356776
6356779
6356781
6356787
6356788
6356791
6356796
6356798
6356799
6356801
6356804
6356806
6356807
6356808
6356810
6356811
6356813
6356814
6356815
6356817
6356818
6356820
6356822
6356823
6356824
6356827
6356828
6356829
6356831
6356834
6356837
6356839
6356840
6356842
6356843
6356845
6356846
6356848
6356391
6356852
6356853
6356547
6356392
6356860
6356861
6356864
6356865
6356867
6356348
6356877
6356878
6356879
6356397
6356883
6356885
6356886
6356892
6356893
6356895
6356896
6356898
6356899
6356908
6356909
6356913
6356914
6356915
6356917
6356918
6356919
6356923
6356924
6356925
6356926
6356928
6356932
6356933
6356934
6356935
6356936
6356938
6356941
6356942
6356944
6356945
6356950
6356953
6356957
6356963
6356967
6356973
6356974
6356975
6356976
6356977
6356979
6356981
6356985
6356988
6356992
6356993
6356997
6357003
6357004
6357006
6357007
6357009
6357014
6357017
6357020
6357023
6357042
6357052
6357059
6357060
6357061
6357063
6357064
6357066
6357069
6357075
6357076
6357078
6357079
6357084
6357085
6357086
6357087
6357088
6356439
6356440
6357093
6357095
6357100
6357105
6357104
6357106
6357107
6357108
6356443
6357111
6357116
6357119
6357120
6357123
6357124
6357125
6357128
6357130
6357135
6357137
6357139
6356449
6357141
6357140
6357144
6357147
6357148
6357150
6357155
6357156
6357163
6357164
6357165
6357166
6357169
6357172
6357175
6357178
6357181
6357183
6357187
6357188
6357189
6357193
6357195
6356460
6357196
6357197
6357198
6357203
6357207
6357214
6357218
6357219
6357222
6357225
6357227
6357233
6357234
6357235
6357236
6357238
6357243
6357245
6357246
6357249
6357251
6357252
6357253
6357254
6357256
6357257
6357259
6357262
6357264
6357270
6357271
6357272
6357275
6357276
6357284
6357286
6357287
6357288
6357290
6357289
6357294
6357297
6357298
6357299
6356481
6357301
6357302
6357303
6357307
6357306
6357310
6357312
6357316
6357317
6357324
6357328
6357338
6356489
6357341
6357342
6357348
6356367
6356491
6357354
6357356
6357357
6357359
6357364
6357365
6357367
6357369
6357372
6357371
6357374
6357375
6356497
6357384
6357388
6357389
6357390
6357394
6357401
6357411
6357418
6356505
6357420
6357421
6357422
6357424
6357432
6357440
6357442
6357445
6357447
6357446
6357448
6357449
6357455
6357457
6357458
6357459
6357460
6357463
6356514
6357466
6357471
6356516
6357476
6357477
6357478
6357479
6356517
6357481
6357482
6357483
6357484
6357488
6357491
6357493
6357498
6357505
6357509
6357510
6357511
6357512
6357513
6357517
6357518
6357519
6357520
6357521
6357522
6357523
6357526
6357528
6357530
6357532
6356528
6357536
6357537
6357538
6357540
6357543
6357547
6357551
6357552
6357556
6357557
6357562
6357566
6357568
6357570
6357572
6357573
6357574
6357577
6357578
6357582
6357585
6357587
6357588
6357590
6356540
6357594
6357596
6357598
6357600
6357601
6357603
6357605
6357606
6357607
6357610
6357611
6357617
6357622
6356546
6357628
6357634
6357636
6357638
6357639
6357640
6357644
6356550
6356379
6357646
6357387
6357648
6357649
6357651
6357652
6357653
6357654
6357655
6357656
6357657
6357658
6357659
6356762
6357661
6357662
6357663
6357664
6357665
6357667
6357668
6357669
6357670
6357671
6357673
6357676
6357677
6357678
6357679
6357680
6357681
6357682
6357685
6357686
6357687
6357688
6357689
6357690
6357691
6357692
6357694
6356560
6357695
6357696
6357698
6357699
6357702
6357707
6357709
6357710
6357712
6357713
6357717
6357719
6357722
6357724
6356566
6357725
6357726
6357728
6357729
6357731
6357734
6357739
6357740
6357743
6356570
6357745
6357425
6357747
6357749
6357750
6357751
6357752
6357757
6357759
6357762
6357763
6357766
6357769
6357773
6357774
6357776
6357777
6356577
6357780
6357782
6357786
6357787
6357788
6357790
6357789
6357792
6357794
6357796
6357799
6357803
6357805
6357807
6357808
6357809
6356583
6357810
6357813
6357814
6357816
6357819
6357822
6357830
6357834
6357835
6357836
6356589
6357846
6357849
6357851
6357852
6357853
6357856
6357858
6357859
6356594
6357867
6357870
6357871
6357873
6357875
6357876
6357877
6357878
6357879
6357883
6357884
6357885
6357886
6356599
6357890
6357893
6356600
6357895
6357896
6357899
6357903
6356602
6357905
6357906
6357907
6357909
6357910
6357911
6357916
6357917
6357919
6357921
6357923
6357924
6357930
6357932
6356608
6357936
6357938
6357939
6357940
6357941
6357942
6357944
6356611
6357951
6357957
6357958
6357960
6357962
6357965
6357966
6357967
6357968
6357970
6357972
6357974
6356617
6357981
6357983
6357984
6357986
6357988
6357990
6357993
6357435
6357994
6357995
6357997
6357998
6358000
6358001
6358002
6358004
6358007
6358008
6356623
6358011
6358012
6358013
6358014
6358016
6358018
6358020
6358478
6358022
6358024
6358025
6358026
6358027
6358028
6356627
6358033
6356628
6358037
6358038
6358039
6358042
6358043
6358047
6358048
6358051
6358052
6358053
6358055
6358056
6356633
6358059
6358060
6358062
6358063
6356634
6358064
6358065
6358068
6358070
6358071
6356636
6358074
6358076
6358077
6356637
6358083
6358084
6358085
6358086
6358088
6358087
6358093
6358094
6358096
6358097
6358098
6358101
6358103
6358106
6358108
6358110
6358111
6358114
6358118
6358119
6358120
6356645
6358121
6358122
6358123
6356646
6358131
6358133
6358134
6356648
6358135
6358137
6358138
6358140
6358142
6358143
6358144
6358145
6358146
6358147
6358148
6356651
6358149
6358152
6356652
6358155
6358158
6358160
6358161
6356654
6358166
6358167
6358168
6358170
6358171
6357381
6358175
6358174
6358176
6358177
6358179
6358181
6358184
6358185
6358187
6358188
6358189
6358194
6358197
6358196
6358202
6358203
6358206
6358207
6358208
6358209
6356663
6358210
6358212
6358214
6358215
6358216
6358217
6358219
6358222
6357444
6356666
6358224
6358225
6358233
6358237
6358238
6358239
6358240
6358241
6358243
6358244
6358246
6358248
6358250
6358251
6358252
6358254
6358256
6358257
6358258
6358260
6358261
6358262
6358264
6358265
6358266
6358267
6358268
6358269
6358272
6358276
6358278
6358279
6358280
6358281
6358284
6358286
6358285
6358288
6356679
6358289
6358292
6358293
6356680
6358298
6358299
6358300
6358301
6358303
6358305
6358306
6358307
6358308
6358309
6358310
6358311
6358312
6358314
6356684
6358315
6358317
6358316
6358318
6358320
6358325
6358326
6358327
6358328
6358329
6358330
6358331
6358332
6358333
6358334
6356688
6358335
6358336
6358337
6358338
6356689
6358341
6358342
6358343
6356690
6358344
6358345
6358346
6358347
6358348
6356691
6358349
6358351
6358353
6356692
6358355
6358359
6358360
6358363
6358364
6358365
6358367
6358371
6358372
6358375
6358376
6358377
6358378
6358379
6358380
6358383
6358385
6358387
6358388
6358389
6358390
6358392
6357393
6357451
6358397
6358401
6356702
6358406
6358408
6356703
6358416
6358417
6356705
6358419
6358422
6358423
6356706
6358425
6358426
6356707
6358432
6358433
6358434
6356708
6358435
6358436
6358439
6358442
6358495
6358444
6358446
6358449
6358450
6358453
6358457
6358458
6358459
6358460
6358461
6358464
6358465
6358466
6358470
6357454
6358472
6358473
6358474
6358482
6358484
6358487
6358488
6358490
6358492
6356720
6358494
6358497
6358498
6358503
6358505
6358504
6358508
6358509
6358510
6358511
6358513
6358514
6358515
6358517
6358519
6358520
6358521
6358522
6358523
6356726
6358524
6358526
6358527
6358528
6356727
6358531
6358533
6358534
6358536
6358537
6358538
6358539
6358542
6356730
6358545
6355727
6358547
6358548
6356731
6358549
6358550
6358551
6358554
6358555
6358557
6358558
6358560
6358561
6358562
6358564
6358568
6358570
6358572
6356736
6358575
6358578
6358579
6358583
6358584
6356738
6358585
6358588
6358591
6358592
6358593
6358594
6358596
6358597
6358599
6358600
6358602
6358603
6358604
6358607
6358609
6358610
6358613
6358615
6358616
6358617
6358618
6358619
6358620
6358621
6358622
6356418
6358626
6356747
6358632
6358634
6358635
6358636
6358637
6358638
6358639
6358640
6358641
6358642
6358643
6358652
6358653
6358654
6358655
6358656
6358657
6358658
6356753
6358659
6358662
6358664
6358666
6358669
6358671
6358672
6358673
6358677
6358678
6358679
6358681
6358682
6358683
6358685
6358687
6358688
6356759
6358690
6358700
6358701
6358707
6358709
6358710
6358711
6358716
6356562
6358719
6358721
6358726
6358729
6358730
6358732
6358733
6358734
6358735
6358736
6358737
6358739
6358741
6358742
6358747
6358746
6358748
6358749
6358751
6358755
6358758
6358759
6358760
6358763
6358765
6357396
6358766
6358774
6358775
6358776
6358777
6358778
6358781
6358782
6358783
6358787
6358790
6358795
6358797
6358798
6358801
6356782
6358805
6358806
6356783
6358814
6356784
6358815
6358817
6356785
6358818
6358820
6358823
6358824
6358830
6358829
6358831
6358833
6358647
6356790
6356794
6356795
6356429
6356805
6356430
6353646
6356816
6356819
6357398
6356833
6356836
6356841
6356849
6356357
6356855
6356856
6356858
6356863
6356870
6356871
6356872
6356873
6357486
6356876
6357487
6356890
6356894
6356902
6356904
6353650
6356907
6356451
6356916
6357495
6356454
6357497
6356931
6356937
6357499
6357500
6356946
6356949
6357501
6356951
6356955
6356958
6357503
6356960
6356961
6356964
6356966
6356971
6356982
6356984
6356986
6356987
6356990
6356991
6356994
6356998
6356999
6357000
6357002
6357008
6357010
6356471
6357011
6357012
6357016
6357018
6357019
6357515
6357021
6357022
6357024
6357025
6357516
6357027
6357028
6357029
6357031
6357033
6357036
6357037
6357038
6357040
6357041
6357043
6357044
6357046
6357049
6357050
6357051
6357055
6356480
6357056
6357058
6357616
6357070
6357073
6357408
6357080
6357527
6357081
6357090
6357091
6357092
6357096
6357097
6357098
6357099
6357101
6357102
6357103
6357112
6357113
6357114
6357115
6357121
6357126
6353717
6357131
6357133
6357134
6357136
6357138
6357142
6357145
6357146
6357149
6357151
6357542
6357160
6357161
6358587
6357171
6357177
6357190
6357202
6357204
6357205
6357209
6357211
6357215
6357554
6357220
6357221
6357232
6357239
6357242
6356521
6357261
6357624
6357265
6357266
6357268
6357273
6357274
6357281
6357283
6357291
6357293
6357295
6357304
6357308
6357428
6357311
6357626
6356584
6357318
6357319
6357322
6357325
6357329
6357330
6357333
6353667
6357334
6357335
6357336
6357340
6357344
6357349
6357351
6357355
6357361
6357362
6357366
6357373
6357376
6357377
6357378
6357379
6357380
6357383
6357392
6357397
6357399
6357400
6357402
6357404
6357406
6357409
6357410
6357412
6357414
6357416
6357426
6357427
6357429
6357430
6357431
6357433
6357434
6357436
6357437
6357438
6357441
6357452
6357462
6357465
6357467
6357468
6357469
6357472
6357473
6357474
6357475
6357485
6357489
6357492
6357496
6357502
6357504
6357507
6357615
6357524
6358468
6357531
6357533
6357534
6357541
6357546
6357548
6357549
6357553
6357555
6357565
6356847
6356587
6357593
6357630
6356590
6357609
6357620
6357621
6353681
6357224
6357704
6357718
6357770
6357791
6357795
6358479
6357818
6357823
6358480
6357825
6357827
6356635
6357831
6357838
6357844
6356432
6356182
6357868
6357872
6357880
6356647
6357391
6357926
6357928
6357935
6357946
6357948
6357952
6357954
6357956
6357705
6357708
6358809
6358753
6358031
6358032
6355779
6358040
6358050
6358069
6358772
6358493
6356700
6356226
6358169
6358172
6358198
6358200
6358245
6358253
6356414
6357269
6358808
6358283
6358304
6358361
6356219
6353621
6358393
6358394
6358398
6358399
6358400
6358403
6353625
6353626
6358430
6358431
6358454
6358456
6358644
6353729
6353680
6353731
6358703
6358715
6353724
6358757
6358768
6358779
6353701
6353581
6353583
6353586
6353590
6353595
6353596
6353600
6353602
6353606
6353613
6353614
6353624
6353633
6353643
6353647
6353651
6353656
6353662
6353666
6353670
6353692
6353714
6353735
6353737
6353747
6353768
6353776
6353778
6353786
6353787
6353795
6353815
6353835
6353836
6353850
6353867
6353881
6353899
6353908
6353906
6353916
6353917
6353920
6353936
6353977
6353987
6354004
6354028
6354032
6354060
6354062
6354070
6354076
6354079
6354109
6354141
6354151
6354178
6354187
6354223
6354237
6354250
6354292
6354305
6354316
6354346
6354371
6354374
6354379
6354384
6354395
6354401
6354406
6354409
6354414
6354427
6354429
6354441
6354487
6354506
6354527
6354538
6354542
6354547
6354553
6354552
6354559
6354571
6354574
6354587
6354609
6354618
6354626
6354661
6354675
6354686
6354711
6354729
6354731
6354739
6354748
6354755
6354776
6354782
6354792
6354814
6354817
6354822
6354836
6354860
6354863
6354866
6354881
6354897
6354912
6354917
6354926
6354930
6354940
6354944
6354945
6354952
6354953
6354960
6354969
6354974
6355031
6355051
6355073
6355079
6355089
6355106
6355117
6355122
6355153
6355167
6355190
6355195
6355198
6355210
6355227
6355245
6355284
6355291
6355293
6355303
6355306
6355310
6355315
6355322
6355328
6355377
6355379
6355388
6355415
6355419
6355420
6355428
6355445
6355470
6355495
6355507
6355522
6355523
6355555
6355556
6355582
6355587
6355625
6355641
6355688
6355700
6355722
6355739
6355745
6355754
6355781
6355798
6355812
6355815
6355818
6355827
6355833
6355835
6355840
6355851
6355854
6355861
6355873
6355875
6355881
6355886
6355911
6355925
6355945
6355972
6355977
6355989
6355993
6356009
6356033
6356053
6356049
6356052
6356063
6356067
6356071
6356132
6356137
6356156
6356161
6356166
6356183
6356184
6356189
6356240
6356248
6356249
6356264
6356276
6356298
6356335
6356341
6356362
6356374
6356376
6356386
6356387
6356411
6356428
6356433
6356446
6356459
6356467
6356472
6356483
6356486
6356498
6356508
6356511
6356523
6356524
6356541
6356552
6356557
6356576
6356580
6356586
6356601
6356612
6356614
6356622
6356626
6356661
6356662
6356667
6356669
6356675
6356677
6356683
6356694
6356710
6356718
6356719
6356723
6356735
6356746
6356767
6356774
6356780
6356792
6356809
6356821
6356825
6356857
6356880
6356897
6356901
6356929
6356939
6356948
6356956
6356962
6356968
6356970
6356972
6356989
6356995
6357001
6357015
6357039
6357053
6357062
6357071
6357077
6357089
6357117
6357122
6357143
6357162
6357168
6357167
6357213
6357216
6357217
6357226
6357230
6357237
6357244
6357258
6357282
6357300
6357337
6357363
6357385
6357403
6357405
6357415
6357450
6357453
6357464
6357494
6357506
6357561
6357586
6357597
6357608
6357637
6357643
6357647
6357660
6357672
6357693
6357703
6357714
6357727
6357733
6357738
6357754
6357756
6357764
6357767
6357768
6357778
6357781
6357784
6357785
6357800
6357801
6357817
6357829
6357833
6357839
6357848
6357865
6357866
6357874
6357888
6357891
6357898
6357902
6357897
6357904
6357915
6357927
6357933
6357947
6357949
6357955
6357964
6357971
6357976
6357992
6357996
6358003
6358005
6358010
6358015
6358029
6358036
6358057
6358073
6358078
6358072
6358079
6358081
6358082
6358090
6358095
6358104
6358105
6358124
6358128
6358127
6358129
6358136
6358139
6358132
6358150
6358151
6358153
6358163
6358178
6358182
6358183
6358190
6358192
6358220
6358228
6358229
6358242
6358255
6358259
6358291
6358296
6358313
6358319
6358324
6358339
6358354
6358352
6358356
6358391
6358395
6358404
6358412
6358413
6358414
6358421
6358424
6358429
6358445
6358452
6358463
6358475
6358489
6358485
6358499
6358501
6358502
6358516
6358529
6358535
6358543
6358546
6358559
6358553
6353744
6358565
6358571
6358590
6358595
6358605
6358606
6358612
6358627
6358629
6358631
6358645
6358648
6358650
6358646
6358649
6358660
6358661
6358665
6358670
6358675
6358680
6355829
6358684
6358693
6358695
6358696
6358704
6358699
6358705
6358717
6358718
6358724
6358744
6358752
6358762
6358767
6358771
6358784
6358785
6358794
6358796
6358791
6358793
6358807
6358816
6358822
6358836
6358840
6358834
6358843
6358837
6358838
6358839
6358841
6358849
6358850
6358844
6358846
6358848
6358854
6358851
6358856
6358857
6358852
6358853
6358855
6358861
6358858
6358860
6358864
6358862
6358865
6358866
6358867
6358869
6358870
6358871
6358872
6358868
6358873
6358875
6358874
6358876
6353732
6358877
6358880
6358879
6358882
6358883
6358884
6358885
6358886
6358887
6358888
6358890
6358891
6358893
6358894
6358895
6358896
6358898
6358899
6358900
6358901
6358902
6358903
6358904
6358906
6358907
6358908
6358910
6358911
6358912
6358914
6358917
6358918
6358919
6358920
6358922
6358923
6358924
6358925
6358926
6358928
6358929
6358930
6358931
6358932
6358933
6358934
6358935
6358936
6358938
6358940
6358941
6358942
6358943
6358944
6358945
6358946
6358947
6358949
6358950
6358951
6358952
6358953
6358954
6358955
6358956
6358957
6358958
6358959
6358960
6358961
6358962
6358963
6358964
6358965
6358966
6358967
6358968
6358969
6358970
6358971
6358972
6358973
6358974
6358975
6358976
6358977
6358978
6358979
6358981
6358982
6358983
6358984
6358985
6358987
6358988
6358989
6358990
6358991
6358993
6358998
6358999
6359001
6359002
6359003
6359004
6359006
6359008
6359009
6359012
6359013
6359014
6359016
6359021
6359022
6359024
6359025
6359026
6359029
6359030
6359031
6359032
6359033
6359034
6359037
6359040
6359041
6359042
6359044
6359045
6359046
6359047
6359048
6359050
6359051
6359052
6359053
6359054
6359056
6359057
6359059
6359060
6359061
6359062
6359065
6353748
6359066
6359068
6359069
6359067
6359070
6359071
6359072
6359074
6359075
6359076
6359077
6359078
6359079
6359080
6359081
6359083
6359085
6359086
6359087
6359088
6359091
6359092
6359093
6359096
6359097
6359098
6359099
6359100
6359101
6359103
6359104
6359106
6359107
6359109
6359110
6359111
6359112
6359113
6359114
6359115
6359116
6359117
6359119
6359121
6359122
6359123
6359124
6359125
6359126
6359127
6359128
6359129
6359131
6359132
6359134
6359135
6359138
6359139
6359141
6359143
6359144
6359145
6359146
6359147
6359148
6359150
6359151
6359152
6359153
6359154
6359156
6359157
6359158
6359160
6359161
6359162
6359164
6359165
6359167
6359168
6359169
6359170
6359171
6359172
6359173
6359175
6359177
6359178
6359179
6359180
6359181
6359182
6359183
6359184
6359185
6359186
6359187
6359188
6359189
6359190
6359191
6359192
6359194
6359195
6359196
6359197
6359200
6359201
6359202
6359203
6359204
6359205
6359207
6359208
6359209
6359213
6359214
6359215
6359216
6359217
6359218
6359219
6359220
6359221
6359222
6359223
6359225
6359226
6359227
6359228
6359229
6359230
6359232
6359234
6359235
6359236
6359238
6359239
6359240
6359241
6359242
6359243
6359244
6359245
6359246
6359247
6359248
6357278
6359250
6359251
6359252
6359253
6359257
6359258
6359259
6359260
6359262
6359263
6359264
6359266
6359267
6359268
6359270
6359272
6359274
6359277
6359278
6359279
6359280
6359281
6353824
6359283
6359285
6359286
6359284
6359288
6359289
6359291
6359292
6359294
6359295
6359297
6359298
6359299
6359300
6359302
6359304
6359305
6359307
6359308
6359310
6359313
6359314
6359315
6359316
6359317
6359320
6359321
6359322
6359323
6359324
6359325
6359326
6359327
6359328
6359331
6359332
6353826
6359333
6359335
6359336
6359337
6359338
6359339
6359340
6359341
6359343
6359344
6359345
6359346
6359348
6359349
6359351
6359352
6359353
6359354
6359355
6359356
6359357
6353827
6359359
6359358
6359362
6359364
6359365
6359367
6359369
6359370
6359371
6359373
6359374
6359375
6359376
6359377
6359378
6359379
6359381
6359382
6359383
6359384
6359385
6359386
6359387
6359388
6359390
6359392
6359393
6359395
6359396
6359397
6359399
6359400
6359401
6359402
6359403
6359404
6359405
6359407
6359409
6359411
6359412
6359413
6359415
6359416
6359418
6359419
6359420
6359421
6359422
6359424
6359426
6359427
6359429
6359431
6359433
6359436
6359437
6359438
6359439
6359442
6359443
6359445
6359446
6359450
6359451
6359453
6359454
6359455
6359457
6359458
6359459
6359460
6359461
6359462
6359463
6359464
6359465
6359466
6359467
6359468
6359469
6359471
6359472
6359473
6359475
6359476
6359477
6359478
6359480
6359481
6359482
6359483
6359484
6359485
6359486
6359488
6359489
6359490
6359491
6359492
6359493
6359494
6359496
6359497
6359499
6359500
6359501
6359502
6359503
6359504
6359507
6359509
6359510
6359512
6359513
6359515
6359516
6359517
6359518
6359519
6359520
6359521
6359522
6359524
6359525
6359526
6359527
6359530
6359531
6359532
6359534
6359535
6359536
6359537
6359539
6359540
6359542
6359543
6359544
6359545
6359546
6359547
6359550
6359551
6359553
6359554
6359555
6359556
6359557
6359558
6359559
6359560
6359562
6359563
6359564
6359565
6353752
6359567
6359569
6359570
6359571
6359572
6359573
6359575
6359576
6359577
6359578
6359580
6359581
6359582
6359584
6359586
6359588
6359589
6359590
6359591
6359592
6359593
6359594
6359595
6359596
6359597
6359598
6359599
6359601
6359602
6359603
6359604
6359606
6359607
6353837
6359609
6359610
6359608
6359612
6359611
6359613
6359615
6359614
6359617
6359616
6359618
6359619
6359621
6359622
6359623
6359624
6359625
6359627
6359628
6359629
6359630
6359631
6359633
6359635
6359636
6359639
6359641
6359642
6359643
6359644
6359645
6359646
6359649
6359650
6359652
6359654
6359655
6359657
6353839
6359658
6359661
6359662
6359663
6359665
6359666
6359668
6359669
6359672
6359673
6359674
6359676
6359677
6359678
6359679
6359680
6359681
6359682
6359683
6359684
6359685
6359686
6359687
6359688
6359689
6359691
6359692
6359693
6359694
6359696
6359697
6359698
6359700
6359701
6359703
6359704
6359705
6359707
6359708
6359710
6359711
6359712
6359714
6359716
6359717
6359719
6359720
6359721
6359722
6359723
6359725
6359726
6359727
6359728
6359729
6359730
6359732
6359733
6359734
6359735
6359736
6359737
6359738
6359739
6359743
6359745
6359747
6359748
6359749
6359750
6359751
6359753
6359754
6359757
6359758
6359760
6359761
6359762
6359763
6359764
6359765
6359766
6359768
6359770
6359771
6359772
6359774
6359775
6359776
6359777
6359778
6359779
6359781
6359782
6359783
6359787
6359788
6359789
6359790
6359792
6359793
6359794
6359796
6359797
6359798
6359799
6359800
6359804
6359805
6359806
6359807
6359808
6359809
6359810
6359811
6359813
6359814
6359815
6359816
6359817
6359818
6359821
6359822
6359823
6359827
6359828
6359829
6359831
6359832
6359834
6359835
6359836
6359838
6359839
6359840
6359841
6359842
6359844
6359846
6359847
6359848
6359849
6359852
6359853
6359854
6359855
6359857
6359858
6359859
6359860
6359861
6359863
6359864
6359865
6359866
6359868
6359869
6359870
6359871
6359872
6359873
6357279
6359876
6359875
6359878
6359879
6359880
6359882
6359883
6353848
6359884
6359885
6359886
6359888
6359889
6359890
6359891
6359892
6359893
6359894
6359887
6359895
6359897
6359896
6359898
6359900
6359899
6359901
6359902
6359904
6359905
6359906
6359903
6359907
6359908
6359910
6359909
6359911
6359913
6359912
6359914
6359916
6359917
6359915
6359918
6359920
6359921
6359919
6359923
6359922
6359925
6359924
6359927
6359928
6359929
6359930
6359926
6359932
6359931
6359934
6359935
6359936
6359937
6359938
6359940
6353755
6359941
6359942
6359944
6359945
6359946
6359947
6359949
6359951
6359952
6359953
6359955
6359956
6359958
6359962
6359963
6359964
6359965
6359966
6359967
6359968
6359969
6359970
6359972
6359973
6359975
6359976
6359977
6359978
6359979
6359980
6359981
6359982
6359983
6359984
6359985
6359986
6359987
6359989
6359990
6359991
6359993
6359994
6359995
6359996
6359997
6359998
6360000
6360003
6360004
6360005
6360006
6360007
6360008
6360009
6360010
6360013
6360015
6360016
6360017
6360018
6360019
6360020
6360021
6360022
6360023
6360025
6360024
6360027
6360029
6360031
6353854
6360034
6360033
6360036
6360037
6360038
6360039
6360040
6360041
6360043
6360044
6360046
6360048
6360050
6360052
6360054
6360057
6360058
6360060
6360061
6360062
6360063
6360064
6360065
6360066
6360067
6360068
6360069
6360070
6360071
6360072
6360073
6360074
6360075
6360076
6360077
6360078
6360079
6360080
6360081
6360082
6360083
6360084
6360085
6360086
6360087
6360088
6360089
6360090
6360091
6360093
6360094
6360096
6360097
6360099
6360100
6360101
6360102
6360103
6360105
6360106
6360108
6360109
6360110
6360111
6360113
6360114
6360115
6360116
6360118
6360119
6360120
6360121
6360122
6360124
6360125
6360126
6360128
6360129
6360130
6360131
6360132
6360134
6360135
6360136
6360137
6360138
6360139
6360140
6360141
6360142
6360143
6360144
6360145
6360146
6360147
6360149
6360150
6360151
6360152
6360153
6360154
6360157
6360159
6360160
6360161
6360162
6360163
6360164
6360166
6360167
6360168
6360169
6360170
6360172
6360174
6360175
6360176
6360177
6360178
6360180
6360184
6360185
6360186
6360187
6360188
6360189
6360190
6360191
6353757
6360193
6360192
6360195
6360197
6360198
6360199
6360200
6360201
6360202
6360203
6360204
6360205
6360206
6360207
6360208
6360209
6360212
6360213
6360215
6360216
6360217
6360219
6360220
6360223
6360224
6360225
6360226
6360228
6360230
6360231
6360232
6360234
6360235
6360236
6360237
6360238
6360239
6360240
6360243
6360244
6360245
6360246
6360247
6360248
6360250
6360251
6360252
6360253
6360254
6360255
6360256
6360257
6360259
6360260
6360261
6360262
6360264
6360265
6360268
6360269
6360270
6360271
6360272
6360273
6360274
6360275
6360276
6360277
6360278
6360280
6360281
6360282
6360283
6360285
6360288
6360289
6360290
6360291
6360292
6360293
6360294
6360295
6360296
6360297
6360298
6360299
6360301
6360302
6360303
6360304
6360305
6360306
6360307
6360308
6360309
6360310
6360312
6360313
6360314
6360316
6360317
6360318
6360319
6360320
6360321
6360323
6360324
6360326
6360327
6360329
6360330
6360331
6355842
6360333
6360332
6360335
6360334
6360336
6360337
6360339
6360338
6360340
6360341
6360343
6360344
6360345
6360346
6360348
6360349
6360350
6360351
6360352
6360353
6360354
6360355
6360356
6360357
6360358
6360361
6360362
6360363
6360364
6360365
6360366
6360369
6360371
6360372
6360374
6360375
6360376
6360377
6360378
6360379
6360380
6360381
6360382
6360383
6360384
6360385
6360386
6360387
6360388
6360389
6360390
6360391
6360392
6360393
6360394
6360395
6360396
6360397
6360398
6360399
6360400
6360401
6360402
6360403
6360404
6360405
6360406
6360407
6360408
6360409
6360410
6360411
6360413
6360414
6360415
6360416
6360417
6360418
6360419
6360420
6360421
6360422
6360423
6360424
6360425
6360426
6360427
6360428
6360429
6360430
6360431
6360432
6360433
6360434
6360435
6360436
6360438
6360439
6360440
6360441
6360442
6360443
6360444
6360445
6360446
6360447
6360448
6360450
6360451
6360452
6360454
6360455
6360456
6360457
6360458
6360460
6360461
6360462
6360463
6360465
6360466
6360467
6360468
6360469
6360470
6360471
6360472
6360473
6360475
6360477
6360478
6360479
6360480
6360481
6360482
6360483
6360484
6360486
6360488
6360489
6360490
6360491
6360492
6360493
6360494
6360495
6360497
6360498
6360499
6360500
6360501
6360502
6360503
6360505
6360506
6360507
6360508
6360509
6360510
6360511
6360512
6360513
6360514
6360515
6360516
6360517
6360518
6360519
6360520
6360521
6360522
6360523
6360524
6360525
6360526
6360527
6360529
6360530
6360531
6360532
6360533
6360535
6360536
6360537
6360538
6360539
6360540
6360541
6360542
6360543
6360544
6360545
6360546
6360547
6360548
6360549
6360550
6360551
6360552
6360553
6360554
6360555
6360556
6360557
6360558
6360559
6360560
6360561
6360563
6360564
6360566
6360567
6360568
6360569
6360570
6360571
6360572
6360573
6360574
6360575
6360576
6360577
6360580
6360581
6360584
6360585
6360586
6360587
6360589
6360590
6360591
6360592
6360593
6360594
6360595
6360596
6360597
6360598
6360600
6360601
6360602
6360603
6360604
6360605
6360606
6360607
6360608
6360609
6360610
6360611
6360612
6360613
6360614
6360615
6360616
6360617
6360618
6360619
6360620
6360621
6360622
6360623
6360624
6360625
6360626
6360627
6360628
6360630
6360631
6360632
6360633
6360634
6360635
6360636
6360637
6360638
6360639
6360640
6360641
6360643
6360645
6360646
6360647
6360648
6360649
6360650
6360651
6360652
6360653
6360654
6360655
6360656
6360657
6360658
6360659
6360660
6360661
6360663
6360665
6360666
6360667
6360668
6360669
6360670
6360671
6360672
6360674
6360676
6360678
6360679
6360680
6360681
6360682
6360683
6360684
6360685
6360686
6360688
6360689
6360690
6360692
6360693
6360694
6360695
6360696
6360697
6360698
6360699
6360700
6360701
6360702
6360703
6360704
6360706
6360708
6360709
6360710
6360711
6360712
6360713
6360714
6360715
6360716
6360719
6360721
6360722
6360723
6360725
6360726
6360727
6360728
6360729
6360731
6360732
6360733
6360734
6360735
6360736
6360737
6360738
6360739
6360740
6360742
6360743
6360744
6360745
6360746
6360747
6360748
6360750
6360752
6360753
6360754
6360757
6360758
6360759
6360760
6360763
6360764
6360765
6360766
6360767
6360768
6360769
6360770
6360771
6360772
6360773
6360774
6360775
6360776
6360777
6360778
6360779
6360780
6360781
6360782
6360783
6360784
6360785
6360786
6360787
6360788
6360789
6360791
6360793
6360794
6360796
6360797
6360798
6360799
6360800
6360801
6360802
6360803
6360805
6360806
6360807
6360808
6360809
6360810
6360811
6360812
6360813
6360815
6360816
6360817
6360818
6360819
6360820
6360821
6360822
6360823
6360824
6360825
6360828
6360829
6360830
6360831
6360832
6360833
6360835
6360836
6360837
6360838
6360840
6353762
6360841
6360843
6360842
6360844
6360845
6360847
6360848
6360849
6360850
6360851
6360852
6360854
6360855
6360856
6360857
6360858
6360859
6360860
6360861
6360862
6360863
6360864
6360865
6360866
6360867
6360869
6360870
6360871
6360872
6360873
6360874
6360875
6360876
6360877
6360878
6360879
6360880
6360881
6360882
6360883
6360885
6360886
6360887
6360889
6360891
6360892
6360894
6360895
6360896
6360898
6360901
6360902
6360904
6360905
6360906
6360908
6360909
6360910
6360911
6360912
6360913
6360914
6360915
6360916
6360917
6360918
6360919
6360920
6360922
6360923
6360925
6360929
6360930
6360931
6360932
6360933
6360934
6360936
6360939
6360940
6360941
6360942
6360943
6360944
6360945
6360946
6360947
6360948
6360949
6360951
6360952
6360953
6360954
6360955
6360956
6360957
6360958
6360959
6360961
6360963
6360964
6360965
6360966
6360969
6360970
6360971
6360972
6360973
6360974
6360975
6360976
6360979
6360980
6360981
6360982
6360983
6360984
6360985
6360988
6360989
6360990
6360991
6360992
6360993
6360994
6360995
6360997
6360998
6360999
6361000
6361001
6361002
6361003
6361004
6361007
6361008
6361009
6361010
6361012
6361013
6361014
6361015
6361016
6361017
6361019
6361021
6361022
6361023
6361025
6361027
6361028
6361029
6361030
6361031
6361033
6361035
6361036
6361037
6361038
6361039
6361040
6361041
6361042
6361043
6361045
6361046
6361047
6361048
6361049
6361050
6361051
6361052
6361053
6361054
6361056
6361057
6361059
6361060
6361062
6361063
6361064
6361065
6361066
6361068
6361069
6361070
6361071
6361067
6361072
6361074
6361075
6361076
6361077
6361078
6361080
6361081
6361082
6361083
6361085
6361086
6361091
6361093
6361094
6361097
6361098
6361099
6361102
6361104
6361107
6361109
6361111
6361113
6361114
6361118
6353738
6361119
6361120
6361121
6361122
6361129
6361130
6361133
6361134
6361135
6361136
6361137
6361138
6361139
6361140
6361141
6361142
6361143
6361144
6361146
6361148
6361149
6361150
6361151
6361152
6361153
6361154
6361155
6361156
6361158
6361159
6361160
6361162
6361165
6361166
6361167
6361168
6361169
6361170
6361171
6361174
6361175
6361176
6361177
6361178
6361179
6361181
6361182
6361186
6361187
6361189
6361190
6361191
6361192
6353900
6361195
6361196
6361197
6353913
6353927
6353933
6353940
6353773
6353943
6353948
6355860
6353958
6353780
6353980
6353984
6353985
6353990
6353996
6353742
6354019
6357360
6354030
6354034
6354061
6354068
6353745
6354078
6354083
6354085
6354089
6354090
6354092
6354094
6354096
6354097
6354101
6354102
6354103
6354107
6354129
6354130
6354143
6354148
6354149
6354150
6354152
6354153
6354154
6354161
6354162
6354171
6354172
6354181
6354182
6354183
6354189
6354194
6356251
6354211
6354219
6355916
6354239
6354246
6354252
6354253
6354257
6354261
6354264
6354265
6354266
6354268
6357296
6355924
6354276
6354320
6354323
6354324
6354336
6354340
6355937
6355941
6354364
6354382
6355953
6354422
6355954
6355957
6355958
6354449
6355959
6354452
6354454
6354455
6354477
6355971
6354519
6354520
6354522
6354524
6354528
6354530
6354536
6354591
6354604
6354605
6354608
6354621
6354635
6354646
6354647
6354648
6354657
6354659
6354660
6354679
6354682
6354684
6354725
6353698
6354815
6358116
6354840
6354895
6354933
6354949
6356086
6358173
6358788
6358195
6357153
6358199
6357157
6357159
6355305
6357173
6357174
6353587
6358589
6357179
6357180
6357470
6355350
6356507
6357208
6357210
6358804
6357212
6357223
6356186
6357228
6356187
6356515
6357231
6355602
6358274
6357240
6358282
6356203
6357352
6358811
6357247
6356205
6355704
6356213
6356214
6355726
6355728
6353603
6357563
6353585
6353589
6353591
6353592
6353593
6356217
6353597
6353598
6353599
6353601
6353607
6353609
6353610
6353611
6353612
6353615
6353617
6353618
6353619
6353620
6357260
6353628
6353629
6353630
6353631
6353632
6353634
6353635
6353636
6353638
6353639
6353640
6353641
6353644
6353648
6353649
6353655
6353657
6353658
6353659
6353663
6353664
6353665
6353668
6356220
6353671
6353672
6353673
6353675
6353677
6353679
6353682
6353604
6353686
6353687
6353690
6353691
6353693
6355760
6353695
6353696
6353697
6353699
6355761
6353700
6353703
6353702
6353704
6355762
6353709
6353712
6353713
6353715
6353716
6353719
6353720
6353721
6353722
6353723
6353726
6353728
6353730
6353733
6353734
6353736
6353743
6353749
6353750
6353754
6353756
6353758
6353759
6353760
6353764
6353763
6353766
6353767
6353770
6353772
6353774
6353775
6353779
6353782
6353785
6353788
6353790
6353792
6353794
6353797
6353798
6353800
6353801
6353804
6353805
6353807
6353605
6353816
6353819
6353820
6353822
6353823
6353825
6353829
6353828
6353830
6353832
6353834
6353838
6353840
6353843
6353844
6353846
6353845
6353847
6353851
6353852
6353858
6353859
6353861
6353864
6353868
6353870
6353871
6353872
6353873
6353875
6353876
6353877
6353882
6353883
6353884
6353886
6353888
6353890
6353891
6353892
6353893
6353894
6353898
6353901
6353902
6353904
6353907
6353911
6353928
6353935
6353939
6353941
6353942
6353945
6353946
6353951
6353952
6353953
6353955
6353956
6353959
6353960
6353963
6353968
6353969
6353971
6353972
6353974
6353975
6353978
6353979
6353986
6353988
6353989
6353992
6353994
6353998
6354000
6354002
6354005
6354006
6354007
6354012
6355824
6354018
6355826
6354026
6354029
6354033
6354041
6354042
6355830
6354043
6354048
6354049
6354051
6354052
6354054
6354055
6354063
6354065
6354066
6354069
6354072
6354075
6354082
6354084
6354087
6354088
6354093
6354095
6354098
6354099
6354100
6354105
6354106
6355843
6354111
6354112
6354114
6354115
6354118
6354119
6354120
6354121
6354122
6357280
6354124
6354125
6354127
6354128
6354134
6354136
6354137
6354138
6354139
6354140
6354144
6354145
6354146
6354156
6354157
6354158
6354159
6354160
6354164
6354167
6354166
6354168
6354173
6354174
6354179
6354180
6354184
6354186
6354188
6354191
6354193
6354195
6354197
6354198
6354200
6354201
6354203
6354204
6354205
6354208
6354209
6354210
6354213
6354215
6354217
6354218
6356242
6354221
6354225
6354227
6354229
6354230
6354232
6354236
6354240
6354241
6354243
6354245
6356243
6354247
6354249
6354251
6354254
6354255
6354256
6354258
6354260
6354263
6354267
6354270
6354271
6354273
6354275
6354282
6354283
6354286
6354293
6355880
6354299
6354301
6354303
6354306
6354307
6354309
6354310
6354311
6354314
6354317
6354318
6354321
6354322
6354325
6354327
6354328
6355887
6354330
6354332
6354335
6354338
6354339
6354347
6354348
6354352
6354355
6354356
6354358
6354360
6354361
6354363
6354365
6354367
6354373
6354385
6355899
6354390
6354393
6354397
6355902
6354408
6354410
6354411
6354413
6354415
6355904
6354417
6354418
6354419
6355905
6354426
6354430
6354431
6354439
6355909
6354442
6354445
6355910
6354448
6354457
6354459
6354460
6354461
6354463
6354467
6354468
6354471
6354473
6354479
6355917
6354481
6354483
6354484
6354485
6354492
6354498
6355921
6354501
6354502
6354507
6354508
6354509
6354511
6354512
6354515
6354516
6354525
6354529
6354533
6355928
6355929
6354541
6354546
6354550
6355934
6354567
6354570
6354573
6355936
6354576
6354577
6354580
6354581
6354582
6354589
6354590
6354592
6354595
6354594
6354596
6354597
6354599
6354600
6354601
6354602
6354603
6354606
6354607
6355943
6354611
6354612
6354614
6355944
6354616
6354617
6354619
6354620
6356258
6354625
6354627
6354628
6354629
6354630
6354631
6354632
6354633
6354634
6355948
6354636
6354639
6354640
6354641
6354642
6354644
6354645
6354649
6354650
6354652
6354653
6355952
6354655
6354656
6354658
6354662
6354664
6354669
6354670
6354672
6356260
6354676
6354680
6354681
6354687
6354688
6354689
6354691
6354692
6354694
6355960
6354696
6354698
6354700
6354703
6354704
6354705
6354707
6354708
6354709
6358614
6355964
6354715
6354717
6354718
6354727
6354730
6354732
6354734
6354735
6354741
6355970
6354745
6354746
6354749
6354750
6354751
6354752
6354754
6354756
6354757
6354758
6354759
6354760
6354762
6354763
6354764
6354765
6354766
6354767
6354768
6355975
6354771
6354772
6354773
6354774
6354777
6356322
6358420
6354783
6354785
6354786
6354788
6355979
6354790
6354791
6354793
6354796
6356265
6354798
6354799
6354801
6354803
6354804
6354805
6354807
6354808
6354810
6354812
6354813
6354818
6354820
6354821
6356266
6354824
6354827
6354832
6354833
6354834
6354837
6354838
6354841
6354842
6354843
6354845
6354847
6354850
6354852
6354855
6354857
6354858
6354859
6354864
6355994
6354869
6355995
6354870
6354871
6356268
6354873
6354874
6355996
6354875
6354876
6354878
6354879
6355997
6354880
6354882
6354883
6355998
6354884
6354885
6354886
6355999
6354891
6354892
6354894
6356000
6354899
6354900
6354901
6354902
6354905
6354906
6354907
6354908
6354909
6354910
6354911
6354914
6354915
6356004
6354918
6354919
6354920
6356005
6354922
6354923
6354927
6354928
6354929
6354931
6354932
6354934
6354935
6354936
6354941
6354942
6354943
6356010
6354946
6354947
6354950
6356011
6354954
6354955
6356012
6354957
6354958
6354961
6354962
6354965
6354966
6354968
6354970
6354972
6357314
6356016
6354975
6354976
6354979
6354980
6354982
6354983
6354985
6354986
6354987
6356019
6354992
6354996
6354998
6357315
6354999
6355002
6355003
6355004
6355007
6355008
6355010
6355012
6355013
6355014
6355015
6355016
6356025
6355020
6355021
6355022
6355023
6355024
6356026
6355026
6355028
6356027
6355029
6355030
6356028
6355034
6355035
6355037
6355039
6356275
6356031
6355050
6355052
6355055
6355058
6355059
6355060
6355062
6355063
6355064
6356034
6355066
6355068
6355071
6355072
6355075
6355076
6355080
6355081
6355082
6355083
6355084
6355086
6356039
6355090
6355091
6355093
6355100
6355101
6355102
6355103
6355104
6356042
6355107
6355108
6356043
6355109
6355112
6356044
6355115
6355116
6355119
6355120
6355121
6357320
6355123
6355124
6355125
6355126
6355128
6355131
6355132
6355133
6355135
6355140
6355146
6355147
6355148
6357321
6355150
6355151
6355152
6355154
6355155
6355156
6355157
6355159
6355160
6355161
6355164
6355169
6356055
6355170
6355173
6355174
6355175
6355176
6355178
6355181
6355183
6355184
6356058
6355185
6355186
6355187
6355188
6356059
6355191
6355196
6355199
6355200
6355201
6355202
6355203
6355205
6355206
6355207
6355209
6355211
6355212
6355213
6355214
6355215
6355216
6355220
6355221
6356065
6355222
6355224
6355225
6355226
6355228
6355229
6355230
6355233
6355236
6355237
6355238
6355239
6355240
6355241
6355242
6355243
6355244
6356283
6355247
6355248
6355250
6355252
6355253
6355254
6355256
6355257
6355258
6355259
6355260
6355261
6355262
6355263
6355265
6355266
6355267
6355269
6355270
6355271
6355272
6355274
6355275
6355276
6355277
6355278
6355279
6356077
6355280
6355282
6355283
6355285
6355287
6355288
6355289
6355292
6355294
6355296
6357327
6355298
6356081
6355301
6355307
6355314
6355319
6355320
6356286
6355321
6355325
6355327
6355330
6355331
6355332
6355333
6355334
6355335
6355337
6355339
6355340
6355341
6355342
6355343
6355344
6355345
6355346
6355347
6355349
6355351
6355353
6355354
6355355
6355357
6355358
6355359
6356093
6355360
6355361
6355362
6355363
6355364
6356094
6355365
6355366
6355367
6355368
6355369
6355371
6355372
6355375
6356096
6355378
6356097
6355381
6355383
6355384
6355385
6355387
6355389
6355390
6355393
6355394
6355395
6355396
6355400
6355401
6355402
6355403
6355404
6355405
6355407
6355408
6355409
6355411
6355413
6355414
6356104
6358828
6355416
6355417
6355418
6356105
6357332
6355421
6355422
6355423
6355424
6355425
6355426
6355427
6355429
6355430
6355433
6355436
6355437
6355438
6355439
6355441
6355442
6355443
6355444
6355446
6355447
6355448
6355449
6355450
6355451
6355452
6355456
6355457
6355458
6355459
6356113
6355462
6355463
6355466
6355468
6355469
6355472
6355473
6356116
6355475
6355476
6355478
6355479
6355480
6355483
6355484
6356118
6355485
6355486
6355487
6355490
6355491
6355492
6355493
6355497
6355498
6355499
6355501
6355502
6355504
6356122
6355505
6355506
6355508
6355509
6356123
6355510
6355512
6355513
6355514
6355515
6355516
6355518
6355519
6355520
6355521
6355524
6355525
6355527
6355529
6356127
6355531
6355532
6355533
6355535
6355534
6355536
6355538
6355537
6355539
6356129
6355540
6355541
6355542
6355543
6355544
6355545
6355547
6355548
6355549
6355550
6355551
6355554
6355557
6355558
6355560
6355559
6355561
6355562
6355564
6355565
6355567
6355568
6355570
6355571
6355572
6355573
6355574
6355575
6355576
6355578
6355579
6355580
6355581
6355583
6355585
6355586
6355588
6355590
6355591
6355592
6355594
6356140
6355595
6355596
6355597
6355598
6355601
6355600
6355603
6355604
6355606
6355607
6355608
6355609
6355610
6355615
6355619
6356145
6355621
6355622
6356146
6355626
6355627
6355628
6355630
6355632
6355633
6355634
6355635
6355636
6355637
6355639
6355640
6355644
6356150
6355645
6355646
6355647
6355649
6355648
6355650
6355655
6355656
6355657
6355659
6356153
6355660
6355661
6355662
6355665
6355666
6355669
6355670
6355672
6355673
6355676
6355677
6355678
6355679
6355680
6355681
6355683
6355685
6355687
6355689
6355690
6355691
6355692
6355695
6356160
6355696
6355697
6355698
6355699
6355701
6355702
6355703
6355705
6355708
6355707
6355709
6355710
6355711
6355712
6355714
6356164
6355716
6355719
6355720
6355721
6355729
6355731
6355732
6355733
6355734
6356168
6355736
6355735
6355737
6355738
6355742
6355743
6355744
6356170
6355746
6355748
6357345
6355749
6355750
6355752
6355753
6355756
6355755
6355757
6355759
6356173
6355763
6355764
6355765
6355768
6355767
6355769
6355770
6355771
6355774
6355775
6355776
6355777
6355780
6356177
6355782
6355785
6355787
6355788
6355790
6355791
6355793
6355796
6355797
6355799
6355800
6355801
6355803
6355804
6355805
6355806
6355807
6355808
6355810
6355816
6355817
6356185
6355820
6355823
6355825
6355831
6355834
6355836
6355841
6355844
6355845
6356190
6355849
6356191
6355850
6355852
6356192
6355856
6355857
6355858
6355859
6355864
6355865
6355869
6355871
6355872
6357350
6356196
6355878
6355879
6355882
6355884
6355885
6355888
6355890
6355892
6355893
6355894
6355895
6355898
6355900
6355901
6355908
6355912
6355913
6355914
6356204
6355922
6355923
6355927
6355933
6355938
6355942
6355946
6357353
6355949
6355950
6355963
6355966
6355968
6355969
6356215
6355973
6356216
6355974
6355978
6355980
6355982
6355985
6355988
6355990
6356001
6356008
6356014
6356015
6356022
6356023
6356024
6356032
6356037
6356045
6356046
6356231
6356054
6356057
6356233
6356064
6356069
6356072
6356075
6356076
6356085
6356088
6356090
6356091
6356095
6356241
6356100
6356101
6356106
6356107
6356108
6356110
6356119
6356245
6356124
6356131
6356133
6356135
6356136
6356139
6356141
6356142
6356144
6356148
6356149
6356152
6356157
6356162
6356167
6356169
6356172
6356176
6356180
6356259
6356194
6356195
6356202
6356207
6356211
6356212
6356218
6356221
6356223
6356225
6356228
6356230
6356234
6356235
6356237
6356239
6356269
6356244
6356246
6356250
6356254
6356255
6356256
6356257
6356262
6356261
6356274
6356270
6356271
6356272
6356273
6356277
6356282
6356278
6356285
6356287
6356289
6356290
6356280
6356294
6356296
6356299
6356301
6356302
6356305
6356308
6356314
6356315
6356317
6356319
6356320
6357368
6356326
6356328
6356330
6356333
6356334
6356337
6356340
6356343
6356344
6356351
6356353
6356354
6356356
6356359
6356361
6356364
6357370
6356373
6356377
6356380
6356382
6356383
6356384
6356385
6356388
6356390
6356300
6356398
6356399
6356400
6356402
6356401
6356403
6356405
6356406
6356407
6356408
6356303
6356409
6356304
6356416
6356417
6356421
6356424
6356425
6356426
6356427
6356431
6356435
6356436
6356438
6356310
6356445
6356447
6356311
6356450
6356453
6356312
6356455
6356463
6356466
6356468
6356469
6356470
6356473
6356474
6356475
6356477
6356478
6356479
6356484
6356495
6356501
6356502
6356506
6356323
6356510
6356513
6356518
6356325
6356520
6356522
6356525
6356529
6356531
6356533
6356535
6356537
6356539
6356543
6356551
6356554
6356555
6356559
6356564
6356567
6356569
6356573
6356578
6356581