5986472
5985807
5985815
5985814
5985816
5985824
5985837
5985831
5985833
5985843
5985846
5985839
5985841
5985845
5985855
5985858
5985859
5985869
5985862
5985863
5985865
5985870
5985872
5985875
5985882
5985893
5985891
5985903
5985900
5985901
5985913
5985906
5985916
5985918
5985923
5985928
5985933
5985935
5985936
5985948
5985952
5985964
5985965
5985970
5985974
5985975
5985982
5985986
5985989
5985997
5986003
5986007
5986012
5986021
5986032
5986038
5986039
5986041
5986042
5986043
5986045
5986076
5986071
5986087
5986097
5986102
5986103
5986104
5986105
5986108
5986111
5986113
5986118
5986124
5986130
5986149
5986150
5986146
5986155
5986202
5986203
5986210
5986235
5986242
5986254
5986258
5986269
5986268
5986272
5986282
5986279
5986280
5986307
5986310
5986318
5986316
5986320
5986321
5986339
5986341
5986348
5986350
5986367
5986385
5986386
5986398
5986399
5986405
5986418
5986420
5986424
5986425
5986449
5986450
5986453
5986458
5986473
5986475
5986476
5986477
5986479
5986480
5986481
5986482
5986483
5986485
5986486
5986487
5986488
5986489
5986490
5986491
5986492
5986494
5986495
5986496
5986497
5986499
5986500
5986502
5986503
5986504
5986505
5986507
5986509
5986510
5986511
5986513
5986514
5986515
5986516
5986517
5986518
5986519
5986520
5986521
5986522
5986523
5986524
5986525
5986526
5986527
5986529
5986530
5986531
5986532
5986533
5986534
5986535
5986536
5986538
5986539
5986540
5986542
5986543
5986544
5986545
5986546
5986547
5986548
5986549
5986552
5986553
5986554
5986559
5986560
5986561
5986562
5986563
5986564
5986565
5986566
5986568
5986569
5986571
5986573
5986574
5986575
5986581
5986582
5986583
5986584
5986586
5986587
5986588
5986589
5986590
5986591
5986592
5986595
5986600
5986601
5986603
5986604
5986605
5986606
5986607
5986608
5986611
5986612
5986613
5986614
5986615
5986616
5986617
5986618
5986619
5986620
5986621
5986622
5986623
5986624
5986626
5986627
5986630
5986631
5986632
5986633
5986634
5986636
5986637
5986638
5986639
5986640
5986641
5986642
5986643
5986644
5986645
5986646
5986647
5986649
5986650
5986653
5986654
5986657
5986658
5986659
5986660
5986661
5986662
5986663
5986665
5986666
5986667
5986668
5986669
5986670
5986671
5986672
5986673
5986674
5986675
5986676
5986677
5986678
5986680
5986682
5986683
5986684
5986685
5986687
5986688
5986689
5986690
5986691
5986692
5986693
5986694
5986696
5986697
5986698
5986699
5986700
5986701
5986703
5986704
5986705
5986706
5986707
5986708
5986709
5986711
5986712
5986713
5986714
5986716
5986717
5986718
5986719
5986721
5986722
5986723
5986724
5986725
5986728
5986729
5986730
5986731
5986732
5986733
5986735
5986736
5986737
5986738
5986739
5986740
5986741
5986742
5986744
5986745
5986746
5986747
5986748
5986749
5986750
5986752
5986753
5986754
5986755
5986756
5986757
5986758
5986759
5986760
5986761
5986762
5986763
5986764
5986765
5986766
5986767
5986768
5986769
5986771
5986773
5986774
5986775
5986776
5986777
5986778
5986779
5986781
5986782
5986783
5986784
5986786
5986787
5986788
5986789
5986790
5986793
5986794
5986795
5986796
5986797
5986798
5986799
5986800
5986801
5986802
5986803
5986804
5986805
5986806
5986807
5986808
5986809
5986810
5986811
5986812
5986815
5986816
5986817
5986818
5986819
5986820
5986821
5986822
5986824
5986825
5986826
5986827
5986828
5986830
5986831
5986832
5986833
5986834
5986835
5986836
5986837
5986838
5986839
5986840
5986841
5986842
5986843
5986844
5986845
5986846
5986847
5986848
5986849
5986850
5986851
5986853
5986854
5986855
5986856
5986857
5986859
5986860
5986861
5986862
5986864
5986865
5986866
5986867
5986868
5986869
5986870
5986871
5986872
5986873
5986874
5986875
5986876
5986877
5986879
5986880
5986881
5986882
5986885
5986886
5986888
5986889
5986890
5986892
5986893
5986896
5986897
5986898
5986900
5986901
5986902
5986903
5986905
5986906
5986907
5986908
5986910
5986911
5986913
5986914
5986915
5986916
5986917
5986919
5986920
5986921
5986922
5986923
5986924
5986925
5986926
5986927
5986928
5986932
5986933
5986934
5986935
5986936
5986938
5986940
5986943
5986944
5986946
5986948
5986950
5986951
5986952
5986954
5986955
5986956
5986957
5986960
5986961
5986962
5986964
5986965
5986966
5986967
5986968
5986970
5986971
5986972
5986973
5986974
5986975
5986976
5986977
5986978
5986979
5986980
5986981
5986982
5986983
5986984
5986985
5986986
5986987
5986988
5986990
5986991
5986993
5986995
5986996
5986997
5986998
5986999
5987000
5987001
5987002
5987003
5987004
5987005
5987006
5987007
5987008
5987009
5987010
5987011
5987012
5987013
5987014
5987015
5987016
5987017
5987018
5987019
5987020
5987022
5987023
5987024
5987025
5987028
5987029
5987030
5987031
5987032
5987033
5987034
5987037
5987039
5987041
5987042
5987043
5987044
5987045
5987046
5987047
5987048
5987049
5987050
5987052
5987053
5987054
5987055
5987056
5987057
5987058
5987059
5987060
5987061
5987064
5987065
5987066
5987067
5987068
5987069
5987071
5987072
5987073
5987074
5987075
5987076
5987078
5987079
5987080
5987081
5987082
5987083
5987084
5987085
5987086
5987087
5987088
5987089
5987090
5987091
5987093
5987095
5987096
5987097
5987098
5987099
5987100
5987101
5987102
5987103
5987104
5987105
5987106
5987108
5987109
5987110
5987111
5987112
5987113
5987114
5987115
5987117
5987118
5987119
5987120
5987123
5987126
5987127
5987128
5987129
5987130
5987131
5987132
5987133
5987134
5987135
5987136
5987138
5987139
5987140
5987141
5987142
5987144
5987145
5987146
5987147
5987148
5987150
5987151
5987152
5987154
5987156
5987157
5987158
5987160
5987162
5987163
5987164
5987165
5987166
5987167
5987168
5987169
5987170
5987171
5987172
5987174
5987175
5987176
5987177
5987178
5987180
5987181
5987182
5987183
5987184
5987185
5987186
5987187
5987189
5987190
5987191
5987194
5987195
5987197
5987198
5987200
5987203
5987204
5987205
5987206
5987207
5987208
5987209
5987210
5987211
5987212
5987213
5987214
5987215
5987216
5987217
5987218
5987220
5987221
5987222
5987223
5987224
5987225
5987226
5987227
5987228
5987230
5987231
5987232
5987233
5987234
5987235
5987236
5987237
5987238
5987239
5987240
5987241
5987242
5987243
5987244
5987245
5987246
5987247
5987248
5987249
5987250
5987251
5987252
5987253
5987254
5987255
5987256
5987257
5987258
5987259
5987260
5987261
5987262
5987263
5987264
5987265
5987266
5987268
5987269
5987270
5987272
5987273
5987274
5987275
5987276
5987277
5987278
5987279
5987280
5987281
5987282
5987283
5987284
5987285
5987286
5987287
5987288
5987289
5987290
5987291
5987292
5987293
5987294
5987295
5985808
5985809
5985810
5985811
5985812
5985813
5985817
5985818
5985819
5985820
5985821
5985822
5985823
5985825
5985826
5985827
5985828
5985829
5985830
5985832
5985835
5985836
5985840
5985842
5985844
5985847
5985848
5985849
5985850
5985851
5985852
5985853
5985854
5985856
5985857
5985860
5985861
5985864
5985868
5985874
5985876
5985877
5985878
5985879
5985880
5985881
5985883
5985884
5985885
5985886
5985887
5985888
5985889
5985890
5985892
5985894
5985895
5985896
5985898
5985899
5985902
5985904
5985905
5985907
5985908
5985909
5985910
5985911
5985912
5985914
5985915
5985917
5985920
5985921
5985925
5985926
5985927
5985929
5985930
5985931
5985932
5985934
5985937
5985938
5985939
5985940
5985941
5985942
5985943
5985944
5985945
5985946
5985947
5985949
5985950
5985953
5985954
5985955
5985956
5985957
5985958
5985959
5985960
5985962
5985963
5985966
5985967
5985968
5985969
5985972
5985973
5985976
5985978
5985979
5985980
5985981
5985983
5985984
5985985
5985987
5985988
5985990
5985991
5985992
5985994
5985995
5985996
5985998
5985999
5986001
5986002
5986004
5986005
5986006
5986008
5986009
5986011
5986013
5986015
5986017
5986018
5986019
5986023
5986024
5986027
5986029
5986030
5986031
5986033
5986034
5986035
5986036
5986037
5986040
5986044
5986046
5986047
5986048
5986049
5986050
5986051
5986052
5986053
5986054
5986055
5986056
5986058
5986060
5986061
5986062
5986064
5986065
5986066
5986067
5986068
5986069
5986072
5986073
5986075
5986077
5986078
5986079
5986080
5986081
5986082
5986083
5986084
5986085
5986086
5986088
5986089
5986090
5986091
5986092
5986093
5986094
5986095
5986098
5986099
5986100
5986101
5986106
5986107
5986109
5986110
5986114
5986115
5986116
5986117
5986120
5986122
5986125
5986126
5986127
5986128
5986129
5986131
5986132
5986134
5986135
5986136
5986137
5986138
5986139
5986140
5986141
5986142
5986143
5986144
5986145
5986148
5986151
5986153
5986154
5986156
5986157
5986158
5986159
5986160
5986161
5986162
5986163
5986164
5986165
5986166
5986167
5986168
5986169
5986170
5986171
5986172
5986173
5986174
5986175
5986176
5986177
5986178
5986179
5986180
5986181
5986182
5986183
5986184
5986185
5986186
5986187
5986188
5986189
5986190
5986191
5986192
5986194
5986195
5986196
5986197
5986198
5986199
5986200
5986201
5986204
5986205
5986206
5986207
5986208
5986209
5986211
5986212
5986213
5986214
5986215
5986216
5986218
5986219
5986220
5986221
5986222
5986223
5986224
5986225
5986226
5986227
5986228
5986229
5986230
5986231
5986232
5986233
5986234
5986236
5986237
5986239
5986240
5986241
5986243
5986244
5986245
5986246
5986247
5986248
5986249
5986250
5986251
5986252
5986253
5986256
5986257
5986259
5986260
5986261
5986262
5986263
5986264
5986265
5986266
5986267
5986270
5986271
5986273
5986274
5986275
5986276
5986277
5986281
5986283
5986284
5986285
5986286
5986287
5986288
5986289
5986290
5986291
5986292
5986293
5986294
5986295
5986296
5986297
5986298
5986299
5986300
5986301
5986302
5986304
5986305
5986306
5986308
5986309
5986311
5986312
5986313
5986314
5986315
5986317
5986322
5986323
5986324
5986326
5986327
5986328
5986329
5986330
5986331
5986332
5986333
5986334
5986335
5986336
5986337
5986338
5986342
5986343
5986344
5986346
5986347
5986349
5986351
5986352
5986353
5986354
5986355
5986356
5986357
5986358
5986359
5986360
5986361
5986362
5986363
5986364
5986365
5986366
5986368
5986369
5986371
5986372
5986373
5986374
5986375
5986376
5986377
5986378
5986379
5986380
5986381
5986382
5986383
5986384
5986387
5986388
5986389
5986390
5986391
5986392
5986393
5986394
5986395
5986396
5986397
5986401
5986402
5986403
5986404
5986406
5986407
5986408
5986409
5986410
5986411
5986412
5986413
5986414
5986415
5986416
5986417
5986419
5986421
5986422
5986423
5986426
5986427
5986428
5986429
5986430
5986431
5986432
5986433
5986434
5986435
5986436
5986437
5986439
5986440
5986441
5986442
5986443
5986444
5986445
5986446
5986447
5986448
5986451
5986455
5986457
5986459
5986460
5986461
5986462
5986463
5986465
5986466
5986467
5986468
5986469
5986470
5986471