6401659
6401660
6401661
6401662
6401663
6401664
6401665
6401666
6401667
6401668
6401670
6401671
6401672
6401673
6401674
6401675
6401676
6401677
6401678
6401679
6401680
6401681
6401682
6401683
6401684
6401685
6401686
6401687
6401688
6401689
6401690
6401691
6401692
6401693
6401694
6401695
6401696
6401697
6401698
6401699
6401700
6401702
6401704
6401705
6401707
6401708
6401709
6401712
6401714
6401715
6401716
6401717
6401718
6401719
6401720
6401721
6401722
6401723
6401724
6401726
6401727
6401728
6401730
6401732
6401733
6401734
6401735
6401737
6401738
6401739
6401740
6401741
6401743
6401744
6401745
6401748
6401749
6401750
6401751
6401752
6401753
6401755
6401756
6401757
6401758
6401760
6401761
6401763
6401765
6401766
6401767
6401768
6401769
6401771
6401772
6401773
6401774
6401775
6401777
6401779
6401780
6401781
6401782
6401784
6401785
6401786
6401787
6401788
6401789
6401791
6401794
6401795
6401796
6401797
6401798
6401799
6401800
6401801
6401802
6401804
6401805
6401806
6401808
6401809
6401810
6401811
6401812
6401813
6401814
6401815
6401816
6401818
6401819
6401820
6401821
6401823
6401824
6401825
6401826
6401828
6401829
6401831
6401832
6401833
6401834
6401837
6401838
6401841
6401842
6401843
6401844
6401846
6401847
6401848
6401849
6401852
6401853
6401855
6401856
6401857
6401858
6401859
6401860
6401861
6401862
6401864
6401865
6401866
6401867
6401868
6401869
6401870
6401871
6401872
6401873
6401874
6401875
6401876
6401877
6401878
6401879
6401880
6401881
6401882
6401883
6401885
6401886
6401887
6401888
6401889
6401890
6401891
6401893
6401894
6401895
6401896
6401898
6401899
6401900
6401901
6401902
6401904
6401905
6401906
6401907
6401909
6401910
6401911
6401912
6401913
6401914
6401915
6401916
6401918
6401919
6401920
6401921
6401922
6401923
6401924
6401925
6401926
6401927
6401928
6401929
6401930
6401931
6401932
6401933
6401934
6401936
6401937
6401938
6401942
6401943
6401944
6401945
6401946
6401947
6401949
6401950
6401951
6401952
6401953
6401954
6401955
6401956
6401957
6401958
6401959
6401960
6401961
6401962
6401963
6401964
6401965
6401966
6401969
6401970
6401971
6401975
6401976
6401977
6401979
6401980
6401981
6401982
6401983
6401984
6401985
6401986
6401987
6401988
6401989
6401991
6401992
6401993
6401994
6401995
6401996
6401997
6401998
6401999
6402000
6402001
6402002
6402003
6402004
6402005
6402006
6402007
6402008
6402009
6402010
6402011
6402012
6402013
6402014
6402015
6402016
6402017
6402018
6402019
6402020
6402021
6402022
6402023
6402024
6402025
6402026
6402029
6402030
6402031
6402032
6402033
6402035
6402036
6402034
6402037
6402038
6402040
6402041
6402042
6402043
6402045
6402046
6402047
6402048
6402049
6402050
6402051
6402052
6402053
6402054
6402055
6402056
6402057
6402059
6402060
6402061
6402062
6402063
6402064
6402065
6402067
6402068
6402069
6402070
6402071
6402073
6402074
6402075
6402076
6402077
6402078
6402079
6402080
6402081
6402082
6402083
6402084
6402085
6402086
6402087
6402088
6402089
6402090
6402091
6402092
6402093
6402094
6402095
6402101
6402102
6402103
6402104
6402105
6402106
6402107
6402108
6402110
6402111
6402113
6402114
6402115
6402116
6402117
6402118
6402119
6402120
6402121
6402122
6402123
6402124
6402125
6402126
6402127
6402128
6402130
6402129
6402131
6402133
6402134
6402132
6402135
6402136
6402139
6402137
6402141
6402143
6402144
6402145
6402146
6402148
6402149
6402150
6402151
6402152
6402154
6402155
6402156
6402157
6402158
6402159
6402160
6402162
6402164
6402165
6402167
6402168
6402169
6402170
6402171
6402172
6402174
6402175
6402176
6402177
6402178
6402179
6402180
6402181
6402182
6402183
6402184
6402185
6402186
6402187
6402188
6402189
6402190
6402191
6402192
6402193
6402194
6402195
6402196
6402197
6402199
6402200
6402202
6402203
6402204
6402205
6402206
6402207
6402208
6402210
6402211
6402212
6402213
6402214
6402215
6402216
6402217
6402218
6402219
6402220
6402221
6402223
6402224
6402225
6402222
6402227
6402229
6402231
6402232
6402233
6402236
6402237
6402238
6402239
6402240
6402242
6402243
6402245
6402246
6402247
6402248
6402249
6402250
6402251
6402252
6402253
6402254
6402256
6402257
6402258
6402259
6402260
6402261
6402262
6402263
6402264
6402265
6402266
6402267
6402268
6402269
6402270
6402271
6402272
6402273
6402274
6402275
6402276
6402277
6402278
6402279
6402280
6402281
6402282
6402283
6402284
6402285
6402286
6402287
6402288
6402289
6402290
6402291
6402292
6402293
6402294
6402295
6402296
6402297
6402298
6402299
6402300
6402301
6402302
6402303
6402304
6402305
6402306
6402307
6402308
6402309
6402311
6402312
6402313
6402314
6402315
6402316
6402317
6402318
6402320
6402321
6402322
6402323
6402324
6402325
6402327
6402329
6402330
6402328
6402332
6402331
6402333
6402335
6402336
6402337
6402338
6402339
6402340
6402341
6402342
6402344
6402345
6402346
6402347
6402348
6402349
6402350
6402351
6402352
6402353
6402354
6402355
6402356
6402357
6402359
6402360
6402361
6402362
6402363
6402365
6402366
6402367
6402369
6402371
6402372
6402374
6402375
6402376
6402378
6402379
6402380
6402381
6402382
6402383
6402384
6402386
6402387
6402388
6402389
6402390
6402391
6402392
6402393
6402394
6402395
6402396
6402398
6402399
6402400
6402401
6402403
6402405
6402406
6402407
6402408
6402410
6402411
6402412
6402413
6402414
6402415
6402416
6402417
6402418
6402420
6402421
6402422
6402423
6402425
6402426
6402427
6402428
6402429
6402430
6402432
6402433
6402434
6402435
6402436
6402437
6402438
6402439
6402440
6402441
6402442
6402443
6402444
6402445
6402446
6402447
6402448
6402449
6402450
6402451
6402452
6402453
6402454
6402455
6402456
6402458
6402459
6402460
6402461
6402463
6402462
6402465
6402466
6402467
6402468
6402469
6402470
6402471
6402472
6402473
6402474
6402475
6402476
6402477
6402478
6402479
6402480
6402481
6402482
6402483
6402484
6402485
6402486
6402487
6402488
6402489
6402491
6402490
6402492
6402493
6402495
6402496
6402497
6402498
6402499
6402500
6402501
6402503
6402502
6402504
6402507
6402505
6402506
6402508
6402509
6402510
6402511
6402512
6402515
6402513
6402514
6402518
6402519
6402516
6402517
6402520
6402521
6402522
6402523
6402524
6402527
6402528
6402529
6402530
6402531
6402532
6402533
6402534
6402535
6402537
6402539
6402541
6402542
6402543
6402544
6402545
6402546
6402547
6402548
6402549
6402551
6402552
6402553
6402554
6402555
6402556
6402557
6402558
6402559
6402560
6402561
6402562
6402563
6402564
6402565
6402567
6402569
6402570
6402571
6402572
6402573
6402574
6402575
6402576
6402577
6402578
6402579
6402580
6402581
6402582
6402583
6402584
6402585
6402586
6402587
6402588
6402589
6402590
6402591
6402592
6402593
6402594
6402596
6402598
6402599
6402600
6402601
6402602
6402603
6402605
6402606
6402607
6402608
6402609
6402611
6402612
6402614
6402615
6402616
6402617
6402618
6402619
6402620
6402621
6402622
6402623
6402624
6402626
6402627
6402628
6402629
6402630
6402631
6402633
6402634
6402635
6402636
6402637
6402638
6402639
6402640
6402641
6402642
6402643
6402644
6402647
6402648
6402649
6402650
6402651
6402652
6402653
6402654
6402655
6402656
6402657
6402658
6402659
6402661
6402662
6402663
6402664
6402665
6402666
6402667
6402668
6402669
6402670
6402671
6402673
6402674
6402675
6402676
6402677
6402678
6402679
6402680
6402681
6402682
6402683
6402684
6402685
6402686
6402687
6402688
6402689
6402690
6402692
6402693
6402694
6402695
6402696
6402697
6402698
6402699
6402700
6402701
6402702
6402703
6402704
6402705
6402706
6402707
6402708
6402709
6402710
6402711
6402712
6402713
6402714
6402715
6402716
6402717
6402718
6402719
6402720
6402721
6402722
6402723
6402724
6402725
6402726
6402727
6402728
6402729
6402730
6402731
6402732
6402733
6402734
6402735
6402736
6402737
6402738
6402739
6402740
6402741
6402742
6402743
6402744
6402745
6402746
6402747
6402748
6402749
6402750
6402751
6402752
6402753
6402754
6402755
6402756
6402757
6402758
6402759
6402760
6402761
6402762
6402763
6402765
6402764
6402766
6402767
6402768
6402769
6402770
6402772
6402771
6402774
6402775
6402776
6402777
6402778
6402779
6402780
6402781
6402783
6402784
6402785
6402786
6402787
6402788
6402789
6402790
6402791
6402792
6402793
6402794
6402796
6402797
6402798
6402799
6402800
6402801
6402802
6402803
6402804
6402805
6402806
6402807
6402809
6402808
6402810
6402812
6402811
6402813
6402814
6402815
6402816
6402817
6402820
6402818
6402819
6402823
6402821
6402822
6402824
6402825
6402826
6402827
6402828
6402829
6402830
6402833
6402832
6402834
6402835
6402836
6402839
6402837
6402838
6402840
6402841
6402842
6402844
6402845
6402846
6402847
6402848
6402850
6402849
6402851
6402852
6402854
6402855
6402856
6402858
6402859
6402860
6402861
6402862
6402864
6402865
6402866
6402867
6402868
6402869
6402870
6402871
6402872
6402873
6402874
6402875
6402876
6402877
6402878
6402879
6402880
6402881
6402883
6402884
6402887
6402888
6402889
6402890
6402891
6402892
6402893
6402894
6402895
6402896
6402898
6402897
6402900
6402899
6402901
6402902
6402903
6402905
6402904
6402906
6402907
6402908
6402909
6402910
6402911
6402912
6402913
6402914
6402915
6402917
6402919
6402918
6402920
6402922
6402923
6402924
6402926
6402927
6402928
6402930
6402931
6402932
6402933
6402935
6402936
6402934
6402937
6402938
6402939
6402940
6402942
6402944
6402946
6402947
6402949
6402951
6402952
6402953
6402956
6402957
6402958
6402960
6402959
6402961
6402962
6402964
6402965
6402966
6402967
6402963
6402971
6402972
6402973
6402974
6402975
6402976
6402978
6402980
6402981
6402983
6402984
6402985
6402986
6402987
6402988
6402989
6402991
6402992
6402993
6402994
6402996
6402997
6402998
6402999
6403000
6403001
6403003
6403004
6403005
6403007
6403008
6403009
6403010
6403011
6403012
6403013
6403014
6403015
6403017
6403018
6403019
6403020
6403021
6403022
6403023
6403024
6403025
6403026
6403027
6403028
6403030
6403031
6403033
6403034
6403036
6403037
6403038
6403039
6403040
6403041
6403042
6403043
6403044
6403047
6403048
6403049
6403050
6403051
6403052
6403053
6403054
6403055
6403056
6403057
6403058
6403060
6403059
6403062
6403063
6403065
6403066
6403067
6403068
6403069
6403070
6403071
6403072
6403073
6403074
6403075
6403076
6403077
6403079
6403080
6403081
6403082
6403083
6403084
6403085
6403086
6403087
6403088
6403089
6403090
6403091
6403092
6403093
6403094
6403095
6403096
6403098
6403099
6403100
6403101
6403102
6403105
6403106
6403107
6403108
6403109
6403110
6403111
6403113
6403114
6403115
6403116
6403117
6403118
6403120
6403122
6403123
6403124
6403125
6403126
6403127
6403128
6403129
6403130
6403131
6403132
6403133
6403135
6403136
6403137
6403138
6403139
6403140
6403141
6403142
6403143
6403144
6403146
6403147
6403149
6403150
6403151
6403152
6403153
6403154
6403155
6403156
6403157
6403158
6403159
6403161
6403162
6403163
6403164
6403166
6403167
6403168
6403169
6403170
6403171
6403172
6403174
6403176
6403178
6403179
6403181
6403182
6403183
6403185
6403186
6403187
6403188
6403189
6403191
6403192
6403193
6403194
6403195
6403196
6403197
6403198
6403199
6403201
6403202
6403203
6403205
6403206
6403207
6403208
6403209
6403210
6403211
6403212
6403215
6403216
6403217
6403218
6403219
6403220
6403221
6403222
6403223
6403224
6403225
6403226
6403227
6403228
6403230
6403232
6403234
6403235
6403236
6403237
6403238
6403239
6403241
6403242
6403243
6403244
6403245
6403246
6403247
6403248
6403249
6403250
6403252
6403253
6403254
6403256
6403257
6403258
6403259
6403260
6403262
6403263
6403264
6403265
6403266
6403267
6403269
6403270
6403271
6403272
6403276
6403277
6403279
6403280
6403281
6403282
6403284
6403285
6403287
6403289
6403290
6403291
6403292
6403294
6403295
6403296
6403297
6403298
6403300
6403301
6403302
6403303
6403304
6403305
6403306
6403307
6403308
6403309
6403310
6403312
6403314
6403315
6403316
6403318
6403319
6403320
6403321
6403323
6403324
6403325
6403326
6403327
6403328
6403329
6403330
6403331
6403332
6403333
6403334
6403335
6403337
6403338
6403339
6403343
6403344
6403345
6403347
6403348
6403346
6403349
6403350
6403352
6403353
6403354
6403351
6403355
6403357
6403358
6403356
6403360
6403361
6403362
6403363
6403364
6403365
6403359
6403366
6403367
6403369
6403370
6403368
6403372
6403373
6403374
6403375
6403377
6403378
6403379
6403381
6403382
6403383
6403385
6403384
6403386
6403387
6403389
6403390
6403391
6403392
6403393
6403394
6403396
6403397
6403398
6403399
6403401
6403402
6403403
6403404
6403405
6403406
6403407
6403408
6403409
6403410
6403411
6403412
6403413
6403414
6403415
6403416
6403417
6403418
6403419
6403421
6403422
6403423
6403424
6403425
6403426
6403428
6403429
6403430
6403431
6403433
6403434
6403435
6403436
6403437
6403438
6403439
6403441
6403442
6403443
6403444
6403445
6403446
6403448
6403449
6403450
6403451
6403452
6403453
6403454
6403456
6403457
6403458
6403460
6403461
6403462
6403463
6403464
6403465
6403466
6403468
6403467
6403472
6403473
6403474
6403475
6403476
6403477
6403478
6403479
6403481
6403482
6403483
6403484
6403486
6403487
6403488
6403489
6403490
6403491
6403492
6403493
6403494
6403495
6403496
6403497
6403498
6403499
6403500
6403501
6403502
6403503
6403504
6403505
6403506
6403507
6403508
6403509
6403510
6403511
6403513
6403514
6403517
6403519
6403522
6403524
6403527
6403528
6403530
6403531
6403532
6403533
6403534
6403535
6403536
6403538
6403539
6403540
6403541
6403542
6403543
6403544
6403545
6403546
6403548
6403550
6403551
6403552
6403553
6403555
6403556
6403557
6403558
6403559
6403560
6403561
6403562
6403563
6403564
6403565
6403566
6403567
6403568
6403569
6403571
6403572
6403573
6403574
6403575
6403577
6403579
6403582
6403584
6403585
6403587
6403588
6403589
6403590
6403592
6403594
6403595
6403596
6403597
6403598
6403599
6403600
6403603
6403604
6403608
6403609
6403610
6403612
6403613
6403615
6403618
6403619
6403620
6403621
6403623
6403624
6403626
6403628
6403629
6403633
6403635
6403637
6403639
6403640
6403643
6403645
6403649
6403651
6403652
6403655
6403658
6403659
6403661
6403662
6403663
6403664
6403665
6403668
6403670
6403671
6403674
6403677
6403679
6403684
6403685
6403688
6403689
6403690
6403691
6403692
6403693
6403694
6403695
6403696
6403697
6403698
6403701
6403702
6403703
6403704
6403706
6403709
6403710
6403712
6403713
6403714
6403715
6403716
6403717
6403718
6403720
6403721
6403722
6403723
6403724
6403727
6403729
6403730
6403732
6403733
6403734
6403735
6403737
6403739
6403740
6403741
6403742
6403743
6403744
6403745
6403746
6403747
6403748
6403749
6403750
6403754
6403755
6403756
6403757
6403758
6403759
6403760
6403761
6403763
6403764
6403765
6403766
6403767
6403768
6403769
6403770
6403772
6403773
6403774
6403775
6403776
6403777
6403779
6403780
6403782
6403783
6403784
6403786
6403787
6403788
6403789
6403790
6403791
6403792
6403794
6403795
6403796
6403797
6403798
6403799
6403800
6403803
6403806
6403807
6403809
6403811
6403812
6403813
6403816
6403817
6403819
6403820
6403822
6403825
6403827
6403828
6403829
6403830
6403831
6403832
6403834
6403837
6403839
6403840
6403841
6403843
6403845
6403846
6403847
6403848
6403849
6403850
6403851
6403852
6403854
6403855
6403857
6403858
6403859
6403860
6403861
6403863
6403864
6403865
6403866
6403867
6403868
6403869
6403870
6403872
6403873
6403875
6403876
6403877
6403878
6403881
6403882
6403883
6403884
6403887
6403888
6403889
6403890
6403892
6403893
6403894
6403895
6403896
6403897
6403898
6403901
6403902
6403903
6403904
6403906
6403907
6403908
6403911
6403913
6403914
6403915
6403916
6403917
6403919
6403921
6403922
6403923
6403925
6403928
6403929
6403931
6403932
6403933
6403934
6403938
6403939
6403940
6403941
6403942
6403944
6403946
6403948
6403949
6403950
6403952
6403953
6403954
6403955
6403956
6403957
6403958
6403960
6403962
6403963
6403966
6403969
6403970
6403973
6403974
6403975
6403976
6403977
6403978
6403982
6403983
6403984
6403985
6403986
6403987
6403988
6403989
6403991
6403992
6403994
6403995
6403997
6403998
6404001
6404002
6404004
6404005
6404006
6404007
6404008
6404009
6404011
6404012
6404013
6404015
6404016
6404017
6404018
6404019
6404020
6404021
6404022
6404023
6404024
6404025
6404026
6404027
6404028
6404029
6404031
6404033
6404035
6404037
6404039
6404040
6404041
6404043
6404044
6404045
6404047
6404048
6404050
6404052
6404054
6404055
6404056
6404058
6404059
6404060
6404061
6404062
6404064
6404065
6404066
6404067
6404068
6404069
6404070
6404071
6404072
6404074
6404075
6404076
6404077
6404078
6404080
6404081
6404082
6404086
6404087
6404089
6404090
6404091
6404092
6404093
6404094
6404095
6404096
6404097
6404098
6404099
6404100
6404101
6404103
6404104
6404105
6404107
6404110
6404111
6404112
6404113
6404117
6404118
6404121
6404122
6404123
6404124
6404125
6404126
6404127
6404128
6404129
6404130
6404132
6404133
6404134
6404135
6404136
6404137
6404138
6404139
6404140
6404141
6404142
6404144
6404146
6404147
6404148
6404150
6404152
6404153
6404154
6404155
6404156
6404157
6404159
6404163
6404166
6404168
6404169
6404171
6404172
6404173
6404174
6404175
6404176
6404177
6404178
6404179
6404181
6404183
6404185
6404186
6404188
6404189
6404190
6404191
6404192
6404193
6404194
6404195
6404196
6404197
6404199
6404200
6404201
6404202
6404203
6404205
6404206
6404207
6404209
6404211
6404212
6404214
6404215
6404217
6404218
6404219
6404220
6404221
6404222
6404223
6404225
6404226
6404228
6404229
6404230
6404231
6404232
6404233
6404234
6404235
6404237
6404238
6404239
6404240
6404243
6404244
6404245
6404246
6404247
6404248
6404249
6404250
6404251
6404255
6404256
6404257
6404260
6404261
6404264
6404265
6404266
6404269
6404271
6404273
6404275
6404278
6404279
6404280
6404281
6404282
6404286
6404287
6404288
6404289
6404290
6404293
6404294
6404296
6404297
6404298
6404299
6404300
6404301
6404304
6404305
6404307
6404308
6404310
6404311
6404312
6404313
6404315
6404316
6404317
6404319
6404321
6404323
6404324
6404325
6404326
6404327
6404328
6404329
6404330
6404331
6404333
6404334
6404338
6404339
6404340
6404342
6404343
6404344
6404346
6404347
6404348
6404353
6404355
6404356
6404357
6404358
6404359
6404361
6404362
6404363
6404364
6404366
6404367
6404372
6404373
6404374
6404376
6404377
6404378
6404379
6404380
6404383
6404384
6404385
6404387
6404388
6404389
6404390
6404392
6404393
6404396
6404398
6404399
6404402
6404404
6404405
6404406
6404407
6404409
6404410
6404411
6404414
6404416
6404417
6404418
6404420
6404421
6404424
6404426
6404427
6404428
6404429
6404430
6404432
6404433
6404434
6404435
6404436
6404438
6404439
6404440
6404441
6404442
6404443
6404448
6404449
6404452
6404453
6404455
6404457
6404458
6404459
6404460
6404462
6404466
6404467
6404468
6404469
6404470
6404471
6404475
6404476
6404477
6404478
6404479
6404480
6404481
6404483
6404484
6404485
6404486
6404487
6404488
6404489
6404491
6404492
6404493
6404497
6404499
6404500
6404501
6404502
6404503
6404504
6404505
6404506
6404508
6404509
6404510
6404511
6404512
6404513
6404514
6404515
6404516
6404517
6404518
6404519
6404521
6404522
6404524
6404526
6404527
6404528
6404529
6404530
6404531
6404532
6404533
6404534
6404535
6404536
6404537
6404538
6404539
6404541
6404542
6404543
6404544
6404545
6404546
6404547
6404548
6404550
6404551
6404552
6404553
6404554
6404555
6404556
6404557
6404558
6404559
6404560
6404561
6404562
6404563
6404564
6404565
6404568
6404569
6404570
6404571
6404572
6404573
6404574
6404575
6404576
6404579
6404580
6404581
6404582
6404583
6404584
6404585
6404586
6404587
6404588
6404589
6404590
6404592
6404594
6404596
6404597
6404599
6404600
6404601
6404605
6404607
6404608
6404610
6404611
6404612
6404614
6404617
6404618
6404619
6404620
6404621
6404623
6404624
6404625
6404626
6404628
6404630
6404631
6404632
6404633
6404634
6404635
6404636
6404637
6404638
6404639
6404641
6404642
6404643
6404644
6404646
6404647
6404649
6404650
6404651
6404652
6404653
6404655
6404657
6404658
6404659
6404660
6404661
6404662
6404663
6404664
6404666
6404668
6404670
6404671
6404672
6404673
6404675
6404676
6404678
6404679
6404680
6404681
6404682
6404683
6404684
6404685
6404686
6404687
6404689
6404690
6404691
6404692
6404693
6404694
6404696
6404698
6404699
6404701
6404703
6404704
6404705
6404706
6404707
6404708
6404709
6404711
6404713
6404714
6404715
6404718
6404719
6404720
6404721
6404722
6404723
6404724
6404725
6404727
6404729
6404731
6404732
6404734
6404735
6404736
6404737
6404740
6404741
6404742
6404745
6404746
6404748
6404750
6404752
6404753
6404754
6404755
6404756
6404757
6404759
6404760
6404761
6404762
6404764
6404765
6404767
6404768
6404769
6404770
6404772
6404773
6404774
6404777
6404779
6404781
6404782
6404783
6404784
6404785
6404787
6404788
6404790
6404791
6404793
6404794
6404796
6404797
6404798
6404799
6404800
6404801
6404804
6404806
6404808
6404809
6404810
6404812
6404813
6404815
6404816
6404818
6404820
6404821
6404822
6404823
6404824
6404825
6404827
6404828
6404829
6404830
6404831
6404832
6404833
6404836
6404838
6404839
6404842
6404845
6404846
6404847
6404848
6404849
6404850
6404852
6404853
6404855
6404856
6404857
6404858
6404859
6404860
6404863
6404864
6404866
6404867
6404868
6404869
6404870
6404871
6404872
6404873
6404875
6404877
6404880
6404882
6404883
6404885
6404887
6404888
6404889
6404891
6404893
6404894
6404895
6404896
6404897
6404901
6404902
6404904
6404905
6404906
6404907
6404908
6404909
6404910
6404911
6404912
6404913
6404914
6404915
6404916
6404917
6404918
6404919
6404921
6404922
6404924
6404925
6404926
6404927
6404928
6404929
6404930
6404931
6404932
6404933
6404934
6404935
6404936
6404938
6404939
6404940
6404941
6404942
6404943
6404944
6404946
6404947
6404948
6404950
6404951
6404953
6404954
6404955
6404957
6404958
6404959
6404960
6404961
6404962
6404965
6404966
6404968
6404969
6404972
6404973
6404976
6404978
6404980
6404981
6404982
6404985
6404986
6404987
6404988
6404990
6404992
6404993
6404994
6404995
6404996
6404997
6404998
6404999
6405000
6405001
6405002
6405003
6405004
6405007
6405008
6405010
6405012
6405014
6405015
6405016
6405017
6405018
6405019
6405021
6405022
6405023
6405024
6405025
6405026
6405027
6405029
6405030
6405031
6405032
6405033
6405034
6405035
6405037
6405038
6405040
6405041
6405042
6405043
6405044
6405045
6405047
6405048
6405049
6405050
6405051
6405052
6405054
6405055
6405056
6405057
6405058
6405059
6405060
6405061
6405062
6405063
6405064
6405065
6405066
6405067
6405068
6405069
6405071
6405072
6405073
6405074
6405075
6405076
6405077
6405079
6405080
6405082
6405083
6405086
6405088
6405089
6405090
6405091
6405094
6405095
6405096
6405097
6405098
6405101
6405102
6405103
6405105
6405106
6405107
6405109
6405112
6405113
6405117
6405118
6405120
6405121
6405124
6405125
6405127
6405129
6405130
6405131
6405132
6405134
6405135
6405136
6405137
6405138
6405140
6405141
6405142
6405143
6405146
6405148
6405150
6405151
6405152
6405153
6405155
6405156
6405157
6405159
6405160
6405163
6405164
6405170
6405171
6405172
6405174
6405177
6405178
6405179
6405181
6405182
6405183
6405184
6405185
6405186
6405188
6405189
6405190
6405191
6405192
6405193
6405195
6405194
6405198
6405199
6405200
6405201
6405203
6405204
6405205
6405206
6405207
6405208
6405209
6405210
6405211
6405212
6405213
6405215
6405216
6405217
6405218
6405219
6405220
6405221
6405222
6405223
6405224
6405225
6405226
6405227
6405228
6405229
6405231
6405232
6405233
6405234
6405235
6405237
6405238
6405240
6405241
6405242
6405243
6405245
6405248
6405250
6405251
6405252
6405253
6405255
6405256
6405257
6405258
6405262
6405264
6405265
6405266
6405269
6405270
6405271
6405272
6405275
6405276
6405277
6405279
6405280
6405282
6405283
6405284
6405285
6405286
6405287
6405288
6405289
6405291
6405292
6405293
6405294
6405295
6405296
6405298
6405299
6405300
6405302
6405303
6405304
6405305
6405308
6405309
6405310
6405311
6405312
6405314
6405315
6405316
6405317
6405318
6405319
6405320
6405321
6405322
6405323
6405324
6405325
6405326
6405327
6405328
6405330
6405331
6405333
6405337
6405338
6405339
6405341
6405342
6405343
6405344
6405346
6405347
6405348
6405350
6405351
6405353
6405354
6405355
6405358
6405359
6405362
6405363
6405364
6405365
6405366
6405367
6405368
6405370
6405371
6405372
6405374
6405375
6405376
6405378
6405380
6405381
6405382
6405384
6405385
6405386
6405387
6405389
6405390
6405391
6405392
6405393
6405394
6405395
6405396
6405397
6405398
6405399
6405400
6405401
6405404
6405406
6405407
6405408
6405409
6405410
6405411
6405412
6405414
6405415
6405417
6405418
6405419
6405421
6405422
6405424
6405426
6405427
6405429
6405430
6405431
6405433
6405434
6405437
6405438
6405440
6405441
6405442
6405444
6405445
6405446
6405447
6405448
6405450
6405452
6405453
6405454
6405455
6405457
6405459
6405460
6405461
6405462
6405463
6405464
6405465
6405467
6405468
6405469
6405470
6405471
6405472
6405473
6405474
6405476
6405475
6405477
6405478
6405479
6405481
6405480
6405483
6405484
6405485
6405486
6405487
6405488
6405490
6405492
6405493
6405494
6405495
6405496
6405497
6405498
6405500
6405501
6405502
6405503
6405504
6405505
6405506
6405509
6405510
6405511
6405513
6405514
6405515
6405516
6405518
6405519
6405520
6405522
6405523
6405524
6405525
6405527
6405531
6405532
6405534
6405535
6405536
6405537
6405539
6405540
6405543
6405546
6405548
6405549
6405550
6405552
6405553
6405554
6405555
6405556
6405557
6405558
6405559
6405561
6405562
6405563
6405564
6405565
6405566
6405567
6405568
6405569
6405570
6405571
6405572
6405573
6405574
6405575
6405576
6405577
6405578
6405579
6405580
6405581
6405582
6405583
6405584
6405585
6405586
6405587
6405588
6405589
6405590
6405591
6405592
6405593
6405595
6405596
6405597
6405598
6405599
6405600
6405603
6405604
6405606
6405607
6405608
6405609
6405610
6405611
6405612
6405613
6405614
6405615
6405617
6405618
6405619
6405620
6405622
6405623
6405624
6405625
6405626
6405627
6405629
6405630
6405631
6405632
6405633
6405634
6405635
6405636
6405637
6405638
6405640
6405641
6405642
6405643
6405644
6405645
6405646
6405648
6405651
6405652
6405653
6405654
6405655
6405656
6405657
6405658
6405659
6405660
6405661
6405662
6405664
6405665
6405667
6405668
6405669
6405670
6405671
6405672
6405673
6405674
6405675
6405676
6405677
6405678
6405679
6405680
6405681
6405682
6405683
6405684
6405685
6405686
6405687
6405688
6405689
6405690
6405691
6405692
6405693
6405694
6405697
6405699
6405700
6405701
6405702
6405703
6405704
6405706
6405707
6405708
6405709
6405710
6405712
6405713
6405714
6405715
6405716
6405717
6405718
6405720
6405721
6405722
6405723
6405724
6405725
6405726
6405727
6405728
6405729
6405732
6405731
6405733
6405734
6405736
6405737
6405738
6405739
6405740
6405741
6405742
6405743
6405744
6405745
6405746
6405747
6405748
6405749
6405750
6405753
6405754
6405755
6405756
6405757
6405758
6405759
6405760
6405761
6405762
6405763
6405765
6405766
6405767
6405768
6405769
6405770
6405772
6405773
6405774
6405775
6405776
6405777
6405779
6405780
6405782
6405784
6405785
6405786
6405787
6405788
6405789
6405790
6405791
6405793
6405794
6405795
6405796
6405797
6405798
6405801
6405802
6405804
6405805
6405806
6405808
6405809
6405812
6405813
6405814
6405815
6405816
6405817
6405818
6405819
6405820
6405821
6405822
6405824
6405825
6405826
6405827
6405828
6405829
6405830
6405831
6405832
6405834
6405833
6405835
6405836
6405837
6405838
6405839
6405840
6405842
6405841
6405843
6405844
6405846
6405845
6405848
6405849
6405847
6405851
6405850
6405852
6405853
6405854
6405855
6405856
6405857
6405858
6405859
6405861
6405860
6405862
6405863
6405866
6405868
6405869
6405870
6405871
6405872
6405873
6405874
6405875
6405876
6405878
6405879
6405880
6405881
6405882
6405883
6405884
6405885
6405887
6405888
6405889
6405890
6405891
6405892
6405893
6405895
6405896
6405897
6405898
6405899
6405900
6405901
6405902
6405903
6405905
6405906
6405908
6405910
6405911
6405912
6405913
6405914
6405915
6405916
6405917
6405918
6405919
6405921
6405922
6405924
6405927
6405928
6405931
6405932
6405934
6405935
6405936
6405937
6405938
6405939
6405942
6405943
6405944
6405947
6405948
6405949
6405950
6405951
6405953
6405955
6405956
6405957
6405958
6405959
6405960
6405961
6405962
6405965
6405966
6405967
6405970
6405971
6405972
6405973
6405974
6405975
6405976
6405977
6405979
6405981
6405982
6405983
6405984
6405985
6405986
6405987
6405988
6405989
6405990
6405991
6405992
6405993
6405994
6405995
6405996
6405997
6405998
6405999
6406000
6406001
6406002
6406003
6406005
6406006
6406004
6406008
6406009
6406010
6406011
6406012
6406013
6406015
6406016
6406017
6406018
6406019
6406020
6406021
6406022
6406023
6406024
6406025
6406026
6406027
6406029
6406030
6406031
6406032
6406034
6406035
6406036
6406037
6406038
6406040
6406041
6406043
6406044
6406045
6406046
6406048
6406049
6406050
6406051
6406052
6406053
6406055
6406054
6406056
6406057
6406058
6406059
6406060
6406062
6406061
6406063
6406064
6406065
6406066
6406067
6406068
6406069
6406070
6406071
6406072
6406073
6406074
6406076
6406077
6406078
6406080
6406081
6406082
6406083
6406084
6406085
6406086
6406087
6406088
6406090
6406091
6406092
6406093
6406094
6406095
6406096
6406097
6406098
6406099
6406100
6406101
6406102
6406103
6406105
6406107
6406109
6406111
6406112
6406113
6406114
6406115
6406117
6406118
6406119
6406120
6406121
6406122
6406124
6406125
6406126
6406127
6406128
6406129
6406132
6406133
6406134
6406135
6406136
6406137
6406138
6406139
6406140
6406141
6406142
6406143
6406144
6406145
6406146
6406147
6406148
6406149
6406150
6406151
6406152
6406153
6406155
6406156
6406157
6406158
6406159
6406160
6406161
6406162
6406163
6406164
6406165
6406166
6406167
6406168
6406169
6406170
6406171
6406172
6406173
6406174
6406176
6406177
6406178
6406179
6406180
6406181
6406184
6406185
6406186
6406187
6406188
6406189
6406190
6406191
6406192
6406193
6406194
6406195
6406197
6406198
6406202
6406203
6406204
6406205
6406206
6406207
6406208
6406209
6406210
6406212
6406213
6406214
6406215
6406216
6406218
6406219
6406221
6406223
6406224
6406225
6406226
6406227
6406229
6406231
6406232
6406233
6406235
6406236
6406237
6406238
6406239
6406241
6406242
6406243
6406244
6406245
6406246
6406247
6406248
6406249
6406250
6406251
6406252
6406253
6406254
6406255
6406256
6406257
6406258
6406259
6406260
6406261
6406262
6406263
6406264
6406265
6406266
6406267
6406269
6406270
6406271
6406273
6406274
6406275
6406276
6406277
6406278
6406279
6406281
6406282
6406283
6406284
6406285
6406286
6406287
6406288
6406289
6406290
6406291
6406292
6406293
6406295
6406296
6406297
6406298
6406299
6406301
6406303
6406304
6406305
6406307
6406306
6406308
6406309
6406310
6406311
6406313
6406314
6406315
6406316
6406318
6406319
6406320
6406321
6406322
6406323
6406324
6406325
6406326
6406327
6406329
6406328
6406330
6406331
6406333
6406332
6406334
6406335
6406336
6406337
6406338
6406340
6406341
6406342
6406343
6406344
6406345
6406346
6406347
6406348
6406349
6406350
6406351
6406352
6406353
6406354
6406355
6406356
6406357
6406358
6406359
6406360
6406361
6406362
6406363
6406364
6406365
6406366
6406367
6406368
6406369
6406370
6406371
6406372
6406373
6406374
6406375
6406377
6406379
6406380
6406381
6406382
6406383
6406384
6406385
6406386
6406388
6406389
6406390
6406391
6406392
6406393
6406395
6406396
6406397
6406398
6406399
6406400
6406402
6406403
6406404
6406405
6406406
6406407
6406408
6406409
6406410
6406411
6406412
6406413
6406414
6406415
6406416
6406417
6406418
6406419
6406421
6406423
6406424
6406425
6406427
6406428
6406429
6406430
6406431
6406433
6406434
6406435
6406436
6406437
6406438
6406439
6406440
6406441
6406442
6406443
6406444
6406445
6406446
6406447
6406448
6406449
6406450
6406451
6406452
6406453
6406454
6406455
6406456
6406459
6406460
6406461
6406462
6406463
6406464
6406465
6406468
6406469
6406470
6406471
6406472
6406473
6406474
6406476
6406477
6406479
6406480
6406481
6406482
6406483
6406484
6406485
6406486
6406487
6406488
6406489
6406490
6406491
6406492
6406493
6406494
6406495
6406496
6406497
6406498
6406499
6406500
6406501
6406502
6406503
6406504
6406505
6406506
6406508
6406509
6406510
6406511
6406512
6406513
6406514
6406515
6406516
6406517
6406518
6406519
6406520
6406521
6406522
6406523
6406524
6406525
6406526
6406527
6406528
6406529
6406530
6406531
6406532
6406534
6406535
6406536
6406537
6406538
6406539
6406540
6406542
6406541
6406553
6406554
6406566
6406580
6406592
6406615
6406625
6406634
6406641
6406658
6406673
6406704
6406724
6406770
6406775
6406778
6406794
6406836
6406849
6406866
6406898
6406925
6406950
6406948
6406954
6406957
6406970
6406964
6406967
6406986
6406983
6406990
6406993
6406994
6406999
6407003
6407018
6407029
6407037
6407040
6407035
6407038
6407043
6407053
6407055
6407064
6407059
6407072
6407065
6407067
6407080
6407079
6407083
6407093
6407109
6407112
6407121
6407120
6407135
6407145
6407151
6407154
6407158
6407159
6407161
6407180
6407201
6407208
6407217
6407223
6407224
6407225
6407227
6407228
6407229
6407230
6407232
6407233
6407234
6407235
6407236
6407237
6407238
6407239
6407240
6407241
6407249
6407242
6407244
6407245
6407246
6407248
6407247
6407250
6407251
6407253
6407254
6407255
6407256
6407257
6406543
6406544
6406545
6406546
6406547
6406549
6406550
6406551
6406552
6406555
6406558
6406559
6406560
6406561
6406562
6406565
6406567
6406568
6406569
6406572
6406573
6406574
6406575
6406578
6406579
6406581
6406582
6406583
6406584
6406585
6406586
6406587
6406588
6406589
6406590
6406591
6406593
6406594
6406595
6406596
6406597
6406598
6406599
6406600
6406601
6406602
6406603
6406604
6406605
6406607
6406608
6406609
6406611
6406612
6406613
6406614
6406616
6406618
6406619
6406620
6406621
6406622
6406623
6406624
6406626
6406627
6406629
6406631
6406632
6406633
6406635
6406636
6406637
6406639
6406640
6406642
6406644
6406645
6406646
6406647
6406648
6406649
6406650
6406651
6406652
6406653
6406654
6406656
6406657
6406659
6406660
6406661
6406662
6406663
6406664
6406665
6406666
6406667
6406668
6406669
6406670
6406671
6406672
6406674
6406675
6406677
6406678
6406679
6406680
6406681
6406682
6406683
6406684
6406685
6406686
6406688
6406689
6406690
6406691
6406692
6406693
6406694
6406695
6406696
6406697
6406698
6406699
6406700
6406701
6406702
6406703
6406706
6406707
6406708
6406709
6406710
6406711
6406712
6406713
6406714
6406715
6406716
6406717
6406718
6406719
6406720
6406721
6406722
6406723
6406725
6406727
6406728
6406729
6406730
6406731
6406732
6406733
6406734
6406735
6406736
6406737
6406739
6406740
6406741
6406742
6406743
6406744
6406746
6406747
6406748
6406749
6406750
6406751
6406752
6406753
6406754
6406755
6406756
6406757
6406758
6406759
6406760
6406761
6406762
6406763
6406764
6406765
6406766
6406767
6406768
6406771
6406772
6406773
6406774
6406776
6406777
6406779
6406780
6406781
6406782
6406783
6406785
6406787
6406788
6406789
6406790
6406791
6406792
6406793
6406795
6406796
6406797
6406798
6406799
6406800
6406801
6406802
6406803
6406806
6406807
6406808
6406809
6406811
6406812
6406813
6406814
6406815
6406816
6406817
6406819
6406820
6406822
6406823
6406824
6406826
6406827
6406828
6406829
6406830
6406831
6406832
6406833
6406835
6406838
6406839
6406840
6406841
6406842
6406843
6406845
6406847
6406848
6406850
6406852
6406854
6406855
6406856
6406857
6406858
6406859
6406860
6406861
6406862
6406864
6406865
6406867
6406869
6406872
6406873
6406874
6406875
6406876
6406877
6406878
6406879
6406880
6406881
6406882
6406883
6406884
6406885
6406886
6406887
6406888
6406889
6406891
6406892
6406893
6406896
6406897
6406899
6406900
6406901
6406903
6406904
6406905
6406907
6406908
6406909
6406910
6406911
6406913
6406914
6406915
6406916
6406918
6406919
6406921
6406924
6406926
6406927
6406928
6406929
6406930
6406931
6406932
6406935
6406936
6406937
6406938
6406939
6406940
6406941
6406942
6406944
6406946
6406947
6406951
6406952
6406953
6406956
6406958
6406961
6406962
6406963
6406968
6406969
6406971
6406972
6406973
6406974
6406975
6406978
6406991
6406998
6407000
6407006
6407008
6407009
6407010
6407012
6407013
6407014
6407015
6407016
6407017
6407020
6407021
6407022
6407023
6407024
6407025
6407026
6407027
6407030
6407031
6407032
6407033
6407034
6407036
6407039
6407041
6407042
6407044
6407045
6407046
6407047
6407048
6407050
6407051
6407056
6407057
6407058
6407061
6407062
6407063
6407066
6407068
6407069
6407070
6407071
6407073
6407074
6407075
6407076
6407077
6407078
6407082
6407084
6407085
6407086
6407087
6407088
6407089
6407090
6407091
6407094
6407095
6407096
6407097
6407098
6407099
6407100
6407101
6407102
6407103
6407104
6407105
6407106
6407107
6407108
6407110
6407111
6407113
6407114
6407115
6407116
6407117
6407118
6407119
6407122
6407124
6407126
6407127
6407128
6407129
6407130
6407131
6407133
6407134
6407137
6407138
6407140
6407141
6407142
6407143
6407144
6407146
6407147
6407148
6407149
6407150
6407152
6407153
6407155
6407156
6407157
6407160
6407162
6407163
6407164
6407165
6407166
6407167
6407168
6407169
6407170
6407171
6407172
6407173
6407174
6407176
6407177
6407179
6407181
6407184
6407185
6407186
6407187
6407188
6407189
6407190
6407191
6407192
6407193
6407194
6407195
6407196
6407197
6407198
6407199
6407200
6407202
6407203
6407204
6407205
6407206
6407207
6407209
6407210
6407211
6407213
6407214
6407215
6407216
6407218
6407220
6407221