5979875
5979876
5979878
5979879
5979880
5979882
5979883
5979884
5979887
5979889
5979890
5979891
5979892
5979896
5979897
5979898
5979899
5979900
5979901
5979902
5979903
5979904
5979905
5979906
5979907
5979908
5979909
5979910
5979911
5979912
5979913
5979917
5979921
5979924
5979925
5979927
5979929
5979930
5979931
5979932
5979934
5979936
5979937
5979938
5979939
5979940
5979941
5979944
5979945
5979946
5979947
5979948
5979950
5979951
5979957
5979958
5979959
5979960
5979961
5979962
5979963
5979964
5979969
5979971
5979972
5979973
5979974
5979977
5979978
5979980
5979982
5979983
5979984
5979986
5979987
5979988
5979989
5979990
5979991
5979992
5979994
5979995
5979996
5979999
5980000
5980001
5980002
5980003
5980004
5980006
5980007
5980008
5980009
5980010
5980011
5980013
5980014
5980017
5980021
5980024
5980026
5980028
5980029
5980030
5980031
5980032
5980033
5980034
5980035
5980037
5980038
5980039
5980040
5980041
5980043
5980044
5980047
5980048
5980049
5980051
5980052
5980053
5980054
5980055
5980056
5980057
5980058
5980059
5980061
5980062
5980063
5980064
5980065
5980066
5980068
5980069
5980070
5980071
5980072
5980073
5980074
5980076
5980077
5980078
5980079
5980081
5980083
5980084
5980086
5980087
5980088
5980090
5980091
5980094
5980097
5980099
5980101
5980102
5980103
5980105
5980106
5980116
5980117
5980118
5980119
5980120
5980121
5980123
5980130
5980132
5980133
5980134
5980135
5980137
5980138
5980139
5980140
5980141
5980142
5980143
5980145
5980146
5980147
5980149
5980150
5980152
5980153
5980155
5980157
5980159
5980161
5980162
5980163
5980164
5980165
5980166
5980167
5980168
5980170
5980171
5980172
5980174
5980175
5980176
5980178
5980179
5980180
5980181
5980182
5980183
5980186
5980187
5980189
5980190
5980191
5980192
5980195
5980200
5980201
5980203
5980204
5980205
5980206
5980207
5980208
5980210
5980211
5980212
5980213
5980215
5980216
5980218
5980219
5980220
5980221
5980222
5980223
5980226
5980228
5980230
5980231
5980233
5980234
5980235
5980236
5980237
5980239
5980240
5980241
5980242
5980243
5980244
5980245
5980246
5980247
5980248
5980249
5980250
5980251
5980252
5980254
5980256
5980258
5980260
5980262
5980263
5980265
5980266
5980267
5980268
5980269
5980272
5980273
5980274
5980275
5980277
5980278
5980279
5980280
5980282
5980283
5980284
5980285
5980287
5980288
5980291
5980293
5980294
5980295
5980297
5980298
5980299
5980301
5980302
5980304
5980306
5980307
5980309
5980311
5980312
5980313
5980314
5980315
5980316
5980317
5980318
5980319
5980320
5980323
5980324
5980326
5980328
5980332
5980333
5980335
5980338
5980339
5980340
5980341
5980342
5980343
5980344
5980345
5980346
5980347
5980349
5980351
5980353
5980354
5980356
5980357
5980359
5980360
5980361
5980364
5980365
5980368
5980369
5980371
5980372
5980373
5980374
5980376
5980377
5980378
5980379
5980380
5980381
5980382
5980383
5980385
5980387
5980388
5980389
5980390
5980391
5980393
5980396
5980398
5980399
5980400
5980401
5980402
5980404
5980405
5980406
5980407
5980408
5980409
5980413
5980414
5980415
5980416
5980417
5980418
5980421
5980422
5980424
5980425
5980426
5980427
5980428
5980429
5980430
5980432
5980434
5980435
5980436
5980437
5980438
5980439
5980441
5980444
5980447
5980448
5980449
5980450
5980451
5980453
5980454
5980455
5980456
5980457
5980459
5980462
5980463
5980464
5980465
5980466
5980467
5980468
5980469
5980470
5980472
5980473
5980475
5980476
5980477
5980481
5980482
5980483
5980484
5980485
5980486
5980488
5980490
5980491
5980492
5980493
5980494
5980495
5980496
5980497
5980498
5980499
5980500
5980503
5980504
5980505
5980506
5980507
5980509
5980510
5980513
5980515
5980517
5980518
5980519
5980520
5980521
5980525
5980526
5980528
5980529
5980532
5980534
5980536
5980538
5980539
5980541
5980542
5980543
5980545
5980547
5980548
5980549
5980550
5980551
5980552
5980553
5980554
5980555
5980557
5980560
5980561
5980562
5980563
5980564
5980565
5980567
5980568
5980570
5980572
5980573
5980574
5980575
5980577
5980578
5980579
5980581
5980582
5980583
5980584
5980585
5980586
5980587
5980588
5980589
5980590
5980591
5980592
5980593
5980594
5980603
5980604
5980605
5980606
5980607
5980608
5980611
5980612
5980613
5980614
5980616
5980619
5980620
5980621
5980623
5980624
5980625
5980626
5980627
5980628
5980629
5980630
5980631
5980632
5980633
5980635
5980636
5980638
5980640
5980644
5980646
5980651
5980652
5980653
5980654
5980657
5980658
5980661
5980662
5980664
5980665
5980666
5980667
5980668
5980670
5980673
5980674
5980675
5980676
5980678
5980682
5980683
5980685
5980686
5980687
5980688
5980689
5980690
5980691
5980692
5980693
5980702
5980703
5980704
5980705
5980707
5980708
5980709
5980710
5980712
5980713
5980714
5980715
5980717
5980718
5980720
5980721
5980722
5980723
5980724
5980727
5980729
5980730
5980731
5980733
5980735
5980736
5980737
5980740
5980741
5980742
5980744
5980748
5980750
5980752
5980753
5980754
5980755
5980756
5980757
5980758
5980759
5980761
5980762
5980763
5980764
5980765
5980766
5980767
5980768
5980771
5980772
5980774
5980777
5980778
5980780
5980781
5980783
5980784
5980785
5980786
5980788
5980793
5980794
5980795
5980796
5980797
5980798
5980799
5980800
5980803
5980805
5980806
5980809
5980810
5980811
5980812
5980813
5980814
5980818
5980820
5980821
5980823
5980824
5980825
5980826
5980827
5980828
5980831
5980832
5980833
5980836
5980837
5980840
5980841
5980843
5980845
5980847
5980848
5980850
5980851
5980854
5980855
5980856
5980858
5980859
5980860
5980861
5980864
5980866
5980868
5980869
5980870
5980871
5980872
5980874
5980875
5980876
5980877
5980884
5980885
5980886
5980890
5980894
5980895
5980897
5980898
5980899
5980900
5980901
5980902
5980903
5980906
5980907
5980909
5980910
5980913
5980914
5980921
5980922
5980924
5980925
5980927
5980929
5980930
5980931
5980932
5980933
5980934
5980935
5980936
5980937
5980939
5980941
5980942
5980943
5980944
5980946
5980947
5980948
5980949
5980951
5980953
5980954
5980955
5980957
5980958
5980959
5980961
5980962
5980967
5980968
5980969
5980970
5980971
5980972
5980973
5980974
5980976
5980977
5980978
5980979
5980981
5980982
5980985
5980988
5980990
5980991
5980992
5980993
5980994
5980996
5980997
5980998
5980999
5981001
5981002
5981003
5981004
5981005
5981006
5981009
5981012
5981015
5981016
5981018
5981019
5981020
5981021
5981022
5981023
5981024
5981025
5981026
5981027
5981029
5981030
5981031
5981032
5981033
5981034
5981037
5981041
5981043
5981046
5981047
5981048
5981050
5981051
5981052
5981053
5981054
5981055
5981056
5981057
5981058
5981059
5981060
5981061
5981062
5981063
5981064
5981068
5981069
5981070
5981071
5981075
5981076
5981078
5981079
5981082
5981084
5981085
5981086
5981087
5981088
5981089
5981090
5981092
5981093
5981098
5981101
5981102
5981103
5981105
5981106
5981108
5981109
5981110
5981111
5981113
5981115
5981116
5981117
5981118
5981119
5981121
5981124
5981125
5981128
5981129
5981132
5981133
5981134
5981135
5981136
5981137
5981139
5981140
5981141
5981143
5981144
5981145
5981146
5981148
5981150
5981152
5981153
5981154
5981156
5981157
5981158
5981161
5981162
5981163
5981164
5981165
5981166
5981167
5981168
5981170
5981171
5981172
5981174
5981175
5981176
5981179
5981180
5981181
5981183
5981184
5981185
5981186
5981189
5981191
5981193
5981194
5981195
5981196
5981197
5981198
5981200
5981201
5981202
5981203
5981204
5981205
5981207
5981209
5981210
5981211
5981212
5981213
5981214
5981215
5981216
5981217
5981219
5981220
5981221
5981222
5981224
5981225
5981226
5981227
5981228
5981230
5981231
5981232
5981234
5981235
5981236
5981237
5981238
5981239
5981241
5981242
5981243
5981246
5981249
5981250
5981251
5981253
5981255
5981256
5981258
5981259
5981260
5981262
5981264
5981267
5981268
5981270
5981272
5981273
5981274
5981275
5981276
5981277
5981278
5981281
5981282
5981283
5981285
5981286
5981287
5981288
5981289
5981290
5981291
5981292
5981293
5981294
5981295
5981297
5981298
5981299
5981300
5981301
5981302
5981303
5981304
5981305
5981307
5981309
5981310
5981311
5981312
5981313
5981315
5981316
5981317
5981319
5981320
5981321
5981322
5981323
5981324
5981325
5981327
5981328
5981329
5981330
5981332
5981333
5981334
5981335
5981336
5981337
5981340
5981341
5981343
5981344
5981345
5981346
5981348
5981349
5981350
5981353
5981354
5981355
5981359
5981360
5981361
5981362
5981363
5981364
5981365
5981366
5981369
5981370
5981372
5981374
5981375
5981376
5981377
5981378
5981379
5981380
5981381
5981382
5981383
5981385
5981386
5981387
5981389
5981391
5981392
5981394
5981395
5981396
5981397
5981398
5981399
5981400
5981403
5981404
5981405
5981407
5981408
5981409
5981410
5981412
5981413
5981416
5981417
5981418
5981419
5981420
5981421
5981422
5981423
5981424
5981425
5981426
5981429
5981431
5981432
5981433
5981434
5981436
5981438
5981439
5981440
5981441
5981442
5981443
5981444
5981445
5981446
5981450
5981452
5981453
5981454
5981455
5981456
5981457
5981458
5981459
5981460
5981461
5981462
5981463
5981464
5981465
5981466
5981468
5981469
5981470
5981471
5981472
5981473
5981475
5981476
5981477
5981478
5981479
5981480
5981481
5981482
5981484
5981486
5981487
5981488
5981489
5979874
5979877
5979881
5979888
5979886
5979894
5979895
5979914
5979915
5979918
5979919
5979920
5979923
5979926
5979933
5979942
5979943
5979949
5979952
5979956
5979967
5979968
5979970
5979981
5979985
5979993
5979997
5979998
5980015
5980019
5980020
5980023
5980025
5980027
5980042
5980045
5980050
5980060
5980067
5980080
5980095
5980107
5980109
5980111
5980113
5980114
5980115
5980126
5980127
5980129
5980131
5980136
5980151
5980156
5980160
5980173
5980184
5980185
5980199
5980198
5980202
5980214
5980217
5980227
5980238
5980253
5980259
5980270
5980271
5980281
5980286
5980292
5980289
5980300
5980303
5980310
5980325
5980327
5980337
5980348
5980355
5980352
5980362
5980366
5980367
5980375
5980384
5980386
5980392
5980394
5980403
5980412
5980419
5980420
5980431
5980440
5980443
5980458
5980461
5980478
5980479
5980501
5980502
5980511
5980512
5980522
5980523
5980527
5980533
5980535
5980558
5980566
5980569
5980571
5980600
5980595
5980598
5980599
5980601
5980602
5980615
5980617
5980622
5980634
5980637
5980649
5980643
5980645
5980647
5980650
5980659
5980655
5980656
5980660
5980663
5980672
5980677
5980681
5980684
5980698
5980695
5980697
5980699
5980700
5980711
5980706
5980725
5980728
5980732
5980745
5980747
5980743
5980749
5980770
5980775
5980776
5980779
5980790
5980792
5980804
5980807
5980819
5980815
5980817
5980830
5980835
5980839
5980842
5980844
5980852
5980853
5980867
5980863
5980882
5980883
5980891
5980892
5980893
5980904
5980911
5980915
5980918
5980919
5980920
5980923
5980926
5980938
5980940
5980956
5980964
5980965
5980975
5980983
5980986
5980987
5980995
5981008
5981011
5981017
5981028
5981038
5981039
5981040
5981045
5981049
5981066
5981073
5981074
5981077
5981081
5981083
5981095
5981096
5981122
5981123
5981126
5981127
5981131
5981149
5981159
5981177
5981223
5981229
5981248
5981257
5981326
5981357
5981401
5981402
5981406
5981414
5981430
5981437
5981449
5981451
5981485