5961193
5961194
5961196
5961197
5961198
5961199
5961200
5961201
5961202
5961203
5961204
5961205
5961206
5961207
5961209
5961210
5961211
5961213
5961214
5961215
5961216
5961217
5961218
5961219
5961220
5961221
5961222
5961223
5961224
5961225
5961226
5961227
5961228
5961229
5961230
5961232
5961233
5961234
5961236
5961237
5961238
5961239
5961240
5961241
5961242
5961243
5961244
5961245
5961246
5961247
5961248
5961249
5961250
5961251
5961252
5961253
5961254
5961255
5961256
5961257
5961258
5961259
5961260
5961261
5961262
5961263
5961264
5961265
5961266
5961267
5961268
5961269
5961270
5961271
5961272
5961273
5961274
5961275
5961276
5961277
5961278
5961279
5961280
5961281
5961282
5961283
5961284
5961285
5961286
5961287
5961288
5961289
5961290
5961291
5961292
5961293
5961294
5961295
5961296
5961297
5961300
5961301
5961302
5961303
5961304
5961305
5961306
5961307
5961309
5961310
5961311
5961312
5961313
5961314
5961315
5961316
5961317
5961318
5961319
5961320
5961321
5961322
5961324
5961325
5961326
5961327
5961328
5961329
5961330
5961331
5961332
5961333
5961334
5961335
5961336
5961337
5961338
5961340
5961341
5961342
5961343
5961344
5961345
5961346
5961347
5961348
5961349
5961351
5961352
5961353
5961354
5961355
5961356
5961357
5961358
5961359
5961360
5961361
5961362
5961363
5961364
5961365
5961366
5961367
5961368
5961369
5961370
5961372
5961373
5961374
5961375
5961376
5961377
5961378
5961379
5961380
5961381
5961382
5961383
5961384
5961385
5961386
5961387
5961388
5961389
5961390
5961391
5961392
5961393
5961394
5961395
5961396
5961397
5961398
5961400
5961401
5961402
5961404
5961405
5961407
5961408
5961409
5961411
5961412
5961413
5961416
5961417
5961418
5961419
5961420
5961421
5961422
5961423
5961424
5961425
5961426
5961427
5961430
5961431
5961432
5961433
5961435
5961436
5961437
5961438
5961440
5961441
5961442
5961443
5961444
5961445
5961446
5961447
5961448
5961449
5961450
5961451
5961452
5961453
5961455
5961456
5961458
5961459
5961461
5961462
5961464
5961466
5961468
5961469
5961471
5961474
5961475
5961477
5961480
5961481
5961483
5961484
5961485
5961486
5961488
5961489
5961490
5961493
5961494
5961495
5961496
5961498
5961499
5961501
5961502
5961503
5961504
5961505
5961506
5961507
5961508
5961509
5961510
5961511
5961513
5961514
5961515
5961516
5961517
5961518
5961519
5961520
5961521
5961522
5961524
5961526
5961527
5961528
5961529
5961531
5961532
5961534
5961536
5961539
5961540
5961541
5961542
5961543
5961545
5961546
5961547
5961548
5961549
5961551
5961554
5961555
5961556
5961557
5961558
5961559
5961560
5961562
5961563
5961565
5961567
5961568
5961569
5961570
5961571
5961572
5961573
5961575
5961576
5961577
5961578
5961579
5961580
5961581
5961582
5961583
5961585
5961586
5961587
5961588
5961589
5961590
5961591
5961592
5961593
5961594
5961595
5961596
5961597
5961598
5961599
5961600
5961601
5961603
5961604
5961605
5961606
5961607
5961608
5961609
5961610
5961611
5961612
5961613
5961614
5961615
5961616
5961620
5961621
5961622
5961623
5961624
5961625
5961626
5961627
5961628
5961629
5961630
5961632
5961633
5961634
5961635
5961636
5961637
5961638
5961639
5961640
5961641
5961642
5961643
5961645
5961646
5961647
5961649
5961650
5961651
5961652
5961653
5961654
5961655
5961656
5961657
5961658
5961659
5961660
5961662
5961664
5961665
5961666
5961668
5961669
5961670
5961671
5961672
5961673
5961674
5961675
5961676
5961677
5961678
5961679
5961681
5961682
5961683
5961684
5961685
5961686
5961688
5961689
5961690
5961692
5961693
5961694
5961695
5961696
5961697
5961698
5961700
5961702
5961703
5961704
5961705
5961706
5961707
5961708
5961709
5961710
5961711
5961712
5961713
5961714
5961715
5961716
5961717
5961718
5961719
5961720
5961721
5961722
5961723
5961724
5961725
5961726
5961728
5961729
5961731
5961732
5961734
5961735
5961736
5961737
5961738
5961739
5961741
5961742
5961743
5961744
5961745
5961746
5961747
5961748
5961750
5961751
5961753
5961755
5961756
5961757
5961758
5961759
5961761
5961762
5961763
5961764
5961765
5961767
5961768
5961769
5961771
5961772
5961773
5961775
5961776
5961777
5961778
5961780
5961781
5961782
5961783
5961784
5961787
5961788
5961789
5961790
5961791
5961793
5961794
5961795
5961797
5961798
5961799
5961800
5961801
5961804
5961805
5961806
5961808
5961809
5961810
5961811
5961812
5961814
5961815
5961816
5961817
5961819
5961820
5961822
5961823
5961824
5961826
5961827
5961828
5961829
5961830
5961831
5961832
5961833
5961834
5961837
5961839
5961840
5961841
5961843
5961844
5961847
5961848
5961849
5961850
5961851
5961852
5961854
5961855
5961856
5961857
5961859
5961860
5961861
5961863
5961864
5961865
5961866
5961868
5961870
5961871
5961872
5961873
5961875
5961876
5961877
5961879
5961880
5961881
5961882
5961883
5961885
5961886
5961887
5961888
5961889
5961890
5961891
5961892
5961893
5961896
5961897
5961898
5961899
5961900
5961901
5961902
5961904
5961906
5961907
5961908
5961909
5961910
5961911
5961912
5961913
5961915
5961916
5961917
5961918
5961922
5961923
5961924
5961926
5961928
5961929
5961931
5961932
5961933
5961934
5961936
5961938
5961939
5961940
5961942
5961943
5961944
5961945
5961947
5961948
5961949
5961951
5961952
5961954
5961956
5961957
5961959
5961960
5961961
5961962
5961963
5961965
5961966
5961967
5961968
5961969
5961970
5961971
5961972
5961974
5961975
5961976
5961977
5961978
5961979
5961980
5961981
5961982
5961983
5961984
5961985
5961987
5961988
5961989
5961990
5961991
5961992
5961993
5961994
5961995
5961996
5961999
5962000
5962001
5962002
5962003
5962004
5962005
5962006
5962007
5962008
5962009
5962010
5962011
5962012
5962016
5962017
5962018
5962019
5962020
5962021
5962022
5962023
5962024
5962025
5962027
5962028
5962029
5962030
5962031
5962032
5962033
5962034
5962035
5962036
5962037
5962038
5962039
5962040
5962041
5962043
5962044
5962045
5962046
5962047
5962049
5962050
5962051
5962052
5962053
5962054
5962055
5962057
5962058
5962059
5962060
5962061
5962063
5962065
5962066
5962067
5962068
5962069
5962070
5962071
5962072
5962073
5962074
5962075
5962077
5962078
5962079
5962081
5962083
5962084
5962085
5962086
5962087
5962088
5962090
5962093
5962095
5962096
5962097
5962098
5962099
5962100
5962101
5962102
5962103
5962104
5962106
5962107
5962108
5962109
5962111
5962112
5962114
5962115
5962116
5962117
5962118
5962119
5962120
5962121
5962123
5962124
5962125
5962126
5962127
5962128
5962129
5962130
5962131
5962133
5962134
5962135
5962136
5962137
5962138
5962140
5962142
5962143
5962144
5962145
5962146
5962147
5962148
5962149
5962151
5962152
5962154
5962155
5962156
5962157
5962158
5962159
5962160
5962161
5962162
5962163
5962164
5962166
5962167
5962169
5962170
5962171
5962172
5962173
5962175
5962176
5962177
5962178
5962179
5962180
5962181
5962182
5962183
5962184
5962185
5962186
5962187
5962188
5962189
5962191
5962193
5962194
5962195
5962196
5962197
5962198
5962199
5962200
5962201
5962202
5962203
5962204
5962205
5962206
5962207
5962209
5962210
5962211
5962212
5962213
5962214
5962215
5962216
5962217
5962218
5962219
5962222
5962223
5962224
5962225
5962226
5962227
5962228
5962229
5962230
5962231
5962232
5962233
5962234
5962235
5962236
5962237
5962238
5962239
5962240
5962241
5962242
5962243
5962244
5962245
5962247
5962248
5962250
5962251
5962252
5962253
5962254
5962255
5962256
5962257
5962259
5962260
5962261
5962262
5962263
5962264
5962266
5962267
5962268
5962269
5962270
5962271
5962272
5962273
5962274
5962276
5962277
5962278
5962279
5962280
5962281
5962284
5962286
5962287
5962288
5962289
5962291
5962292
5962293
5962294
5962295
5962296
5962297
5962298
5962299
5962300
5962301
5962302
5962303
5962305
5962307
5962309
5962310
5962311
5962312
5962315
5962316
5962317
5962319
5962322
5962324
5962325
5962326
5962328
5962329
5962330
5962331
5962332
5962333
5962334
5962336
5962337
5962338
5962339
5962340
5962341
5962342
5962343
5962344
5962345
5962347
5962348
5962350
5962351
5962352
5962353
5962354
5962355
5962356
5962358
5962359
5962360
5962361
5962363
5962364
5962365
5962366
5962367
5962368
5962369
5962372
5962373
5962376
5962377
5962378
5962379
5962381
5962384
5962385
5962386
5962389
5962391
5962392
5962393
5962394
5962398
5962399
5962400
5962401
5962402
5962403
5962404
5962405
5962406
5962407
5962408
5962410
5962411
5962412
5962413
5962415
5962418
5962419
5962420
5962422
5962423
5962424
5962425
5962426
5962428
5962429
5962430
5962433
5962434
5962435
5962436
5962437
5962439
5962440
5962441
5962442
5962445
5962446
5962447
5962448
5962449
5962450
5962451
5962452
5962453
5962454
5962455
5962456
5962457
5962458
5962459
5962460
5962461
5962463
5962464
5962465
5962468
5962469
5962470
5962471
5962473
5962474
5962475
5962476
5962478
5962479
5962480
5962482
5962484
5962485
5962486
5962487
5962489
5962490
5962491
5962492
5962493
5962494
5962495
5962497
5962498
5962499
5962500
5962501
5962502
5962503
5962504
5962506
5962507
5962508
5962509
5962511
5962512
5962513
5962514
5962515
5962516
5962517
5962519
5962520
5962521
5962522
5962524
5962525
5962526
5962527
5962528
5962529
5962530
5962531
5962532
5962533
5962534
5962535
5962537
5962538
5962539
5962540
5962541
5962542
5962543
5962544
5962545
5962546
5962547
5962548
5962549
5962550
5962553
5962554
5962555
5962556
5962557
5962558
5962559
5962560
5962563
5962565
5962567
5962569
5962570
5962571
5962573
5962574
5962575
5962576
5962577
5962578
5962579
5962580
5962581
5962582
5962583
5962584
5962585
5962587
5962589
5962590
5962591
5962592
5962593
5962594
5962595
5962596
5962597
5962598
5962599
5962600
5962601
5962602
5962603
5962604
5962605
5962606
5962607
5962608
5962609
5962610
5962611
5962612
5962613
5962614
5962615
5962616
5962617
5962618
5962619
5962621
5962622
5962623
5962624
5962625
5962626
5962627
5962628
5962629
5962631
5962632
5962633
5962634
5962635
5962636
5962637
5962639
5962640
5962641
5962642
5962643
5962644
5962645
5962647
5962649
5962650
5962651
5962652
5962653
5962654
5962655
5962656
5962657
5962658
5962659
5962660
5962662
5962663
5962665
5962666
5962667
5962668
5962669
5962670
5962673
5962674
5962675
5962676
5962677
5962678
5962679
5962682
5962684
5962685
5962686
5962687
5962688
5962693
5962694
5962695
5962696
5962697
5962698
5962699
5962701
5962702
5962703
5962704
5962705
5962706
5962707
5962708
5962709
5962710
5962711
5962712
5962713
5962714
5962715
5962716
5962717
5962718
5962720
5962721
5962722
5962723
5962724
5962726
5962727
5962728
5962729
5962730
5962731
5962732
5962733
5962734
5962735
5962736
5962737
5962738
5962739
5962740
5962741
5962742
5962743
5962744
5962746
5962748
5962749
5962750
5962752
5962753
5962754
5962755
5962756
5962757
5962758
5962759
5962760
5962761
5962762
5962763
5962764
5962765
5962766
5962767
5962768
5962770
5962772
5962773
5962774
5962775
5962777
5962779
5962780
5962781
5962782
5962783
5962784
5962785
5962786
5962787
5962788
5962789
5962790
5962791
5962792
5962793
5962794
5962795
5962796
5962797
5962798
5962799
5962800
5962801
5962802
5962803
5962804
5962805
5962807
5962808
5962809
5962810
5962812
5962813
5962814
5962815
5962816
5962817
5962819
5962820
5962821
5962822
5962823
5962824
5962828
5962829
5962830
5962831
5962832
5962833
5962834
5962835
5962836
5962837
5962839
5962841
5962842
5962843
5962844
5962845
5962847
5962849
5962851
5962852
5962856
5962857
5962858
5962859
5962861
5962862
5962863
5962865
5962866
5962868
5962869
5962870
5962871
5962872
5962874
5962875
5962876
5962877
5962878
5962880
5962881
5962882
5962883
5962884
5962885
5962887
5962888
5962889
5962890
5962891
5962892
5962893
5962894
5962896
5962898
5962899
5962900
5962901
5962902
5962903
5962904
5962905
5962906
5962907
5962908
5962909
5962910
5962911
5962912
5962913
5962914
5962915
5962916
5962918
5962919
5962920
5962921
5962922
5962923
5962924
5962925
5962926
5962928
5962929
5962930
5962931
5962932
5962933
5962934
5962935
5962936
5962937
5962940
5962941
5962942
5962943
5962944
5962945
5962946
5962947
5962948
5962949
5962951
5962953
5962954
5962955
5962956
5962957
5962958
5962959
5962960
5962961
5962962
5962963
5962964
5962965
5962966
5962967
5962968
5962969
5962971
5962972
5962973
5962975
5962976
5962977
5962978
5962980
5962981
5962982
5962984
5962985
5962986
5962987
5962988
5962989
5962990
5962991
5962992
5962993
5962994
5962995
5962996
5962997
5962998
5962999
5963000
5963002
5963003
5963004
5963005
5963006
5963008
5963009
5963011
5963012
5963013
5963014
5963015
5963016
5963017
5963019
5963020
5963021
5963022
5963026
5963027
5963028
5963029
5963031
5963032
5963033
5963034
5963035
5963036
5963037
5963038
5963039
5963040
5963041
5963042
5963043
5963044
5963045
5963046
5963047
5963048
5963049
5963050
5963051
5963052
5963053
5963054
5963055
5963056
5963057
5963058
5963060
5963061
5963062
5963063
5963064
5963065
5963066
5963067
5963068
5963069
5963071
5963072
5963073
5963074
5963075
5963076
5963077
5963078
5963079
5963080
5963081
5963082
5963083
5963084
5963085
5963087
5963088
5963089
5963091
5963092
5963093
5963094
5963095
5963096
5963097
5963098
5963100
5963101
5963102
5963104
5963105
5963106
5963109
5963110
5963111
5963112
5963113
5963114
5963115
5963116
5963118
5963119
5963120
5963121
5963122
5963123
5963125
5963126
5963127
5963128
5963129
5963130
5963131
5963132
5963133
5963134
5963135
5963136
5963137
5963138
5963139
5963140
5963141
5963142
5963143
5963145
5963146
5963147
5963149
5963150
5963151
5963152
5963153
5963154
5963155
5963157
5963158
5963159
5963161
5963163
5963164
5963165
5963167
5963168
5963169
5963170
5963171
5963172
5963175
5963176
5963178
5963179
5963180
5963181
5963182
5963183
5963184
5963185
5963186
5963187
5963188
5963190
5963191
5963192
5963193
5963194
5963195
5963196
5963197
5963198
5963199
5963200
5963201
5963202
5963204
5963206
5963207
5963208
5963209
5963210
5963211
5963212
5963213
5963214
5963215
5963216
5963217
5963218
5963219
5963220
5963221
5963222
5963223
5963224
5963226
5963227
5963228
5963229
5963230
5963231
5963232
5963234
5963235
5963237
5963238
5963239
5963240
5963241
5963242
5963243
5963244
5963245
5963246
5963247
5963248
5963249
5963250
5963251
5963252
5963253
5963254
5963255
5963257
5963258
5963259
5963260
5963261
5963262
5963263
5963264
5963265
5963266
5963267
5963268
5963269
5963270
5963271
5963272
5963273
5963275
5963276
5963277
5963278
5963279
5963280
5963281
5963282
5963283
5963284
5963286
5963287
5963288
5963289
5963290
5963291
5963293
5963294
5963295
5963296
5963297
5963298
5963299
5963300
5963301
5963302
5963304
5963305
5963306
5963307
5963308
5963309
5963310
5963312
5963313
5963314
5963315
5963316
5963319
5963320
5963321
5963322
5963324
5963325
5963326
5963327
5963329
5963330
5963331
5963332
5963334
5963335
5963336
5963337
5963338
5963339
5963340
5963341
5963342
5963343
5963344
5963345
5963346
5963347
5963348
5963349
5963350
5963351
5963352
5963353
5963354
5963355
5963356
5963357
5963358
5963360
5963361
5963362
5963363
5963364
5963365
5963366
5963367
5963368
5963369
5963370
5963371
5963372
5963373
5963375
5963376
5963377
5963378
5963379
5963380
5963382
5963383