6064786
6064787
6064791
6064792
6064794
6064797
6064806
6064834
6064836
6064841
6064859
6064900
6064942
6064951
6064970
6064971
6060615
6060616
6060617
6060618
6060619
6060620
6060621
6060622
6060623
6060624
6060629
6060626
6060625
6060631
6060632
6060633
6060634
6060635
6060637
6060639
6060642
6060643
6060646
6060649
6060650
6060652
6060651
6060654
6060655
6060656
6060659
6060660
6060661
6060662
6060657
6060658
6060664
6060663
6060665
6060668
6060670
6060669
6060674
6060671
6060672
6060673
6060675
6060676
6060677
6060678
6060680
6060681
6060682
6060683
6060684
6060685
6060686
6060689
6060692
6060693
6060694
6060699
6060695
6060702
6060701
6060698
6060700
6060703
6060704
6060705
6060707
6060708
6060710
6060709
6060712
6060713
6060717
6060714
6060715
6060716
6060719
6060720
6060721
6060726
6060727
6060729
6060722
6060723
6060733
6060725
6060728
6060736
6060730
6060731
6060732
6060735
6060741
6060737
6060744
6060739
6060747
6060742
6060743
6060750
6060745
6060748
6060749
6060751
6060757
6060756
6060759
6060760
6060761
6060762
6060763
6060764
6060765
6060766
6060767
6060768
6060769
6060770
6060771
6060772
6060773
6060774
6060775
6060776
6060780
6060778
6060777
6060779
6060781
6060782
6060788
6060783
6060790
6060784
6060786
6060787
6060789
6060792
6060793
6060794
6060795
6060796
6060797
6060798
6060800
6060802
6060803
6060804
6060805
6060814
6060806
6060807
6060808
6060818
6060810
6060816
6060817
6060819
6060821
6060822
6060826
6060823
6060828
6060832
6060829
6060830
6060831
6060835
6060837
6060839
6060840
6060841
6060844
6060842
6060843
6060846
6060847
6060848
6060849
6060850
6060851
6060852
6060853
6060854
6060855
6060856
6060857
6060858
6060859
6060861
6060862
6060863
6060864
6060873
6060865
6060866
6060867
6060868
6060870
6060872
6060874
6060875
6060876
6060877
6060879
6060880
6060881
6060882
6060889
6060883
6060884
6060886
6060894
6060895
6060887
6060891
6060892
6060897
6060901
6060898
6060904
6060899
6060900
6060903
6060905
6060906
6060907
6060908
6060909
6060910
6060911
6060912
6060914
6060915
6060918
6060920
6060921
6060927
6060922
6060923
6060924
6060925
6060926
6060928
6060929
6060930
6060932
6060939
6060933
6060937
6060940
6060941
6060944
6060946
6060947
6060948
6060950
6060952
6060953
6060954
6060956
6060955
6060957
6060958
6060959
6060960
6060961
6060962
6060963
6060965
6060966
6060967
6060968
6060969
6060970
6060971
6060973
6060974
6060978
6060979
6060975
6060976
6060977
6060980
6060981
6060982
6060983
6060984
6060985
6060990
6060991
6060992
6060993
6060997
6060994
6060995
6060996
6060998
6061000
6061003
6061004
6061009
6061005
6061006
6061007
6061008
6061010
6061011
6061017
6061014
6061015
6061016
6061018
6061019
6061026
6061020
6061021
6061024
6061025
6061027
6061035
6061028
6061030
6061032
6061033
6061034
6061037
6061045
6061038
6061039
6061040
6061042
6061044
6061052
6061046
6061055
6061047
6061048
6061049
6061050
6061053
6061054
6061062
6061056
6061057
6061065
6061058
6061059
6061060
6061061
6061063
6061064
6061067
6061068
6061069
6061070
6061071
6061072
6061073
6061074
6061075
6061077
6061078
6061079
6061080
6061081
6061082
6061084
6061083
6061085
6061086
6061087
6061088
6061089
6061090
6061091
6061097
6061092
6061093
6061095
6061094
6061096
6061098
6061105
6061099
6061100
6061101
6061103
6061104
6061106
6061108
6061114
6061109
6061111
6061112
6061113
6061116
6061118
6061117
6061120
6061123
6061122
6061124
6061125
6061126
6061128
6061129
6061132
6061134
6061131
6061133
6061135
6061137
6061138
6061139
6061141
6061140
6061142
6061143
6061146
6061147
6061148
6061145
6061150
6061151
6061152
6061154
6061153
6061156
6061158
6061159
6061160
6061161
6061162
6061163
6061164
6061166
6061165
6061168
6061169
6061170
6061172
6061173
6061175
6061174
6061176
6061177
6061179
6061180
6061181
6061182
6061184
6061186
6061187
6061185
6061188
6061189
6061190
6061191
6061192
6061193
6061194
6061195
6061196
6061197
6061199
6061200
6061201
6061202
6061203
6061204
6061206
6061205
6061207
6061210
6061211
6061212
6061213
6061214
6061216
6061218
6061220
6061219
6061221
6061222
6061224
6061223
6061225
6061226
6061227
6061228
6061229
6061230
6061233
6061234
6061235
6061237
6061238
6061239
6061248
6061250
6061251
6061253
6061255
6061256
6061257
6061258
6061259
6061260
6061261
6061262
6061263
6061264
6061265
6061267
6061276
6061268
6061278
6061271
6061272
6061273
6061274
6061277
6061279
6061280
6061287
6061281
6061282
6061283
6061285
6061286
6061288
6061294
6061295
6061289
6061290
6061300
6061301
6061293
6061296
6061297
6061305
6061299
6061302
6061303
6061309
6061306
6061311
6061307
6061308
6061310
6061313
6061314
6061315
6061316
6061317
6061319
6061321
6061320
6061325
6061322
6061323
6061324
6061330
6061331
6061326
6061333
6061334
6061327
6061337
6061329
6061339
6061340
6061332
6061342
6061343
6061344
6061345
6061338
6061341
6061346
6061348
6061350
6061352
6061353
6061354
6061355
6061351
6061358
6061356
6061360
6061361
6061362
6061363
6061364
6061365
6061366
6061367
6061368
6061369
6061372
6061370
6061374
6061371
6061375
6061376
6061377
6061378
6061381
6061379
6061380
6061383
6061385
6061382
6061384
6061386
6061390
6061387
6061388
6061389
6061391
6061393
6061394
6061395
6061398
6061396
6061400
6061401
6061402
6061397
6061405
6061406
6061399
6061403
6061404
6061407
6061409
6061410
6061412
6061415
6061413
6061414
6061416
6061417
6061418
6061421
6061419
6061423
6061424
6061425
6061420
6061422
6061428
6061426
6061430
6061431
6061432
6061434
6061427
6061433
6061435
6061438
6061436
6061437
6061439
6061443
6061444
6061440
6061441
6061447
6061448
6061442
6061450
6061452
6061445
6061446
6061449
6061456
6061451
6061453
6061459
6061454
6061455
6061462
6061457
6061458
6061466
6061467
6061468
6061469
6061461
6061463
6061465
6061470
6061475
6061472
6061473
6061474
6061479
6061476
6061482
6061478
6061480
6061481
6061483
6061484
6061486
6061489
6061490
6061487
6061488
6061494
6061491
6061492
6061493
6061495
6061496
6061498
6061501
6061499
6061500
6061502
6061503
6061504
6061505
6061506
6061507
6061508
6061509
6061513
6061510
6061515
6061511
6061512
6061514
6061516
6061518
6061519
6061520
6061521
6061522
6061523
6061524
6061525
6061526
6061527
6061528
6061529
6061530
6061531
6061532
6061533
6061534
6061535
6061536
6061537
6061538
6061539
6061541
6061542
6061543
6061544
6061546
6061551
6061547
6061548
6061549
6061550
6061552
6061553
6061554
6061556
6061557
6061558
6061559
6061560
6061562
6061563
6061564
6061565
6061566
6061567
6061568
6061569
6061571
6061572
6061573
6061574
6061575
6061577
6061578
6061579
6061580
6061584
6061581
6061582
6061583
6061585
6061586
6061587
6061588
6061589
6061590
6061591
6061592
6061594
6061595
6061597
6061598
6061601
6061599
6061604
6061600
6061603
6061605
6061606
6061608
6061610
6061611
6061612
6061613
6061614
6061615
6061617
6061618
6061619
6061621
6061623
6061624
6061625
6061626
6061629
6061630
6061632
6061633
6061635
6061636
6061634
6061639
6061637
6061641
6061638
6061640
6061642
6061645
6061643
6061644
6061646
6061647
6061649
6061651
6061650
6061654
6061653
6061656
6061655
6061658
6061660
6061661
6061662
6061663
6061664
6061665
6061666
6061667
6061668
6061669
6061671
6061670
6061672
6061674
6061675
6061676
6061677
6061678
6061679
6061680
6061681
6061682
6061683
6061684
6061685
6061686
6061688
6061690
6061691
6061692
6061693
6061694
6061695
6061697
6061696
6061698
6061699
6061700
6061702
6061703
6061705
6061706
6061704
6061707
6061708
6061710
6061711
6061712
6061713
6061714
6061715
6061716
6061717
6061718
6061719
6061720
6061721
6061722
6061724
6061723
6061725
6061726
6061727
6061728
6061729
6061730
6061731
6061732
6061735
6061733
6061734
6061736
6061737
6061738
6061739
6061740
6061741
6061742
6061744
6061745
6061748
6061749
6061750
6061751
6061752
6061753
6061754
6061755
6061756
6061757
6061758
6061759
6061760
6061763
6061761
6061764
6061765
6061766
6061767
6061768
6061769
6061771
6061772
6061773
6061774
6061775
6061776
6061777
6061778
6061779
6061780
6061781
6061782
6061783
6061784
6061785
6061786
6061787
6061789
6061790
6061791
6061792
6061793
6061794
6061795
6061796
6061800
6061798
6061799
6061801
6061803
6061804
6061805
6061806
6061807
6061808
6061809
6061812
6061810
6061811
6061813
6061815
6061816
6061820
6061817
6061818
6061822
6061824
6061825
6061826
6061827
6061829
6061830
6061831
6061832
6061835
6061836
6061837
6061839
6061840
6061841
6061842
6061843
6061845
6061846
6061847
6061848
6061850
6061849
6061851
6061852
6061853
6061854
6061855
6061856
6061858
6061859
6061860
6061861
6061862
6061863
6061864
6061866
6061867
6061868
6061870
6061869
6061871
6061873
6061872
6061876
6061874
6061878
6061875
6061879
6061880
6061882
6061884
6061885
6061886
6061888
6061889
6061890
6061891
6061894
6061895
6061896
6061897
6061898
6061899
6061901
6061900
6061902
6061903
6061904
6061906
6061907
6061908
6061909
6061910
6061911
6061912
6061913
6061914
6061915
6061917
6061916
6061919
6061920
6061918
6061921
6061923
6061922
6061924
6061925
6061926
6061927
6061928
6061929
6061930
6061931
6061932
6061933
6061934
6061935
6061936
6061939
6061937
6061941
6061938
6061943
6061940
6061942
6061946
6061949
6061950
6061951
6061952
6061953
6061954
6061955
6061957
6061958
6061959
6061960
6061961
6061963
6061965
6061964
6061966
6061967
6061968
6061969
6061972
6061973
6061970
6061974
6061977
6061975
6061976
6061978
6061979
6061981
6061982
6061983
6061984
6061990
6061985
6061986
6061993
6061987
6061996
6061988
6061998
6061991
6061992
6061994
6061995
6061997
6061999
6062000
6062001
6062002
6062008
6062003
6062004
6062011
6062013
6062014
6062015
6062016
6062017
6062018
6062019
6062020
6062021
6062022
6062023
6062024
6062025
6062026
6062027
6062029
6062030
6062028
6062031
6062032
6062033
6062034
6062037
6062035
6062036
6062038
6062039
6062040
6062042
6062043
6062044
6062045
6062046
6062047
6062048
6062050
6062051
6062052
6062053
6062054
6062055
6062056
6062057
6062058
6062059
6062060
6062061
6062062
6062067
6062068
6062070
6062072
6062073
6062074
6062077
6062078
6062079
6062080
6062081
6062083
6062084
6062085
6062086
6062087
6062088
6062089
6062090
6062091
6062092
6062093
6062094
6062095
6062096
6062099
6062098
6062102
6062100
6062101
6062103
6062104
6062105
6062106
6062108
6062107
6062109
6062110
6062111
6062112
6062113
6062114
6062117
6062115
6062116
6062118
6062119
6062121
6062124
6062125
6062126
6062127
6062128
6062129
6062131
6062132
6062134
6062136
6062137
6062139
6062140
6062141
6062142
6062143
6062144
6062145
6062148
6062146
6062147
6062151
6062153
6062154
6062156
6062157
6062158
6062159
6062162
6062163
6062164
6062165
6062166
6062167
6062170
6062171
6062172
6062173
6062174
6062175
6062176
6062177
6062178
6062180
6062181
6062184
6062182
6062183
6062185
6062188
6062189
6062190
6062191
6062193
6062195
6062196
6062203
6062204
6062205
6062206
6062207
6062208
6062209
6062210
6062212
6062211
6062213
6062214
6062215
6062216
6062217
6062219
6062220
6062221
6062222
6062223
6062224
6062225
6062226
6062227
6062228
6062229
6062231
6062232
6062233
6062234
6062235
6062236
6062237
6062239
6062240
6062241
6062242
6062243
6062244
6062245
6062246
6062247
6062249
6062251
6062250
6062253
6062254
6062255
6062256
6062257
6062258
6062259
6062260
6062261
6062262
6062263
6062264
6062265
6062266
6062267
6062268
6062269
6062270
6062272
6062271
6062273
6062274
6062276
6062277
6062275
6062278
6062280
6062281
6062282
6062283
6062284
6062285
6062286
6062288
6062289
6062290
6062291
6062293
6062294
6062295
6062297
6062298
6062299
6062300
6062301
6062302
6062303
6062304
6062305
6062306
6062307
6062308
6062309
6062311
6062312
6062314
6062315
6062316
6062318
6062319
6062320
6062321
6062322
6062323
6062324
6062325
6062326
6062327
6062330
6062331
6062332
6062333
6062334
6062335
6062336
6062337
6062338
6062340
6062341
6062342
6062343
6062347
6062348
6062349
6062350
6062352
6062351
6062354
6062355
6062356
6062357
6062360
6062361
6062362
6062363
6062364
6062365
6062366
6062368
6062369
6062371
6062372
6062373
6062374
6062378
6062381
6062382
6062383
6062385
6062387
6062388
6062389
6062390
6062391
6062394
6062395
6062396
6062397
6062398
6062399
6062400
6062402
6062403
6062404
6062405
6062406
6062407
6062409
6062411
6062413
6062414
6062410
6062416
6062417
6062419
6062420
6062421
6062422
6062423
6062424
6062425
6062426
6062427
6062428
6062429
6062430
6062431
6062433
6062434
6062435
6062438
6062439
6062440
6062441
6062443
6062446
6062447
6062448
6062449
6062450
6062451
6062452
6062454
6062455
6062456
6062457
6062458
6062459
6062460
6062463
6062462
6062464
6062465
6062467
6062466
6062469
6062468
6062471
6062472
6062473
6062474
6062475
6062477
6062479
6062480
6062481
6062483
6062484
6062485
6062486
6062487
6062488
6062490
6062489
6062493
6062491
6062494
6062495
6062496
6062497
6062498
6062499
6062500
6062501
6062502
6062503
6062505
6062506
6062508
6062509
6062510
6062511
6062514
6062515
6062516
6062517
6062518
6062521
6062524
6062525
6062526
6062529
6062531
6062532
6062533
6062534
6062535
6062536
6062538
6062539
6062541
6062542
6062544
6062546
6062548
6062547
6062549
6062550
6062551
6062552
6062553
6062555
6062556
6062557
6062558
6062560
6062561
6062562
6062563
6062564
6062565
6062566
6062567
6062568
6062569
6062570
6062571
6062572
6062573
6062574
6062575
6062576
6062577
6062578
6062580
6062581
6062583
6062584
6062585
6062586
6062587
6062589
6062590
6062592
6062593
6062594
6062595
6062598
6062599
6062601
6062602
6062604
6062606
6062607
6062609
6062610
6062611
6062612
6062614
6062613
6062616
6062618
6062619
6062621
6062622
6062623
6062624
6062625
6062627
6062628
6062629
6062630
6062631
6062632
6062633
6062635
6062636
6062638
6062639
6062640
6062642
6062643
6062644
6062646
6062647
6062650
6062652
6062653
6062654
6062655
6062656
6062657
6062658
6062660
6062661
6062662
6062663
6062664
6062666
6062665
6062668
6062669
6062674
6062675
6062673
6062677
6062684
6062686
6062687
6062689
6062690
6062692
6062694
6062695
6062696
6062697
6062698
6062701
6062702
6062704
6062705
6062706
6062707
6062709
6062711
6062713
6062714
6062716
6062717
6062718
6062720
6062721
6062722
6062723
6062724
6062725
6062726
6062727
6062729
6062732
6062733
6062734
6062735
6062736
6062737
6062738
6062739
6062740
6062741
6062743
6062745
6062746
6062750
6062751
6062752
6062753
6062754
6062757
6062758
6062759
6062760
6062763
6062764
6062765
6062767
6062766
6062769
6062771
6062768
6062773
6062770
6062775
6062776
6062777
6062779
6062780
6062781
6062783
6062782
6062786
6062787
6062784
6062785
6062788
6062791
6062792
6062794
6062795
6062796
6062797
6062798
6062799
6062800
6062801
6062802
6062803
6062804
6062805
6062806
6062807
6062809
6062808
6062810
6062812
6062813
6062814
6062815
6062818
6062820
6062821
6062823
6062824
6062825
6062827
6062828
6062829
6062830
6062831
6062832
6062834
6062835
6062836
6062837
6062838
6062841
6062842
6062843
6062844
6062845
6062847
6062846
6062848
6062849
6062850
6062852
6062853
6062854
6062857
6062856
6062855
6062861
6062859
6062858
6062860
6062862
6062864
6062866
6062865
6062867
6062868
6062869
6062872
6062870
6062871
6062873
6062874
6062875
6062876
6062877
6062878
6062881
6062883
6062884
6062885
6062886
6062887
6062888
6062891
6062892
6062893
6062894
6062896
6062897
6062898
6062899
6062900
6062902
6062903
6062901
6062906
6062907
6062908
6062909
6062911
6062913
6062916
6062917
6062918
6062919
6062920
6062922
6062921
6062923
6062924
6062925
6062926
6062927
6062928
6062929
6062932
6062931
6062933
6062934
6062935
6062937
6062938
6062939
6062940
6062941
6062944
6062945
6062947
6062948
6062949
6062950
6062951
6062952
6062953
6062954
6062956
6062957
6062959
6062958
6062961
6062964
6062965
6062967
6062966
6062968
6062970
6062971
6062972
6062973
6062974
6062975
6062977
6062979
6062980
6062981
6062983
6062984
6062985
6062986
6062987
6062988
6062989
6062990
6062992
6062993
6062996
6062997
6062998
6062999
6063000
6063001
6063004
6063006
6063005
6063007
6063008
6063009
6063011
6063012
6063013
6063015
6063016
6063018
6063019
6063020
6063022
6063023
6063024
6063026
6063027
6063028
6063029
6063030
6063032
6063033
6063034
6063035
6063037
6063038
6063039
6063040
6063041
6063042
6063043
6063045
6063047
6063048
6063049
6063050
6063051
6063052
6063054
6063055
6063056
6063058
6063057
6063059
6063062
6063060
6063061
6063063
6063064
6063066
6063065
6063067
6063068
6063069
6063070
6063071
6063072
6063074
6063075
6063076
6063078
6063080
6063081
6063082
6063083
6063086
6063088
6063089
6063090
6063092
6063093
6063095
6063096
6063098
6063099
6063100
6063101
6063102
6063103
6063105
6063106
6063107
6063108
6063109
6063110
6063111
6063112
6063113
6063114
6063115
6063116
6063117
6063118
6063120
6063119
6063121
6063122
6063123
6063124
6063125
6063126
6063129
6063127
6063128
6063130
6063131
6063135
6063132
6063134
6063136
6063137
6063140
6063138
6063139
6063141
6063142
6063143
6063144
6063145
6063146
6063147
6063148
6063149
6063155
6063150
6063151
6063152
6063153
6063154
6063157
6063159
6063161
6063162
6063163
6063164
6063165
6063166
6063173
6063167
6063168
6063169
6063170
6063171
6063172
6063181
6063175
6063176
6063177
6063178
6063179
6063180
6063182
6063189
6063190
6063183
6063184
6063185
6063186
6063188
6063191
6063193
6063194
6063196
6063197
6063203
6063198
6063199
6063200
6063207
6063201
6063202
6063204
6063205
6063206
6063210
6063209
6063211
6063212
6063213
6063214
6063215
6063216
6063217
6063218
6063219
6063225
6063220
6063221
6063222
6063223
6063231
6063232
6063224
6063226
6063235
6063229
6063230
6063233
6063237
6063238
6063239
6063240
6063241
6063242
6063243
6063245
6063246
6063247
6063248
6063249
6063250
6063251
6063255
6063252
6063253
6063254
6063259
6063257
6063258
6063260
6063261
6063262
6063263
6063264
6063268
6063265
6063270
6063266
6063272
6063267
6063271
6063274
6063275
6063276
6063277
6063280
6063281
6063282
6063283
6063286
6063287
6063288
6063289
6063290
6063291
6063292
6063293
6063294
6063295
6063296
6063297
6063298
6063299
6063300
6063301
6063302
6063303
6063304
6063305
6063306
6063307
6063308
6063309
6063310
6063313
6063314
6063316
6063317
6063318
6063320
6063321
6063322
6063324
6063325
6063326
6063327
6063329
6063330
6063331
6063332
6063334
6063333
6063335
6063338
6063340
6063341
6063342
6063343
6063344
6063345
6063346
6063347
6063350
6063351
6063352
6063353
6063355
6063354
6063357
6063356
6063360
6063361
6063362
6063363
6063364
6063365
6063366
6063367
6063368
6063369
6063370
6063371
6063372
6063373
6063374
6063375
6063376
6063378
6063379
6063381
6063382
6063383
6063384
6063385
6063387
6063388
6063389
6063391
6063390
6063392
6063393
6063394
6063397
6063395
6063399
6063398
6063404
6063405
6063406
6063408
6063409
6063411
6063412
6063414
6063415
6063416
6063418
6063419
6063420
6063421
6063422
6063423
6063426
6063427
6063430
6063432
6063433
6063434
6063435
6063436
6063437
6063438
6063440
6063441
6063442
6063443
6063444
6063445
6063446
6063447
6063448
6063449
6063451
6063452
6063453
6063454
6063455
6063456
6063457
6063458
6063459
6063460
6063461
6063462
6063464
6063466
6063467
6063468
6063469
6063470
6063471
6063472
6063473
6063474
6063475
6063476
6063477
6063479
6063480
6063481
6063482
6063483
6063484
6063485
6063487
6063488
6063489
6063490
6063491
6063492
6063493
6063494
6063495
6063496
6063498
6063499
6063500
6063501
6063502
6063503
6063504
6063505
6063506
6063507
6063508
6063509
6063511
6063512
6063513
6063514
6063516
6063518
6063519
6063520
6063521
6063522
6063523
6063524
6063527
6063529
6063532
6063533
6063534
6063535
6063537
6063538
6063539
6063540
6063541
6063542
6063543
6063544
6063545
6063547
6063548
6063549
6063550
6063553
6063554
6063555
6063556
6063557
6063558
6063559
6063560
6063561
6063562
6063563
6063564
6063565
6063566
6063569
6063570
6063573
6063575
6063577
6063578
6063579
6063580
6063581
6063582
6063583
6063585
6063586
6063587
6063588
6063590
6063591
6063592
6063593
6063594
6063595
6063596
6063597
6063598
6063599
6063601
6063602
6063603
6063605
6063606
6063607
6063608
6063609
6063610
6063611
6063612
6063613
6063614
6063615
6063616
6063618
6063619
6063621
6063623
6063624
6063625
6063626
6063627
6063628
6063629
6063630
6063631
6063632
6063634
6063635
6063636
6063637
6063638
6063639
6063640
6063641
6063642
6063643
6063644
6063646
6063647
6063648
6063649
6063650
6063651
6063652
6063653
6063654
6063655
6063657
6063660
6063661
6063662
6063663
6063664
6063665
6063668
6063671
6063672
6063673
6063674
6063677
6063678
6063679
6063680
6063681
6063682
6063683
6063684
6063685
6063686
6063687
6063688
6063689
6063690
6063691
6063692
6063693
6063697
6063698
6063699
6063700
6063702
6063704
6063705
6063706
6063707
6063708
6063709
6063712
6063713
6063714
6063715
6063716
6063717
6063718
6063719
6063720
6063721
6063723
6063724
6063725
6063726
6063727
6063728
6063729
6063730
6063731
6063732
6063733
6063734
6063735
6063736
6063737
6063738
6063739
6063740
6063742
6063743
6063744
6063746
6063749
6063750
6063753
6063754
6063755
6063756
6063758
6063760
6063761
6063762
6063764
6063765
6063766
6063767
6063768
6063769
6063770
6063771
6063773
6063774
6063777
6063779
6063781
6063782
6063783
6063784
6063785
6063786
6063788
6063789
6063791
6063792
6063793
6063794
6063795
6063796
6063797
6063798
6063799
6063800
6063801
6063803
6063805
6063806
6063807
6063808
6063809
6063810
6063811
6063812
6063813
6063814
6063816
6063817
6063818
6063819
6063820
6063821
6063822
6063823
6063824
6063825
6063826
6063827
6063828
6063829
6063830
6063831
6063832
6063833
6063834
6063835
6063838
6063839
6063840
6063841
6063842
6063843
6063844
6063846
6063847
6063848
6063849
6063850
6063851
6063852
6063853
6063856
6063857
6063858
6063859
6063860
6063862
6063863
6063864
6063866
6063869
6063870
6063871
6063873
6063874
6063875
6063876
6063877
6063878
6063879
6063881
6063882
6063883
6063884
6063885
6063886
6063887
6063888
6063889
6063890
6063891
6063893
6063894
6063895
6063897
6063898
6063899
6063901
6063902
6063903
6063904
6063906
6063907
6063909
6063911
6063912
6063913
6063915
6063916
6063917
6063918
6063919
6063920
6063921
6063922
6063924
6063926
6063927
6063928
6063929
6063931
6063932
6063933
6063934
6063936
6063937
6063938
6063939
6063940
6063941
6063942
6063943
6063944
6063945
6063946
6063947
6063949
6063951
6063953
6063954
6063955
6063956
6063958
6063959
6063960
6063963
6063965
6063966
6063967
6063968
6063969
6063970
6063971
6063973
6063976
6063979
6063980
6063981
6063982
6063983
6063984
6063985
6063987
6063988
6063989
6063992
6063993
6063995
6063996
6063998
6063999
6064000
6064001
6064002
6064004
6064005
6064006
6064008
6064009
6064010
6064014
6064015
6064016
6064017
6064018
6064019
6064022
6064023
6064024
6064026
6064029
6064034
6064035
6064036
6064037
6064038
6064039
6064041
6064042
6064044
6064046
6064047
6064048
6064049
6064050
6064052
6064053
6064054
6064055
6064056
6064057
6064058
6064059
6064060
6064061
6064063
6064064
6064065
6064066
6064067
6064068
6064069
6064073
6064074
6064075
6064076
6064078
6064079
6064081
6064082
6064083
6064084
6064085
6064086
6064087
6064088
6064091
6064092
6064093
6064094
6064095
6064096
6064097
6064098
6064099
6064101
6064102
6064103
6064104
6064105
6064106
6064109
6064110
6064111
6064113
6064114
6064115
6064116
6064117
6064118
6064119
6064120
6064121
6064122
6064124
6064125
6064128
6064129
6064130
6064131
6064132
6064134
6064136
6064137
6064138
6064139
6064140
6064141
6064142
6064143
6064144
6064146
6064148
6064149
6064150
6064151
6064152
6064153
6064154
6064155
6064156
6064157
6064159
6064160
6064161
6064162
6064163
6064164
6064166
6064169
6064170
6064172
6064173
6064174
6064175
6064176
6064177
6064180
6064181
6064182
6064183
6064184
6064185
6064187
6064188
6064190
6064191
6064192
6064194
6064195
6064196
6064197
6064198
6064199
6064200
6064201
6064203
6064204
6064205
6064206
6064207
6064208
6064209
6064211
6064212
6064214
6064216
6064217
6064218
6064219
6064220
6064221
6064222
6064223
6064224
6064225
6064226
6064227
6064228
6064229
6064230
6064231
6064232
6064233
6064234
6064235
6064236
6064237
6064238
6064239
6064240
6064241
6064243
6064244
6064245
6064246
6064248
6064249
6064250
6064251
6064252
6064254
6064255
6064256
6064257
6064258
6064259
6064260
6064261
6064262
6064264
6064266
6064267
6064268
6064269
6064272
6064273
6064275
6064276
6064278
6064279
6064280
6064281
6064282
6064285
6064286
6064287
6064288
6064290
6064291
6064294
6064295
6064296
6064297
6064298
6064299
6064300
6064301
6064302
6064303
6064304
6064305
6064307
6064308
6064310
6064311
6064312
6064313
6064314
6064315
6064317
6064318
6064319
6064322
6064324
6064325
6064326
6064327
6064328
6064329
6064330
6064331
6064332
6064335
6064336
6064337
6064338
6064339
6064340
6064341
6064342
6064343
6064344
6064345
6064346
6064347
6064348
6064349
6064350
6064351
6064352
6064353
6064354
6064355
6064356
6064357
6064358
6064359
6064360
6064361
6064363
6064364
6064365
6064366
6064367
6064368
6064369
6064370
6064371
6064372
6064374
6064380
6064382
6064383
6064386
6064387
6064388
6064389
6064390
6064391
6064392
6064394
6064397
6064398
6064399
6064400
6064401
6064402
6064403
6064405
6064406
6064408
6064409
6064410
6064411
6064412
6064413
6064414
6064415
6064417
6064418
6064419
6064420
6064421
6064423
6064424
6064425
6064426
6064427
6064428
6064429
6064430
6064431
6064432
6064433
6064434
6064435
6064436
6064437
6064438
6064439
6064440
6064442
6064444
6064445
6064446
6064447
6064449
6064450
6064451
6064453
6064456
6064457
6064459
6064460
6064461
6064462
6064463
6064464
6064465
6064467
6064468
6064469
6064470
6064471
6064472
6064474
6064475
6064476
6064477
6064478
6064479
6064480
6064481
6064483
6064484
6064485
6064486
6064488
6064489
6064490
6064491
6064493
6064496
6064497
6064498
6064499
6064501
6064503
6064504
6064505
6064506
6064507
6064508
6064509
6064510
6064511
6064512
6064513
6064515
6064516
6064517
6064518
6064519
6064521
6064523
6064525
6064526
6064527
6064528
6064529
6064530
6064531
6064532
6064533
6064534
6064535
6064536
6064537
6064538
6064539
6064540
6064541
6064542
6064543
6064544
6064545
6064546
6064547
6064548
6064550
6064551
6064552
6064554
6064555
6064556
6064557
6064558
6064559
6064560
6064561
6064562
6064563
6064564
6064565
6064566
6064568
6064569
6064570
6064571
6064573
6064574
6064575
6064576
6064578
6064579
6064580
6064581
6064582
6064583
6064584
6064585
6064586
6064587
6064588
6064589
6064591
6064592
6064593
6064594
6064596
6064597
6064598
6064599
6064600
6064601
6064602
6064603
6064604
6064605
6064606
6064607
6064608
6064610
6064612
6064613
6064614
6064615
6064616
6064617
6064618
6064619
6064622
6064623
6064625
6064626
6064627
6064628
6064629
6064630
6064631
6064632
6064633
6064635
6064636
6064637
6064640
6064641
6064642
6064643
6064644
6064645
6064646
6064648
6064649
6064650
6064651
6064652
6064653
6064654
6064655
6064656
6064657
6064659
6064661
6064662
6064664
6064666
6064667
6064668
6064670
6064671
6064672
6064673
6064674
6064675
6064676
6064677
6064679
6064680
6064681
6064682
6064683
6064685
6064686
6064687
6064688
6064690
6064692
6064693
6064694
6064695
6064696
6064697
6064700
6064701
6064702
6064703
6064704
6064705
6064706
6064707
6064708
6064709
6064710
6064711
6064713
6064714
6064715
6064716
6064717
6064718
6064720
6064722
6064723
6064724
6064725
6064726
6064727
6064729
6064730
6064731
6064732
6064733
6064734
6064735
6064739
6064740
6064741
6064742
6064743
6064744
6064745
6064746
6064747
6064748
6064749
6064750
6064751
6064752
6064753
6064755
6064757
6064762
6064758
6064759
6064761
6064764
6064765
6064773
6064778
6064789
6064782
6064785
6064800
6064801
6064805
6064815
6064807
6064808
6064809
6064810
6064812
6064813
6064816
6064817
6064818
6064819
6064820
6064822
6064823
6064824
6064826
6064827
6064828
6064829
6064830
6064831
6064832
6064833
6064845
6064843
6064844
6064854
6064856
6064851
6064852
6064853
6064855
6064857
6064868
6064860
6064862
6064863
6064864
6064865
6064866
6064867
6064869
6064881
6064882
6064874
6064875
6064876
6064878
6064879
6064884
6064883
6064885
6064886
6064887
6064897
6064890
6064891
6064892
6064894
6064895
6064899
6064903
6064904
6064907
6064908
6064919
6064912
6064918
6064922
6064933
6064930
6064931
6064934
6064935
6064936
6064938
6064956
6064957
6064958
6064959
6064964
6064975
6064976
6064981
6064977
6064985
6064978
6064988
6064982
6064983
6064984
6064986
6064987
6064989
6064990
6064991
6065000
6064992
6064993
6064995
6064997
6064998
6065001
6065002
6065009
6065004
6065011
6065005
6065013
6065006
6065007
6065008
6065012
6065014
6065016
6065017
6065018
6065020
6065021
6065022
6065023
6065026
6065025
6065027
6065028
6065029
6065031
6065032
6065033
6065034
6065036
6065035
6065038
6065039
6065040
6065041
6065042
6065043
6065047
6065048
6065049
6065050
6065052
6065053
6065058
6065060
6065061
6065062
6065063
6065064
6065065
6065066
6065070
6065067
6065068
6065069
6065071
6065072
6065073
6065074
6065075
6065076
6065080
6065081
6065077
6065078
6065079
6065082
6065083
6065084
6065088
6065085
6065090
6065086
6065089
6065093
6065094
6065095
6065096
6065097
6065098
6065099
6065100
6065101
6065102
6065105
6065103
6065104
6065106
6065107
6065108
6065116
6065109
6065110
6065112
6065118
6065133
6065126
6065127
6065129
6065130
6065131
6065132
6065134
6065135
6065136
6065137
6065138
6065140
6065141
6065142
6065143
6065145
6065147
6065148
6065149
6065150
6065151
6065152
6065153
6065154
6065156
6065157
6065159
6065160
6065161
6065162
6065167
6065164
6065169
6065170
6065171
6065172
6065173
6065175
6065176
6065177
6065178
6065181
6065184
6065185
6065187
6065188
6065189
6065190
6065191
6065192
6065193
6065194
6065196
6065197
6065198
6065199
6065201
6065202
6065203
6065204
6065206
6065207
6065208
6065209
6065210
6065212
6065213
6065214
6065216
6065217
6065218
6065219
6065220
6065221
6065222
6065224
6065225
6065226
6065227
6065228
6065229
6065230
6065231
6065232
6065233
6065234
6065235
6065236
6065238
6065239
6065240
6065241
6065242
6065243
6065245
6065246
6065247
6065248
6065249
6065250
6065251
6065252
6065255
6065253
6065254
6065256
6065257
6065258
6065259
6065260
6065261
6065262
6065264
6065265
6065267
6065268
6065270
6065271
6065272
6065274
6065275
6065276
6065277
6065278
6065279
6065281
6065282
6065285
6065286
6065287
6065288
6065289
6065291
6065292
6065293
6065294
6065295
6065296
6065297
6065298
6065299
6065300
6065301
6065302
6065303
6065305
6065307
6065309
6065310
6065311
6065312
6065315
6065314
6065316
6065317
6065319
6065320
6065321
6065322
6065323
6065324
6065325
6065326
6065327
6065328
6065329
6065330
6065331
6065332
6065333
6065335
6065336
6065337
6065338
6065339
6065340
6065342
6065345
6065346
6065347
6065348
6065352
6065349
6065355
6065360
6065361
6065366
6065362
6065363
6065370
6065367
6065373
6065368
6065372
6065374
6065376
6065377
6065378
6065379
6065380
6065381
6065382
6065383
6065386
6065384
6065385
6065387
6065388
6065390
6065391
6065393
6065394
6065395
6065397
6065399
6065400
6065401
6065403
6065404
6065405
6065407
6065408
6065410
6065414
6065409
6065411
6065412
6065413
6065416
6065418
6065419
6065421
6065422
6065425
6065424
6065426
6065427
6065428
6065429
6065431
6065432
6065433
6065434
6065435
6065436
6065438
6065440
6065439
6065442
6065445
6065446
6065447
6065448
6065449
6065450
6065451
6065452
6065462
6065464
6065459
6065463
6065466
6065467
6065469
6065470
6065472
6065473
6065474
6065475
6065476
6065477
6065478
6065479
6065480
6065481
6065482
6065484
6065485
6065487
6065488
6065489
6065490
6065491
6065492
6065493
6065494
6065495
6065501
6065496
6065498
6065499
6065500
6065503
6065504
6065505
6065506
6065507
6065514
6065508
6065509
6065510
6065511
6065512
6065513
6065515
6065524
6065516
6065517
6065518
6065520
6065522
6065523
6065525
6065526
6065527
6065531
6065532
6065533
6065534
6065535
6065536
6065537
6065538
6065541
6065543
6065545
6065546
6065547
6065548
6065549
6065550
6065551
6065552
6065553
6065555
6065556
6065557
6065558
6065559
6065560
6065561
6065562
6065564
6065565
6065567
6065568
6065569
6065570
6065571
6065572
6065573
6065574
6065575
6065576
6065577
6065579
6065580
6065582
6065583
6065585
6065586
6065587
6065588
6065590
6065591
6065594
6065600
6065604
6065605
6065606
6065607
6065608
6065609
6065610
6065611
6065612
6065613
6065614
6065616
6065617
6065618
6065619
6065620
6065623
6065625
6065626
6065627
6065628
6065630
6065631
6065633
6065636
6065637
6065638
6065639
6065640
6065641
6065642
6065643
6065645
6065647
6065648
6065649
6065650
6065651
6065652
6065654
6065655
6065656
6065657
6065658
6065659
6065660
6065661
6065662
6065663
6065664
6065665
6065667
6065668
6065669
6065671
6065672
6065673
6065674
6065675
6065676
6065677
6065679
6065680
6065681
6065682
6065683
6065684
6065685
6065686
6065687
6065689
6065690
6065691
6065692
6065693
6065694
6065695
6065696
6065698
6065699
6065700
6065701
6065703
6065704
6065705
6065707
6065706
6065708
6065709
6065710
6065711
6065712
6065713
6065715
6065716
6065717
6065718
6065719
6065720
6065721
6065722
6065723
6065724
6065725
6065728
6065730
6065729
6065732
6065731
6065733
6065735
6065736
6065737
6065738
6065739
6065740
6065741
6065742
6065743
6065744
6065746
6065747
6065748
6065749
6065750
6065751
6065752
6065754
6065755
6065756
6065757
6065758
6065759
6065760
6065762
6065764
6065765
6065766
6065767
6065768
6065769
6065770
6065771
6065772
6065773
6065775
6065776
6065777
6065781
6065782
6065783
6065785
6065786
6065787
6065788
6065789
6065790
6065791
6065792
6065794
6065795
6065796
6065797
6065798
6065799
6065801
6065802
6065803
6065804
6065805
6065807
6065808
6065810
6065813
6065817
6065819
6065820
6065821
6065822
6065823
6065827
6065829
6065831
6065832
6065833
6065834
6065835
6065836
6065837
6065838
6065839
6065840
6065844
6065845
6065846
6065847
6065848
6065849
6065851
6065854
6065853
6065855
6065858
6065860
6065861
6065862
6065863
6065864
6065865
6065866
6065867
6065868
6065869
6065870
6065871
6065872
6065873
6065875
6065877
6065878
6065879
6065880
6065881
6065882
6065883
6065884
6065885
6065886
6065888
6065889
6065890
6065891
6065892
6065893
6065894
6065895
6065896
6065897
6065898
6065900
6065902
6065903
6065904
6065905
6065906
6065908
6065909
6065910
6065912
6065913
6065915
6065916
6065918
6065919
6065920
6065921
6065923
6065924
6065925
6065927
6065929
6065930
6065931
6065932
6065933
6065936
6065937
6065938
6065939
6065940
6065941
6065943
6065944
6065946
6065947
6065948
6065950
6065951
6065952
6065954
6065956
6065957
6065958
6065960
6065961
6065962
6065963
6065965
6065967
6065968
6065969
6065970
6065971
6065972
6065973
6065974
6065975
6065977
6065979
6065980
6065981
6065982
6065983
6065984
6065985
6065986
6065987
6065988
6065989
6065990
6065991
6065992
6065993
6065994
6065995
6065996
6065997
6065998
6065999
6066000
6066001
6066003
6066005
6066006
6066007
6066008
6066009
6066010
6066011
6066012
6066013
6066014
6066015
6066016
6066017
6066018
6066019
6066020
6066022
6066023
6066024
6066026
6066027
6066028
6066029
6066030
6066031
6066032
6066033
6066034
6066035
6066036
6066037
6066039
6066040
6066041
6066042
6066043
6066044
6066045
6066046
6066047
6066048
6066049
6066050
6066051
6066052
6066053
6066054
6066055
6066057
6066058
6066059
6066060
6066061
6066062
6066063
6066065
6066066
6066067
6066068
6066069
6066070
6066071
6066072
6066074
6066075
6066076
6066077
6066078
6066079
6066080
6066081
6066082
6066083
6066084
6066085
6066086
6066087
6066088
6066089
6066090
6066091
6066092
6066093
6066094
6066095
6066096
6066097
6066098
6066099
6066101
6066102
6066103
6066104
6066105
6066106
6066107
6066108
6066110
6066111
6066112
6066113
6066114
6066116
6066118
6066119
6066120
6066121
6066122
6066123
6066126
6066127
6066128
6066129
6066130
6066131
6066132
6066133
6066134
6066135
6066136
6066137
6066138
6066139
6066140
6066141
6066143
6066144
6066145
6066146
6066147
6066148
6066149
6066151
6066152
6066153
6066154
6066156
6066157
6066158
6066159
6066160
6066161
6066162
6066163
6066164
6066165
6066167
6066168
6066169
6066170
6066171
6066172
6066173
6066175
6066177
6066178
6066179
6066180
6066181
6066182
6066183
6066184
6066185
6066186
6066187
6066189
6066190
6066194
6066195
6066196
6066197
6066198
6066200
6066201
6066202
6066203
6066204
6066205
6066206
6066209
6066211
6066212
6066213
6066214
6066216
6066217
6066218
6066219
6066220
6066222
6066224
6066225
6066226
6066227
6066229
6066230
6066231
6066232
6066235
6066237
6066238
6066239
6066241
6066242
6066243
6066245
6066246
6066247
6066250
6066251
6066252
6066253
6066254
6066255
6066256
6066258
6066259
6066260
6066261
6066262
6066263
6066265
6066266
6066267
6066268
6066269
6066270
6066271
6066272
6066273
6066274
6066275
6066276
6066277
6066278
6066279
6066280
6066281
6066282
6066283
6066284
6066285
6066286
6066287
6066288
6066289
6066290
6066292
6066293
6066294
6066295
6066296
6066297
6066298
6066299
6066300
6066301
6066302
6066303
6066304
6066305
6066307
6066308
6066310
6066312
6066313
6066314
6066315
6066316
6066317
6066318
6066320
6066321
6066322
6066323
6066324
6066325
6066326
6066330
6066331
6066332
6066334
6066335
6066336
6066337
6066338
6066339
6066342
6066343
6066344
6066345
6066348
6066354
6066356
6066357
6066360
6066361
6066362
6066363
6066364
6066365
6066366
6066367
6066368
6066369
6066370
6066371
6066372
6066374
6066375
6066376
6066377
6066378
6066379
6066380
6066381
6066382
6066383
6066384
6066385
6066386
6066387
6066388
6066389
6066390
6066391
6066392
6066393
6066394
6066399
6066401
6066402
6066403
6066406
6066407
6066408
6066409
6066410
6066411
6066412
6066416
6066417
6066418
6066419
6066420
6066421
6066422
6066423
6066424
6066425
6066426
6066427
6066428
6066429
6066431
6066432
6066433
6066434
6066436
6066437
6066438
6066439
6066441
6066442
6066443
6066444
6066445
6066446
6066447
6066448
6066449
6066450
6066452
6066453
6066454
6066455
6066456
6066457
6066458
6066460
6066461
6066462
6066463
6066464
6066465
6066466
6066467
6066468
6066470
6066471
6066472
6066473
6066475
6066476
6066477
6066478
6066479
6066480
6066482
6066483
6066484
6066486
6066487
6066488
6066489
6066490
6066491
6066494
6066495
6066496
6066497
6066500
6066501
6066504
6066505
6066507
6066508
6066509
6066510
6066511
6066513
6066514
6066515
6066517
6066519
6066520
6066521
6066522
6066523
6066524
6066525
6066526
6066527
6066528
6066529
6066530
6066531
6066532
6066533
6066534
6066536
6066537
6066538
6066539
6066540
6066542
6066543
6066545
6066546
6066547
6066548
6066549
6066551
6066552
6066553
6066555
6066558
6066559
6066560
6066561
6066563
6066564
6066565
6066566
6066567
6066568
6066569
6066570
6066571
6066574
6066575
6066576
6066577
6066578
6066579
6066580
6066581
6066582
6066583
6066584
6066585
6066586
6066587
6066588
6066589
6066591
6066592
6066593
6066594
6066596
6066598
6066599
6066600
6066601
6066602
6066603
6066604
6066606
6066607
6066609
6066611
6066612
6066613
6066616
6066617
6066618
6066619
6066620
6066621
6066622
6066624
6066625
6066623
6066629
6066630
6066631
6066632
6066633
6066634
6066635
6066636
6066638
6066639
6066640
6066644
6066646
6066647
6066648
6066651
6066654
6066660
6066661
6066663
6066664
6066665
6066666
6066667
6066668
6066669
6066671
6066672
6066673
6066675
6066676
6066677
6066685
6066687
6066688
6066690
6066689
6066691
6066694
6066695
6066697
6066698
6066699
6066700
6066701
6066702
6066703
6066705
6066706
6066708
6066709
6066710
6066711
6066712
6066713
6066714
6066715
6066716
6066718
6066720
6066721
6066723
6066725
6066726
6066727
6066728
6066729
6066730
6066731
6066733
6066736
6066740
6066741
6066745
6066746
6066747
6066751
6066752
6066753
6066754
6066755
6066756
6066760
6066761
6066763
6066765
6066766
6066767
6066768
6066769
6066771
6066772
6066775
6066776
6066777
6066778
6066781
6066783
6066784
6066785
6066786
6066787
6066788
6066790
6066791
6066792
6066794
6066795
6066796
6066797
6066798
6066799
6066800
6066802
6066805
6066806
6066808
6066809
6066811
6066813
6066814
6066815
6066816
6066817
6066818
6066819
6066820
6066821
6066822
6066823
6066824
6066825
6066828
6066829
6066830
6066831
6066832
6066833
6066836
6066837
6066838
6066839
6066842
6066843
6066844
6066845
6066848
6066849
6066851
6066852
6066853
6066854
6066856
6066858
6066859
6066861
6066862
6066863
6066864
6066866
6066867
6066868
6066869
6066870
6066871
6066873
6066875
6066877
6066878
6066879
6066880
6066883
6066884
6066886
6066887
6066888
6066889
6066890
6066892
6066893
6066894
6066895
6066896
6066897
6066898
6066899
6066901
6066903
6066904
6066905
6066906
6066907
6066908
6066909
6066910
6066913
6066915
6066917
6066918
6066919
6066920
6066921
6066922
6066923
6066925
6066926
6066927
6066928
6066929
6066930
6066931
6066932
6066933
6066936
6066938
6066937
6066939
6066941
6066942
6066943
6066944
6066947
6066948
6066949
6066950
6066951
6066952
6066953
6066954
6066956
6066957
6066959
6066960
6066961
6066962
6066963
6066964
6066965
6066966
6066967
6066968
6066969
6066970
6066971
6066972
6066973
6066974
6066975
6066977
6066978
6066979
6066980
6066982
6066985
6066986
6066988
6066989
6066990
6066991
6066993
6066995
6066996
6067001
6067002
6067003
6067004
6067006
6067007
6067008
6067009
6067012
6067013
6067014
6067015
6067016
6067017
6067018
6067019
6067020
6067021
6067022
6067023
6067024
6067025
6067026
6067027
6067028
6067029
6067030
6067032
6067033
6067034
6067035
6067036
6067037
6067038
6067039
6067041
6067042
6067043
6067044
6067045
6067046
6067047
6067049
6067050
6067051
6067052
6067053
6067054
6067056
6067057
6067058
6067059
6067060
6067061
6067063
6067064
6067065
6067066
6067067
6067068
6067069
6067070
6067072
6067073
6067074
6067075
6067076
6067078
6067080
6067081
6067082
6067083
6067084
6067086
6067087
6067088
6067089
6067090
6067092
6067093
6067094
6067095
6067096
6067097
6067098
6067099
6067100
6067101
6067102
6067103
6067104
6067106
6067108
6067109
6067110
6067111
6067112
6067113
6067114
6067115
6067117
6067120
6067121
6067122
6067123
6067124
6067125
6067126
6067127
6067128
6067129
6067132
6067133
6067134
6067135
6067137
6067138
6067140
6067141
6067142
6067143
6067144
6067145
6067146
6067147
6067150
6067151
6067153
6067154
6067155
6067156
6067157
6067158
6067159
6067161
6067162
6067163
6067166
6067168
6067169
6067170
6067171
6067173
6067174
6067175
6067176
6067177
6067179
6067180
6067182
6067184
6067186
6067187
6067188
6067189
6067190
6067191
6067192
6067195
6067196
6067197
6067199
6067201
6067205
6067206
6067207
6067209
6067210
6067211
6067212
6067213
6067214
6067216
6067217
6067219
6067221
6067222
6067223
6067224
6067225
6067226
6067227
6067229
6067230
6067231
6067232
6067233
6067235
6067236
6067237
6067238
6067239
6067240
6067241
6067242
6067243
6067244
6067245
6067246
6067247
6067248
6067249
6067251
6067252
6067253
6067254
6067255
6067256
6067257
6067259
6067260
6067261
6067262
6067263
6067264
6067265
6067266
6067267
6067268
6067271
6067272
6067273
6067274
6067275
6067276
6067277
6067278
6067279
6067280
6067281
6067282
6067283
6067284
6067285
6067286
6067287
6067289
6067290
6067291
6067292
6067293
6067295
6067301
6067302
6067303
6067304
6067305
6067306
6067307
6067308
6067309
6067311
6067312
6067313
6067314
6067315
6067316
6067317
6067318
6067319
6067322
6067323
6067324
6067325
6067326
6067327
6067328
6067329
6067330
6067331
6067332
6067333
6067334
6067336
6067337
6067338
6067339
6067340
6067341
6067342
6067344
6067345
6067346
6067348
6067349
6067351
6067352
6067353
6067354
6067355
6067356
6067357
6067358
6067359
6067360
6067362
6067364
6067363
6067365
6067366
6067367
6067368
6067369
6067370
6067371
6067372
6067373
6067374
6067375
6067376
6067377
6067378
6067379
6067380
6067381
6067382
6067385
6067386
6067387
6067388
6067389
6067390
6067392
6067393
6067391
6067394
6067396
6067397
6067398
6067399
6067400
6067401
6067402
6067403
6067404
6067405
6067406
6067407
6067408
6067410
6067411
6067412
6067413
6067415
6067416
6067417
6067418
6067420
6067421
6067423
6067424
6067425
6067426
6067427
6067428
6067429
6067430
6067431
6067432
6067433
6067434
6067436
6067437
6067438
6067439
6067440
6067441
6067443
6067444
6067445
6067448
6067449
6067450
6067452
6067453
6067454
6067456
6067458
6067459
6067460
6067461
6067462
6067463
6067465
6067466
6067467
6067468
6067470
6067471
6067473
6067474
6067475
6067476
6067477
6067479
6067480
6067481
6067482
6067483
6067484
6067485
6067486
6067487
6067488
6067489
6067490
6067491
6067494
6067495
6067496
6067498
6067499
6067500
6067501
6067502
6067503
6067506
6067507
6067508
6067509
6067510
6067511
6067512
6067513
6067514
6067515
6067516
6061240
6061241
6061242
6061245
6061246
6061249
6061269
6061335
6060724
6060738
6060809
6061243
6061292
6061328
6061336
6061460
6061464
6065351
6064766
6064767
6064768
6064769
6064770
6064771
6064772
6064774
6064775
6064776
6064779
6064780
6064781
6064783
6064790
6064793
6064795
6064796
6064798
6064799
6064803
6064825
6064835
6064839
6064840
6064842
6064846
6064847
6064848
6064849
6064850
6064858
6064870
6064871
6064872
6064873
6064888
6064896
6064901
6064902
6064905
6064906
6064909
6064910
6064911
6064913
6064920
6064921
6064924
6064925
6064926
6064927
6064932
6064939
6064940
6064941
6064943
6064944
6064945
6064946
6064947
6064948
6064949
6064950
6064952
6064954
6064960
6064961
6064962
6064963
6064965
6064966
6064967
6064968
6064969
6064979
6064980
6065111
6065113
6065114
6065115
6065119
6065120
6065121
6065122
6065123
6065124
6065125
6065128
6065350
6065453
6065455
6065457
6065458