2301451
2301452
2301453
2301454
2301458
2301459
2301461
2301462
2301463
2301466
2301467
2301468
2301469
2301470
2301471
2301473
2301474
2301475
2301476
2301477
2301478
2301479
2301481
2301482
2301483
2301484
2301485
2301486
2301489
2301490
2301492
2301494
2301495
2301496
2301497
2301498
2301499
2301500
2301501
2301502
2301504
2301505
2301506
2301507
2301508
2301509
2301510
2301511
2301513
2301514
2301515
2301520
2301521
2301522
2301523
2301524
2301525
2301527
2301528
2301529
2301530
2301531
2301532
2301533
2301534
2301535
2301536
2301537
2301538
2301539
2301540
2301542
2301543
2301544
2301545
2301546
2301547
2301548
2301549
2301551
2301552
2301553
2301554
2301555
2301556
2301557
2301558
2301559
2301560
2301561
2301562
2301564
2301565
2301566
2301567
2301568
2301569
2301570
2301571
2301573
2301574
2301576
2301577
2301579
2301580
2301581
2301582
2301583
2301584
2301585
2301586
2301587
2301588
2301589
2301590
2301591
2301592
2301594
2301595
2301596
2301597
2301598
2301599
2301600
2301601
2301602
2301603
2301604
2301605
2301606
2301607
2301608
2301609
2301611
2301612
2301613
2301614
2301615
2301617
2301618
2301619
2301621
2301622
2301623
2301625
2301626
2301627
2301629
2301630
2301631
2301632
2301633
2301634
2301635
2301636
2301637
2301640
2301642
2301643
2301644
2301645
2301646
2301648
2301649
2301650
2301651
2301652
2301653
2301656
2301657
2301658
2301659
2301660
2301661
2301662
2301664
2301665
2301666
2301667
2301668
2301670
2301671
2301673
2301675
2301676
2301677
2301679
2301680
2301681
2301684
2301686
2301687
2301689
2301690
2301691
2301693
2301694
2301696
2301697
2301698
2301699
2301700
2301702
2301703
2301704
2301705
2301706
2301707
2301708
2301710
2301711
2301712
2301713
2301714
2301715
2301718
2301719
2301721
2301722
2301723
2301724
2301725
2301726
2301727
2301728
2301729
2301730
2301732
2301733
2301734
2301735
2301736
2301737
2301738
2301739
2301740
2301741
2301742
2301743
2301744
2301745
2301746
2301747
2301748
2301751
2301752
2301753
2301754
2301755
2301756
2301757
2301758
2301759
2301760
2301762
2301764
2301765
2301766
2301767
2301768
2301769
2301770
2301772
2301773
2301774
2301775
2301776
2301777
2301778
2301779
2301780
2301782
2301783
2301785
2301786
2301787
2301788
2301790
2301792
2301793
2301795
2301796
2301798
2301799
2301800
2301801
2301803
2301804
2301805
2301807
2301808
2301810
2301811
2301812
2301813
2301814
2301819
2301821
2301822
2301823
2301825
2301826
2301828
2301829
2301830
2301831
2301832
2301833
2301834
2301835
2301836
2301837
2301838
2301839
2301840
2301841
2301842
2301844
2301846
2301848
2301849
2301850
2301852
2301854
2301855
2301857
2301858
2301859
2301860
2301861
2301862
2301863
2301864
2301865
2301867
2301868
2301869
2301871
2301872
2301873
2301874
2301875
2301877
2301878
2301879
2301880
2301881
2301882
2301883
2301885
2301887
2301888
2301889
2301890
2301891
2301892
2301893
2301894
2301895
2301896
2301897
2301898
2301899
2301900
2301901
2301902
2301903
2301904
2301905
2301907
2301908
2301911
2301912
2301913
2301914
2301915
2301916
2301917
2301918
2301919
2301920
2301921
2301925
2301926
2301927
2301928
2301930
2301931
2301932
2301933
2301934
2301936
2301939
2301941
2301942
2301943
2301944
2301946
2301947
2301948
2301949
2301950
2301954
2301955
2301957
2301959
2301961
2301962
2301964
2301965
2301966
2301967
2301968
2301969
2301970
2301972
2301973
2301974
2301976
2301977
2301980
2301982
2301983
2301984
2301985
2301987
2301990
2301991
2301992
2301994
2301995
2301996
2301997
2301998
2301999
2302000
2302001
2302002
2302003
2302004
2302005
2302006
2302007
2302008
2302009
2302014
2302015
2302017
2302018
2302019
2302020
2302022
2302023
2302025
2302026
2302027
2302028
2302029
2302030
2302032
2302033
2302034
2302035
2302037
2302038
2302039
2302040
2302041
2302042
2302043
2302044
2302045
2302046
2302048
2302050
2302051
2302052
2302053
2302054
2302055
2302056
2302057
2302058
2302059
2302061
2302062
2302064
2302066
2302067
2302069
2302070
2302071
2302072
2302074
2302075
2302076
2302077
2302078
2302079
2302080
2302081
2302082
2302083
2302084
2302085
2302086
2302088
2302089
2302090
2302091
2302093
2302095
2302096
2302097
2302098
2302099
2302100
2302101
2302102
2302103
2302104
2302105
2302106
2302107
2302108
2302109
2302110
2302111
2302112
2302113
2302114
2302115
2302116
2302117
2302118
2302119
2302121
2302122
2302123
2302125
2302126
2302127
2302128
2302129
2302130
2302131
2302132
2302133
2302134
2302135
2302136
2302137
2302138
2302139
2302140
2302141
2302142
2302143
2302144
2302145
2302146
2302147
2302148
2302149
2302152
2302154
2302155
2302157
2302158
2302159
2302160
2302161
2302162
2302163
2302164
2302165
2302166
2302167
2302168
2302169
2302170
2302171
2302172
2302173
2302174
2302175
2302176
2302177
2302178
2302179
2302180
2302181
2302183
2302184
2302185
2302186
2302187
2302188
2302190
2302191
2302192
2302193
2302194
2302195
2302197
2302198
2302199
2302200
2302201
2302202
2302203
2302204
2302205
2302206
2302207
2302208
2302209
2302210
2302211
2302212
2302213
2302214
2302215
2302216
2302217
2302218
2302219
2302220
2302221
2302222
2302223
2302224
2302225
2302226
2302227
2302228
2302229
2302230
2302231
2302232
2302233
2302234
2302235
2302236
2302237
2302238
2302239
2302240
2302241
2302243
2302246
2302247
2302249
2302250
2302251
2302252
2302253
2302254
2302256
2302257
2302258
2302259
2302260
2302261
2302262
2302263
2302264
2302267
2302268
2302269
2302270
2302271
2302273
2302274
2302275
2302276
2302279
2302280
2302281
2302282
2302283
2302284
2302285
2302286
2302287
2302288
2302289
2302290
2302291
2302292
2302293
2302294
2302295
2302296
2302297
2302298
2302299
2302300
2302301
2302302
2302304
2302305
2302306
2302307
2302308
2302309
2302310
2302311
2302312
2302313
2302314
2302315
2302316
2302317
2302318
2302319
2302320
2302321
2302322
2302323
2302324
2302325
2302326
2302327
2302328
2302329
2302330
2302331
2302333
2302334
2302335
2302336
2302337
2302338
2302339
2302340
2302341
2302342
2302343
2302344
2302346
2302348
2302349
2302350
2302351
2302352
2302353
2302354
2302355
2302357
2302358
2302359
2302360
2302361
2302362
2302363
2302364
2302365
2302366
2302367
2302368
2302369
2302370
2302371
2302372
2302373
2302374
2302375
2302376
2302377
2302378
2302379
2302381
2302383
2302384
2302385
2302386
2302387
2302388
2302389
2302390
2302391
2302392
2302393
2302394
2302395
2302396
2302397
2302398
2302399
2302400
2302401
2302402
2302403
2302404
2302405
2302406
2302408
2302409
2302410
2302411
2302413
2302414
2302415
2302416
2302417
2302418
2302419
2302421
2302422
2302424
2302425
2302426
2302427
2302428
2302429
2302431
2302432
2302433
2302434
2302435
2302437
2302438
2302439
2302440
2302441
2302442
2302443
2302444
2302445
2302446
2302448
2302449
2302450
2302451
2302452
2302453
2302454
2302455
2302457
2302458
2302459
2302460
2302461
2302462
2302463
2302464
2302465
2302466
2302467
2302468
2302469
2302471
2302472
2302474
2302475
2302476
2302477
2302478
2302479
2302480
2302481
2302482
2302483
2302484
2302485
2302486
2302487
2302489
2302490
2302491
2302492
2302493
2302495
2302496
2302497
2302498
2302499
2302500
2302501
2302502
2302503
2302504
2302505
2302506
2302507
2302508
2302509
2302510
2302512
2302513
2302515
2302516
2302517
2302518
2302519
2302520
2302521
2302522
2302523
2302524
2302525
2302526
2302527
2302528
2302529
2302531
2302532
2302533
2302534
2302535
2302536
2302537
2302538
2302539
2302540
2302542
2302543
2302544
2302545
2302546
2302547
2302548
2302549
2302550
2302552
2302553
2302554
2302555
2302556
2302558
2302559
2302560
2302561
2302562
2302563
2302564
2302565
2302566