1779039
1779041
1779046
1779062
1779063
1779073
1779089
1779100
1779102
1779103
1779111
1779112
1779116
1779120
1779122
1779124
1779125
1779126
1779148
1779150
1779151
1779159
1779162
1779167
1779196
1779199
1779202
1779206
1779220
1779224
1779225
1779229
1779234
1779239
1779243
1779244
1779246
1779249
1779250
1779251
1779253
1779256
1779262
1779272
1779275
1779285
1779293
1779305
1779313
1779314
1779316
1779319
1779321
1779326
1779329
1779331
1779332
1779336
1779337
1779341
1779345
1779348
1779351
1779353
1779355
1779356
1779357
1779359
1779362
1779366
1779368
1779369
1779371
1779372
1779373
1779374
1779378
1779382
1779383
1779389
1779390
1779393
1779394
1779395
1779396
1779397
1779399
1779404
1779405
1779411
1779413
1779416
1779417
1779418
1779425
1779430
1779431
1779432
1779433
1779434
1779435
1779436
1779437
1779438
1779443
1779445
1779448
1779450
1779452
1779454
1779456
1779457
1779461
1779465
1779466
1779467
1779470
1779477
1779483
1779484
1779486
1779488
1779489
1779492
1779493
1779494
1779495
1779497
1779498
1779502
1779503
1779504
1779506
1779510
1779511
1779512
1779513
1779515
1779520
1779521
1779524
1779526
1779530
1779533
1779534
1779535
1779536
1779539
1779540
1779541
1779545
1779547
1779550
1779554
1779555
1779561
1779565
1779574
1779575
1779579
1779581
1779582
1779584
1779587
1779589
1779590
1779592
1779593
1779594
1779595
1779596
1779601
1779603
1779605
1779608
1779611
1779614
1779615
1779618
1779620
1779621
1779625
1779626
1779627
1779629
1779630
1779632
1779635
1779637
1779640
1779641
1779642
1779643
1779645
1779646
1779647
1779648
1779656
1779657
1779660
1779662
1779663
1779667
1779668
1779672
1779674
1779675
1779676
1779677
1779681
1779684
1779696
1779697
1779698
1779699
1779700
1779703
1779705
1779706
1779708
1779710
1779712
1779713
1779714
1779715
1779717
1779718
1779719
1779720
1779721
1779722
1779723
1779724
1779725
1779726
1779729
1779730
1779731
1779735
1779736
1779739
1779740
1779741
1779742
1779744
1779745
1779747
1779748
1779749
1779751
1779753
1779755
1779757
1779758
1779760
1779761
1779762
1779764
1779766
1779767
1779768
1779769
1779772
1779773
1779774
1779778
1779779
1779780
1779781
1779782
1779783
1779784
1779787
1779789
1779790
1779793
1779795
1779796
1779797
1779798
1779799
1779800
1779801
1779802
1779803
1779804
1779805
1779806
1779808
1779810
1779812
1779814
1779815
1779816
1779817
1779819
1779820
1779821
1779823
1779824
1779826
1779827
1779828
1779829
1779830
1779831
1779832
1779833
1779834
1779835
1779836
1779841
1779842
1779843
1779844
1779845
1779848
1779851
1779852
1779853
1779854
1779855
1779856
1779857
1779859
1779872
1779873
1779876
1779878
1779880
1779881
1779882
1779883
1779884
1779886
1779887
1779889
1779892
1779894
1779895
1779898
1779899
1779900
1779903
1779904
1779905
1779906
1779907
1779908
1779909
1779911
1779913
1779915
1779916
1779918
1779919
1779920
1779923
1779924
1779925
1779926
1779928
1779929
1779930
1779931
1779932
1779933
1779934
1779935
1779936
1779938
1779939
1779940
1779941
1779942
1779943
1779944
1779945
1779946
1779948
1779949
1779950
1779951
1779952
1779953
1779954
1779955
1779956
1779957
1779959
1779960
1779961
1779962
1779963
1779964
1779965
1779966
1779969
1779970
1779971
1779973
1779974
1779975
1779977
1779978
1779979
1779981
1779982
1779983
1779984
1779985
1779986
1779987
1779988
1779989
1779990
1779991
1779992
1779993
1779996
1779997
1779999
1780000
1780001
1780003
1780004
1780005
1780006
1780007
1780010
1780011
1780013
1780014
1780015
1780016
1780017
1780018
1780020
1780021
1780022
1780023
1780024
1780025
1780026
1780027
1780028
1780029
1780030
1780032
1780033
1780034
1780036
1780037
1780041
1780043
1780044
1780045
1780046
1780047
1780048
1780049
1780050
1780051
1780052
1780053
1780056
1780057
1780058
1780059
1780060
1780061
1780062
1780063
1780064
1780065
1780066
1780067
1780068
1780069
1780070
1780071
1780072
1780073
1780076
1780077
1780079
1780080
1780081
1780082
1780083
1780084
1780085
1780086
1780087
1780088
1780089
1780090
1780099
1780101
1780104
1780106
1780109
1780111
1780113
1780114
1780115
1780117
1780120
1780121
1780122
1780123
1780125
1780126
1780127
1780128
1780129
1780130
1780131
1780136
1780137
1780139
1780141
1780142
1780143
1780144
1780145
1780147
1780148
1780149
1780150
1780151
1780152
1780153
1780154
1780155
1780156
1780158
1780160
1780165
1780167
1780168
1780170
1780172
1780173
1780174
1780175
1780176
1780180
1780184
1780185
1780186
1780189
1780190
1780191
1780194
1780197
1780198
1780200
1780202
1780204
1780205
1780208
1780209
1780214
1780218
1780224
1780229
1780231
1780233
1780235
1780238
1780239
1780240
1780242
1780244
1780253
1780255
1780258
1780260
1780261
1780262
1780268
1780272
1780274
1780276
1780277
1780282
1780285
1780287
1780289
1780291
1780293
1780303
1780308
1780310
1780317
1780324
1780327
1780329
1780339
1780340
1780341
1780342
1780347