1739799
1739835
1739840
1739853
1739869
1739877
1739890
1739893
1739917
1739919
1739953
1739994
1740006
1740034
1740045
1740051
1740069
1740074
1740094
1740108
1740119
1740120
1740121
1740122
1740137
1740140
1740146
1740149
1740157
1740160
1740161
1740167
1740171
1740172
1740178
1740184
1740188
1740189
1740192
1740198
1740199
1740201
1740205
1740214
1740212
1740215
1740224
1740226
1740229
1740258
1740266
1740267
1740270
1740271
1740277
1740282
1740296
1740326
1740343
1740363
1740377
1740383
1740394
1740392
1740401
1740402
1740404
1740426
1740450
1740469
1740484
1740485
1740490
1740498
1740502
1740504
1740508
1740515
1740517
1740527
1740530
1740533
1740534
1740543
1740546
1740569
1740584
1740586
1740614
1740636
1740630
1740657
1740658
1740660
1740667
1740709
1740715
1740735
1740741
1740749
1740750
1740759
1740756
1740769
1740776
1740780
1740840
1740848
1740851
1740865
1740868
1740876
1740886
1740890
1740896
1740919
1740943
1740944
1740950
1740951
1740966
1740965
1740969
1740980
1740981
1740993
1740997
1741008
1741018
1739807
1739808
1739812
1739823
1739825
1739851
1739860
1739862
1739875
1739876
1739883
1739886
1739896
1739898
1739907
1739910
1739914
1739920
1739934
1739939
1739943
1739947
1739948
1739950
1739959
1739964
1739965
1739974
1739976
1739983
1739985
1739986
1739987
1739988
1739995
1740001
1740003
1740012
1740013
1740014
1740015
1740016
1740019
1740020
1740022
1740023
1740030
1740031
1740033
1740043
1740050
1740052
1740056
1740057
1740063
1740064
1740071
1740072
1740077
1740078
1740080
1740082
1740083
1740084
1740087
1740089
1740090
1740091
1740093
1740098
1740099
1740100
1740102
1740103
1740104
1740106
1740107
1740110
1740111
1740112
1740114
1740115
1740116
1740117
1740126
1740138
1740143
1740148
1740151
1740155
1740162
1740165
1740168
1740175
1740176
1740187
1740191
1740194
1740197
1740209
1740218
1740219
1740220
1740233
1740236
1740239
1740242
1740253
1740254
1740272
1740275
1740276
1740279
1740287
1740289
1740290
1740294
1740303
1740308
1740311
1740321
1740322
1740331
1740336
1740346
1740349
1740355
1740368
1740398
1740399
1740415
1740429
1740434
1740452
1740470
1740476
1740477
1740478
1740482
1740495
1740496
1740499
1740503
1740509
1740514
1740521
1740522
1740523
1740524
1740536
1740539
1740542
1740544
1740548
1740549
1740555
1740557
1740558
1740559
1740561
1740565
1740566
1740570
1740571
1740572
1740576
1740587
1740591
1740595
1740599
1740601
1740605
1740607
1740608
1740610
1740619
1740625
1740629
1740632
1740633
1740661
1740672
1740674
1740684
1740691
1740698
1740699
1740702
1740703
1740706
1740713
1740720
1740740
1740758
1740801
1740803
1740806
1740838
1740853
1740856
1740878
1740880
1740882
1740883
1740885
1740888
1740902
1740903
1740907
1740909
1740913
1740917
1740945
1740947
1740952
1740953
1740957
1740958
1740963
1740970
1740975
1740977
1741012