1855144
1855145
1855146
1855151
1855155
1855161
1855164
1855179
1855184
1855186
1855197
1855207
1855213
1855219
1855225
1855230
1855259
1855263
1855282
1855286
1855289
1855298
1855299
1855301
1855303
1855306
1855309
1855331
1855341
1855344
1855351
1855352
1855371
1855372
1855375
1855405
1855411
1855419
1855443
1855460
1855466
1855494
1855516
1855541
1855542
1855548
1855574
1855581
1855582
1855583
1855591
1855595
1855600
1855607
1855612
1855618
1855622
1855623
1855626
1855627
1855632
1855637
1855641
1855643
1855659
1855660
1855661
1855663
1855664
1855665
1855668
1855669
1855670
1855672
1855675
1855677
1855678
1855681
1855682
1855687
1855694
1855696
1855698
1855702
1855704
1855708
1855709
1855710
1855712
1855715
1855716
1855720
1855723
1855725
1855727
1855728
1855730
1855731
1855735
1855736
1855739
1855741
1855743
1855744
1855745
1855747
1855748
1855749
1855754
1855756
1855758
1855761
1855762
1855763
1855764
1855765
1855767
1855769
1855770
1855773
1855776
1855777
1855778
1855779
1855780
1855782
1855786
1855788
1855789
1855790
1855791
1855792
1855793
1855795
1855796
1855797
1855799
1855802
1855810
1855814
1855815
1855817
1855818
1855824
1855826
1855831
1855834
1855835
1855836
1855837
1855838
1855842
1855843
1855848
1855851
1855852
1855858
1855861
1855864
1855866
1855867
1855868
1855880
1855881
1855884
1855885
1855892
1855895
1855899
1855900
1855903
1855905
1855908
1855910
1855913
1855916
1855919
1855922
1855923
1855925
1855934
1855939
1855940
1855945
1855946
1855948
1855952
1855954
1855955
1855956
1855959
1855963
1855966
1855969
1855971
1855972
1855974
1855975
1855978
1855979
1855989
1855990
1855991
1855994
1855995
1855996
1855997
1855998
1855999
1856000
1856001
1856002
1856004
1856009
1856011
1856013
1856015
1856017
1856019
1856023
1856024
1856025
1856029
1856031
1856034
1856036
1856039
1856040
1856043
1856044
1856048
1856049
1856050
1856051
1856052
1856054
1856058
1856061
1856062
1856063
1856064
1856065
1856067
1856068
1856073
1856075
1856078
1856079
1856080
1856081
1856084
1856085
1856091
1856092
1856093
1856094
1856096
1856103
1856105
1856107
1856109
1856112
1856117
1856120
1856121
1856123
1856125
1856126
1856137
1855203
1855220
1855221
1855241
1855244
1855248
1855249
1855250
1855251
1855252
1855254
1855275
1855276
1855688
1856076