1750589
1750591
1750595
1750596
1750603
1750607
1750609
1750613
1750615
1750616
1750617
1750624
1750626
1750631
1750633
1750635
1750637
1750638
1750641
1750644
1750645
1750646
1750650
1750653
1750654
1750655
1750659
1750660
1750661
1750667
1750668
1750671
1750683
1750689
1750691
1750692
1750698
1750703
1750704
1750720
1750723
1750724
1750726
1750727
1750728
1750734
1750737
1750743
1750746
1750749
1750752
1750753
1750758
1750763
1750764
1750765
1750769
1750777
1750780
1750782
1750784
1750788
1750796
1750799
1750800
1750801
1750802
1750805
1750810
1750821
1750824
1750827
1750832
1750834
1750838
1750845
1750849
1750853
1750860
1750862
1750864
1750869
1750879
1750882
1750885
1750892
1750900
1750901
1750911
1750913
1750915
1750919
1750920
1750921
1750929
1750934
1750935
1750936
1750953
1750954
1750964
1750965
1750973
1750978
1750981
1750984
1750988
1750990
1750994
1750997
1751006
1751032
1751035
1751036
1751038
1751041
1751043
1751049
1751052
1751058
1751065
1751074
1751078
1751082
1751086
1751130
1751135
1751136
1751137
1751138
1751139
1751140
1751142
1751143
1751145
1751147
1751148
1751152
1751158
1751168
1751178
1751183
1751189
1751190
1751194
1751196
1751199
1751201
1751203
1751209
1751211
1751215
1751225
1751226
1751241
1751248
1751249
1751252
1751253
1751255
1751256
1751258
1751259
1751261
1751262
1751280
1751281
1751282
1751283
1751284
1751285
1751287
1751288
1751290
1751292
1751293
1751296
1751297
1751298
1751301
1751302
1751305
1751306
1751307
1751308
1751309
1751310
1751312
1751316
1751320
1751321
1751322
1751324
1751326
1751327
1751328
1751330
1751331
1751333
1751335
1751338
1751341
1751342
1751346
1751348
1751351
1751354
1751360
1751362
1751370
1751372
1751373
1751375
1751378
1751379
1751386
1751392
1751407
1751409
1751410
1751411
1751413
1751414
1751415
1751416
1751422
1751429
1751433
1751434
1751436
1751438
1751447
1751448
1751452
1751458
1751460
1751465
1751468
1751472
1751474
1751475
1751476
1751477
1751488
1751494
1751498
1751509
1751511
1751520
1751522
1751526
1751532
1751533
1751535
1751540
1751544
1751545
1751547
1751548
1751552
1751561
1751562
1751563
1751564
1751568
1751569
1751571
1751573
1751575
1751577
1751579
1751581
1751582
1751583
1751584
1751585
1751586
1751589
1751597
1751598
1751599
1751600
1751601
1751602
1751603
1751604
1751605
1751606
1751610
1751614
1751616
1751617
1751618
1751619
1751620
1751621
1751622
1751627
1751628
1751629
1751632
1751639
1751641
1751642
1751643
1751649
1751651
1751654
1751655
1751661
1751663
1751665
1751666
1751667
1751669
1751670
1751672
1751676
1751677
1751678
1751679
1751680
1751681
1751683
1751684
1751687
1751689
1751694
1751695
1751696
1751697
1751698
1751701
1751702
1751703
1751708
1751711
1751712
1751713
1751715
1751720
1751721
1751723
1751724
1751726
1751727
1751728
1751730
1751733
1751738
1751740
1751742
1751744
1751746
1751748
1751749
1751750
1751751
1751752
1751754
1751755
1751756
1751759
1751761
1751762
1751763
1751764
1751766
1751769
1751771
1751772
1751777
1751779
1751781
1751782
1751783
1751784
1751785
1751786
1751789
1751790
1751791
1751792
1751793
1751795
1751796
1751797
1751798
1751799
1751800
1751802
1751803
1751806
1751810
1751811
1751813
1751814
1751819
1751820
1751821
1751826
1751827
1751829
1751830
1751831
1751832
1751834
1751835
1751836
1751837
1751838
1751840
1751841
1751845
1751846
1751848
1751849
1751850
1751853
1751855
1751857
1751858
1751859
1751863
1751866
1751867
1751872
1751873
1751877
1751878
1751879
1751880
1751882
1751887
1751895
1751897
1751901
1751902
1751903
1751904
1751905
1751906
1751911
1751925
1751928
1751939
1751943
1751953
1751958
1751961
1751964
1751965
1751967
1751969
1751972
1751975
1751976
1751982
1751987
1751988
1751989
1751993
1751998
1752001
1752008
1752009
1752013
1752017
1752022
1752037
1752044
1752046
1752047
1752059
1752063
1752070
1752071
1752073
1752078
1752080
1752095
1752096
1752097
1752100
1752107
1752113
1752114
1752115
1752119
1752127
1752129
1752131
1752144
1752147
1752149
1752150
1752153
1752155
1752170
1752175
1752176
1752178
1752179
1752182
1752186
1752187
1752190
1752193
1752197
1752204
1752208
1752210
1752212
1752219
1752221
1752222
1752234
1752235
1752236
1752238
1752241
1752245
1752246
1752249
1752252
1752258
1752268
1752276
1752293
1752303
1752305
1752307
1752308
1752309
1752313
1752315
1752317
1752319
1752321
1752323
1752331
1752343
1752345
1752346
1752347
1752348
1752351
1752354
1752355
1752356
1752357
1752359
1752360
1752365
1752366
1752368
1752370
1752373
1752377
1752379
1752381
1752382
1752383
1752386
1752390
1752394
1752397
1752398
1752405
1752407
1752410
1752412
1752416
1752422
1752425
1752426
1752429
1752431
1752436
1752437
1752441
1752442
1752445
1752446
1752451
1752454
1752456
1752458
1752459
1752463
1752465
1752474
1752477
1752480
1752484
1752486
1752487
1752491
1752494
1752496
1752497
1752498
1752502
1752504
1752508
1752511
1752515
1752517
1752518
1752523
1752525
1752526
1752531
1752536
1752538
1752540
1752541
1752548
1752550
1752551
1752552
1752562
1752563
1752565
1752570
1752574
1752576
1752582
1752583
1752585
1752590
1752591
1752596
1752597
1752600
1752601
1752602
1752604
1752608
1752610
1752611
1752612
1752615
1752616
1752617
1752618
1752619
1752620
1752621
1752622
1752623
1752624
1752625
1752626
1752627
1752629
1752636
1752637
1752638
1752640
1752641
1752643
1752646
1752648
1752651
1752653
1752655
1752661
1752662
1752668
1752671
1752672
1752673
1752675
1752676
1752678
1752683
1752684
1752685
1752686
1752687
1752690
1752700
1752704
1752706
1752719
1752724
1752731
1752742
1752743
1752744
1752746
1752747
1752754
1752755
1752756
1752759
1752761
1752765
1752767
1752771
1752777
1752779
1752782
1752788
1752789
1752792
1752797
1752799
1752804
1752808
1752809
1752812
1752813
1752814
1752816
1752818
1752821
1752822
1752830
1752833
1752835
1752844
1752846
1752847
1752850
1752851
1752852
1752853
1752857
1752858
1752866
1752872
1752874
1752875
1752879
1752887
1752896
1752900
1752905
1752908
1752910
1752911
1752912
1752917
1752921
1752924
1752926
1752929
1752930
1752939
1752940
1752950
1752951
1752956
1752958
1752959
1752963
1752968
1752969
1752970
1752971
1752976
1752978
1752982
1752984
1752987
1752989
1752994
1752996
1752999
1753001
1753002
1753007
1753020
1753030
1753031
1753033
1753034
1753037
1753040
1753041
1753042
1753043
1753044
1753045
1753047
1753050
1753051
1753053
1753054
1753055
1753058
1753079
1753080
1753085
1753094
1753095
1753102
1753104
1753105
1753111
1753114
1753127
1753131
1753137
1753139
1753141
1753142
1753153
1753159
1753161
1753163
1753165
1753166
1753167
1753168
1753170
1753171
1753174
1753176
1753177
1753178
1753180
1753181
1753182
1753184
1753185
1753186
1753187
1753188
1753190
1753191
1753193
1753200
1753204
1753206
1753212
1753213
1753215
1753216
1753218
1753219
1753221
1753224
1753227
1753230
1753232
1753236
1753239
1753240
1753245
1753256
1753264
1753265
1753266
1753271
1753275
1753276
1753277
1753279
1753280
1753281
1753286
1753290
1753292
1753299
1753300
1753306
1753309
1753312
1753313
1753315
1753316
1753319
1753324
1753326
1753328
1753329
1753330
1753331
1753332
1753334
1753335
1753336
1753340
1753341
1753343
1753347
1753348
1753351
1753357
1753360
1753365
1753367
1753369
1753371
1753378
1753383
1753388
1753390
1753393
1753395
1753400
1753405
1753410
1753411
1753412
1753417
1753419
1753422
1753423
1753428
1753430
1753431
1753434
1753441
1753442
1753446
1753447
1753448
1753450
1753451
1753455
1753456
1753457
1753459
1753462
1753463
1753464
1753468
1753474
1753477
1753479
1753480
1753484
1753487
1753490
1753492
1753496
1753501
1753503
1753506
1753512
1753519
1753520
1753522
1753527
1753528
1753529
1753532
1753535
1753541
1753542
1753543
1753544
1753547
1753548
1753550
1753551
1753558
1753562
1753564
1753565
1753566
1753569
1753570
1753571
1753574
1753576
1753579
1753583
1753588
1753589
1753591
1753593
1753594
1753597
1753598
1753599
1753601
1753602
1753604
1753605
1753608
1753609
1753610
1753611
1753613
1753614
1753615
1753616
1753618
1753620
1753623
1753624
1753628
1753633
1753634
1753635
1753636
1753642
1753643
1753645
1753646
1753652
1753654
1753656
1753657
1753659
1753668
1753670
1753671
1753674
1753675
1753676
1753677
1753679
1753682
1753687
1753692
1753695
1753697
1753699
1753700
1753701
1753704
1753705
1753707
1753708
1753711
1753714
1753715
1753719
1753720
1753722
1753724
1753725
1753727
1753728
1753729
1753730
1753731
1753732
1753733
1753734
1753737
1753740
1753741
1753750
1753752
1753753
1753756
1753763
1753767
1753768
1753770
1753771
1753778
1753780
1753782
1753784
1753786
1753790
1753793
1753800
1753807
1753809
1753810
1753813
1753816
1753820
1753824
1753832
1753834
1753837
1753840
1753842
1753844
1753845
1753851
1753852
1753853
1753855
1753856
1753857
1753858
1753860
1753861
1753862
1753863
1753866
1753868
1753875
1753877
1753878
1753880
1753881
1753888
1753889
1753890
1753891
1753893
1753895
1753900
1753903
1753906
1753907
1753910
1753913
1753916
1753918
1753919
1753923
1753926
1753929
1753931
1753933
1753935
1753936
1753938
1753941
1753942
1753944
1753945
1753949
1753954
1753956
1753960
1753966
1753975
1753987
1753996
1754002
1754005
1754007
1754012
1754014
1754016
1754017
1754018
1754023
1754024
1754025
1754026
1754030
1754033
1754034
1754035
1754036
1754039
1754041
1754042
1754044
1754047
1754048
1754049
1754050
1754053
1754054
1754055
1754056
1754057
1754058
1754059
1754060
1754061
1754063
1754064
1754066
1754067
1754069
1754073
1754074
1754076
1754077
1754078
1754079
1754080
1754082
1754090
1754092
1754093
1754101
1754103
1754107
1754108
1754111
1754115
1754118
1754119
1754121
1754122
1754128
1754130
1754132
1754142
1754149
1754156
1754159
1754162
1754164
1754165
1754169
1754170
1754171
1754173
1754174
1754175
1754176
1754177
1754179
1754181
1754191
1754192
1754197
1754203
1754214
1754221
1754222
1754223
1754228
1754230
1754235
1754236
1754240
1754242
1754246
1754250
1754251
1754253
1754259
1754262
1754264
1754265
1754266
1754267
1754269
1754272
1754274
1754277
1754278
1754279
1754280
1754281
1754282
1754283
1754284
1754286
1754287
1754288
1754289
1754290
1754291
1754292
1754293
1754295
1754296
1754300
1754303
1754304
1754309
1754312
1754313
1754316
1754320
1754321
1754326
1754330
1754333
1754334
1754337
1754338
1754346
1754350
1754351
1754355
1754357
1754360
1754362
1754364
1754365
1754367
1754370
1754371
1754376
1754377
1754378
1754379
1754380
1754384
1754386
1754389
1754393
1754399
1754401
1754402
1754405
1754408
1754415
1754417
1754419
1754421
1754422
1754425
1754426
1754428
1754433
1754435
1754436
1754441
1754445
1754453
1754454
1754457
1754460
1754463
1754464
1754466
1754469
1754472
1754473
1754474
1754475
1754476
1754479
1754480
1754482
1754483
1754485
1754487
1754491
1754492
1754493
1754494
1754496
1754497
1754498
1754500
1754502
1754503
1754504
1754505
1754506
1754507
1754508
1754509
1754510
1754511
1754512
1754513
1754514
1754515
1754516
1754518
1754519
1754522
1754525
1754526
1754527
1754530
1754531
1754533
1754534
1754536
1754540
1754541
1754542
1754543
1754544
1754545
1754551
1754553
1754554
1754560
1754561
1754566
1754567
1754572
1754573
1754577
1754578
1754591
1754592
1754593
1754594
1754595
1754596
1754597
1754600
1754601
1754602
1754603
1754604
1754607
1754608
1754611
1754613
1754615
1754616
1754617
1754619
1754627
1754628
1754632
1754638
1754641
1754642
1754644
1754647
1754649
1754653
1754656
1754658
1754666
1754667
1754670
1754676
1754691
1754692
1754693
1754704
1754707
1754717
1754720
1754721
1754722
1754725
1754726
1754727
1754731
1754736
1754739
1754740
1754748
1754752
1754753
1754760
1754764
1754768
1754777
1754793
1754795
1754804
1754811
1754815
1754818
1754821
1754824
1754826
1754828
1754832
1754844
1754854
1754858
1754860
1754865
1754866
1754872
1754886
1754887
1754896
1754900
1754908
1754909
1754915
1754916
1754918
1754923
1754927
1754928
1754929
1754931
1754932
1754933
1754934
1754935
1754936
1754937
1754938
1754940
1754942
1754943
1754945
1754949
1754950
1754951
1754952
1754954
1754956
1754957
1754958
1754961
1754966
1754967
1754971
1754972
1754975
1754978
1754979
1754983
1754988
1754989
1754991
1754992
1754993
1754994
1754995
1754998
1754999
1755003
1755005
1755006
1755010
1755011
1755013
1755016
1755020
1755042
1755043
1755045
1755048
1755049
1755050
1755051
1755056
1755057
1755061
1755063
1755070
1755079
1755080
1755083
1755085
1755087
1755088
1755090
1755093
1755095
1755097
1755098
1755099
1755102
1755104
1755106
1755107
1755108
1755109
1755110
1755111
1755112
1755113
1755114
1755115
1755116
1755117
1755118
1755119
1755120
1755121
1755122
1755123
1755124
1755125
1755126
1755128
1755133
1755134
1755137
1755138
1755139
1755140
1755143
1755146
1755150
1755151
1755155
1755158
1755166
1755167
1755171
1755175
1755187
1755193
1755195
1755198
1755201
1755203
1755205
1755211
1755213
1755214
1755226
1755231
1755237
1755239
1755241
1755244
1755247
1755249
1755251
1755254
1755268
1755269
1755285
1755288
1755292
1755294
1755300
1755302
1755309
1755312
1755314
1755323
1755324
1755326
1755327
1755329
1755330
1755333
1755336
1755338
1755339
1755341
1755346
1755349
1755352
1755356
1755357
1755362
1755363
1755364
1755365
1755367
1755368
1755369
1755370
1755371
1755372
1755373
1755374
1755375
1755376
1755377
1755382
1755383
1755384
1755385
1755386
1755391
1755394
1755395
1755397
1755400
1755402
1755407
1755408
1755410
1755413
1755416
1755419
1755422
1755423
1755427
1755429
1755431
1755433
1755434
1755437
1755439
1755441
1755444
1755446
1755451
1755454
1755457
1755458
1755459
1755460
1755461
1755466
1755468
1755470
1755472
1755477
1755481
1755483
1755485
1755486
1755489
1755495
1755496
1755503
1755505
1755507
1755513
1755515
1755518
1755520
1755526
1755528
1755529
1755535
1755537
1755538
1755540
1755544
1755545
1755547
1755551
1755552
1755556
1755557
1755558
1755559
1755561
1755569
1755572
1755576
1755578
1755579
1755580
1755581
1755587
1755588
1755591
1755594
1755603
1755608
1755611
1755614
1755618
1755626
1755644
1755658
1755661
1755662
1755664
1755669
1755677
1755681
1755693
1755700
1755706
1755707
1755724
1755740
1755741
1755743
1755753
1755754
1755755
1755761
1755763
1755764
1755765
1755766
1755781
1755782
1755802
1755804
1755805
1755807
1755808
1755809
1755810
1755811
1755813
1755814
1755816
1755817
1755818
1755819
1755820
1755821
1755823
1755824
1755825
1755827
1755830
1755831
1755832
1755841
1755842
1755845
1755850
1755852
1755862
1755864
1755865
1755868
1755869
1755873
1755879
1755881
1755883
1755884
1755886
1755892
1755893
1755894
1755896
1755901
1755902
1755903
1755906
1755907
1755911
1755917
1755923
1755926
1755928
1755929
1755930
1755931
1755936
1755940
1755945
1755947
1755949
1755950
1755951
1755955
1755959
1755960
1755961
1755963
1755967
1755969
1755972
1755981
1755983
1755986
1755987
1755989
1755990
1755991
1755992
1755993
1755994
1755995
1755996
1755997
1756003
1756004
1756008
1756010
1756015
1756018
1756024
1756025
1756026
1756028
1756030
1756033
1756034
1756035
1756039
1756040
1756041
1756044
1756046
1756047
1756049
1756051
1756053
1756055
1756057
1756059
1756062
1756064
1756069
1756077
1756078
1756083
1756084
1756086
1756088
1756089
1756096
1756106
1756108
1756109
1756110
1756112
1756113
1756114
1756115
1756116
1756117
1756118
1756120
1756121
1756122
1756123
1756125
1756126
1756127
1756128
1756129
1756130
1756131
1756132
1756133
1756134
1756135
1756137
1756138
1756140
1756141
1756142
1756143
1756144
1756145
1756146
1756147
1756149
1756150
1756151
1756152
1756153
1756154
1756156
1756157
1756162
1756168
1756172
1756175
1756176
1756178
1756179
1756180
1756181
1756183
1756184
1756185
1756186
1756187
1756188
1756189
1756190
1756191
1756192
1756194
1756195
1756196
1756198
1756200
1756201
1756204
1756207
1756208
1756213
1756215
1756216
1756225
1756226
1756227
1756231
1756232
1756236
1756239
1756240
1756241
1756242
1756251
1756264
1756274
1756277
1756280
1756282
1756287
1756293
1756296
1756297
1756300
1756303
1756305
1756310
1756311
1756317
1756320
1756329
1756332
1756342
1756347
1756348
1756350
1756354
1756357
1756359
1756362
1756365
1756367
1756371
1756374
1756381
1756385
1756399
1756403
1756412
1756415
1756417
1756418
1756422
1756430
1756431
1756433
1756436
1756438
1756444
1756450
1756452
1756454
1756455
1756456
1756457
1756459
1756463
1756466
1756472
1756473
1756474
1756481
1756487
1756488
1756496
1756498
1756507
1756508
1756518
1756519
1756524
1756525
1756527
1756532
1756534
1756535
1756537
1756540
1756541
1756543
1756544
1756545
1756546
1756547
1756548
1756550
1756551
1756552
1756554
1756556
1756557
1756563
1756565
1756572
1756573
1756579
1756581
1756584
1756588
1756590
1756595
1756600
1756611
1756613
1756619
1756620
1756626
1756630
1756632
1756635
1756636
1756638
1756641
1756643
1756646
1756647
1756649
1756651
1756656
1756658
1756662
1756671
1756674
1756675
1756676
1756682
1756685
1756691
1756694
1756695
1756698
1756699
1756700
1756702
1756704
1756705
1756707
1756709
1756711
1756713
1756714
1756715
1756716
1756723
1756725
1756726
1756727
1756729
1756732
1756735
1756737
1756738
1756743
1756746
1756751
1756754
1756757
1756760
1756761
1756762
1756763
1756764
1756765
1756766
1756767
1756769
1756771
1756773
1756775
1756780
1756781
1756784
1756787
1756789
1756790
1756791
1756792
1756793
1756794
1756795
1756796
1756797
1756799
1756801
1756802
1756804
1756806
1756808
1756809
1756810
1756811
1756812
1756813
1756815
1756816
1756817
1756818
1756823
1756824
1756829
1756830
1756833
1756835
1756838
1756839
1756840
1756843
1756845
1756846
1756847
1756848
1756849
1756850
1756851
1756853
1756855
1756860
1756867
1756869
1756872
1756886
1756897
1756903
1756904
1756905
1756907
1756910
1756918
1756926
1756931
1756932
1756933
1756942
1756943
1756949
1756953
1756959
1756960
1756967
1756973
1756974
1756981
1756988
1756990
1756993
1757002
1757010
1757012
1757013
1757017
1757021
1757024
1757027
1757029
1757031
1757033
1757042
1757045
1757047
1757050
1757054
1757056
1757057
1757066
1757069
1757073
1757076
1757083
1757084
1757087
1757090
1757093
1757103
1757109
1757111
1757114
1757116
1757117
1757121
1757127
1757134
1757142
1757145
1757154
1757155
1757159
1757164
1757166
1757171
1757173
1757176
1757186
1757192
1757195
1757196
1757198
1757199
1757203
1757204
1757209
1757210
1757216
1757217
1757223
1757226
1757227
1757230
1757234
1757238
1757239
1757247
1757250
1757262
1757264
1757267
1757272
1757277
1757278
1757279
1757282
1757287
1757289
1757290
1757297
1757306
1757313
1757317
1757319
1757320
1757325
1757328
1757329
1757336
1757340
1757341
1757346
1757348
1757352
1757353
1757355
1757359
1757361
1757362
1757367
1757371
1757374
1757375
1757378
1757381
1757383
1757387
1757395
1757397
1757399
1757407
1757408
1757415
1757418
1757420
1757421
1757422
1757427
1757432
1757436
1757442
1757444
1757450
1757451
1757453
1757454
1757455
1757463
1757468
1757472
1757475
1757476
1757477
1757478
1757479
1757480
1757481
1757483
1757485
1757487
1757490
1757493
1757498
1757501
1757502
1757505
1757507
1757509
1757511
1757513
1757514
1757515
1757519
1757524
1757530
1757532
1757533
1757538
1757543
1757544
1757548
1757552
1757553
1757556
1757558
1757559
1757560
1757562
1757571
1757574
1757578
1757580
1757582
1757584
1757587
1757589
1757593
1757594
1757595
1757596
1757598
1757600
1757601
1757603
1757604
1757605
1757608
1757609
1757612
1757614
1757615
1757617
1757618
1757620
1757630
1757637
1757638
1757640
1757647
1757648
1757649
1757650
1757651
1757659
1757662
1757680
1757683
1757688
1757690
1757695
1757696
1757697
1757701
1757707
1757708
1757723
1757725
1757733
1757737
1757743
1757749
1757756
1757762
1757767
1757774
1757775
1757793
1757803
1757805
1757807
1757808
1757814
1757821
1757827
1757828
1757836
1757840
1757856
1757860
1757863
1757869
1757875
1757882
1757891
1757892
1757898
1757904
1757907
1757910
1757912
1757913
1757917
1757921
1757922
1757929
1757931
1757932
1757936
1757944
1757947
1757951
1757959
1757960
1757967
1757970
1757974
1757975
1757976
1757984
1757986
1757993
1757994
1757998
1758004
1758005
1758008
1758012
1758013
1758018
1758019
1758020
1758021
1758022
1758023
1758024
1758025
1758026
1758027
1758028
1758029
1758030
1758033
1758035
1758037
1758039
1758040
1758041
1758045
1758046
1758050
1758057
1758058
1758059
1758062
1758064
1758066
1758067
1758069
1758073
1758074
1758078
1758080
1758081
1758083
1758085
1758086
1758087
1758088
1758089
1758090
1758091
1758093
1758096
1758097
1758098
1758099
1758100
1758102
1758103
1758104
1758108
1758117
1758118
1758119
1758123
1758125
1758126
1758127
1758129
1758130
1758131
1758132
1758133
1758135
1758136
1758138
1758139
1758141
1758152
1758154
1758155
1758157
1758159
1758162
1758164
1758165
1758167
1758172
1758176
1758177
1758180
1758181
1758182
1758186
1758187
1758189
1758192
1758193
1758196
1758197
1758200
1758201
1758204
1758205
1758206
1758207
1758211
1758212
1758214
1758215
1758216
1758225
1758226
1758227
1758229
1758234
1758235
1758238
1758240
1758244
1758245
1758248
1758250
1758251
1758253
1758255
1758263
1758264
1758265
1758266
1758267
1758268
1758270
1758271
1758272
1758273
1758274
1758277
1758278
1758280
1758281
1758285
1758292
1758293
1758299
1758300
1758305
1758308
1758309
1758311
1758313
1758315
1758318
1758319
1758320
1758322
1758327
1758328
1758337
1758339
1758341
1758348
1758351
1758356
1758360
1758366
1758372
1758373
1758374
1758381
1758382
1758383
1758384
1758385
1758386
1758387
1758388
1758390
1758391
1758392
1758393
1758394
1758397
1758402
1758404
1758406
1758410
1758416
1758418
1758425
1758427
1758428
1758448
1758452
1758476
1758480
1758483
1758486
1758488
1758491
1758494
1758496
1758497
1758500
1758504
1758506
1758508
1758511
1758513
1758519
1758520
1758524
1758525
1758530
1758531
1758532
1758533
1758534
1758535
1758537
1758538
1758540
1758541
1758542
1758543
1758545
1758546
1758548
1758549
1758550
1758552
1758553
1758555
1758557
1758560
1758561
1758562
1758563
1758564
1758565
1758566
1758567
1758568
1758572
1758573
1758575
1758579
1758580
1758581
1758583
1758585
1758587
1758589
1758590
1758592
1758594
1758595
1758597
1758598
1758600
1758601
1758603
1758606
1758607
1758608
1758609
1758611
1758612
1758613
1758615
1758617
1758618
1758620
1758621
1758622
1758623
1758625
1758628
1758630
1758631
1758633
1758634
1758635
1758639
1758640
1758643
1758646
1758650
1758653
1758654
1758655
1758656
1758659
1758663
1758671
1758672
1758673
1758675
1758676
1758682
1758685
1758686
1758687
1758690
1758692
1758693
1758694
1758697
1758699
1758700
1758702
1758703
1758704
1758705
1758707
1758708
1758710
1758711
1758713
1758715
1758716
1758717
1758718
1758719
1758722
1758723
1758724
1758728
1758729
1758734
1758736
1758748
1758752
1758755
1758761
1758762
1758766
1758767
1758769
1758772
1758773
1758775
1758777
1758779
1758781
1758782
1758787
1758796
1758799
1758800
1758811
1758815
1758829
1758833
1758836
1758837
1758840
1758843
1758844
1758845
1758846
1758851
1758855
1758856
1758857
1758860
1758862
1758863
1758869
1758873
1758876
1758877
1758880
1758897
1758903
1758907
1758909
1758919
1758920
1758928
1758930
1758931
1758939
1758940
1758942
1758945
1758946
1758947
1758952
1758954
1758959
1758962
1758967
1758973
1758977
1758978
1758982
1758983
1758985
1758987
1758988
1758990
1758994
1758995
1758997
1758998
1759001
1759005
1759006
1759007
1759009
1759010
1759011
1759012
1759013
1759014
1759016
1759023
1759024
1759029
1759031
1759033
1759035
1759036
1759039
1759041
1759043
1759045
1759046
1759050
1759051
1759052
1759054
1759059
1759060
1759063
1759066
1759069
1759071
1759074
1759077
1759078
1759083
1759085
1759086
1759091
1759093
1759098
1759101
1759104
1759106
1759107
1759109
1759111
1759112
1759115
1759119
1759120
1759123
1759125
1759126
1759128
1759129
1759134
1759138
1759144
1759148
1759149
1759150
1759151
1759152
1759154
1759155
1759159
1759165
1759166
1759170
1759171
1759173
1759175
1759177
1759180
1759183
1759184
1759188
1759190
1759195
1759196
1759197
1759198
1759199
1759200
1759201
1759202
1759203
1759204
1759205
1759208
1759212
1759213
1759214
1759217
1759219
1759221
1759223
1759224
1759226
1759227
1759228
1759233
1759235
1759239
1759241
1759242
1759244
1759246
1759248
1759251
1759252
1759254
1759255
1759256
1759259
1759260
1759261
1759263
1759265
1759266
1759267
1759268
1759269
1759271
1759273
1759277
1759279
1759280
1759281
1759282
1759283
1759285
1759292
1759294
1759296
1759297
1759303
1759307
1759309
1759313
1759315
1759316
1759320
1759321
1759322
1759326
1759327
1759329
1759332
1759333
1759334
1759335
1759336
1759337
1759338
1759340
1759343
1759349
1759351
1759356
1759358
1759361
1759362
1759366
1759368
1759369
1759370
1759377
1759394
1759400
1759403
1759410
1759415
1759417
1759425
1759430
1759434
1759446
1759455
1759456
1759457
1759459
1759460
1759461
1759463
1759466
1759468
1759469
1759470
1759472
1759473
1759478
1759479
1759481
1759482
1759483
1759487
1759491
1759492
1759495
1759496
1759500
1759502
1759505
1759508
1759511
1759512
1759513
1759515
1759526
1759527
1759531
1759534
1759539
1759541
1759543
1759549
1759550
1759552
1759557
1759560
1759563
1759571
1759572
1759579
1759583
1759586
1759591
1759594
1759598
1759606
1759610
1759611
1759614
1759620
1759621
1759629
1759646
1759649
1759651
1759654
1759661
1759663
1759664
1759679
1759680
1759689
1759690
1759692
1759693
1759694
1759695
1759698
1759699
1759703
1759704
1759707
1759710
1759711
1759712
1759713
1759714
1759715
1759718
1759730
1759733
1759739
1759746
1759749
1759751
1759754
1759757
1759759
1759760
1759765
1759771
1759776
1759780
1759783
1759784
1759786
1759790
1759795
1759803