2554765
2554804
2554889
2554928
2554939
2554990
2555115
2555125
2555170
2555183
2555204
2555543
2555811
2555854
2555869
2554704
2554705
2554706
2554707
2554709
2554711
2554712
2554713
2554715
2554716
2554718
2554720
2554722
2554723
2554724
2554726
2554728
2554729
2554730
2554733
2554734
2554735
2554738
2554739
2554740
2554741
2554742
2554743
2554744
2554745
2554753
2554755
2554756
2554757
2554758
2554759
2554760
2554761
2554762
2554764
2554766
2554767
2554768
2554769
2554770
2554771
2554772
2554773
2554774
2554777
2554778
2554779
2554780
2554781
2554783
2554784
2554785
2554786
2554787
2554788
2554789
2554790
2554793
2554794
2554795
2554797
2554799
2554800
2554801
2554802
2554803
2554805
2554806
2554807
2554808
2554809
2554811
2554812
2554813
2554815
2554817
2554818
2554819
2554820
2554821
2554823
2554825
2554826
2554827
2554828
2554829
2554830
2554831
2554833
2554834
2554838
2554839
2554840
2554841
2554842
2554843
2554844
2554845
2554846
2554849
2554850
2554851
2554853
2554854
2554855
2554856
2554857
2554858
2554859
2554860
2554861
2554862
2554863
2554864
2554865
2554866
2554867
2554868
2554869
2554871
2554872
2554873
2554874
2554875
2554877
2554879
2554880
2554881
2554882
2554883
2554884
2554885
2554886
2554887
2554890
2554891
2554892
2554893
2554894
2554895
2554896
2554897
2554898
2554899
2554900
2554901
2554902
2554903
2554904
2554905
2554906
2554907
2554909
2554910
2554911
2554912
2554913
2554914
2554915
2554916
2554917
2554918
2554919
2554920
2554921
2554922
2554923
2554924
2554925
2554926
2554927
2554929
2554930
2554931
2554932
2554933
2554934
2554935
2554936
2554937
2554938
2554940
2554941
2554942
2554943
2554944
2554945
2554946
2554947
2554948
2554949
2554951
2554952
2554953
2554954
2554955
2554957
2554958
2554959
2554960
2554961
2554963
2554964
2554966
2554968
2554969
2554970
2554972
2554973
2554977
2554978
2554979
2554980
2554981
2554982
2554983
2554984
2554985
2554986
2554987
2554988
2554989
2554991
2554992
2554993
2554994
2554995
2554996
2554997
2554998
2554999
2555001
2555002
2555003
2555004
2555005
2555006
2555007
2555009
2555010
2555011
2555012
2555013
2555014
2555017
2555018
2555019
2555020
2555021
2555022
2555024
2555025
2555026
2555027
2555029
2555031
2555032
2555033
2555034
2555035
2555036
2555037
2555038
2555039
2555040
2555042
2555043
2555044
2555046
2555047
2555048
2555049
2555050
2555051
2555058
2555066
2555069
2555070
2555071
2555072
2555073
2555074
2555075
2555076
2555077
2555078
2555079
2555080
2555081
2555082
2555083
2555084
2555085
2555086
2555087
2555088
2555089
2555090
2555091
2555092
2555093
2555094
2555095
2555096
2555097
2555098
2555099
2555100
2555101
2555102
2555103
2555104
2555105
2555106
2555107
2555108
2555110
2555109
2555112
2555113
2555114
2555111
2555116
2555117
2555118
2555119
2555120
2555121
2555122
2555123
2555124
2555126
2555127
2555128
2555129
2555130
2555131
2555132
2555133
2555134
2555135
2555137
2555138
2555139
2555140
2555141
2555142
2555143
2555144
2555145
2555146
2555147
2555150
2555151
2555152
2555153
2555154
2555155
2555156
2555157
2555158
2555159
2555160
2555161
2555163
2555164
2555165
2555166
2555167
2555168
2555169
2555171
2555172
2555173
2555174
2555175
2555176
2555177
2555179
2555180
2555182
2555181
2555184
2555185
2555186
2555187
2555188
2555189
2555190
2555191
2555192
2555193
2555194
2555195
2555196
2555197
2555198
2555199
2555200
2555201
2555202
2555203
2555205
2555206
2555207
2555208
2555209
2555210
2555211
2555212
2555213
2555215
2555217
2555218
2555220
2555221
2555222
2555224
2555225
2555228
2555229
2555230
2555231
2555232
2555233
2555234
2555235
2555237
2555238
2555239
2555240
2555242
2555243
2555244
2555245
2555246
2555248
2555249
2555250
2555252
2555253
2555254
2555255
2555256
2555257
2555258
2555259
2555260
2555261
2555262
2555263
2555264
2555265
2555266
2555267
2555269
2555270
2555271
2555272
2555273
2555274
2555275
2555277
2555278
2555279
2555280
2555282
2555283
2555284
2555285
2555286
2555287
2555288
2555290
2555291
2555293
2555294
2555295
2555296
2555297
2555298
2555299
2555300
2555301
2555302
2555304
2555305
2555307
2555309
2555310
2555311
2555312
2555314
2555315
2555318
2555320
2555322
2555323
2555324
2555325
2555327
2555328
2555330
2555331
2555332
2555333
2555334
2555335
2555336
2555338
2555339
2555341
2555342
2555344
2555345
2555346
2555347
2555349
2555350
2555351
2555353
2555354
2555355
2555356
2555357
2555358
2555359
2555361
2555362
2555363
2555364
2555365
2555366
2555367
2555369
2555370
2555371
2555373
2555374
2555375
2555376
2555377
2555378
2555379
2555380
2555381
2555382
2555384
2555385
2555389
2555390
2555391
2555392
2555394
2555396
2555399
2555400
2555401
2555402
2555404
2555405
2555406
2555407
2555408
2555410
2555411
2555417
2555418
2555419
2555420
2555421
2555424
2555425
2555427
2555428
2555429
2555430
2555432
2555434
2555438
2555441
2555442
2555443
2555445
2555446
2555447
2555448
2555449
2555450
2555451
2555453
2555454
2555455
2555456
2555458
2555459
2555461
2555463
2555464
2555465
2555466
2555468
2555469
2555470
2555472
2555474
2555475
2555476
2555477
2555478
2555479
2555480
2555482
2555483
2555484
2555485
2555486
2555487
2555488
2555489
2555490
2555492
2555493
2555494
2555495
2555497
2555498
2555499
2555500
2555501
2555502
2555503
2555504
2555505
2555508
2555509
2555510
2555511
2555513
2555514
2555517
2555518
2555520
2555521
2555522
2555523
2555524
2555525
2555526
2555528
2555529
2555530
2555531
2555532
2555534
2555535
2555537
2555538
2555539
2555540
2555541
2555542
2555544
2555545
2555546
2555547
2555548
2555549
2555550
2555551
2555554
2555555
2555557
2555558
2555559
2555560
2555562
2555563
2555564
2555565
2555566
2555567
2555569
2555570
2555572
2555573
2555574
2555575
2555576
2555577
2555578
2555579
2555580
2555581
2555582
2555583
2555585
2555586
2555587
2555588
2555589
2555590
2555591
2555592
2555593
2555594
2555595
2555596
2555597
2555598
2555599
2555600
2555601
2555602
2555603
2555604
2555606
2555607
2555608
2555609
2555610
2555612
2555605
2555614
2555615
2555626
2555630
2555633
2555635
2555637
2555638
2555639
2555640
2555642
2555643
2555644
2555645
2555646
2555647
2555648
2555653
2555654
2555656
2555658
2555664
2555665
2555666
2555667
2555669
2555670
2555671
2555672
2555673
2555675
2555677
2555678
2555679
2555680
2555681
2555684
2555687
2555688
2555689
2555690
2555691
2555692
2555693
2555694
2555695
2555700
2555701
2555702
2555704
2555706
2555707
2555710
2555711
2555712
2555713
2555714
2555715
2555716
2555717
2555719
2555720
2555721
2555722
2555723
2555725
2555726
2555727
2555728
2555729
2555730
2555731
2555734
2555735
2555736
2555737
2555738
2555739
2555740
2555741
2555742
2555743
2555745
2555746
2555747
2555748
2555749
2555750
2555751
2555752
2555754
2555755
2555757
2555758
2555759
2555760
2555761
2555762
2555763
2555765
2555766
2555767
2555768
2555769
2555770
2555771
2555772
2555773
2555774
2555775
2555776
2555777
2555780
2555781
2555782
2555783
2555784
2555785
2555787
2555788
2555789
2555792
2555794
2555795
2555796
2555797
2555798
2555799
2555800
2555802
2555803
2555804
2555805
2555806
2555807
2555808
2555809
2555810
2555812
2555813
2555814
2555815
2555816
2555817
2555818
2555819
2555820
2555821
2555822
2555823
2555824
2555825
2555826
2555827
2555828
2555831
2555833
2555834
2555836
2555837
2555838
2555841
2555842
2555843
2555844
2555845
2555848
2555849
2555850
2555851
2555852
2555853
2555855
2555857
2555858
2555859
2555860
2555861
2555862
2555863
2555865
2555866
2555867
2555868
2555870
2555871
2555864
2555873
2555875
2555876
2555877
2555878
2555874
2555880
2555881
2555882
2555883
2555884
2555885
2555886
2555888
2555889
2555890
2555891
2555893
2555894
2555896
2555897