2371190
2371191
2371192
2371193
2371194
2371195
2371196
2371197
2371198
2371199
2371200
2371201
2371202
2371207
2371208
2371209
2371210
2371211
2371212
2371215
2371216
2371217
2371218
2371219
2371223
2371224
2371226
2371227
2371229
2371230
2371231
2371232
2371233
2371234
2371235
2371236
2371237
2371238
2371240
2371241
2371242
2371243
2371244
2371246
2371247
2371248
2371249
2371250
2371251
2371252
2371254
2371257
2371259
2371260
2371261
2371262
2371264
2371265
2371266
2371267
2371268
2371269
2371270
2371271
2371273
2371274
2371275
2371276
2371277
2371278
2371279
2371280
2371281
2371282
2371284
2371285
2371286
2371288
2371289
2371291
2371292
2371293
2371294
2371295
2371297
2371298
2371299
2371300
2371301
2371302
2371303
2371304
2371305
2371306
2371307
2371309
2371310
2371313
2371317
2371318
2371319
2371320
2371321
2371327
2371328
2371329
2371330
2371331
2371332
2371334
2371335
2371336
2371337
2371338
2371339
2371340
2371341
2371342
2371343
2371344
2371345
2371346
2371347
2371348
2371350
2371352
2371353
2371355
2371356
2371357
2371360
2371361
2371363
2371364
2371365
2371366
2371367
2371369
2371370
2371371
2371372
2371373
2371374
2371377
2371378
2371379
2371381
2371382
2371383
2371384
2371385
2371386
2371387
2371389
2371390
2371391
2371392
2371393
2371394
2371395
2371396
2371397
2371398
2371399
2371406
2371407
2371410
2371411
2371412
2371413
2371416
2371418
2371419
2371421
2371423
2371424
2371426
2371428
2371429
2371431
2371432
2371433
2371434
2371435
2371436
2371437
2371438
2371440
2371444
2371445
2371446
2371447
2371448
2371449
2371450
2371451
2371452
2371453
2371454
2371455
2371456
2371457
2371458
2371461
2371464
2371465
2371466
2371469
2371471
2371472
2371473
2371475
2371476
2371477
2371478
2371479
2371480
2371483
2371484
2371485
2371488
2371491
2371492
2371493
2371494
2371495
2371497
2371498
2371499
2371500
2371502
2371505
2371506
2371507
2371513
2371514
2371515
2371516
2371519
2371520
2371521
2371522
2371523
2371524
2371525
2371526
2371527
2371528
2371530
2371531
2371532
2371533
2371534
2371535
2371537
2371538
2371539
2371540
2371542
2371543
2371544
2371545
2371546
2371548
2371549
2371551
2371552
2371553
2371555
2371556
2371557
2371559
2371560
2371561
2371563
2371564
2371565
2371566
2371567
2371568
2371569
2371571
2371572
2371578
2371579
2371581
2371582
2371583
2371586
2371587
2371589
2371590
2371591
2371592
2371595
2371596
2371597
2371598
2371600
2371602
2371604
2371605
2371607
2371608
2371609
2371612
2371613
2371617
2371618
2371619
2371621
2371622
2371623
2371627
2371629
2371630
2371632
2371633
2371634
2371635
2371636
2371637
2371639
2371640
2371641
2371642
2371646
2371647
2371648
2371649
2371650
2371652
2371657
2371658
2371660
2371663
2371664
2371668
2371669
2371671
2371672
2371674
2371676
2371677
2371678
2371679
2371682
2371684
2371685
2371687
2371689
2371690
2371692
2371693
2371694
2371696
2371698
2371699
2371700
2371701
2371702
2371703
2371704
2371706
2371707
2371708
2371709
2371710
2371718
2371719
2371720
2371721
2371723
2371724
2371725
2371726
2371728
2371729
2371730
2371732
2371733
2371734
2371735
2371736
2371737
2371738
2371739
2371740
2371742
2371743
2371745
2371746
2371748
2371751
2371752
2371753
2371754
2371755
2371756
2371757
2371759
2371760
2371761
2371763
2371766
2371767
2371768
2371769
2371772
2371774
2371775
2371776
2371777
2371778
2371779
2371780
2371782
2371784
2371785
2371786
2371788
2371789
2371791
2371792
2371793
2371796
2371797
2371798
2371799
2371800
2371801
2371802
2371803
2371804
2371805
2371806
2371807
2371808
2371809
2371810
2371813
2371814
2371816
2371818
2371819
2371821
2371822
2371824
2371825
2371826
2371827
2371829
2371830
2371831
2371832
2371833
2371834
2371835
2371836
2371837
2371838
2371839
2371841
2371842
2371843
2371844
2371845
2371846
2371847
2371849
2371851
2371852
2371853
2371854
2371855
2371856
2371857
2371858
2371861
2371862
2371863
2371865
2371866
2371868
2371869
2371870
2371872
2371873
2371874
2371877
2371878
2371879
2371881
2371882
2371883
2371885
2371886
2371887
2371888
2371889
2371891
2371892
2371893
2371895
2371896
2371897
2371901
2371903
2371904
2371905
2371906
2371907
2371908
2371909
2371910
2371911
2371913
2371915
2371916
2371917
2371918
2371919
2371920
2371922
2371924
2371925
2371928
2371930
2371931
2371932
2371933
2371935
2371936
2371937
2371938
2371941
2371943
2371947
2371950
2371954
2371956
2371958
2371959
2371960
2371961
2371963
2371965
2371967
2371968
2371970
2371973
2371974
2371975
2371976
2371977
2371978
2371979
2371980
2371983
2371984
2371986
2371987
2371989
2371990
2371992
2371994
2371995
2371997
2371999
2372003
2372004
2372007
2372008
2372009
2372010
2372012
2372014
2372015
2372016
2372017
2372018
2372020
2372021
2372022
2372023
2372024
2372027
2372028
2372029
2372030
2372032
2372034
2372035
2372036
2372037
2372039
2372042
2372043
2372045
2372046
2372049
2372050
2372053
2372054
2372055
2372057
2372058
2372059
2372060
2372061
2372064
2372066
2372070
2372072
2372073
2372074
2372075
2372077
2372078
2372079
2372080
2372081
2372082
2372085
2372086
2372087
2372088
2372090
2372091
2372092
2372094
2372096
2372098
2372099
2372101
2372102
2372103
2372104
2372105
2372107
2372108
2372110
2372113
2372114
2372116
2372118
2372119
2372120
2372121
2372123
2372124
2372125
2372126
2372127
2372129
2372131
2372132
2372133
2372135
2372137
2372138
2372139
2372140
2372141
2372142
2372143
2372144
2372145
2372146
2372147
2372151
2372152
2372153
2372156
2372157
2372158
2372160
2372162
2372164
2372165
2372166
2372167
2372170
2372173
2372176
2372177
2372178
2372179
2372184
2372186
2372187
2372188
2372189
2372190
2372191
2372192
2372194
2372195
2372197
2372198
2372200
2372201
2372202
2372203
2372204
2372207
2372210
2372211
2372213
2372214
2372216
2372217
2372218
2372219
2372220
2372221
2372222
2372224
2372225
2372228
2372229
2372230
2372231
2372233
2372236
2372237
2372238
2372239
2372243
2372244
2372245
2372249
2372252
2372255
2372257
2372259
2372260
2372261
2372262
2372265
2372266
2372269
2372270
2372274
2372275
2372276
2372278
2372279
2372282
2372284
2372285
2372287
2372288
2372290
2372291
2372292
2372294
2372295
2372297
2372298
2372299
2372304
2372305
2372309
2372310
2372315
2372316
2372318
2372319
2372320
2372321
2372322
2372323
2372324
2372325
2372326
2372327
2372328
2372329
2372330
2372332
2372336
2372337
2372340
2372342
2372343
2372344
2372345
2372346
2372349
2372350
2372351
2372352
2372353
2372355
2372357
2372358
2372361
2372362
2372364
2372365
2372367
2372368
2372369
2372370
2372371
2372372
2372374
2372376
2372377
2372378
2372379
2372380
2372381
2372382
2372383
2372384
2372386
2372387
2372389
2372390
2372391
2372392
2372395
2372397
2372398
2372400
2372401
2372403
2372405
2372406
2372408
2372411
2372415
2372416
2372417
2372419
2372420
2372423
2372424
2372426
2372427
2372428
2372429
2372431
2372432
2372433
2372434
2372435
2372436
2372437
2372440
2372442
2372443
2372444
2372445
2372446
2372447
2372448
2372449
2372450
2372451
2372454
2372455
2372456
2372460
2372461
2372462
2372463
2372464
2372467
2372468
2372471
2372472
2372473
2372474
2372475
2372476
2372478
2372479
2372480
2372484
2372485
2372486
2372487
2372489
2372490
2372491
2372495
2372498
2372501
2372502
2372503
2372504
2372507
2372509
2372510
2372511
2372512
2372513
2372518
2372520
2372523
2372525
2372526
2372527
2372528
2372529
2372531
2372532
2372533
2372534
2372535
2372536
2372537
2372539
2372540
2372541
2372542
2372543
2372544
2372546
2372547
2372548
2372550
2372551
2372553
2372554
2372555
2372556
2372557
2372558
2372560
2372561
2372562
2372563
2372564
2372565
2372566
2372567
2372569
2372572
2372573
2372575
2372576
2372578
2372580
2372581
2372582
2372583
2372587
2372588
2372591
2372593
2372594
2372595
2372596
2372598
2372601
2372606
2372608
2372609
2372610
2372611
2372612
2372615
2372616
2372618
2372619
2372620
2372622
2372630
2372634
2372635
2372641
2372643
2372645
2372646
2372647
2372649
2372651
2372655
2372658
2372660
2372661
2372663
2372665
2372666
2372667
2372668
2372669
2372670
2372671
2372672
2372673
2372675
2372677
2372681
2372682
2372683
2372684
2372685
2372686
2372687
2372688
2372689
2372690
2372691
2372692
2372694
2372695
2372696
2372697
2372699
2372700
2372701
2372702
2372703
2372706
2372707
2372708
2372710
2372711
2372712
2372713
2372714
2372716
2372717
2372718
2372719
2372720
2372722
2372724
2372725
2372726
2372727
2372728
2372730
2372731
2372732
2372733
2372734
2372735
2372736
2372741
2372742
2372743
2372744
2372745
2372746
2372747
2372748
2372749
2372750
2372752
2372754
2372756
2372757
2372758
2372759
2372760
2372761
2372763
2372764
2372765
2372766
2372767
2372768
2372769
2372770
2372771
2372772
2372773
2372774
2372775
2372777
2372779
2372780
2372781
2372782
2372783
2372785
2372787
2372788
2372789
2372790
2372791
2372794
2372795
2372796
2372798
2372799
2372801
2372802
2372803
2372804
2372806
2372808
2372809
2372810
2372811
2372813
2372814
2372815
2372816
2372817
2372818
2372819
2372820
2372821
2372822
2372823
2372826
2372827
2372828
2372829
2372831
2372832
2372833
2372834
2372835
2372839
2372840
2372841
2372843
2372844
2372845
2372846
2372847
2372848
2372849
2372850
2372851
2372853
2372854
2372856
2372859
2372860
2372861
2372862
2372864
2372865
2372866
2372867
2372868
2372870
2372872
2372873
2372874
2372875
2372876
2372877
2372878
2372879
2372880
2372881
2372882
2372883
2372884
2372885
2372886
2372887
2372888
2372889
2372890
2372891
2372892
2372893
2372894
2372895
2372896
2372897
2372898
2372899
2372901
2372903
2372904
2372905
2372906
2372907
2372908
2372909
2372910
2372911
2372912
2372913
2372914
2372915
2372916
2372917
2372919
2372920
2372921
2372922
2372923
2372924
2372925
2372926
2372927
2372928
2372929
2372930
2372931
2372932
2372933
2372934
2372935
2372936
2372937
2372938
2372939
2372940
2372941
2372942
2372943
2372944
2372945
2372946
2372948
2372950
2372951
2372952
2372953
2372954
2372955
2372956
2372957
2372958
2372959
2372961
2372962
2372963
2372964
2372965
2372966
2372967
2372968
2372969
2372970
2372971
2372972
2372973
2372974
2372975
2372976
2372978
2372981
2372982
2372983
2372984
2372985
2372986
2372988
2372989
2372990
2372991
2372992
2372993
2372994
2372995
2372996
2372997
2372998
2372999
2373000
2373001
2373003
2373004
2373005
2373006
2373008
2373009
2373010
2373011
2373012
2373013
2373014
2373015
2373016
2373017
2373018
2373019
2373020
2373021
2373022
2373025
2373026
2373027
2373028
2373029
2373030
2373032
2373034
2373035
2373037
2373038
2373039
2373040
2373041
2373042
2373043
2373044
2373045
2373046
2373047
2373048
2373049
2373050
2373051
2373052
2373053
2373054
2373055
2373056
2373057
2373058
2373060
2373062
2373063
2373064
2373065
2373067
2373068
2373069
2373072
2373073
2373074
2373075
2373076
2373078
2373079
2373080
2373081
2373082
2373084
2373085
2373086
2373087
2373089
2373090
2373091
2373092
2373093
2373094
2373095
2373096
2373097
2373098
2373099
2373100
2373101
2373102
2373103
2373104
2373105
2373106
2373107
2373108
2373109
2373110
2373111
2373112
2373113
2373114
2373115
2373116
2373117
2373118
2373119
2373120
2373122
2373123
2373124
2373125
2373127
2373128
2373130
2373131
2373132
2373133
2373134
2373135
2373136
2373137
2373138
2373139
2373140
2373141
2373142
2373143
2373144
2373146
2373147
2373148
2373150
2373151
2373152
2373153
2373154
2373155
2373157
2373159
2373160
2373161
2373162
2373163
2373164
2373165
2373166
2373167
2373168
2373169
2373170
2373171
2373172
2373174
2373175
2373177
2373178
2373179
2373180
2373181
2373182
2373183
2373184
2373185
2373187
2373188
2373189
2373190
2373192
2373193
2373194
2373195
2373196
2373197
2373198
2373199
2373200
2373202
2373203
2373204
2373205
2373206
2373207
2373208
2373209
2373210
2373211
2373212
2373213
2373214
2373216
2373217
2373218
2373219
2373220
2373223
2373224
2373225
2373226
2373227
2373229
2373230
2373232
2373233
2373234
2373235
2373236
2373237
2373238
2373239
2373240
2373241
2373242
2373244
2373245
2373246
2373247
2373248
2373249
2373250
2373251
2373252
2373253
2373254
2373255
2373256
2373258
2373259
2373260
2373262
2373263
2373264
2373267
2373268
2373269
2373270
2373272
2373274
2373275
2373276
2373277
2373278
2373280
2373281
2373282
2373283
2373286
2373287
2373288
2373289
2373290
2373291
2373292
2373293
2373294
2373296
2373297
2373298
2373300
2373301
2373302
2373303
2373304
2373306
2373307
2373308
2373309
2373310
2373313
2373314
2373317
2373318
2373319
2373322
2373323
2373324
2373325
2373326
2373327
2373328
2373329
2373330
2373331
2373332
2373333
2373334
2373335
2373336
2373337
2373338
2373340
2373341
2373342
2373343
2373344