2524445
2524447
2524449
2524450
2524451
2524454
2524455
2524458
2524459
2524461
2524462
2524469
2524471
2524472
2524473
2524474
2524476
2524477
2524478
2524479
2524480
2524481
2524482
2524483
2524484
2524486
2524488
2524489
2524490
2524491
2524492
2524493
2524494
2524495
2524496
2524497
2524498
2524499
2524500
2524501
2524502
2524503
2524505
2524506
2524507
2524508
2524509
2524510
2524511
2524512
2524513
2524514
2524516
2524519
2524520
2524521
2524522
2524523
2524524
2524525
2524526
2524527
2524528
2524529
2524531
2524534
2524535
2524536
2524543
2524548
2524550
2524551
2524553
2524554
2524555
2524556
2524557
2524558
2524568
2524569
2524570
2524571
2524572
2524573
2524574
2524575
2524576
2524578
2524581
2524582
2524583
2524584
2524585
2524586
2524587
2524588
2524590
2524591
2524592
2524593
2524594
2524595
2524597
2524600
2524602
2524603
2524604
2524605
2524606
2524607
2524609
2524610
2524611
2524612
2524613
2524614
2524616
2524618
2524620
2524621
2524622
2524623
2524624
2524625
2524626
2524627
2524628
2524629
2524630
2524633
2524634
2524635
2524636
2524637
2524638
2524639
2524640
2524641
2524642
2524643
2524644
2524645
2524646
2524648
2524649
2524650
2524652
2524653
2524654
2524656
2524657
2524658
2524659
2524660
2524662
2524664
2524665
2524666
2524668
2524669
2524670
2524671
2524672
2524674
2524675
2524676
2524677
2524678
2524679
2524682
2524683
2524684
2524686
2524687
2524688
2524689
2524690
2524691
2524693
2524694
2524695
2524696
2524697
2524698
2524699
2524700
2524701
2524703
2524704
2524705
2524706
2524707
2524708
2524709
2524710
2524711
2524712
2524713
2524714
2524715
2524716
2524717
2524719
2524720
2524721
2524724
2524725
2524726
2524727
2524728
2524729
2524730
2524731
2524732
2524733
2524735
2524736
2524737
2524738
2524739
2524742
2524743
2524744
2524745
2524746
2524748
2524749
2524751
2524752
2524753
2524754
2524755
2524756
2524757
2524760
2524764
2524765
2524766
2524767
2524768
2524770
2524774
2524777
2524782
2524784
2524787
2524794
2524795
2524796
2524797
2524798
2524799
2524800
2524801
2524802
2524803
2524804
2524805
2524807
2524808
2524809
2524810
2524811
2524812
2524813
2524814
2524817
2524818
2524820
2524821
2524822
2524823
2524824
2524825
2524826
2524828
2524829
2524830
2524832
2524833
2524834
2524835
2524836
2524837
2524838
2524839
2524840
2524841
2524842
2524843
2524844
2524845
2524846
2524847
2524848
2524849
2524850
2524852
2524853
2524854
2524855
2524856
2524857
2524858
2524859
2524860
2524861
2524862
2524864
2524866
2524867
2524868
2524869
2524871
2524872
2524873
2524874
2524875
2524877
2524878
2524879
2524880
2524881
2524882
2524883
2524884
2524885
2524886
2524887
2524888
2524889
2524890
2524891
2524893
2524895
2524896
2524897
2524898
2524899
2524900
2524901
2524902
2524903
2524906
2524907
2524908
2524909
2524910
2524911
2524912
2524913
2524914
2524915
2524916
2524917
2524919
2524921
2524922
2524923
2524924
2524925
2524926
2524927
2524928
2524929
2524930
2524931
2524932
2524933
2524934
2524935
2524937
2524941
2524942
2524943
2524944
2524945
2524946
2524948
2524949
2524950
2524951
2524952
2524953
2524954
2524955
2524956
2524957
2524958
2524959
2524960
2524961
2524962
2524963
2524964
2524965
2524966
2524967
2524968
2524970
2524971
2524972
2524973
2524975
2524976
2524977
2524978
2524980
2524982
2524983
2524984
2524985
2524986
2524987
2524988
2524989
2524990
2524991
2524992
2524993
2524994
2524995
2524996
2524997
2524998
2524999
2525000
2525001
2525003
2525004
2525005
2525006
2525007
2525008
2525009
2525011
2525012
2525013
2525014
2525015
2525016
2525017
2525019
2525021
2525022
2525025
2525028
2525030
2525033
2525038
2525045
2525049
2525051
2525052
2525055
2525056
2525057
2525058
2525059
2525060
2525061
2525062
2525063
2525064
2525065
2525066
2525067
2525068
2525069
2525070
2525071
2525072
2525073
2525074
2525075
2525076
2525077
2525078
2525079
2525080
2525081
2525082
2525083
2525084
2525085
2525086
2525087
2525088
2525089
2525090
2525091
2525092
2525093
2525095
2525096
2525097
2525098
2525099
2525100
2525101
2525104
2525106
2525107
2525108
2525109
2525110
2525111
2525112
2525113
2525114
2525115
2525116
2525117
2525118
2525119
2525120
2525121
2525122
2525123
2525124
2525125
2525126
2525127
2525128
2525129
2525130
2525131
2525132
2525133
2525134
2525135
2525136
2525137
2525138
2525139
2525140
2525141
2525142
2525143
2525144
2525145
2525146
2525147
2525148
2525150
2525151
2525152
2525153
2525154
2525155
2525156
2525157
2525158
2525159
2525160
2525162
2525163
2525164
2525165
2525167
2525187
2525188
2525190
2525194
2525196
2525198
2525199
2525200
2525201
2525202
2525204
2525205
2525206
2525207
2525208
2525209
2525210
2525211
2525212
2525213
2525214
2525215
2525216
2525217
2525218
2525219
2525220
2525221
2525222
2525223
2525224
2525225
2525226
2525228
2525230
2525231
2525232
2525234
2525235
2525236
2525237
2525238
2525239
2525240
2525241
2525243
2525244
2525246
2525247
2525250
2525252
2525253
2525254
2525255
2525256
2525257
2525258
2525259
2525260
2525261
2525262
2525263
2525264
2525265
2525266
2525267
2525268
2525270
2525272
2525273
2525275
2525277
2525278
2525279
2525280
2525281
2525282
2525283
2525285
2525286
2525287
2525288
2525289
2525290
2525291
2525292
2525293
2525294
2525295
2525296
2525297
2525298
2525299
2525301
2525302
2525303
2525304
2525305
2525306
2525307
2525308
2525309
2525310
2525311
2525312
2525313
2525314
2525315
2525316
2525317
2525318
2525320
2525321
2525325
2525330
2525331
2525332
2525333
2525334
2525336
2525337
2525338
2525339
2525340
2525341
2525342
2525343
2525344
2525345
2525346
2525347
2525348
2525349
2525350
2525351
2525352
2525353
2525354
2525356
2525361
2525362
2525363
2525364
2525365
2525366
2525368
2525369
2525370
2525371
2525372
2525373
2525374
2525375
2525376
2525377
2525378
2525380
2525381
2525382
2525383
2525386
2525387
2525388
2525389
2525390
2525391
2525392
2525393
2525394
2525395
2525396
2525398
2525399
2525400
2525401
2525402
2525403
2525405
2525406
2525407
2525408
2525409
2525410
2525411
2525412
2525413
2525414
2525415
2525416
2525417
2525418
2525419
2525420
2525421
2525422
2525423
2525424
2525425
2525426
2525427
2525428
2525429
2525430
2525431
2525433
2525434
2525435
2525436
2525437
2525438
2525439
2525440
2525441
2525442
2525443
2525444
2525445
2525446
2525447
2525448
2525449
2525450
2525451
2525452
2525453
2525454
2525455
2525456
2525457
2525458
2525459
2525460
2525461
2525462
2525463
2525464
2525465
2525466
2525467
2525470
2525471
2525472
2525473
2525474
2525475
2525476
2525477
2525478
2525479
2525480
2525481
2525482
2525483
2525484
2525486
2525487
2525488
2525489
2525490
2525491
2525492
2525493
2525494
2525495
2525496
2525497
2525498
2525499
2525500
2525501
2525502
2525503
2525505
2525507
2525508
2525509
2525510
2525512
2525513
2525514
2525515
2525516
2525517
2525518
2525519
2525520
2525521
2525522
2525523
2525524
2525525
2525526
2525527
2525528
2525529
2525530
2525531
2525533
2525534
2525535
2525536
2525537
2525538
2525540
2525541
2525542
2525543
2525544
2525546
2525547
2525548
2525549
2525550
2525551
2525552
2525553
2525554
2525555
2525556
2525557
2525559
2525560
2525561
2525562
2525563
2525564
2525565
2525566
2525567
2525568
2525569
2525570
2525571
2525572
2525573
2525575
2525576
2525577
2525578
2525579
2525580
2525581
2525582
2525583
2525584
2525585
2525586
2525587
2525588
2525589
2525590
2525591
2525592
2525593
2525595
2525596
2525597
2525598
2525599
2525601
2525602
2525603
2525604
2525605
2525607
2525608
2525610
2525611
2525613
2525614
2525615
2525616
2525617
2525618
2525619
2525620
2525621
2525622
2525625
2525626
2525627
2525628
2525629
2525630
2525632
2525633
2525634
2525635
2525636
2525637
2525638
2525639
2525640
2525641
2525642
2525643
2525644
2525645
2525646
2525647
2525648
2525649
2525650
2525651
2525652
2525653
2525654
2525655
2525656
2525657
2525658
2525659
2525660
2525661
2525663
2525664
2525665
2525666
2525667
2525668
2525669
2525670
2525671
2525672
2525674
2525675
2525676
2525677
2525679
2525683
2525684
2525685
2525687
2525688
2525689
2525690
2525691
2525692
2525693
2525694
2525695
2525696
2525697
2525698
2525699
2525701
2525702
2525703
2525705
2525707
2525708
2525709
2525710
2525711
2525712
2525713
2525714
2525715
2525716
2525717
2525720
2525723
2525724
2525725
2525726
2525727
2525728
2525729
2525730
2525732
2525734
2525735
2525740
2525741
2525742
2525744
2525745
2525746
2525747
2525748
2525749
2525750
2525752
2525753
2525754
2525755
2525756
2525757
2525758
2525759
2525760
2525761
2525762
2525763
2525764
2525765
2525766
2525768
2525770
2525772
2525774
2525775
2525777
2525778
2525779
2525780
2525781
2525782
2525783
2525784
2525786
2525787
2525788
2525789
2525790
2525791
2525792
2524475
2524702
2524806
2524815
2524816
2524831
2524863
2524865
2524969
2524979
2525002
2525010