2512356
2512358
2512359
2512360
2512365
2512369
2512371
2512374
2512381
2512382
2512386
2512387
2512391
2512395
2512396
2512398
2512400
2512401
2512402
2512403
2512405
2512407
2512408
2512409
2512411
2512412
2512413
2512414
2512415
2512416
2512418
2512419
2512417
2512420
2512423
2512424
2512421
2512426
2512428
2512429
2512430
2512431
2512432
2512433
2512435
2512436
2512437
2512438
2512434
2512439
2512441
2512442
2512443
2512440
2512444
2512449
2512450
2512451
2512452
2512453
2512454
2512455
2512456
2512459
2512460
2512462
2512463
2512464
2512465
2512461
2512468
2512469
2512470
2512471
2512476
2512477
2512481
2512482
2512483
2512484
2512486
2512485
2512488
2512487
2512490
2512491
2512492
2512493
2512494
2512496
2512495
2512498
2512504
2512508
2512510
2512512
2512513
2512518
2512519
2512520
2512521
2512522
2512523
2512524
2512526
2512527
2512529
2512530
2512531
2512532
2512533
2512534
2512535
2512536
2512537
2512538
2512542
2512544
2512546
2512547
2512548
2512549
2512550
2512552
2512551
2512553
2512556
2512557
2512554
2512555
2512561
2512562
2512559
2512563
2512564
2512565
2512568
2512571
2512573
2512574
2512575
2512576
2512577
2512578
2512579
2512580
2512581
2512583
2512584
2512585
2512588
2512590
2512591
2512592
2512593
2512595
2512596
2512597
2512598
2512601
2512603
2512604
2512605
2512607
2512610
2512612
2512618
2512619
2512620
2512621
2512622
2512623
2512624
2512626
2512627
2512629
2512628
2512630
2512634
2512635
2512636
2512637
2512638
2512639
2512640
2512642
2512644
2512646
2512648
2512649
2512650
2512651
2512652
2512654
2512655
2512656
2512657
2512658
2512659
2512660
2512661
2512662
2512663
2512664
2512665
2512666
2512668
2512667
2512669
2512670
2512671
2512675
2512676
2512672
2512674
2512677
2512681
2512682
2512684
2512678
2512686
2512679
2512680
2512683
2512685
2512687
2512692
2512688
2512689
2512690
2512696
2512691
2512698
2512693
2512694
2512695
2512697
2512699
2512700
2512701
2512707
2512708
2512702
2512703
2512711
2512712
2512709
2512710
2512714
2512715
2512716
2512717
2512718
2512720
2512721
2512723
2512724
2512725
2512726
2512727
2512728
2512729
2512730
2512731
2512732
2512733
2512735
2512736
2512737
2512738
2512739
2512740
2512741
2512734
2512743
2512745
2512746
2512744
2512747
2512748
2512749
2512751
2512750
2512753
2512752
2512754
2512755
2512758
2512760
2512756
2512757
2512764
2512762
2512765
2512767
2512768
2512766
2512769
2512772
2512770
2512773
2512774
2512776
2512777
2512778
2512779
2512780
2512781
2512782
2512784
2512783
2512786
2512787
2512788
2512789
2512790
2512791
2512792
2512793
2512794
2512795
2512796
2512797
2512798
2512799
2512800
2512801
2512802
2512803
2512805
2512804
2512806
2512808
2512810
2512809
2512811
2512812
2512814
2512815
2512813
2512816
2512817
2512818
2512820
2512821
2512822
2512823
2512824
2512829
2512830
2512831
2512832
2512833
2512835
2512836
2512838
2512839
2512840
2512841
2512842
2512843
2512844
2512845
2512846
2512847
2512850
2512853
2512854
2512855
2512856
2512857
2512859
2512860
2512858
2512861
2512863
2512865
2512866
2512867
2512868
2512869
2512870
2512871
2512872
2512873
2512874
2512877
2512876
2512878
2512881
2512880
2512882
2512883
2512884
2512885
2512886
2512889
2512890
2512891
2512887
2512892
2512893
2512894
2512895
2512897
2512898
2512899
2512896
2512900
2512902
2512901
2512904
2512903
2512905
2512907
2512909
2512910
2512908
2512911
2512912
2512913
2512914
2512915
2512916
2512917
2512918
2512920
2512922
2512924
2512925
2512926
2512927
2512928
2512930
2512931
2512932
2512933
2512934
2512936
2512935
2512938
2512937
2512939
2512941
2512943
2512945
2512942
2512944
2512946
2512947
2512950
2512951
2512948
2512953
2512954
2512956
2512957
2512958
2512959
2512961
2512960
2512962
2512964
2512966
2512963
2512968
2512965
2512967
2512971
2512972
2512969
2512974
2512970
2512973
2512975
2512979
2512976
2512977
2512978
2512983
2512984
2512980
2512981
2512985
2512986
2512987
2512988
2512991
2512990
2512992
2512994
2512996
2512993
2512998
2512995
2512997
2513002
2512999
2513000
2513001
2513003
2513007
2513008
2513004
2513005
2513012
2513006
2513009
2513010
2513011
2513018
2513013
2513014
2513022
2513023
2513015
2513026
2513020
2513028
2513021
2513024
2513025
2513030
2513031
2513032
2513033
2513038
2513034
2513035
2513037
2513039
2513044
2513040
2513046
2513041
2513043
2513045
2513047
2513048
2513049
2513053
2513054
2513050
2513051
2513052
2513055
2513059
2513056
2513057
2513060
2513061
2513062
2513065
2513063
2513064
2513066
2513067
2513069
2513070
2513071
2513073
2513072
2513075
2513074
2513076
2513079
2513080
2513081
2513077
2513078
2513082
2513085
2513083
2513086
2513088
2513089
2513091
2513092
2513093
2513094
2513096
2513097
2513099
2513100
2513101
2513104
2513105
2513107
2513108
2513106
2513110
2513112
2513109
2513111
2513115
2513113
2513117
2513118
2513119
2513120
2513121
2513122
2513123
2513116
2513125
2513127
2513128
2513129
2513130
2513131
2513133
2513134
2513135
2513136
2513137
2513138
2513139
2513140
2513141
2513142
2513143
2513144
2513145
2513147
2513148
2513149
2513150
2513151
2513152
2513153
2513154
2513155
2513157
2513156
2513159
2513158
2513161
2513162
2513164
2513160
2513166
2513167
2513163
2513165
2513171
2513168
2513173
2513169
2513175
2513176
2513178
2513179
2513172
2513177
2513180
2513183
2513181
2513182
2513186
2513184
2513188
2513189
2513190
2513192
2513185
2513194
2513195
2513187
2513197
2513198
2513199
2513200
2513193
2513202
2513203
2513204
2513207
2513208
2513209
2513210
2513211
2513213
2513214
2513216
2513217
2513218
2513219
2513220
2513223
2513224
2513225
2513226
2513227
2513228
2513221
2513230
2513229
2513232
2513233
2513234
2513235
2513236
2513237
2513238
2513239
2513231
2513241
2513243
2513244
2513240
2513246
2513247
2513248
2513249
2513250
2513251
2513252
2513253
2513255
2513257
2513258
2513259
2513262
2513263
2513264
2513265
2513266
2513267
2513268
2513269
2513270
2513271
2513272
2513274
2513275
2513276
2513277
2513279
2513280
2513281
2513282
2513283
2513284
2513287
2513293
2513294
2513295
2513296
2513298
2513299
2513300
2513301
2513303
2513302
2513304
2513305
2513307
2513308
2513311
2513312
2513313
2513314
2513315
2513318
2513316
2513317
2513321
2513319
2513320
2513324
2513325
2513327
2513330
2513334
2513335
2513336
2513338
2513339
2513340
2513341
2513342
2513343
2513345
2513346
2513347
2513348
2513349
2513350
2513351
2513352
2513353
2513354
2513355
2513356
2513357
2513358
2513359
2513360
2513361
2513362
2513363
2513364
2513365
2513366
2513368
2513369
2513374
2513375
2513370
2513371
2513372
2513376
2513377
2513378
2513383
2513386
2513381
2513382
2513384
2513394
2513387
2513388
2513397
2513399
2513391
2513401
2513396
2513398
2513400
2513406
2513408
2513402
2513403
2513411
2513404
2513405
2513414
2513415
2513416
2513409
2513412
2513417
2513421
2513418
2513419
2513420
2513422
2513423
2513424
2513425
2513427
2513428
2513430
2513431
2513432
2513435
2513433
2513437
2513438
2513439
2513434
2513436
2513440
2513441
2513445
2513446
2513447
2513443
2513448
2513449
2513450
2513451
2513452
2513453
2513455
2513456
2513458
2513459
2513460
2513462
2513461
2513464
2513465
2513466
2513467
2513468
2513469
2513470
2513471
2513472
2513473
2513474
2513475
2513477
2513478
2513479
2513480
2513481
2513482
2513484
2513483
2513486
2513485
2513487
2513489
2513490
2513491
2513492
2513493
2513494
2513495
2513496
2513497
2513499
2513498
2513500
2513501
2513503
2513505
2513504
2513506
2513507
2513508
2513509
2513510
2513514
2513511
2513516
2513518
2513519
2513520
2513521
2513522
2513525
2513526
2513527
2513528
2513529
2513530
2513531
2513532
2513533
2513534
2513535
2513536
2513537
2513538
2513540
2513541
2513542
2513543
2513547
2513548
2513549
2513550
2513552
2513554
2513555
2513556
2513558
2513559
2513560
2513561
2513562
2513563
2513565
2513566
2513567
2513568
2513573
2513575
2513576
2513577
2513578
2513579
2513581
2513582
2513583
2513584
2513585
2513586
2513587
2513588
2513589
2513590
2513593
2513591
2513592
2513594
2513598
2513603
2513604
2513605
2513613
2513614
2513615
2513616
2513617
2513618
2513619
2513620
2513621
2513623
2513624
2513625
2513630
2513631
2513633
2513634
2513636
2513637
2513640
2513641
2513642
2513646
2513648
2513651
2513652
2513653
2513654
2513656
2513657
2513660
2513662
2513663
2513664
2513666
2513669
2513671
2513675
2513679
2513680
2513681
2513682
2513683
2513685
2513686
2513687
2513688
2513692
2513696
2513697
2513699
2513700
2513701
2513705
2513706
2513707
2513708
2513709
2513712
2513713
2513715
2513717
2513718
2513719
2513720
2513722
2513724
2513725
2513726
2513727
2513728
2513729
2513730
2513732
2513733
2513734
2513735
2513736
2513737
2513738
2513739
2513740
2513741
2513744
2513746
2513747
2513748
2513749
2513750
2513751
2513752
2513753
2513755
2513756
2513757
2513758
2513759
2513760
2513761
2513762
2513763
2513764
2513765
2513766
2513768
2513770
2513771
2513772
2513773
2513774
2513775
2513776
2513777
2513778
2513779
2513780
2513781
2513782
2513783
2513784
2513786
2513787
2513788
2513789
2513790
2513792
2513794
2513795
2513796
2513797
2513798
2513800
2513801
2513803
2513804
2513806
2513808
2513809
2513810
2513814
2512949
2512952
2512955
2513444
2512704
2512706
2512713
2512722
2512785
2513016
2513170
2513174
2513222
2513379
2513380
2513385
2513389
2513390
2513392
2513393
2513407
2513410
2513426
2513429
2513442
2513463
2513502