2498362
2498363
2498364
2498365
2498366
2498367
2498368
2498369
2498370
2498371
2498372
2498373
2498374
2498375
2498378
2498379
2498380
2498381
2498382
2498383
2498384
2498385
2498386
2498390
2498392
2498397
2498398
2498399
2498400
2498401
2498402
2498403
2498404
2498405
2498406
2498407
2498408
2498409
2498410
2498411
2498412
2498413
2498414
2498415
2498416
2498417
2498418
2498419
2498420
2498422
2498423
2498424
2498425
2498426
2498427
2498428
2498429
2498430
2498431
2498433
2498434
2498437
2498438
2498439
2498440
2498441
2498442
2498443
2498444
2498445
2498446
2498448
2498449
2498450
2498451
2498452
2498454
2498455
2498456
2498458
2498459
2498460
2498461
2498463
2498464
2498465
2498466
2498467
2498468
2498470
2498471
2498472
2498473
2498474
2498475
2498477
2498479
2498487
2498488
2498489
2498490
2498491
2498493
2498494
2498495
2498497
2498498
2498499
2498501
2498502
2498503
2498504
2498505
2498506
2498507
2498508
2498509
2498510
2498511
2498512
2498513
2498514
2498515
2498516
2498517
2498518
2498519
2498520
2498521
2498524
2498525
2498526
2498527
2498528
2498529
2498531
2498532
2498533
2498534
2498535
2498536
2498537
2498539
2498540
2498541
2498542
2498543
2498544
2498545
2498547
2498548
2498549
2498550
2498551
2498552
2498553
2498554
2498555
2498558
2498560
2498561
2498566
2498569
2498570
2498573
2498579
2498581
2498582
2498587
2498588
2498590
2498591
2498593
2498596
2498605
2498610
2498613
2498615
2498617
2498618
2498623
2498626
2498629
2498630
2498640
2498647
2498654
2498659
2498660
2498662
2498664
2498670
2498671
2498672
2498681
2498689
2498698
2498702
2498705
2498707
2498709
2498710
2498712
2498713
2498715
2498716
2498717
2498718
2498720
2498721
2498724
2498727
2498732
2498733
2498735
2498736
2498744
2498749
2498751
2498755
2498759
2498763
2498764
2498767
2498769
2498770
2498774
2498776
2498778
2498780
2498781
2498784
2498785
2498786
2498788
2498789
2498790
2498791
2498792
2498794
2498795
2498797
2498798
2498800
2498805
2498807
2498809
2498811
2498814
2498818
2498823
2498824
2498827
2498828
2498829
2498830
2498831
2498833
2498836
2498837
2498838
2498839
2498841
2498848
2498850
2498852
2498853
2498855
2498858
2498868
2498870
2498871
2498874
2498875
2498876
2498878
2498879
2498880
2498882
2498883
2498884
2498885
2498887
2498891
2498893
2498894
2498896
2498897
2498898
2498899
2498900
2498904
2498905
2498906
2498908
2498909
2498910
2498911
2498912
2498913
2498914
2498922
2498923
2498924
2498925
2498926
2498928
2498929
2498932
2498933
2498934
2498936
2498937
2498938
2498940
2498941
2498942
2498943
2498944
2498946
2498947
2498948
2498951
2498952
2498954
2498955
2498957
2498958
2498963
2498964
2498965
2498966
2498967
2498971
2498973
2498975
2498976
2498977
2498978
2498979
2498981
2498982
2498983
2498984
2498985
2498986
2498987
2498988
2498989
2498991
2498992
2498993
2498995
2498996
2498997
2498998
2498999
2499000
2499001
2499002
2499003
2499004
2499005
2499006
2499007
2499008
2499009
2499010
2499011
2499013
2499014
2499017
2499018
2499019
2499020
2499021
2499022
2499023
2499024
2499025
2499026
2499027
2499028
2499029
2499030
2499031
2499032
2499033
2499034
2499035
2499036
2499037
2499038
2499039
2499040
2499042
2499043
2499045
2499046
2499049
2499050
2499051
2499053
2499054
2499055
2499056
2499059
2499060
2499061
2499062
2499063
2499064
2499065
2499066
2499067
2499068
2499076
2499077
2499078
2499079
2499080
2499082
2499084
2499087
2499089
2499090
2499091
2499094
2499095
2499096
2499097
2499101
2499109
2499110
2499111
2499112
2499114
2499115
2499118
2499119
2499120
2499122
2499124
2499125
2499127
2499128
2499131
2499132
2499135
2499137
2499139
2499140
2499141
2499144
2499147
2499148
2499149
2499150
2499151
2499154
2499155
2499157
2499158
2499159
2499160
2499161
2499162
2499163
2499164
2499165
2499166
2499167
2499171
2499172
2499173
2499174
2499175
2499176
2499177
2499178
2499180
2499181
2499184
2499185
2499186
2499187
2499188
2499189
2499190
2499192
2499193
2499194
2499196
2499198
2499199
2499200
2499201
2499202
2499203
2499206
2499207
2499208
2499209
2499210
2499211
2499212
2499213
2499215
2499216
2499217
2499218
2499219
2499221
2499222
2499223
2499224
2499225
2499226
2499227
2499228
2499229
2499230
2499231
2499232
2499233
2499234
2499235
2499236
2499237
2499238
2499239
2499240
2499241
2499242
2499243
2499245
2499244
2499247
2499248
2499249
2499250
2499251
2499252
2499253
2499255
2499256
2499257
2499258
2499260
2499261
2499262
2499263
2499264
2499265
2499266
2499267
2499268
2499269
2499270
2499271
2499272
2499273
2499275
2499276
2499278
2499279
2499280
2499281
2499283
2499285
2499286
2499287
2499288
2499289
2499290
2499291
2499292
2499293
2499294
2499295
2499296
2499297
2499298
2499299
2499300
2499302
2499303
2499304
2499305
2499306
2499308
2499310
2499311
2499312
2499313
2499314
2499316
2499317
2499319
2499320
2499321
2499322
2499323
2499324
2499325
2499326
2499327
2499328
2499329
2499330
2499334
2499335
2499336
2499338
2499339
2499340
2499341
2499342
2499344
2499346
2499348
2499350
2499351
2499352
2499353
2499354
2499355
2499356
2499357
2499358
2499360
2499361
2499362
2499365
2499366
2499367
2499368
2499369
2499371
2499373
2499374
2499375
2499376
2499377
2499378
2499381
2499386
2499387
2499388
2499389
2499390
2499391
2499392
2499393
2499395
2499396
2499398
2499399
2499401
2499402
2499405
2499406
2499407
2499408
2499409
2499410
2499411
2499412
2499413
2499414
2499415
2499417
2499418
2499419
2499420
2499423
2499424
2499425
2499421
2499427
2499428
2499429
2499430
2499431
2499432
2499433
2499434
2499435
2499436
2499437
2499438
2499439
2499441
2499442
2499444
2499445
2499448
2499449
2499450
2499452
2499453
2499454
2499456
2499458
2499459
2499460
2499461
2499462
2499463
2499464
2499465
2499466
2499467
2499469
2499468
2499471
2499472
2499473
2499474
2499475
2499477
2499478
2499479
2499480
2499481
2499482
2499484
2499485
2499488
2499489
2499490
2499491
2499493
2499494
2499495
2499499
2499500
2499501
2499503
2499505
2499507
2499508
2499510
2499512
2499516
2499521
2499525
2499526
2499528
2499531
2499532
2499536
2499541
2499542
2499543
2499544
2499546
2499549
2499552
2499553
2499555
2499557
2499560
2499564
2499567
2499568
2499569
2499570
2499571
2499572
2499573
2499574
2499575
2499577
2499578
2499579
2499580
2499581
2499582
2499584
2499585
2499586
2499583
2499588
2499589
2499590
2499592
2499593
2499594
2499595
2499596
2499598
2499599
2499601
2499607
2499608
2499609
2499610
2499611
2499613
2499615
2499616
2499619
2499620
2499621
2499622
2499625
2499627
2499630
2499633
2499635
2499637
2499640
2499641
2499647
2499649
2499651
2499653
2499658
2499660
2499663
2499664
2499666
2499667
2499668
2499669
2499670
2499676
2499679
2499681
2499685
2499687
2499691
2499694
2499699
2498376
2498377
2498462
2498522
2498523
2498546
2499246
2499254
2499259