2553199
2553246
2553634
2553146
2553243
2553256
2553322
2552323
2552324
2552325
2552326
2552327
2552328
2552329
2552330
2552332
2552333
2552334
2552335
2552336
2552337
2552339
2552340
2552342
2552345
2552346
2552347
2552349
2552350
2552351
2552352
2552355
2552356
2552357
2552358
2552359
2552360
2552361
2552362
2552364
2552366
2552367
2552368
2552369
2552370
2552371
2552372
2552374
2552375
2552376
2552377
2552379
2552380
2552381
2552382
2552383
2552384
2552385
2552386
2552387
2552388
2552389
2552391
2552397
2552398
2552399
2552400
2552401
2552402
2552404
2552405
2552406
2552408
2552409
2552410
2552411
2552412
2552414
2552416
2552417
2552419
2552420
2552423
2552424
2552428
2552429
2552431
2552432
2552433
2552435
2552436
2552437
2552439
2552440
2552441
2552443
2552444
2552445
2552446
2552447
2552448
2552449
2552450
2552452
2552453
2552454
2552455
2552456
2552457
2552458
2552459
2552461
2552462
2552463
2552464
2552465
2552466
2552467
2552468
2552469
2552470
2552471
2552472
2552473
2552474
2552475
2552476
2552479
2552480
2552481
2552482
2552483
2552484
2552486
2552487
2552488
2552491
2552493
2552494
2552496
2552498
2552499
2552500
2552501
2552502
2552503
2552504
2552505
2552506
2552507
2552508
2552509
2552511
2552523
2552525
2552528
2552529
2552530
2552531
2552532
2552533
2552534
2552535
2552536
2552537
2552539
2552540
2552541
2552542
2552543
2552548
2552549
2552550
2552551
2552553
2552555
2552556
2552557
2552558
2552559
2552560
2552561
2552562
2552564
2552565
2552566
2552567
2552568
2552569
2552570
2552571
2552572
2552574
2552575
2552577
2552578
2552579
2552580
2552581
2552582
2552583
2552584
2552585
2552586
2552587
2552588
2552589
2552590
2552591
2552592
2552593
2552594
2552595
2552598
2552599
2552600
2552601
2552602
2552603
2552604
2552606
2552608
2552610
2552612
2552613
2552614
2552617
2552618
2552619
2552620
2552621
2552622
2552628
2552631
2552632
2552634
2552635
2552636
2552637
2552638
2552639
2552640
2552641
2552643
2552644
2552645
2552646
2552647
2552648
2552649
2552650
2552651
2552652
2552653
2552654
2552655
2552657
2552658
2552659
2552660
2552661
2552662
2552663
2552664
2552666
2552668
2552669
2552670
2552671
2552674
2552675
2552676
2552677
2552678
2552679
2552680
2552682
2552683
2552684
2552685
2552686
2552687
2552688
2552689
2552690
2552691
2552692
2552694
2552695
2552696
2552697
2552698
2552699
2552701
2552702
2552703
2552704
2552705
2552706
2552707
2552708
2552709
2552711
2552712
2552713
2552715
2552716
2552718
2552719
2552722
2552723
2552724
2552725
2552726
2552727
2552728
2552730
2552731
2552732
2552733
2552734
2552735
2552736
2552737
2552738
2552739
2552741
2552742
2552743
2552744
2552745
2552746
2552747
2552748
2552749
2552750
2552751
2552752
2552753
2552754
2552755
2552757
2552758
2552759
2552760
2552761
2552762
2552763
2552764
2552767
2552768
2552769
2552770
2552771
2552772
2552773
2552774
2552775
2552776
2552777
2552778
2552779
2552780
2552782
2552783
2552784
2552786
2552787
2552788
2552789
2552791
2552792
2552793
2552794
2552795
2552796
2552797
2552798
2552799
2552800
2552801
2552802
2552803
2552804
2552805
2552806
2552807
2552808
2552809
2552810
2552811
2552812
2552813
2552814
2552815
2552816
2552817
2552818
2552819
2552820
2552822
2552823
2552824
2552825
2552828
2552829
2552830
2552831
2552833
2552835
2552836
2552837
2552838
2552841
2552842
2552843
2552844
2552845
2552847
2552848
2552849
2552850
2552851
2552852
2552853
2552854
2552855
2552856
2552857
2552858
2552859
2552861
2552862
2552863
2552864
2552865
2552866
2552868
2552869
2552870
2552871
2552872
2552873
2552874
2552875
2552876
2552877
2552878
2552880
2552881
2552882
2552884
2552885
2552886
2552887
2552889
2552890
2552892
2552894
2552895
2552896
2552897
2552899
2552900
2552901
2552902
2552903
2552904
2552905
2552907
2552908
2552909
2552910
2552911
2552912
2552913
2552914
2552915
2552916
2552917
2552918
2552919
2552920
2552921
2552922
2552923
2552924
2552926
2552927
2552929
2552930
2552931
2552932
2552933
2552934
2552935
2552936
2552937
2552938
2552939
2552940
2552941
2552942
2552943
2552944
2552945
2552946
2552947
2552948
2552949
2552950
2552951
2552952
2552953
2552954
2552955
2552956
2552957
2552959
2552960
2552961
2552962
2552963
2552964
2552965
2552966
2552967
2552968
2552969
2552971
2552972
2552973
2552974
2552975
2552976
2552977
2552978
2552979
2552980
2552981
2552982
2552984
2552985
2552986
2552988
2552989
2552990
2552991
2552992
2552993
2552994
2552995
2552996
2552997
2552998
2552999
2553000
2553001
2553002
2553003
2553004
2553005
2553006
2553007
2553008
2553009
2553010
2553011
2553012
2553013
2553014
2553015
2553016
2553017
2553018
2553019
2553020
2553021
2553022
2553023
2553024
2553026
2553027
2553028
2553029
2553030
2553031
2553032
2553033
2553034
2553035
2553037
2553038
2553039
2553040
2553041
2553042
2553043
2553044
2553045
2553046
2553047
2553048
2553049
2553050
2553051
2553052
2553053
2553054
2553055
2553056
2553058
2553059
2553060
2553061
2553062
2553063
2553064
2553065
2553066
2553068
2553069
2553070
2553071
2553072
2553073
2553074
2553075
2553076
2553077
2553078
2553079
2553080
2553081
2553082
2553083
2553084
2553085
2553086
2553087
2553088
2553089
2553090
2553091
2553092
2553093
2553094
2553095
2553096
2553097
2553098
2553099
2553100
2553101
2553102
2553103
2553105
2553106
2553107
2553108
2553109
2553110
2553111
2553112
2553113
2553115
2553116
2553117
2553118
2553119
2553120
2553121
2553123
2553124
2553125
2553126
2553127
2553129
2553130
2553131
2553132
2553133
2553134
2553135
2553136
2553137
2553138
2553140
2553141
2553142
2553143
2553144
2553145
2553139
2553147
2553148
2553150
2553151
2553152
2553153
2553154
2553156
2553157
2553158
2553159
2553160
2553161
2553162
2553163
2553164
2553166
2553167
2553169
2553170
2553172
2553173
2553174
2553175
2553177
2553178
2553179
2553180
2553181
2553182
2553183
2553184
2553185
2553186
2553187
2553189
2553190
2553191
2553192
2553193
2553194
2553195
2553196
2553197
2553198
2553200
2553201
2553202
2553203
2553204
2553205
2553206
2553207
2553208
2553210
2553211
2553212
2553214
2553215
2553216
2553217
2553218
2553219
2553220
2553221
2553222
2553223
2553224
2553225
2553226
2553227
2553228
2553229
2553230
2553231
2553232
2553234
2553235
2553236
2553237
2553238
2553239
2553240
2553241
2553242
2553244
2553245
2553247
2553248
2553249
2553250
2553252
2553253
2553254
2553255
2553251
2553257
2553258
2553259
2553260
2553261
2553262
2553263
2553264
2553265
2553266
2553269
2553270
2553271
2553272
2553273
2553274
2553276
2553277
2553278
2553279
2553280
2553281
2553282
2553283
2553284
2553285
2553286
2553287
2553288
2553289
2553291
2553292
2553293
2553294
2553296
2553297
2553299
2553300
2553302
2553303
2553304
2553305
2553307
2553308
2553309
2553310
2553311
2553312
2553313
2553314
2553315
2553316
2553317
2553318
2553319
2553320
2553323
2553324
2553325
2553326
2553327
2553328
2553329
2553330
2553331
2553333
2553334
2553341
2553342
2553344
2553345
2553346
2553347
2553348
2553350
2553351
2553352
2553353
2553354
2553355
2553356
2553357
2553358
2553359
2553360
2553362
2553364
2553365
2553367
2553370
2553371
2553372
2553373
2553374
2553375
2553376
2553377
2553378
2553379
2553380
2553381
2553383
2553384
2553385
2553386
2553387
2553388
2553389
2553392
2553393
2553394
2553397
2553398
2553399
2553400
2553401
2553402
2553403
2553404
2553405
2553406
2553407
2553408
2553409
2553410
2553411
2553412
2553413
2553416
2553417
2553419
2553420
2553421
2553422
2553423
2553424
2553425
2553426
2553427
2553428
2553429
2553430
2553431
2553433
2553434
2553436
2553437
2553438
2553439
2553441
2553442
2553443
2553444
2553445
2553446
2553447
2553448
2553450
2553451
2553452
2553453
2553455
2553456
2553457
2553458
2553459
2553460
2553461
2553462
2553463
2553464
2553465
2553466
2553469
2553472
2553474
2553475
2553476
2553478
2553479
2553480
2553481
2553482
2553483
2553484
2553485
2553487
2553488
2553489
2553490
2553491
2553492
2553493
2553494
2553496
2553497
2553498
2553499
2553501
2553502
2553503
2553504
2553505
2553506
2553508
2553509
2553510
2553511
2553513
2553514
2553515
2553516
2553517
2553518
2553519
2553520
2553521
2553522
2553523
2553525
2553526
2553527
2553528
2553529
2553530
2553531
2553532
2553533
2553534
2553535
2553536
2553537
2553538
2553539
2553540
2553541
2553542
2553544
2553545
2553546
2553547
2553548
2553549
2553550
2553551
2553553
2553554
2553555
2553556
2553557
2553558
2553560
2553561
2553562
2553563
2553564
2553565
2553566
2553567
2553568
2553569
2553570
2553572
2553573
2553574
2553575
2553576
2553578
2553579
2553580
2553581
2553583
2553584
2553585
2553586
2553588
2553589
2553590
2553591
2553592
2553593
2553594
2553595
2553596
2553597
2553598
2553599
2553600
2553602
2553603
2553604
2553605
2553606
2553607
2553608
2553609
2553610
2553613
2553614
2553615
2553616
2553617
2553618
2553619
2553620
2553621
2553622
2553623
2553624
2553625
2553626
2553628
2553629
2553630
2553632
2553633
2553635
2553636
2553637
2553638
2553640
2553641
2553642
2553643
2553644
2553645
2553647
2553648
2553649
2553650
2553651
2553653
2553654
2553655
2553656
2553657
2553660
2553661
2553663
2553664
2553666
2553667
2553668
2553669
2553670
2553672
2553674
2553675
2553676
2553677
2553678
2553680
2553681
2553682
2553683
2553684
2553685
2553686
2553687
2553688
2553694
2553695
2553696
2553697
2553698
2553699
2553700
2553701
2553702
2553703
2553601
2553612
2552363
2552378
2552765
2552928
2552958