1488436761332224000
1488425334856896513
1488424780768415746
1488433722835849218
1488426475418263553
1488427439160188929
1488440725125705729
1488451410266103811
1488459938162741251
1488459977371041798
1488460756513402881
1488460801719554050
1488460813820174341
1488463986903367682
1488529623193464842
1488559800808050699
1488566492169916426
1488632304113172490
1488467824242790400
1488560036179857408
1488567311116161025
1488573668221407233
1488462139304120322
1488559376952610819
1488466706280419332
1488490960472395781
1488462154483261440
1488565272558641152
1488478775268581376
1488569232564822017
1488466618393010177
1488638630050635777
1488565320726061060
1488566106210148356
1488466411978698752
1488462247072608257
1488563391107117057
1488462144601534467
1488570162433376257