76112
76115
76117
76118
76119
76120
76121
76122
76123
76124
76125
76126
76127
76128
76129
76130
76131
76132
76133
76134
76135
76136
76137
76138
76140
76141
76142
76143
76144
76145
76146
76147
76148
76149
76150
76151
76152
76153
76154
76155
76156
76157
76158
76159
76160
76161
76162
76163
76164
76165
76166
76167
76168
76169
76170
76172
76173
76174
76175
76176
76177
76178
76179
76180
76181
76183
76184
76185
76186
76187
76188
76189
76190
76191
76192
76193
76195
76196
76197
76198
76199
76200
76201
76202
76203