75023
75024
75025
75026
75027
75028
75029
75030
75031
75032
75034
75035
75036
75037
75038
75039
75040
75041
75042
75044
75045
75046
75047
75048
75049
75050
75051
75052
75053
75054
75055
75056
75057
75058
75059
75061
75062
75063
75064
75065
75066
75067
75068
75069
75070
75072
75073
75074
75075
75076
75077
75079
75080
75081
75083
75085
75086
75087
75088
75089
75090
75091
75092
75093
75094
75095
75096
75097
75098
75099
75100
75101
75103
75104
75105
75107
75108
75109
75110
75111
75112
75113
75114
75115
75116
75117
75118
75119
75120