1504779590320992281
1504845536666468370
1504695532563972117
1504869735636340782
1504829979841859585
1504907276754292738
1504849136658616333
1504926013070974982
1504891846992011272
1504720256627060736
1504895253882548226
1504768866819452932
1504913634908123140
1504788227189846032
1504775010086436866
1504835294310318082
1504885106380521474
1504920230564347907
1504841632914489361
1504792161937674240
1504824640824299528
1504726017650352128
1504880584589467648
1504715675083890696
1504701431617667074
1504784238708768770
1504706683171487763
1504861400547708930
1504798804591235076
1504874510381731845
1504736017231892490
1504742656248893457
1504758026460450838
1504752435952341016