1513156092427223044
1513161215480152068
1513058235405811714
1513018142515249155
1513209444246732801
1513092547756888064
1513055407027195905
1513098211761672193
1513115901939355649
1513132666752847872
1513224486505664512
1513034409410236419
1513140553390641158
1512995664015331335
1513115681801314304
1513014483253354498
1513180211856171010
1513062701718773763
1513070435390431235
1513119861232312324
1513155994947362819
1513220934710272006
1513239839075966982
1513075562046103560
1513049951118503937
1513045302458134531
1513162429512957952
1513229296264953856
1513191483868082182
1513171671099879431
1513203479426252801
1513026036908310531