1499994448066920451
1499998091864326147
1500046221263650822
1500154178563297283
1499976545871577090
1500040319420841986
1499984936090144768
1499912564767133697
1500174237587460098
1499960930398048259
1499928180718718979
1499980959466328068
1500073818546704387
1500095533460770821
1500196981880328195
1500065889194070024
1500214568714440712
1500117930968817664
1500009210037379072
1499900901737308161
1500014190794268673
1500052338131836930
1500059314328903681
1500071734791348225
1500100237364502530
1500135981734846467
1500185204954210306
1500209031318806530
1500069175250890754
1500157944935165954
1500082432942518275
1500148723598471171
1500114156292243458
1500115209653993472
1500031150676488197
1500168154793848838
1500088596765847563
1500210783455690754
1500000029557374976
1500024319275155456
1500078988127092736