427435
427436
427437
427438
427439
427440
427441
427443
427447
427450
427452
427453
427454
427459
427460
427463
427464
427466
427468
427469
427470
427471
427472
427473
427474
427476
427478
427479
427480
427482
427483
427484
427485
427487
427488
427489
427490
427491
427492
427493
427494
427496
427499
427500
427501
427506
427507
427508
427509
427510
427512
427513
427514
427515
427516
427517
427518
427519
427520
427521
427522
427523
427524
427525
427526
427527
427529
427532
427563
427564
427565
427569
427571
427573
427574
427575
427576
427579
427580
427581
427582
427585
427586
427587
427589
427590
427591
427592
427593
427595
427596
427597
427598
427599
427600
427601
427602
427603
427604
427605
427606
427607
427608
427609
427610
427611
427612
427614
427615
427616