465124
465125
465126
465130
465132
465133
465135
465138
465139
465140
465141
465142
465143
465147
465148
465149
465150
465151
465153
465154
465157
465159
465160
465161
465162
465163
465165
465166
465167
465168
465169
465170
465171
465172
465176
465178
465179
465180
465181
465182
465183
465184
465185
465186
465187
465188
465189
465190
465191
465192
465193
465194
465195
465197
465198
465200
465201
465202
465203
465204
465205
465206
465207
465208
465210
465211
465212
465213
465214
465215
465216
465217
465219
465220
465222
465224
465225
465226
465227
465228
465229
465230
465235
465236
465237
465240