436860
436861
436862
436863
436864
436865
436866
436867
436868
436869
436870
436871
436872
436874
436875
436876
436877
436878
436879
436880
436881
436882
436883
436884
436886
436887
436888
436890
436891
436892
436893
436894
436895
436900
436901
436902
436903
436904
436905
436907
436911
436912
436913
436915
436919
436920
436921
436923
436924
436925
436926
436927
436928
436930
436932
436933
436934
436937
436938
436939
436940
436942
436943
436945
436946
436947
436948
436949
436950
436951
436952
436953
436954
436955
436956
436957
436959
436960
436961
436962
436963
436964
436965
436966
436967
436968
436969
436970