405594
405595
405596
405597
405598
405599
405600
405601
405602
405603
405604
405605
405606
405607
405608
405609
405610
405611
405612
405613
405614
405616
405617
405618
405619
405620
405621
405622
405623
405624
405625
405626
405627
405628
405629
405630
405631
405632
405633
405634
405635
405637
405638
405642
405643
405645
405646
405647
405648
405649
405650
405651
405652
405655
405656
405657
405658
405659
405660
405661
405662
405664
405666
405667
405668
405669
405671
405672
405673
405674
405675
405676
405677
405678
405679
405680
405681
405682
405683
405684
405685
405686
405687
405689
405691
405692
405693
405694
405695
405697
405698
405699
405700
405701
405702
405703
405704
405705
405706
405707
405708
405709
405710
405712
405713
405714
405715
405716
405717
405718
405719
405720
405721
405723
405724
405725
405726
405728
405729
405731
405732
405733
405734
405735
405736
405737
405738
405739
405740
405741
405743
405744
405745
405746
405747
405748
405749
405750
405752
405753
405754
405755
405756
405757
405758
405759
405760
405761
405762
405763
405764
405766
405767
405768
405769
405770
405771
405774
405775
405776
405777
405778
405782
405785
405787
405793
405796
405797
405798
405799
405800
405801
405803
405804
405805
405809
405810
405811
405812
405815
405816
405817
405818
405819
405820
405821
405822