396849
396850
396851
396852
396853
396854
396855
396856
396857
396858
396859
396860
396861
396862
396864
396865
396867
396868
396869
396870
396871
396872
396873
396874
396875
396876
396877
396880
396883
396890
396891
396892
396893
396894
396895
396896
396897
396898
396899
396900
396901
396902
396903
396904
396905
396906
396907
396908
396910
396912
396913
396914
396915
396916
396917
396918
396919
396920
396921
396922
396924
396925
396926
396927
396928
396929
396930
396931
396933
396934
396935
396936
396937
396938
396939
396940
396942
396944
396945
396946
396947
396948
396949
396950
396951
396952
396953
396955
396956
396957
396958
396959
396960
396961
396962
396963
396964
396965
396966
396967
396968
396969
396971
396972
396973
396974
396977
396978
396979
396980
396981
396982
396983
396984
396985
396986
396987
396988
396989
396990
396991
396992
396993
396995
396996
396997
396998
396999
397000
397001
397002
397003
397004
397005
397007
397009
397010
397011
397012
397013
397014
397015
397016
397017
397018
397019
397020
397021
397022
397023
397024
397025
397026
397027
397028
397029
397030
397031
397032
397033
397034
397035
397036
397037
397038
397039
397040
397041
397042
397043
397044
397045
397046
397047
397048
397049
397050
397051
397053
397054
397055
397058
397060
397061
397062
397063
397065
397066
397067
397068
397069
397070
397071
397072
397073
397074
397075
397076
397077