423478
423481
423489
423494
423498
423499
423507
423510
423546
423118
423124
423125
423126
423127
423128
423129
423130
423132
423133
423134
423135
423136
423137
423139
423140
423141
423142
423143
423144
423145
423146
423149
423150
423151
423152
423153
423154
423155
423156
423157
423158
423159
423160
423161
423162
423163
423164
423165
423166
423167
423168
423169
423170
423171
423172
423175
423176
423178
423179
423180
423182
423183
423184
423187
423188
423189
423190
423192
423193
423195
423197
423198
423199
423202
423203
423204
423205
423206
423207
423208
423209
423210
423211
423212
423213
423214
423215
423216
423217
423218
423219
423220
423221
423222
423223
423224
423225
423226
423227
423228
423229
423230
423231
423232
423233
423234
423235
423236
423237
423238
423239
423240
423241
423242
423244
423245
423246
423247
423248
423249
423251
423252
423254
423255
423256
423257
423258
423259
423260
423261
423262
423263
423264
423265
423266
423267
423268
423269
423270
423271
423272
423273
423274
423275
423276
423278
423279
423280
423281
423282
423283
423284
423285
423286
423287
423288
423289
423290
423291
423292
423293
423294
423295
423296
423297
423298
423299
423300
423301
423302
423303
423304
423305
423306
423307
423308
423309
423310
423311
423312
423313
423315
423316
423317
423318
423320
423321
423322
423323
423324
423325
423326
423327
423328
423329
423331
423332
423333
423334
423335
423336
423337
423338
423339
423340
423341
423342
423343
423344
423345
423346
423347
423348
423351
423361
423362
423366
423372
423374
423377
423386
423388
423389
423396
423406
423407
423408
423410
423411
423412
423413
423414
423415
423416
423417
423418
423425
423427
423434
423435
423436
423437
423447
423451
423452
423454
423455
423456
423457
423458
423460
423461
423462
423463
423464
423465
423466
423468
423469
423470
423471
423472
423473
423474
423476
423477
423479
423480
423475
423482
423483
423484
423485
423486
423487
423488
423491
423492
423493
423495
423496
423497
423490
423500
423501
423502
423503
423504
423505
423506
423508
423509
423511
423512
423513
423515
423516
423518
423519
423514
423521
423522
423523
423524
423525
423528
423529
423530
423532
423531
423536
423533
423535
423537
423542
423543
423544
423540
423545
423548
423549
423551
423554
423555
423547
423550
423558
423552
423553
423556
423557