432684
432685
432686
432687
432688
432690
432691
432692
432693
432694
432695
432696
432697
432698
432700
432701
432702
432703
432705
432706
432707
432708
432709
432711
432712
432713
432714
432715
432716
432718
432719
432721
432722
432723
432727
432730
432731
432733
432734
432735
432736
432737
432738
432739
432740
432742
432743
432745
432747
432750
432751
432752
432753
432754
432758
432760
432761
432762
432792
432793
432794
432795
432796
432797
432799
432800
432801
432803
432804
432805
432806
432807
432808
432809
432810
432813
432818
432821
432822
432823
432824
432825
432826
432827
432829
432831
432833
432834
432835
432836
432837
432839
432840
432841
432842
432843
432845
432846
432847
432848
432849
432850
432851
432852
432853
432859
432868
432869
432871
432872
432873
432874
432877
432878
432879
432880
432881
432882
432883
432885
432886
432887
432888
432889
432890
432891
432893
432894
432895
432896
432897
432898
432899
432900
432901
432902
432904
432905