475121
475122
475123
475126
475128
475132
475133
475136
475142
475151
475153
475162
475171
475042
475043
475044
475045
475047
475048
475050
475051
475052
475053
475054
475055
475056
475057
475059
475060
475061
475062
475063
475064
475065
475066
475068
475069
475070
475072
475073
475074
475075
475076
475078
475079
475081
475082
475083
475085
475087
475088
475089
475090
475091
475093
475094
475095
475096
475097
475098
475102
475103
475105
475107
475108
475109
475110
475111
475112
475113
475115
475116
475117
475118
475119
475120
475124
475125
475131
475134
475135
475137
475139
475141
475144
475145
475146
475147
475148
475150
475152
475154
475155
475156
475157
475158
475159
475160
475161
475163
475164
475165
475166
475167
475168
475169
475170
475172