499048
499051
499055
499056
499057
499059
499060
499062
499063
499064
499066
499067
499068
499069
499070
499076
499080
499087
499090
499099
499102
499105
499116
499120
499122
499125
499126
499127
499129
499130
499134
499135
499136
499137
499138
499143
499146
499148
499150
499151
499153
499156
499158
499161
499162
499167
499170
499174
499175
499176
499178
499179
499180
499181
499182
499183
499184
499187
499188
499189
499190
499191
499192
499193
499194
499196
499197
499199
499200
499203
499204
499205
499206
499207
499208
499209
499210
499211
499212
499213
499214
499217
499218
499220
499221
499222
499223
499224
499225
499226
499228
499232
499234
499236
499239
499240
499241
499244
499245
499246
499248
499249
499251
499252
499253
499254
499256
499257
499258
499259
499260
499263
499265
499266
499267
499268
499269
499272
499275
499276
499278
499279
499285
499286
499289
499292
499293
499295
499297
499300
499303
499304
499305
499307
499310
499311
499312
499313
499314
499319
499321
499322
499323
499324
499325
499326
499327
499328
499329
499330
499332
499333
499334
499335
499337
499338
499339
499340
499341
499342
499343
499344
499345
499346
499347
499348
499349
499350
499351
499352
499353
499354
499355
499356
499358
499362
499363
499364
499367
499368
499369
499370
499372
499373
499374
499375
499376
499378
499379
499380
499381
499383
499384
499385
499386
499387
499388
499389
499390
499392
499393
499394
499395
499396
499397
499399
499400
499401
499402
499403
499404
499405
499406
499407
499408
499409
499410
499412
499413
499415
499416
499417
499419
499420
499421
499422
499423
499425
499428
499430
499433
499435
499436
499437
499438
499439
499442
499443
499445
499446
499448
499449
499450
499452
499455
499456
499457
499459
499463
499464
499466
499470
499471
499472
499473
499474
499475
499480
499481
499482
499484
499485
499486
499487
499488
499489
499491
499492
499493
499494
499495
499496
499499
499501
499502
499505
499506
499507
499508
499509
499510
499512
499513
499514
499515
499516
499519
499522
499523
499524
499526
499527
499529
499530
499531
499532
499533
499535
499536
499539
499548
499549
499550
499552
499553
499555
499556
499557
499558
499559
499560
499564
499566
499567
499568
499569
499572
499573
499575
499576
499577
499579
499580
499582
499583
499584
499585
499586
499588
499590
499591
499592
499593
499595
499597
499601
499605
499607
499608
499609
499610
499611
499613
499614
499616
499617
499618
499619
499620
499622
499624
499625
499627
499629
499631
499632
499633
499634
499636
499640
499642
499643
499646
499647
499648
499652
499656
499657
499659
499660
499663
499664
499665
499667
499668
499669
499670
499671
499673
499674
499675
499676
499679
499680
499681
499684
499685
499686
499689
499690
499696
499698
499700
499701
499702
499703
499704
499705
499707
499708
499709
499711
499712
499713
499714
499715
499716
499718
499720
499721
499722
499723
499726
499728
499730
499732
499733
499734
499735
499736
499737
499738
499739
499740
499742
499744
499746
499750
499751
499752
499754
499759
499761
499762
499767
499768
499769
499774
499776
499780
499782
499783
499784
499785
499786
499787
499788
499789
499790
499798
499802
499803
499804
499806
499811
499813
499816
499819
499820
499829
499830
499832
499833
499837
499838
499839
499840
499842
499846
499849
499850
499852
499853
499854
499855
499856
499858
499859
499860
499861
499862
499863
499864
499865
499866
499869
499870
499871
499872
499874
499875
499876
499877
499879
499880
499881
499882
499883
499884
499885
499886
499887
499894
499897
499899
499901
499902
499903
499904
499905
499906
499907
499908
499909
499910
499911
499912
499913
499914
499915
499916
499917
499918
499919
499920
499921
499922
499923
499924
499925
499926
499931
499934
499935
499937
499938
499939
499941
499943
499944
499947
499948
499950
499951
499952
499953
499954
499955
499956
499957
499959
499961
499962
499963
499964
499965
499966
499967
499970
499971
499972
499973
499976
499977
499980
499982
499983
499986
499987
499993
499994
499996
499998
499999
500001
500003
500004
500005
500007
500008
500012
500016
500018
500019
500020
500022
500023
500024
500025
500026
500028
500030
500031
500033
500035
500038
500039
500040
500041
500043
500044
500045
500046
500047
500048
500049
500051
500052
500053
500054
500055
500056
500057
500058
500059
500060
500062
500063
500064
500065
500066
500069
500070
500071
500072
500073
500074
500077
500078
500079
500080
500081
500082
500084
500085
500086
500087
500088
500089
500090
500091
500092
500093
500094
500095
500097
500099
500100
500102
500105
500108
500109
500110
500116
500117
500118
500119
500120
500121
500122
500123
500124
500125
500126
500127
500130
500131
500132
500133
500134
500136
500137
500138
500139
500140
500141
500143
500144
500145
500146
500147
500152
500153
500154
500155
500156
500157
500159
500161
500162
500163
500164
500167
500169
500170
500171
500172
500173
500174
500175
500177
500178
500181
500182
500183
500184
500186
500187
500188
500190
500191
500193
500194
500195
500197
500200
500202
500205
500206
500208
500209
500213
500214
500215
500219
500221
500222
500223
500224
500225
500226
500228
500229
500230
500231
500232
500234
500235
500237
500238
500239
500241
500242
500243
500245
500247
500248
500249
500250
500251
500252
500254
500255
500256
500257
500258
500259
500260
500261
500262
500263
500264
500265
500266
500267
500272
500273
500274
500275
500276
500277
500278
500279
500280
500281
500282
500283
500284
500285
500286
500287
500289
500290
500291
500292
500294
500295
500296
500297
500298
500299
500300
500301
500302
500304
500305
500306
500307
500308
500310
500312
500313
500314
500315
500317
500318
500319
500320
500321
500323
500324
500325
500327
500328
500329
500330
500332
500333
500335
500336
500337
500338
500340
500341
500342
500343
500345
500346
500347
500348
500349
500350
500351
500352
500353
500354
500355
500356
500357
500358
500360
500363
500364
500367
500368
500370
500371
500372
500373
500374
500376
500378
500379
500380
500382
500383
500384
500385
500386
500387
500390
500391
500392
500393
500395
500397
500402
500404
500406
500407
500409
500412
500413
500414
500416
500417
500418
500419
500423
500424
500425
500426
500427
500428
500429
500430
500434
500436
500437
500438
500441
500443
500444
500446
500448
500449
500450
500452
500453
500454
500455
500456
500458
500460
500463
500464
500465
500466
500467
500469
500470
500471
500472
500473
500474
500475
500476
500477
500478
500479
500480
500481
500482
500484
500485
500487
500488
500489
500491
500492
500493
500494
500496
500497
500498
500499
500501
500502
500503
500504
500505
500506
500508
500511
500513
500514
500515
500516
500518
500519
500521
500523
500524
500525
500526
500527
500528
500529
500530
500532
500540
500541
500542
500543
500544
500545
500547
500548
500551
500552
500554
500555
500556
500558
500559
500560
500561
500562
500563
500564
500565
500567
500569
500570
500571
500574
500575
500577
500578
500580
500581
500582
500584
500585
500586
500587
500588
500589
500590
500591
500592
500593
500594
500595
500596
500600
500601
500602
500603
500604
500605
500607
500608
500609
500611
500612
500613
500614
500615
500616
500617
500618
500619
500621
500622
500623
500624
500625
500626
500627
500628
500629
500630
500631
500632
500633
500634
500636
500637
500638
500639
500640
500641
500642
500643
500644
500645
500646
500647
500648
500651
500652
500653
500654
500656
500657
500658
500659
500660
500661
500662
500663
500664
500665
500666
500667
500668
500672
500674
500677
500678
500680
500681
500682
500685
500686
500688
500689
500690
500691
500692
500694
500695
500696
500697
500699
500700
500701
500702
500703
500704
500705
500706
500709
500710
500711
500712
500713
500715
500716
500717
500718
500719
500720
500721
500722
500723
500724
500725
500726
500727
500728
500732
500733
500734
500735
500738
500739
500742
500744
500745
500748
500750
500751
500753
500754
500755
500756
500757
500758
500759
500760
500761
500762
500764
500765
500766
500767
500768
500769
500770
500772
500773
500774
500775
500776
500778
500780
500781
500782
500785
500788
500789
500790
500791
500792
500793
500794
500795
500796
500797
500799
500800
500801
500802
500803
500804
500807
500808
500809
500812
500813
500814
500815
500816
500819
500824
500825
500826
500828
500830
500832
500834
500838
500839
500840
500841
500842
500843
500844
500845
500846
500847
500848
500849
500850
500853
500855
500860
500863
500864
500865
500866
500867
500871
500873
500875
500881
500883
500884
500886
500888
500889
500890
500891
500893
500894
500896
500897
500898
500899
500900
500901
500904
500905
500906
500908
500911
500912
500913
500915
500916
500917
500918
500919
500920
500921
500925
500926
500927
500928
500930
500932
500933
500934
500935
500936
500937
500938
500939
500941
500944
500948
500950
500952
500953
500954
500956
500958
500959
500962
500963
500964
500966
500968
500971
500973
500974
500978
500979
500983
500986
500987
500988
500990
500992
500993
500995
500999
501000
501001
501002
501004
501007
501009
501010
501012
501014
501015
501016
501018
501020
501021
501023
501024
501025
501026
501028
501029
501030
501032
501034
501035
501036
501037
501038
501040
501042
501046
501047
501048
501049
501050
501052
501053
501054
501055
501056
501058
501059
501063
501064
501065
501066
501067
501068
501069
501073
501074
501075
501076
501077
501078
501079
501081
501083
501086
501087
501088
501089
501091
501092
501098
501099
501101
501103
501105
501106
501107
501108
501109
501111
501112
501114
501119
501122
501123
501124
501126
501127
501128
501129
501130
501131
501132
501133
501134
501135
501136
501138
501142
501145
501146
501147
501150
501151
501152
501153
501155
501158
501159
501160
501162
501164
501166
501167
501168
501169
501172
501173
501174
501177
501179
501180
501182
501183
501186
501190
501191
501193
501194
501195
501197
501198
501200
501202
501204
501205
501207
501209
501210
501211
501213
501215
501217
501218
501219
501221
501222
501223
501225
501229
501230
501232
501233
501236
501237
501238
501243
501245
501246
501248
501250
501251
501252
501253
501254
501255
501257
501258
501259
501260
501261
501262
501264
501265
501267
501272
501273
501275
501276
501277
501278
501279
501280
501281
501285
501287
501288
501289
501291
501292
501293
501298
501303
501307
501308
501309
501310
501312
501313
501316
501320
501321
501322
501324
501325
501326
501328
501330
501331
501333
501334
501335
501336
501337
501338
501341
501342
501343
501344
501345
501347
501348
501349
501350
501351
501353
501354
501357
501358
501360
501361
501363
501364
501365
501366
501367
501368
501370
501372
501373
501375
501388
501389
501394
501398
501399
501412
501413
501417
501419
501420
501421
501422
501426
501427
501431
501434
501441
501442
501446
501447
501449
501451
501453
501457
501460
501461
501464
501465
501467
501468
501469
501471
501473
501475
501476
501477
501479
501480
501482
501483
501484
501487
501488
501490
501492
501493
501494
501495
501497
501499
501500
501502
501503
501504
501506
501507
501509
501511
501512
501516
501519
501520
501521
501522
501523
501524
501526
501528
501530
501532
501537
501539
501545
501549
501550
501552
501553
501555
501556
501557
501561
501562
501563
501566
501569
501570
501571
501572
501578
501581
501584
501593
501594
501596
501599
501600
501601
501602
501605
501606
501608
501609
501610
501612
501613
501619
501620
501622
501623
501624
501626
501628
501629
501631
501633
501636
501638
501639
501640
501641
501642
501643
501644
501647
501648
501650
501651
501656
501657
501660
501663
501664
501665
501666
501667
501670
501671
501672
501673
501674
501675
501676
501677
501681
501682
501683
501685
501686
501687
501689
501691
501692
501693
501696
501698
501699
501702
501703
501705
501707
501710
501711
501712
501714
501717
501718
501719
501720
501721
501722
501723
501724
501726
501729
501730
501733
501742
501745
501746
501752
501760
501761
501762
501767
501768
501770
501771
501772
501773
501774
501777
501783
501785
501791
501792
501795
501796
501797
501798
501800
501803
501804
501805
501806
501807
501808
501809
501812
501813
501814
501815
501816
501819
501820
501821
501822
501823
501824
501825
501826
501827
501828
501830
501831
501832
501833
501834
501835
501836
501837
501838
501839
501842
501843
501846
501848
501849
501850
501853
501854
501856
501858
501859
501861
501862
501864
501866
501867
501868
501870
501871
501873
501874
501875
501876
501877
501879
501880
501881
501882
501883
501885
501888
501891
501892
501893
501894
501895
501896
501897
501898
501899
501900
501901
501902
501903
501904
501905
501906
501907
501908
501909
501910
501911
501913
501914
501915
501916
501919
501920
501921
501923
501924
501927
501930
501932
501934
501935
501936
501939
501941
501942
501943
501944
501945
501946
501947
501948
501949
501950
501951
501952
501954
501955
501956
501957
501960
501961
501962
501963
501964
501965
501967
501968
501969
501970
501971
501972
501973
501974
501977
501978
501979
501980
501981
501982
501984
501985
501986
501987
501989
501990
501991
501992
501994
501998
501999
502000
502002
502003
502006
502007
502008
502009
502010
502012
502015
502017
502020
502022
502023
502026
502029
502032
502037
502038
502041
502042
502043
502044
502045
502046
502047
502048
502049
502050
502051
502054
502059
502060
502061
502064