472902
472908
472909
472912
472913
472914
472915
472916
472923
472924
472925
472927
472930
472931
472934
472939
472941
472943
472944
472945
472950
472951
472952
472955
472956
472959
472960
472961
472962
472963
472964
472965
472966
472967
472968
472969
472970
472971
472972
472973
472974
472975
472977
472978
472979
472980
472981
472982
472985
472988
472989
472993
472996
472997
472998
472999
473000
473001
473002
473003
473005
473006
473007
473009
473011
473014
473016
473017
473018
473019
473021
473023
473024
473029
473030
473031
473032
473033
473034
473035
473037
473042
473043
473044
473045
473046
473048
473049
473050
473051
473054
473062
473066
473072
473077
473080
473081
473082
473087
473089
473093
473095
473096
473097
473100
473101
473105
473109
473110
473111
473112
473113
473114
473115
473116
473117
473118
473119
473122
473124
473126
473127
473129
473132
473140
473141
473143
473144
473145
473146
473147
473148
473149
473151
473153
473154
473156
473158
473160
473161
473162
473163
473166
473167
473168
473169
473170
473177