476073
476092
476109
476121
476122
476123
476125
476126
476127
476128
476129
476131
476132
476133
476136
476137
476138
476139
476142
476145
476146
476147
476148
476149
476150
476151
476154
476156
476157
476158
476159
476161
476162
476164
476166
476168
476170
476171
476174
476175
476176
476180
476181
476187
476189
476191
476192
476194
476195
476197
476198
476199
476200
476201
476202
476203
476204
476205
476206
476207
476208
476209
476211
476212
476214
476215
476216
476217
476220
476223
476229
476233
476235
476239
476242
476244
476246
476249
476251
476252
476255
476258
476261
476265
476271
476278
476283
476284
476288