477446
477447
477451
477452
477454
477455
477456
477457
477458
477479
477490
477492
477493
477494
477495
477496
477497
477498
477500
477501
477502
477511
477512
477513
477515
477516
477517
477518
477519
477524
477525
477527
477528
477529
477530
477531
477532
477533
477534
477535
477536
477538
477539
477540
477541
477542
477543
477544
477545
477546
477547
477549
477550
477551
477552
477553
477555
477558
477559
477562
477563
477564
477565
477566
477567
477569
477570
477571
477574
477576
477578
477580
477581
477586
477587
477588
477589
477591
477592
477593
477594
477595
477596