520330
520331
520332
520333
520335
520338
520339
520340
520345
520347
520348
520350
520352
520353
520356
520357
520358
520366
520371
520373
520378
520381
520382
520383
520384
520386
520387
520388
520390
520391
520393
520394
520395
520396
520397
520398
520399
520400
520401
520402
520403
520404
520405
520406
520407
520408
520409
520412
520413
520414
520415
520419
520420
520422
520424
520425
520426
520427
520428
520431
520432
520433
520434
520435
520436
520437
520438
520439
520440
520441
520444
520445
520446
520447
520448
520449
520450
520451
520452
520453
520454
520455
520456
520459
520460
520461
520462
520463
520464
520465
520466
520467
520468
520470
520473
520476
520478
520479
520480
520481
520482
520483
520484
520485
520486
520487
520488
520489
520492
520493
520494
520496
520497
520498
520499
520501
520502
520503
520504
520506
520507
520509
520511
520514
520526
520527
520534
520537
520543
520548
520552
520555
520556
520563
520564
520566
520567
520569
520571
520572
520577
520579
520581
520582
520585
520590
520593
520596
520599
520604
520610
520611
520613
520616
520619
520622
520624
520625
520631
520633
520634
520640
520644
520646
520647
520648
520649
520652
520656
520658
520659
520661
520663
520667
520670
520672
520674
520678
520681
520685
520687
520704
520707
520722
520723
520733
520741
520745
520750
520752
520753
520757
520759
520762
520767
520770
520771
520773
520775
520780
520782
520783
520784
520785
520786
520788
520789
520790
520791
520792
520795
520798
520799
520801
520802
520803
520805
520806
520811
520813
520815
520817
520818
520820
520821
520822
520824
520827
520829
520830
520831
520832
520833
520835
520836
520845
520846
520849
520851
520853
520854
520855
520856
520858
520859
520861
520862
520863
520864
520866
520869
520870
520872
520874
520875
520876
520877
520878
520879
520881
520882
520884
520885
520887
520888
520890
520892
520896
520897
520899
520902
520903
520907
520908
520911
520912
520913
520915
520917
520918
520923
520924
520926
520928
520929
520931
520932
520933
520935
520937
520938
520939
520940
520941
520943
520944
520945
520948
520949
520950
520951
520952
520954
520955
520956
520958
520959
520960
520961
520962
520964
520966
520968
520970
520974
520975
520976
520977
520978
520980
520983
520984
520986
520988
520989
520991
520992
520993
520994
520995
520996
520998
521000
521001
521002
521005
521006
521007
521008
521011
521012
521013
521016
521017
521018
521019
521021
521022
521024
521027
521028
521029
521030
521031
521032
521033
521034
521036
521038
521040
521043
521046
521047
521048
521049
521050
521051
521052
521053
521054
521055
521056
521057
521058
521059
521062
521063
521065
521066
521068
521069
521070
521071
521072
521075
521076
521077
521078
521079
521080
521081
521082
521083
521085
521087
521088
521089
521090
521091
521093
521094
521095
521096
521098
521101
521102
521105
521106
521107
521108
521109
521110
521111
521112
521113
521114
521115
521116
521118
521119
521120
521121
521122
521123
521125
521126
521127
521129
521130
521131
521132
521133
521134
521135
521136
521137
521139
521140
521141
521142
521143
521144
521145
521146
521147
521148
521149
521150
521151
521152
521153
521154
521155
521156
521157
521159
521162
521163
521165
521166
521167
521168
521169
521172
521179
521180
521181
521183
521184
521185
521186
521188
521189
521191
521192
521193
521196
521201
521204
521206
521207
521208
521209
521210
521214
521216
521217
521220
521223
521224
521225
521229
521231
521236
521237
521238
521242
521243
521245
521246
521249
521250
521252
521253
521255
521256
521260
521261
521263
521265
521267
521268
521269
521270
521271
521272
521273
521277
521278
521279
521280
521281
521284
521285
521286
521287
521289
521291
521295
521296
521307
521312
521314
521315
521316
521317
521322
521323
521324
521325
521326
521328
521330
521332
521333
521334
521335
521338
521341
521342
521343
521344
521346
521347
521349
521350
521351
521352
521353
521354
521358
521362
521363
521365
521369
521373
521375
521379
521381
521383
521387
521391
521392
521396
521397
521399
521401
521402
521403
521404
521405
521406
521407
521408
521409
521410
521411
521414
521415
521416
521417
521418
521420
521421
521422
521423
521424
521425
521426
521427
521428
521429
521431
521433
521434
521435
521437
521439
521440
521441
521443
521444
521447
521450
521451
521452
521454
521455
521456
521460
521461
521462
521463
521465
521466
521467
521468
521471
521472
521476
521477
521478
521480
521481
521482
521483
521484
521485
521486
521488
521489
521490
521491
521492
521493
521494
521495
521496
521497
521499
521501
521502
521503
521504
521506
521507
521508
521509
521510
521511
521512
521515
521516
521517
521518
521520
521521
521522
521523
521524
521525
521526
521527
521529
521532
521533
521534
521535
521536
521537
521538
521539
521540
521541
521543
521544
521545
521547
521548
521549
521550
521551
521553
521554
521556
521558
521559
521560
521561
521563
521564
521566
521569
521570
521572
521573
521574
521575
521576
521577
521578
521580
521581
521582
521583
521584
521585
521586
521588
521589
521592
521593
521594
521595
521596
521598
521599
521600
521603
521604
521608
521609
521610
521611
521614
521615
521616
521617
521618
521619
521620
521622
521624
521625
521626
521627
521628
521629
521632
521635
521638
521639
521640
521642
521644
521646
521647
521648
521650
521651
521652
521653
521654
521655
521657
521659
521660
521661
521662
521663
521664
521665
521666
521667
521669
521670
521672
521674
521675
521676
521677
521679
521680
521681
521683
521684
521686
521687
521688
521689
521690
521691
521696
521697
521699
521700
521701
521702
521703
521704
521706
521707
521709
521710
521711
521712
521713
521714
521715
521716
521717
521718
521719
521720
521721
521726
521727
521728
521729
521730
521733
521734
521735
521736
521737
521738
521739
521740
521741
521742
521743
521744
521746
521747
521748
521749
521750
521751
521752
521753
521754
521755
521757
521758
521759
521760
521761
521762
521763
521764
521765
521766
521767
521769
521770
521771
521772
521773
521774
521775
521776
521777
521778
521780
521781
521782
521783
521784
521785
521786
521787
521789
521790
521792
521793
521794
521795
521796
521797
521798
521799
521800
521801
521802
521803
521804
521805
521807
521808
521809
521811
521812
521813
521814
521815
521816
521817
521818
521819
521820
521821
521822
521823
521824
521825
521826
521827
521828
521829
521831
521832
521833
521834
521838
521840
521841
521842
521843
521844
521845
521846
521848
521849
521850
521852
521853
521856
521857
521858
521859
521860
521862
521863
521865
521867
521868
521871
521872
521873
521874
521876
521877
521880
521882
521886
521887
521888
521889
521892
521895
521896
521898
521899
521901
521903
521904
521905
521907
521910
521911
521912
521913
521916
521918
521919
521921
521922
521928
521931
521932
521933
521935
521939
521941
521942
521944
521945
521946
521947
521949
521950
521953
521955
521956
521957
521958
521959
521960
521962
521963
521964
521965
521966
521969
521970
521971
521972
521973
521974
521975
521976
521977
521978
521979
521980
521981
521982
521983
521984
521985
521986
521988
521989
521990
521991
521992
521993
521994
521995
521996
521997
521998
522000
522001
522002
522003
522004
522005
522006
522007
522008
522009
522010
522011
522013
522014
522015
522016
522017
522018
522019
522020
522021
522022
522023
522025
522026
522027
522028
522029
522030
522031
522034
522035
522036
522038
522039
522041
522042
522043
522044
522045
522047
522048
522050
522051
522052
522053
522054
522055
522056
522057
522059
522060
522061
522062
522063
522064
522065
522066
522068
522069
522071
522072
522074
522075
522076
522079
522080
522081
522082
522083
522084
522085
522086
522087
522088
522089
522093
522094
522095
522096
522097
522098
522101
522106
522108
522109
522110
522111
522112
522113
522114
522115
522118
522120
522121
522122
522125
522126
522128
522130
522131
522132
522137
522138
522140
522141
522144
522145
522148
522149
522150
522151
522152
522153
522155
522156
522157
522158
522159
522160
522161
522163
522164
522166
522167
522168
522169
522170
522171
522172
522173
522174
522175
522176
522177
522179
522182
522183
522184
522185
522186
522188
522189
522191
522192
522193
522195
522197
522200
522201
522202
522203
522204
522205
522206
522207
522208
522209
522211
522212
522213
522217
522218
522219
522220
522221
522223
522224
522225
522226
522227
522230
522232
522233
522234
522235
522236
522237
522239
522240
522241
522242
522243
522244
522246
522250
522251
522256
522258
522260
522261
522262
522263
522265
522266
522267
522268
522269
522270
522272
522273
522275
522276
522277
522278
522279
522280
522281
522283
522285
522286
522287
522288
522289
522291
522292
522293
522294
522295
522297
522298
522299
522300
522302
522303
522305
522306
522307
522308
522309
522310
522311
522312
522313
522319
522320
522321
522322
522324
522326
522328
522329
522330
522331
522332
522333
522334
522336
522337
522338
522339
522340
522341
522342
522343
522345
522348
522349
522350
522352
522354
522355
522356
522357
522358
522359
522360
522361
522362
522363
522364
522365
522366
522368
522370
522374
522376
522377
522378
522381
522383
522384
522385
522387
522390
522391
522392
522394
522395
522396
522399
522401
522402
522403
522404
522406
522408
522409
522410
522411
522412
522415
522416
522417
522418
522419
522420
522421
522422
522423
522425
522426
522428
522429
522430
522432
522433
522434
522437
522439
522440
522441
522442
522443
522444
522445
522446
522449
522452
522453
522454
522458
522459
522460
522461
522462
522463
522464
522466
522467
522468
522469
522470
522472
522473
522474
522475
522476
522477
522478
522480
522481
522482
522483
522485
522486
522487
522488
522489
522491
522494
522495
522497
522498
522499
522500
522504
522505
522506
522507
522509
522510
522511
522512
522513
522514
522515
522518
522519
522520
522521
522523
522524
522525
522526
522528
522529
522531
522532
522533
522534
522535
522536
522537
522538
522539
522540
522542
522543
522546
522547
522548
522549
522552
522553
522554
522556
522557
522558
522559
522562
522564
522565
522566
522567
522568
522569
522571
522572
522574
522575
522576
522579
522580
522582
522583
522584
522586
522587
522588
522589
522590
522591
522592
522593
522595
522596
522597
522598
522599
522601
522603
522604
522606
522607
522608
522609
522611
522612
522613
522614
522616
522617
522618
522619
522620
522621
522622
522623
522624
522625
522626
522627
522628
522629
522630
522631
522632
522633
522634
522635
522636
522637
522639
522640
522641
522642
522646
522647
522648
522650
522652
522653
522654
522655
522656
522658
522660
522661
522662
522663
522665
522666
522667
522668
522669
522671
522672
522673
522674
522675
522676
522678
522679
522680
522681
522682
522683
522684
522685
522686
522691
522692
522694
522696
522697
522698
522699
522700
522703
522704
522705
522707
522708
522710
522711
522712
522714
522715
522718
522720
522721
522722
522723
522725
522726
522727
522728
522730
522731
522732
522733
522734
522735
522736
522737
522738
522740
522742
522743
522747
522748
522749
522750
522751
522753
522756
522758
522760
522762
522763
522764
522765
522766
522767
522768
522769
522772
522774
522775
522776
522777
522778
522779
522780
522781
522782
522783
522784
522785
522786
522788
522789
522791
522792
522793
522795
522796
522798
522799
522800
522801
522803
522804
522805
522806
522807
522808
522809
522810
522811
522813
522814
522815
522816
522817
522818
522819
522820
522821
522822
522823
522825
522826
522827
522829
522830
522831
522832
522833
522834
522835
522836
522837
522838
522839
522840
522841
522842
522843
522844
522845
522846
522847
522848
522850
522851
522852
522853
522854
522855
522856
522858
522859
522860
522861
522863
522865
522867
522868
522869
522870
522872
522873
522874
522876
522877
522878
522879
522880
522881
522882
522883
522884
522885
522887
522888
522889
522890
522893
522894
522895
522897
522898
522901
522902
522904
522905
522906
522907
522908
522910
522911
522914
522915
522916
522917
522918
522919
522920
522921
522922
522923
522924
522925
522926
522927
522928
522929
522930
522932
522933
522934
522935
522936
522938
522939
522942
522943
522944
522945
522946
522947
522948
522949
522950
522951
522953
522954
522955
522956
522957
522958
522959
522960
522961
522962
522964
522965
522966
522967
522969
522970
522971
522972
522973
522974
522975
522977
522978
522979
522980
522983
522984
522986
522988
522989
522990
522992
522993
522995
522996
522997
522998
522999
523001
523002
523004
523005
523007
523009
523010
523012
523013
523015
523016
523019
523020
523021
523022
523023
523024
523025
523026
523029
523030
523031
523032
523033
523034
523035
523036
523037
523040
523042
523044
523045
523046
523047
523048
523049
523050
523051
523052
523053
523054
523055
523056
523057
523058
523059
523060
523061
523062
523063
523064
523065
523066
523067
523068
523069
523071
523072
523073
523075
523076
523077
523078
523079
523080
523081
523082
523083
523085
523086
523088
523089
523092
523093
523095
523096
523098
523099
523100
523101
523102
523103
523104
523105
523106
523107
523108
523109
523110
523112
523114
523115
523116
523117
523119
523120
523121
523122
523123
523126
523127
523129
523130
523131
523132
523133
523134
523136
523137
523138
523139
523140
523141
523142
523143
523144
523145
523146
523147
523148
523149
523151
523153
523154
523155
523156
523157
523162
523163
523164
523165
523167
523168
523169
523170
523171
523172
523173
523174
523175
523176
523177
523179
523181
523182
523184
523185
523187
523188
523189
523190
523192
523194
523195
523197
523199
523200
523201
523204
523205
523206
523207
523208
523209
523210
523212
523213
523214
523215
523217
523218
523219
523220
523221
523222
523223
523224
523226
523227
523230
523231
523232
523233
523234
523235
523236
523241
523243
523244
523245
523246
523247
523248
523250
523251
523252
523254
523256
523258
523260
523261
523262
523263
523264
523265
523269
523277
523280
523281
523282
523283
523284
523285
523287
523288
523289