477784
477785
477787
477794
477796
477800
477808
477816
477817
477818
477820
477822
477825
477826
477829
477832
477833
477835
477841
477844
477847
477848
477849
477850
477852
477858
477860
477863
477864
477865
477873
477878
477880
477882
477883
477888
477911
477912
477917
477920
477922
477927
477776
477778
477777
477780
477781
477779
477788
477789
477790
477791
477792
477799
477801
477802
477803
477809
477811
477813
477815
477821
477814
477824
477819
477830
477836
477837
477838
477840
477843
477845
477846
477851
477853
477854
477855
477857
477859
477861
477862
477866
477868
477870
477871
477874
477879
477876
477881
477884
477886
477885
477887
477892
477905
477907
477906
477908
477913
477909
477914
477915
477916
477924
477925
477928
477929
477930
477926
477931
477933
477932
477934
477935