1496889089857044494
1496687232031330304
1496729509319610368
1496687141652467713
1496783687836438529
1496848982785462274
1496865365548273667
1496948044268507142
1496869646577897483
1496884823352348683
1496937983047438347
1496943011103576076
1496737307109564416
1496771381714952192
1496765906319384577
1496807100734971905
1496779363462881282
1496772595093413890
1496737305016606724
1496838501719023623
1496932944342097928
1496749243029204993
1496831270697185289
1496784753415966723
1496728164336287745
1496689918625595394
1496767610872020994
1496828750666809351
1496952825355583495
1496905261709148168
1496922802993123329
1496781960466812930
1496797052860256258
1496770292248563715
1496927911504334852
1496900053209862150
1496858598575591431
1496917845153701888
1496788628827168768
1496793533184761859
1496686751791865860
1496823249128284165
1496841543478566916
1496839560567070720
1496713450885574665
1496820684013674496
1496713445517008897
1496817046084100100
1496723020714582026
1496882118806446093
1496790263888588800
1496751240352608257
1496844589382217729
1496729135435198466
1496860397000962051
1496811061407887364
1496870220362919946
1496776323511074816
1496799928584224769
1496842951653310465
1496811797587935236
1496896519668219908
1496909290686365704
1496852902849265673
1496741567633281024
1496758645559906304
1496785107843272705
1496687341217501186
1496874324149653508
1496805854972203014