1496029400390942723
1496040923804975108
1496112538416676868
1496033413706436609
1496142737447567370
1496198110938238977
1496090921351401474
1496099570903879680
1496008149039517697
1496016536536027137
1496122614552535041
1496177969475117059
1496213201595211778
1496070526263087106
1495989124746072068
1496105933721718789
1496127637999087616
1495994413071360001
1496084462911774721
1496158045981888515
1496132671176646656
1496021883514494976
1496066951264837632
1496137714789457924
1496152805899444227
1496047791885492226
1496076498117304322
1496189939226222598
1496089940513415175
1496208302753161223
1496172927171141635
1496203135412543500
1496147770641563648
1496193069066043393
1496076496116625408
1496170356809379840
1496117571468230657
1496000526064005122
1496053378962665474
1496061834507530242
1496183004535959554
1496095762958200841