246294
246323
246362
246364
246395
246409
246450
246489
246497
246566
246589
246600
246603
246618
246619
246624
246627
246793
246800
246821
246823
246826
246827
246829
246830
246833
246835
246836
246837
246838
246840
246841
246844
246845
246846
246847
246848
246849
246850
246851
246852
246853
246854
246856
246865
246867
246868
246869
246870
246879
246885
246891
246894
246899
246900
246902
246903
246907
246908
246909
246911
246912
246913
246914
246915
246916
246917
246922
246929
246931
246932
246943
246953
246966
246992
246999
247009
247011
247029
247057
247080