1518851118557708293
1518956815307968512
1518832250447663105
1518862447465140225
1518983250689069057
1518998345641037825
1518820919682215936
1518775621131935744
1518852373719920641
1518839794117226496
1518892825106034688
1518912668773494784
1518912703833681920
1518779397205114880
1518892647578017797
1518741647248347136
1518912727472689152
1518892859398574082
1518883570135158784
1518895299460157440
1518907753653161984
1518933667732606976
1518996676341485568
1518764297274408963
1518873768239714306
1518768071522983936
1518790720743612416
1519048778308722688
1518813369720971265
1518813689075445761
1518824695520370689
1519013441045864449
1518997644185456645
1518836019239526400
1518854893741649921
1518771846274969600
1518847349019144192
1518900193696968704
1518922841965555712
1518745422147121153
1518869083302752257
1518919066357886977
1518937945838809089
1518996597912203264
1518749198228680706
1519036154460336129
1518891279152607237
1518996544103411718
1518843569141809152
1518945492746469376
1518996631013654528
1518996834567421952
1519017213079945216
1518815886416642049
1518892783074902017
1518949265288036353
1518953046830579713
1519067707798290432
1518783170858024963
1518888867423682564
1518941715511402496
1518968147579228161
1518996579016794113
1518896417049358336
1519103975429083136
1518891086332137473
1518979464251674625
1518987014401527809
1518996650940796929
1518997733033480193
1518877552080740353
1518802890323808256
1518911516669489153
1518817148302503936
1518809594960789506
1518971915611914244
1518885094257303552
1519002113891659776
1519009663315898368
1518915293099315202
1519005888497037313
1518881317827489793
1518828469312008192
1518869993408053248
1518756753684447233
1518752972104155138
1518760521582841856
1518822376540155904
1518858668199972864
1518921191146196992
1518964365898092545
1518994563913990145
1518990792064483328