1484044209376182276
1484187762748133378
1484069031795638278
1484190269180297222
1484107800783601666
1484224856333991946
1484239095563964417
1484252225459437580
1484136993865011200
1484100039937036289
1484028227350073344
1484084604986396672
1484155261019377666
1484188161789939716
1484222956658118659
1484252432611872772
1484096630051770373
1484117275208830981
1484230616824664069
1484152537292984326
1484179177582465033
1484215817059422219
1484252621066194955
1484151448887779330
1484212959761031170
1484182801276563456
1484063161527541760
1484130107447025664
1484112525931257858
1484033226888912899
1484088582809788419
1484118662726524931
1484194049724669955
1484251373168386053
1484252042742931460
1484212126508064776
1484233027211386890
1484250794539065359
1484059477720670209
1484209368488947713
1484185212602908673
1484176458767429632
1484090263412912129
1484103948537671683
1484122075870769153
1484052672449757184
1484132915978121221
1484135298141405184
1484217415559000068
1484252154084929541
1484210686385401864
1484046822842712065
1484141413839347714
1484252523397529601
1484139155827404810
1484258542513270794
1484160951708434434
1484162065342283778
1484195791782780929
1484109707224793088
1484197795359866881