174671
174672
174673
174674
174676
174677
174679
174680
174681
174682
174683
174684
174685
174686
174687
174688
174689
174690
174691
174692
174693
174694
174695
174697
174698
174699
174702
174703
174704
174705
174706
174707
174708
174710
174711
174712
174713
174714
174715
174716
174717
174718
174719
174720
174721
174722
174723
174724
174725
174727
174728
174729
174730
174731
174732
174733
174734
174735
174736
174737
174738
174739
174740
174741
174744
174745
174746
174747
174748
174749
174750
174751
174752
174753
174754
174756
174757
174758
174759
174760
174761
174762
174763
174764
174765
174766
174767
174768
174769
174770
174772
174773
174774
174775
174776
174777
174778
174779
174780
174781
174782
174783
174784
174785
174786
174787
174789
174790
174792
174793
174794
174795
174796
174797
174798
174799
174800
174801
174802
174804
174805
174806
174808
174809
174811
174812
174813
174814
174815
174816
174817
174818
174819
174820
174822
174823
174825
174826
174827
174828
174830
174831
174832
174833
174835
174836
174837
174838
174839
174840
174841
174842
174843
174844
174845
174846
174847
174849
174850
174852