145310
145311
145312
145313
145314
145315
145316
145317
145318
145319
145320
145321
145322
145323
145324
145326
145327
145328
145329
145330
145331
145332
145333
145334
145335
145336
145337
145338
145339
145340
145341
145343
145344
145345
145346
145347
145348
145349
145352
145353
145354
145355
145356
145357
145358
145359
145360
145361
145362
145363
145364
145365
145366
145367
145368
145370
145371
145372
145373
145374
145375
145376
145377
145378
145379
145380
145381
145382
145383
145384
145385
145386
145387
145388
145389
145391
145394
145398
145399
145400
145401
145402
145404
145405
145406
145407
145408
145410
145411
145412
145413
145414
145415
145416
145417
145418
145422
145424
145425
145426
145427
145428
145429
145430
145431
145432
145434
145436
145437
145438
145440
145442
145444
145445
145446
145447
145448
145449
145450
145452
145453
145454
145455
145456
145457
145458
145459
145460
145461
145462
145463
145464
145465
145467
145468
145469
145470
145473
145476
145477
145478
145479
145481
145482
145484
145486
145487
145488
145489
145490
145491
145492
145494
145495
145497
145498
145499
145500
145502
145504
145505
145506
145508
145509
145510
145511
145513
145514
145515
145516
145517
145518
145519
145521
145522
145523
145524
145526
145527
145528
145530
145531
145532
145533
145534
145535