160712
160713
160714
160715
160716
160717
160718
160719
160720
160721
160722
160723
160724
160725
160726
160727
160729
160730
160731
160732
160733
160734
160735
160736
160738
160741
160742
160743
160744
160745
160746
160747
160748
160749
160751
160753
160754
160755
160756
160757
160758
160759
160760
160761
160762
160764
160765
160766
160768
160769
160770
160771
160772
160773
160774
160775
160777
160778
160779
160780
160781
160782
160783
160784
160785
160786
160788
160790
160791
160792
160794
160795
160796
160797
160798
160799
160800
160801
160802
160803