166334
166335
166336
166337
166339
166340
166341
166342
166343
166344
166345
166346
166347
166348
166349
166350
166351
166352
166353
166354
166355
166356
166358
166359
166360
166361
166362
166363
166364
166365
166366
166367
166368
166369
166370
166371
166372
166373
166374
166375
166376
166377
166378
166379
166380
166381
166382
166383
166384
166385
166388
166389
166390
166392
166393
166394
166395
166396
166397
166399
166400
166401
166402
166404
166405
166406
166408
166409
166410
166412
166413
166414
166415
166416
166417
166419
166420
166422
166423
166424
166425
166426
166427
166428
166429
166430
166431
166432
166434
166437
166438
166439
166440
166441
166442
166443
166444
166445
166446
166447
166448
166449
166450
166451
166452
166453
166454
166456
166458
166462
166463
166464
166465
166467
166468
166472
166474
166475
166476
166477
166478
166479
166480
166481
166482
166484
166485
166486
166488
166489
166490
166491
166492
166493
166494
166495
166496
166497
166498
166499
166500
166501
166502
166504
166505
166506
166508
166509
166510
166511
166512
166513
166514
166515
166516
166517
166518
166520
166522
166523
166524
166525
166526
166527
166528