181311
181322
181329
181336
181337
181341
181342
181344
181347
181357
181365
181373
181384
181389
181393
181404
181413
181429
181439
181445
181467
181475
181478
181521
181527
181532
181535
181538
181539
181549
181559
181566
181569
181573
181576
181584
181586
181588
181594
181607
181608
181609
181613
181615
181616
181617
181618
181620
181621
181622
181626
181628
181632
181633
181643
181644
181650
181663
181664
181667
181670
181672
181675
181676
181687
181695
181696
181698
181702
181703
181705
181707
181708
181719
181720
181723
181724
181729