175818
175819
175820
175821
175822
175823
175824
175825
175826
175827
175828
175829
175830
175831
175833
175834
175835
175836
175837
175838
175839
175840
175842
175844
175845
175846
175847
175849
175850
175851
175852
175853
175854
175855
175856
175857
175858
175859
175860
175861
175862
175863
175864
175865
175866
175868
175869
175870
175871
175872
175873
175874
175875
175876
175877
175878
175880
175881
175882
175883
175884
175885
175887
175888
175889
175890
175891
175892
175893
175894
175895
175896
175898
175899
175900
175901
175902
175903
175904
175905
175906
175907
175908
175909
175911
175912
175913
175914
175915
175916
175917
175918
175919
175920
175921
175922
175923
175924
175925
175926
175927
175928
175929
175930
175932
175933
175934
175935
175936
175937
175938
175939
175940
175941
175942
175943
175944
175945
175946
175947
175948
175949
175950
175951
175952
175953
175954
175955
175956
175959
175960
175961
175962
175963
175964
175965
175966
175967
175969
175970
175971
175972
175973
175974
175975
175976
175977
175978
175979
175980
175981
175982
175983
175984
175985
175986
175987
175988
175989
175990
175991
175992
175993
175995
175996
175997
175998
175999
176000
176001
176002
176003
176004
176005
176006
176007
176008
176009
176010
176011
176012
176013
176015
176016
176017
176018
176019
176020
176021
176022
176023
176025
176026
176027
176028
176029
176030
176031
176032
176033
176034
176035
176036
176037
176038
176039
176041
176042
176043
176044
176045
176046
176047
176049
176050
176052
176054
176055
176056
176057
176058
176059
176060
176061
176062
176063
176064
176065
176066
176067
176068
176069
176070
176071
176072
176073
176074
176075
176077
176078
176079
176080
176081
176082
176083
176084
176085
176086
176087
176088
176089
176091
176092
176093
176094
176095
176096
176097
176098
176099