238837
238838
238839
238840
238841
238842
238843
238844
238845
238846
238847
238848
238849
238850
238851
238852
238853
238854
238855
238856
238857
238858
238859
238860
238861
238862
238863
238864
238865
238866
238867
238868
238869
238870
238871
238872
238873
238874
238875
238876
238877
238879
238880
238881
238882
238884
238885
238886
238887
238888
238889
238890
238891
238892
238893
238894
238895
238900
238903
238904
238905
238907
238908
238909
238910
238911
238912
238913
238914
238915
238916
238917
238918
238919
238920
238921
238922
238923
238924
238925
238926
238927
238929
238930
238931
238933
238934
238935
238936
238937
238938
238939
238940
238941
238942
238943
238944
238945
238946
238947
238948
238949
238950
238952
238953
238955
238956
238957
238958
238959
238960
238962
238965
238966
238967
238969
238970
238971
238972
238973
238974
238975
238976
238978
238980
238981
238982
238983
238984
238985
238986
238987
238988
238989
238990
238991
238992
238993
238994
238995
238996
238997
238998
238999
239000
239001
239002
239003
239004
239005
239006
239007
239008
239009
239010
239011
239013
239014
239015
239016
239017
239018
239019
239020
239021
239022
239023
239024
239025
239026
239027
239028
239029
239030
239031
239032
239033
239034
239035
239036
239037
239038
239039
239040
239041
239042
239043
239044
239045
239046
239047
239048
239049
239050
239051
239053
239054
239055
239057
239058
239059
239060
239061
239062
239063
239064
239065
239066
239067
239068
239069
239070
239071
239072
239073
239074
239075
239076
239077
239078
239079
239080
239082
239083
239084
239085
239086
239087
239088
239089
239090
239091
239092
239093
239095
239096
239097
239098
239099
239100
239101
239102
239103
239104
239106
239107
239108
239109
239110
239111
239112
239114
239115
239116
239117
239118
239119
239120
239121
239122
239123
239124
239125
239126
239127
239128
239129
239130
239131
239132
239133
239134
239135
239136
239137