250229
250230
250231
250232
250233
250234
250235
250236
250237
250238
250239
250240
250241
250244
250245
250246
250247
250248
250249
250250
250251
250252
250253
250255
250256
250257
250258
250259
250260
250261
250262
250263
250264
250265
250266
250267
250268
250269
250270
250271
250272
250273
250274
250275
250276
250277
250278
250279
250280
250281
250282
250283
250284
250285
250286
250287
250288
250289
250290
250291
250292
250293
250294
250295
250296
250297
250298
250299
250300
250301
250302
250303
250304
250305
250306
250307
250308
250309
250310
250311
250312
250313
250314
250315
250316
250317
250318
250319
250320
250321
250322
250323
250324
250325
250326
250327
250328
250329
250330
250331
250332
250333
250334
250335
250336
250337
250338
250339
250340
250341
250342
250343
250344
250345
250346
250347
250348
250349
250350
250351
250352
250353
250354
250355
250356
250357
250358
250359
250360
250361
250362
250363
250364
250365
250366
250367
250368
250369
250370
250371
250372
250373
250374
250375
250376
250377
250378
250379
250381
250382
250383
250384
250385
250386
250387
250388
250390
250392
250393
250394
250396
250397
250398
250399
250400
250401
250402
250403
250404
250405
250406
250408
250409
250410
250411
250412
250413
250414
250415
250416
250417
250418
250419
250420
250421
250422
250423
250424
250425
250426
250427
250428
250429
250430
250431
250432
250433
250434
250435
250436
250437
250438
250439
250440
250441
250442
250443
250444
250445
250446
250447
250448
250449
250450
250451
250452
250453
250454
250455
250456
250457
250459
250460
250461
250462
250463
250464
250465
250466
250467
250468
250469
250470
250471
250472
250473
250474
250475
250476
250477
250478
250479
250480
250481
250482
250483
250484
250485
250486
250487
250488
250489
250490
250491
250492
250493
250494
250495
250496
250497
250498
250499
250500
250501
250502
250503
250504
250505
250506
250507
250508
250510
250511
250512
250514
250515
250516
250517
250518
250519
250520
250521
250522
250523
250524
250525
250526
250527
250528
250529
250530
250531
250534
250535
250536
250538
250539
250540
250541
250542
250543
250544
250545
250546
250547
250548
250549
250550
250551
250552
250553
250554
250555
250557
250559
250560
250561
250562
250563
250564
250565
250566
250567
250569
250570
250571
250572
250573
250574
250575
250576
250577
250578
250579
250580
250581
250582
250583
250584
250585
250586
250587
250588
250589
250590
250591
250592
250593
250594
250595
250596
250597
250598
250599
250600
250601
250602
250603
250604
250605
250606
250607
250608
250609
250610
250611
250612
250613
250614
250615
250616
250617
250618
250619
250620
250621
250622
250623
250624
250625
250626
250627
250628
250629
250630
250631
250633
250634
250635
250636
250638
250639
250641
250642
250643
250644
250645
250646
250648
250650
250651
250652
250653
250654
250655
250656
250657
250658
250659
250660
250661
250662
250663
250664
250665
250666
250667
250668
250669
250670
250671
250672
250673
250674
250675
250676
250677
250678
250679
250680
250681
250682
250685
250687
250688
250689
250690
250691
250692
250693
250694
250695
250696
250698
250699
250700
250701
250702
250703
250704
250705
250706
250707
250708
250709
250710
250711
250712
250713
250714
250716
250717
250718
250719
250721
250722
250723
250724
250725
250726
250727
250728
250729
250730
250731
250732
250733
250734
250735
250736
250737
250738
250740
250741
250742
250743
250744
250745
250746
250747
250748
250749
250750
250751
250752
250753
250754
250755
250756
250757
250758
250759
250760
250761
250762
250763
250764
250765
250766
250767
250769
250770
250771
250772
250773
250775
250776
250777
250778
250779
250780
250781
250782
250783
250784
250785
250786
250787
250788
250790
250791
250792
250793
250794
250795
250796
250797
250798
250799
250800
250801
250802
250803
250805
250806
250807
250808
250809
250810
250811
250812
250813
250814
250815
250816
250817
250818
250819
250820
250821
250823
250824
250825
250826
250828
250829
250830
250831
250832
250833
250834
250835
250836
250837
250838
250839
250840
250841
250842
250843
250844
250845
250846
250847
250848
250849
250850
250851
250852
250853
250854
250855
250856
250857
250858
250859
250860
250861
250862
250863
250864
250865
250866
250867
250868
250869
250870
250871
250872
250874
250875
250876
250879
250880
250881
250882
250883
250884
250886
250887
250888
250889
250890
250891
250893
250894
250895
250897
250900
250902
250904
250906
250907
250908
250909
250910
250911
250913
250914
250916
250917
250918
250919
250920
250921
250922
250923
250924
250925
250926
250927
250928
250929
250930
250931
250932
250933
250934
250935
250936
250937
250938
250939
250940
250941
250942
250944
250946
250947
250948
250949
250950
250951
250952
250953
250954
250955
250956
250957
250958
250959
250960
250962
250963
250964
250965
250966
250967
250968
250969
250970
250971
250972
250973
250975
250977
250978
250979
250980
250981
250983
250984
250985
250986
250987
250988
250989
250991
250992
250993
250994
250995
250996
250997
250998
250999
251000
251001
251002
251003
251004
251005
251006
251007
251008
251009
251010
251011
251012
251013
251014
251015
251017
251018
251019
251020
251021
251022
251023
251024
251025
251026
251027
251028
251029
251030
251031
251032
251033
251034
251035
251037
251038
251039
251041
251042
251043
251045
251046
251047
251048
251049
251050
251051
251052
251053
251054
251055
251057
251058
251059
251061
251063
251064
251065
251066
251068
251069
251070
251071
251072
251073
251074
251075
251076
251077
251078
251080
251081
251082
251083
251084
251086
251087
251088
251089
251090
251091
251092
251093
251094
251095
251096
251097
251098
251099
251100
251101
251102
251103
251104
251105
251106
251107
251109
251110
251111
251113
251115
251116
251117
251118
251119
251120
251121
251122
251123
251124
251125
251126
251127
251128
251129
251130
251131
251132
251133
251134
251135
251137
251138
251139
251140
251141
251142
251143
251144
251145
251146
251147
251149
251150
251151
251152
251153
251154
251155
251156
251157
251159
251160
251161
251162
251163
251164
251165
251166
251167
251168
251169
251170
251172
251173
251174
251175
251176
251177
251179
251180
251181
251182
251183
251184
251186
251187
251188
251189
251190
251192
251193
251194
251195
251196
251197
251198
251199
251200
251201
251202
251204
251205
251206
251207
251208
251209
251210
251211
251212
251213
251214
251215
251216
251217
251218
251219
251220
251221
251222
251223
251224
251225
251226
251227
251228
251229
251230
251231
251232
251233
251234
251235
251236
251237
251238
251239
251240
251241
251243
251244
251245
251246
251247
251248
251249
251250
251251
251252
251253
251255
251256
251257
251258
251259
251260
251261
251262
251263
251264
251266
251267
251268
251269
251270
251271
251272
251273
251274
251275
251276
251278
251279
251280
251281
251282
251283
251284
251285
251286
251287
251288
251289
251290
251291
251292
251293
251294
251295
251296
251297
251298
251299
251300
251301
251302
251303
251304
251306
251307
251308
251309
251310
251311
251312
251313
251314
251315
251316
251317
251318
251320
251321
251322
251325
251326
251327
251328
251329
251331
251332
251333
251334
251335
251336
251337
251339
251340
251341
251342
251343
251344
251345
251347
251348
251349
251351
251352
251353
251354
251355
251356
251358
251359
251360
251361
251362
251364
251365
251366
251367
251369
251371
251372
251373
251374
251376
251377
251378
251380
251382
251383
251384
251387
251388
251389
251391
251392
251393
251394
251395
251396
251397
251398
251399
251400
251401
251402
251403
251404
251405
251407
251408
251409
251410
251411
251412
251413
251414
251415
251416
251417
251418
251419
251420
251421
251422
251423
251424
251425
251427
251428
251429
251430
251431
251434
251435
251436
251438
251439
251440
251441
251442
251443
251444
251445
251447
251448
251449
251450
251451
251452
251453
251454
251455
251456
251457
251458
251459
251460
251461
251462
251463
251464
251465
251466
251468
251469
251470
251471
251472
251473
251475
251476
251477
251478
251480
251481
251482
251483
251484
251485
251487
251488
251489
251490
251491
251492
251493
251494
251495
251496
251497
251498
251500
251502
251503
251504
251505
251506
251507
251508
251509
251510
251511
251512
251513
251514
251515
251516
251518
251519
251520
251521
251522
251523
251524
251525
251526
251527
251528
251529
251530
251531
251532
251533
251534
251535
251536
251537
251538
251539
251540
251541
251542
251543
251544
251545
251546
251547
251548
251549
251550
251551
251552
251553
251554
251555
251556
251558
251559
251560
251562
251563
251564
251565
251566
251567
251569
251570
251571
251572
251573
251574
251575
251576
251577
251578
251579
251580
251581
251582
251583
251584
251585
251586
251587
251588
251589
251590
251591
251592
251593
251594
251595
251596
251597
251598
251599
251600
251601
251602
251604
251605
251606
251607
251608
251609
251610
251611
251612
251613
251615
251616
251617
251618
251619
251620
251621
251622
251623
251625
251626
251627
251628
251629
251630
251631
251632
251633
251634
251635
251636
251637
251638
251639
251640
251641
251642
251644
251645
251646
251647
251648
251649
251650
251651
251652
251653
251654
251655
251656
251657
251658
251660
251661
251662
251663
251664
251665
251666
251667
251668
251669
251670
251672
251674
251675
251676
251677
251678
251679
251681
251682
251683
251684
251685
251687
251688
251689
251690
251691
251692
251693
251694
251695
251696
251697
251698
251699
251700
251701
251702
251703
251704
251705
251706
251707
251708
251709
251710
251711
251712
251713
251714
251715
251716
251717
251718
251719
251720
251721
251722
251723
251724
251725
251726
251727
251728
251729
251730
251731
251732
251733
251734
251735
251736
251737
251738
251739
251740
251741
251742
251743
251745
251746
251748
251749
251750
251752
251753
251754
251756
251757
251759
251760
251761
251762
251763
251764
251765
251766
251767
251768
251769
251771
251772
251773
251775
251776
251777
251778
251779
251780
251781
251782
251783
251785
251787
251788
251789
251790
251791
251792
251793
251794
251795
251796
251797
251799
251800
251801
251802
251803
251804
251805
251806
251807
251808
251810
251811
251812
251813
251814
251815
251816
251817
251818
251819
251820
251821
251822
251823
251824
251825
251826
251827
251828
251829
251831
251832
251833
251834
251835
251836
251837
251838
251839
251841
251842
251844
251845
251846
251847
251848
251850
251851
251852
251853
251854
251855
251856
251857
251859
251860
251861
251862
251863
251864
251865
251866
251867
251868
251869
251870
251871
251872
251873
251874
251875
251876
251877
251878
251879
251880
251881
251882
251883
251884
251885
251886
251887
251888
251889
251890
251891
251892
251893
251894
251896
251897
251898
251899
251901
251903
251904
251906
251907
251908
251909
251910
251911
251912
251913
251914
251915
251916
251917
251918
251919
251920
251921
251922
251923
251924
251925
251926
251927
251928
251929
251930
251931
251932
251933
251934
251935
251936
251937
251938
251940
251941
251942
251943
251944
251945
251946
251947
251948
251949
251950
251951
251952
251953
251954
251956
251957
251958
251959
251960
251961
251962
251963
251964
251965
251966
251967
251968
251970
251971
251972
251973
251974
251976
251977
251979
251980
251981
251982
251983
251984
251985
251986
251987
251988
251989
251990
251991
251992
251993
251994
251995
251996
251997
251998
251999
252000
252001
252002
252003
252004
252005
252006
252007
252008
252009
252010
252011
252012
252013
252014
252015
252016
252017
252018
252019
252020
252021
252022
252023
252024
252025
252026
252027
252028
252029
252030
252031
252032
252033
252034
252035
252036
252037
252038
252039
252040
252041
252042
252043
252044
252045
252046
252047
252048
252049
252050
252051
252052
252053
252054
252055
252056
252057
252058
252059
252060
252061
252062
252063
252064
252065
252066
252067
252068
252069
252070
252071
252072
252073
252074
252075
252076
252077
252078
252079
252080
252081
252082
252083
252084
252085
252086
252087
252088
252089
252090
252091
252092
252093
252094
252095
252096
252097
252098
252099
252100
252101
252102
252103
252104
252105
252106
252107
252108
252109
252110
252111
252112
252113
252114
252115
252116
252117
252118
252119
252120
252121
252122
252123
252124
252125
252126
252127
252128
252130
252131
252132
252133
252134
252135
252136
252137
252138
252139
252140
252141
252142
252143
252144
252145
252146
252147
252148
252150
252152
252153
252154
252155
252156
252158
252159
252161
252162
252163
252164
252165
252166
252167
252168
252169
252170
252171
252172
252173
252174
252175
252176
252177
252178
252179
252180
252181
252182
252183
252184
252185
252186
252187
252188
252189
252190
252191
252192
252193
252194
252195
252196
252197
252198
252199
252200
252201
252202
252203
252204
252205
252206
252207
252208
252209
252210
252211
252212
252213
252214
252215
252216
252217
252218
252219
252220
252221
252222
252223
252224
252225
252226
252227
252228
252229
252230
252231
252232
252233
252234
252235
252236
252237
252238
252239
252240
252241
252242
252243
252244
252246
252247
252248
252249
252250
252251
252252
252253
252254
252255
252256
252257
252258
252259
252260
252261
252263
252264
252265
252266
252267
252268
252269
252270
252271
252272
252273
252274
252275
252276
252277
252278
252279
252280
252281
252282
252283
252284
252285
252286
252287
252288
252289
252290
252291
252292
252293
252294
252295
252296
252297
252298
252299
252300
252301
252302
252303
252304
252305
252306
252307
252308
252309
252310
252311
252312
252313
252314
252315
252316
252317
252318
252319
252320
252321
252322
252323
252324
252325
252326
252327
252329
252330
252331
252332
252334
252335
252336
252337
252338
252339
252341
252342
252343
252344
252345
252346
252347
252348
252350
252352
252353
252354
252355
252356
252357
252358
252360
252361
252362
252363
252364
252365
252366
252367
252368
252369
252370
252371
252372
252373
252374
252375
252376
252377
252378
252379
252380
252381
252382
252383
252384
252385
252386
252387
252388
252389
252390
252391
252392
252393
252394
252395
252396
252397
252398
252400
252401
252402
252403
252404
252405
252406
252407
252408
252409
252410
252411
252412
252413
252414
252415
252417
252418
252419
252420
252421
252422
252423
252424
252425
252426
252427
252428
252429
252430
252431
252432
252433
252434
252435
252436
252437
252438
252439
252440
252441
252442
252444
252445
252446
252447
252448
252449
252450
252451
252452
252453
252454
252456
252457
252458
252459
252460
252461
252462
252463
252464
252465
252466
252467
252468
252469
252470
252471
252472
252473
252474
252475
252476
252477
252478
252479
252480
252481
252482
252483
252484
252485
252486
252487
252488