309587
309588
309589
309590
309591
309592
309593
309594
309595
309597
309598
309599
309600
309601
309602
309604
309605
309606
309607
309608
309609
309610
309611
309612
309613
309614
309615
309616
309617
309618
309619
309620
309621
309622
309623
309624
309625
309626
309627
309628
309629
309630
309631
309632
309633
309634
309635
309636
309637
309638
309639
309640
309642
309643
309644
309645
309646
309647
309648
309649
309651
309653
309654
309655
309657
309658
309659
309661
309662
309663
309665
309666
309668
309669
309670
309671
309672
309673
309674
309675
309677
309678
309679
309680
309682
309683
309685
309686
309687
309689
309690
309691
309692
309693
309695
309696
309697
309699
309700
309701