3462558
3462560
3462561
3462562
3462563
3462564
3462565
3462566
3462567
3462569
3462570
3462571
3462573
3462575
3462576
3462577
3462578
3462580
3462582
3462583
3462584
3462585
3462586
3462588
3462589
3462591
3462592
3462594
3462595
3462596
3462597
3462598
3462601
3462602
3462603
3462604
3462605
3462606
3462607
3462609
3462610
3462611
3462612
3462613
3462615
3462616
3462617
3462618
3462619
3462620
3462622
3462623
3462624
3462626
3462628
3462629
3462630
3462631
3462632
3462633
3462634
3462635
3462636
3462637
3462638
3462639
3462640
3462641
3462643
3462644
3462645
3462647
3462648
3462649
3462650
3462651
3462652
3462653
3462654
3462657
3462658
3462659
3462660
3462661
3462663
3462664
3462665
3462666
3462667
3462668
3462669
3462670
3462671
3462672
3462673
3462674
3462675
3462676
3462677
3462678
3462679
3462680
3462681
3462682
3462683
3462684
3462685
3462686
3462687
3462688
3462689
3462690
3462692
3462693
3462694
3462695
3462696
3462697
3462698
3462699
3462700
3462701
3462702
3462703
3462704
3462705
3462706
3462707
3462708
3462709
3462710
3462711
3462712
3462713
3462715
3462716
3462717
3462718
3462719
3462721
3462722
3462724
3462725
3462726
3462727
3462728
3462729
3462731
3462732
3462733
3462734
3462735
3462736
3462737
3462738
3462740
3462742
3462743
3462744
3462745
3462746
3462747
3462748
3462749
3462750
3462751
3462752
3462753
3462754
3462755
3462756
3462757
3462758
3462759
3462761
3462762
3462764
3462766
3462767
3462768
3462769
3462770
3462771
3462772
3462773
3462775
3462776
3462777
3462778
3462779
3462780
3462781
3462782
3462783
3462784
3462785
3462786
3462787
3462788
3462789
3462790
3462791
3462792
3462793
3462794
3462795
3462796
3462797
3462798
3462799
3462800
3462801
3462802
3462803
3462804
3462805
3462806
3462807
3462808
3462809
3462810
3462811
3462813
3462814
3462816
3462817
3462818
3462819
3462820
3462821
3462822
3462823
3462824
3462825
3462826
3462827
3462828
3462829
3462830
3462831
3462832
3462833
3462834
3462835
3462836
3462837
3462838
3462839
3462840
3462841
3462842
3462843
3462844
3462846
3462847
3462848
3462849
3462850
3462851
3462852
3462855
3462856
3462857
3462858
3462859
3462861
3462862
3462863
3462864
3462865
3462866
3462867
3462868
3462869
3462870
3462871
3462872
3462873
3462874
3462875
3462876
3462878
3462879
3462880
3462881
3462882
3462883
3462884
3462885
3462886
3462887
3462888
3462889
3462890
3462891
3462893
3462894
3462895
3462897
3462898
3462899
3462900
3462901
3462902
3462903
3462904
3462905
3462906
3462907
3462908
3462909
3462910
3462911
3462912
3462913
3462914
3462917
3462918
3462919
3462921
3462922
3462923
3462924
3462925
3462926
3462927
3462928
3462929
3462930
3462931
3462933
3462935
3462936
3462937
3462938
3462939
3462941
3462942
3462943
3462944
3462945
3462946
3462947
3462948
3462949
3462950
3462951
3462953
3462954
3462955
3462956
3462957
3462958
3462959
3462960
3462961
3462962
3462963
3462964
3462965
3462966
3462967
3462968
3462969
3462971
3462972
3462973
3462974
3462975
3462976
3462977
3462978
3462979
3462980
3462981
3462982
3462983
3462984
3462985
3462986
3462987
3462988
3462989
3462990
3462991
3462992
3462993
3462994
3462995
3462996
3462998
3462999
3463000
3463001
3463002
3463003
3463004
3463005
3463006
3463007
3463009
3463010
3463011
3463012
3463013
3463014
3463015
3463016
3463017
3463018
3463019
3463020
3463021
3463022
3463023
3463024
3463026
3463027
3463028
3463029
3463030
3463031
3463032
3463033
3463034
3463035
3463037
3463038
3463039
3463041
3463043
3463044
3463045
3463046
3463047
3463048
3463049
3463050
3463052
3463053
3463054
3463055
3463056
3463057
3463058
3463059
3463060
3463061
3463062
3463063
3463064
3463065
3463066
3463067
3463068
3463069
3463070
3463071
3463073
3463074
3463075
3463076
3463077
3463078
3463080
3463081
3463083
3463084
3463085
3463087
3463088
3463089
3463090
3463091
3463093
3463094
3463095
3463096
3463097
3463098
3463099
3463100
3463101
3463102
3463103
3463104
3463105
3463106
3463107
3463108
3463109
3463110
3463111
3463112
3463113
3463114
3463115
3463116
3463117
3463118
3463119
3463120
3463121
3463123
3463124
3463125
3463126
3463127
3463128
3463129
3463130
3463132
3463133
3463134
3463135
3463136
3463138
3463139
3463141
3463142
3463143
3463144
3463145
3463146
3463147
3463148
3463149
3463150
3463152
3463153
3463154
3463156
3463157
3463158
3463159
3463160
3463162
3463163
3463164
3463165
3463167
3463168
3463169
3463171
3463172
3463173
3463175
3463176
3463177
3463178
3463179
3463180
3463181
3463183
3463184
3463185
3463186
3463187
3463188
3463189
3463190
3463191
3463192
3463194
3463195
3463196
3463197
3463198
3463199
3463200
3463201
3463203
3463204
3463205
3463206
3463207
3463208
3463209
3463210
3463211
3463212
3463213
3463214
3463215
3463216
3463217
3463218
3463219
3463221
3463222
3463223
3463224
3463225
3463226
3463227
3463228
3463229
3463230
3463231
3463232
3463233
3463234
3463236
3463237
3463239
3463240
3463241
3463242
3463243
3463244
3463245
3463246
3463248
3463249
3463250
3463251
3463252
3463253
3463254
3463255
3463256
3463257
3463258
3463260
3463261
3463262
3463264
3463265
3463266
3463268
3463269