3261573
3261574
3261575
3261579
3261593
3261600
3261603
3261611
3261658
3261659
3261705
3261731
3261733
3261760
3261762
3261763
3261764
3261807
3261809
3261824
3261831
3261842
3261843
3261844
3261846
3261847
3261854
3261858
3261876
3261885
3261886
3261889
3261898
3261933
3261934
3261953
3261959
3261960
3261961
3261962
3261963
3261964
3261965
3261966
3261967
3261968
3261969
3261971
3261972
3261974
3261975
3261976
3261978
3261981
3261984
3261988
3261989
3261990
3261991
3261992
3261993
3261996
3261998
3262000
3262002
3262005
3262006
3262008
3262009
3262011
3262012
3262014
3262016
3262018
3262024
3262025
3262038
3262039
3262040
3262041
3262042
3262043
3262044
3262045
3262047
3262048
3262049
3262050
3262053
3262055
3262058
3262059
3262061
3262062
3262064
3262067
3262069
3262070
3262072
3262073
3262074
3262075
3262078
3262080
3262081
3262085
3262086
3262087
3262088
3262089
3262090
3262091
3262093
3262095
3262096
3262098
3262099
3262100
3262101
3262102
3262104
3262105
3262106
3262107
3262108
3262110
3262111
3262113
3262114
3262115
3262116
3262117
3262118
3262119
3262120
3262121
3262122
3262123
3262124
3262125
3262126
3262127
3262128
3262129
3262130
3262131
3262132
3262133
3262134
3262135
3262136
3262137
3262138
3262141
3262142
3262144
3262145
3262146
3262147
3262148
3262150
3262151
3262152
3262153
3262154
3262155
3262156
3262157
3262158
3262159
3262160
3262161
3262162
3262163
3262164
3262165
3262167
3262168
3262169
3262170
3262171
3262172
3262173
3262174
3262175
3262176
3262177
3262178
3262180
3262185
3262186
3262187
3262188
3262189
3262190
3262193
3262195
3262197
3262198
3262209
3262210
3262211
3262212
3262213
3262215
3262216
3262217
3262218
3262219
3262222
3262223
3262226
3262227
3262228
3262229
3262231
3262232
3262233
3262234
3262235
3262236
3262237
3262238
3262239
3262240
3262241
3262242
3262243
3262244
3262246
3262247
3262249
3262252
3262253
3262255
3262256
3262257
3262259
3262261
3262262
3262263
3262264
3262265
3262266
3262267
3262268
3262269
3262270
3262271
3262272
3262275
3262280
3262281
3262282
3262283
3262285
3262290
3262294
3262313
3262314
3262316
3262317
3262318
3262319
3262320
3262321
3262322
3262323
3262324
3262332
3262334
3262335
3262337
3262351
3262353
3262354
3261329
3261330
3261331
3261332
3261334
3261335
3261337
3261338
3261339
3261340
3261341
3261343
3261344
3261345
3261347
3261348
3261349
3261350
3261351
3261352
3261354
3261356
3261357
3261358
3261359
3261360
3261361
3261362
3261363
3261364
3261366
3261367
3261368
3261369
3261370
3261372
3261373
3261374
3261375
3261377
3261379
3261381
3261382
3261383
3261384
3261385
3261386
3261387
3261388
3261389
3261391
3261393
3261394
3261395
3261399
3261400
3261402
3261403
3261404
3261405
3261406
3261407
3261409
3261410
3261411
3261412
3261413
3261415
3261416
3261418
3261419
3261420
3261421
3261422
3261423
3261424
3261425
3261426
3261427
3261428
3261429
3261431
3261432
3261434
3261435
3261436
3261437
3261438
3261439
3261440
3261441
3261442
3261444
3261446
3261447
3261448
3261449
3261450
3261451
3261452
3261454
3261455
3261456
3261457
3261459
3261460
3261462
3261464
3261465
3261466
3261467
3261468
3261469
3261470
3261471
3261472
3261476
3261477
3261478
3261480
3261481
3261482
3261484
3261485
3261486
3261487
3261489
3261490
3261491
3261492
3261493
3261494
3261495
3261496
3261497
3261498
3261500
3261502
3261503
3261504
3261505
3261506
3261507
3261508
3261509
3261510
3261511
3261512
3261514
3261515
3261516
3261517
3261518
3261519
3261520
3261521
3261522
3261524
3261525
3261526
3261527
3261528
3261529
3261530
3261532
3261534
3261535
3261536
3261538
3261539
3261540
3261541
3261542
3261543
3261544
3261545
3261546
3261547
3261548
3261549
3261550
3261551
3261552
3261554
3261555
3261556
3261557
3261558
3261559
3261560
3261561
3261562
3261563
3261564
3261565
3261567
3261568
3261569
3261571
3261572
3261576
3261577
3261578
3261580
3261581
3261582
3261583
3261584
3261585
3261586
3261587
3261588
3261589
3261590
3261592
3261594
3261595
3261597
3261598
3261599
3261601
3261602
3261604
3261605
3261606
3261607
3261608
3261609
3261610
3261612
3261613
3261615
3261616
3261617
3261619
3261620
3261621
3261622
3261623
3261624
3261625
3261626
3261627
3261628
3261629
3261631
3261632
3261633
3261634
3261635
3261636
3261637
3261638
3261639
3261640
3261641
3261642
3261643
3261644
3261645
3261646
3261647
3261648
3261649
3261650
3261651
3261652
3261653
3261654
3261655
3261656
3261657
3261660
3261661
3261662
3261664
3261665
3261666
3261667
3261668
3261669
3261670
3261671
3261672
3261673
3261674
3261675
3261676
3261677
3261678
3261679
3261680
3261681
3261682
3261683
3261684
3261685
3261686
3261687
3261688
3261689
3261690
3261691
3261692
3261693
3261694
3261695
3261696
3261697
3261698
3261699
3261700
3261701
3261702
3261703
3261704
3261706
3261708
3261709
3261710
3261711
3261712
3261713
3261714
3261715
3261716
3261717
3261718
3261719
3261720
3261721
3261722
3261723
3261725
3261726
3261727
3261728
3261729
3261730
3261732
3261734
3261736
3261737
3261738
3261739
3261740
3261741
3261742
3261743
3261744
3261745
3261746
3261747
3261748
3261749
3261750
3261751
3261752
3261753
3261754
3261755
3261756
3261757
3261758
3261759
3261761
3261765
3261767
3261768
3261769
3261770
3261771
3261772
3261773
3261774
3261775
3261776
3261777
3261778
3261779
3261780
3261781
3261782
3261783
3261784
3261785
3261786
3261787
3261788
3261789
3261790
3261791
3261792
3261793
3261795
3261796
3261797
3261798
3261799
3261800
3261801
3261802
3261803
3261804
3261805
3261806
3261808
3261810
3261811
3261812
3261814
3261815
3261816
3261817
3261818
3261819
3261820
3261821
3261822
3261823
3261825
3261826
3261827
3261828
3261829
3261830
3261832
3261834
3261835
3261836
3261837
3261838
3261839
3261840
3261841
3261845
3261848
3261849
3261850
3261851
3261852
3261853
3261856
3261857
3261860
3261861
3261862
3261863
3261864
3261865
3261866
3261867
3261868
3261869
3261870
3261871
3261872
3261873
3261874
3261877
3261878
3261879
3261880
3261881
3261882
3261883
3261884
3261887
3261888
3261890
3261891
3261892
3261893
3261894
3261895
3261896
3261897
3261899
3261900
3261901
3261902
3261904
3261905
3261906
3261907
3261908
3261909
3261910
3261911
3261912
3261913
3261914
3261915
3261916
3261917
3261918
3261919
3261920
3261921
3261922
3261923
3261924
3261925
3261926
3261927
3261928
3261929
3261930
3261931
3261932
3261935
3261937
3261938
3261939
3261940
3261941
3261942
3261943
3261944
3261945
3261946
3261948
3261949
3261950
3261951
3261954
3261955
3261956
3261957
3261958
3261970
3261973
3261977
3261979
3261982
3261983
3261986
3261987
3261994
3261995
3261997
3261999
3262001
3262003
3262004
3262007
3262010
3262013
3262015
3262017
3262019
3262020
3262021
3262022
3262023
3262026
3262027
3262029
3262030
3262031
3262032
3262034
3262035
3262036
3262037
3262056
3262057
3262060
3262066
3262068
3262071
3262076
3262079
3262082
3262084
3262092
3262094
3262097
3262103
3262109
3262139
3262140
3262149
3262179
3262181
3262182
3262183
3262184
3262192
3262199
3262200
3262201
3262203
3262204
3262205
3262206
3262207
3262208
3262220
3262221
3262224
3262225
3262245
3262248
3262251
3262254
3262273
3262274
3262276
3262277
3262279
3262284
3262286
3262287
3262288
3262289
3262291
3262292
3262293
3262295
3262296
3262297
3262298
3262299
3262300
3262301
3262302
3262303
3262305
3262306
3262307
3262308
3262309
3262310
3262311
3262312
3262315
3262326
3262327
3262328
3262329
3262330
3262331
3262333
3262336
3262338
3262339
3262340
3262341
3262342
3262344
3262345
3262346
3262347
3262348
3262349
3262350
3262352
3262355
3262356
3262357
3262359
3262360
3262361
3262362
3262363
3262364
3262365
3262366
3262367
3262368
3262369
3262370
3262371
3262372
3262373
3262374
3262375
3262377
3262378
3262379
3262380
3262381
3262382
3262383
3262385
3262386
3262387
3262388
3262389
3262390
3262391
3262392
3262393
3262395
3262396
3262397
3262398
3262399
3262400
3262402
3262403
3262404
3262405
3262406
3262407
3262408
3262409
3262410
3262411
3262412
3262414
3262415
3262416
3262417
3262418
3262419
3262420
3262421
3262422
3262423
3262424
3262425
3262426
3262427
3262428
3262429
3262430
3262431
3262432
3262434
3262435
3262436
3262437
3262438
3262439
3262440
3262441
3262442
3262443
3262444
3262445
3262446
3262447
3262448
3262449
3262450
3262451
3262452
3262453
3262454
3262455
3262456
3262457
3262458
3262459
3262460
3262461
3262462
3262463
3262464
3262465
3262466
3262467
3262468
3262469
3262470
3262471
3262472
3262473
3262474
3262475
3262477
3262478
3262479
3262480
3262481
3262482
3262483
3262484
3262485
3262486
3262487
3262488
3262489
3262490
3262491
3262492
3262493
3262495
3262496
3262497
3262498
3262499
3262500
3262501
3262502
3262503
3262504
3262505
3262506
3262507
3262508
3262509
3262510
3262511
3262513
3262514
3262515
3262516
3262517
3262518
3262520
3262521
3262522
3262523
3262524
3262525
3262526
3262527
3262528
3262529
3262530
3262531
3262532
3262533
3262534
3262535
3262536
3262538
3262539