3482241
3482242
3482243
3482244
3482245
3482246
3482247
3482249
3482250
3482251
3482252
3482253
3482255
3482256
3482257
3482258
3482259
3482260
3482261
3482262
3482263
3482264
3482265
3482267
3482268
3482269
3482270
3482271
3482272
3482273
3482275
3482276
3482277
3482279
3482280
3482282
3482283
3482284
3482286
3482287
3482288
3482290
3482291
3482292
3482293
3482294
3482295
3482297
3482298
3482300
3482301
3482302
3482303
3482304
3482305
3482306
3482307
3482309
3482310
3482311
3482312
3482313
3482314
3482315
3482317
3482318
3482320
3482321
3482322
3482323
3482324
3482325
3482326
3482328
3482331
3482332
3482333
3482334
3482335
3482336
3482337
3482338
3482340
3482341
3482342
3482343
3482345
3482346
3482348
3482349
3482351
3482352
3482353
3482355
3482356
3482357
3482358
3482359
3482360
3482361
3482362
3482363
3482365
3482366
3482368
3482369
3482371
3482372
3482373
3482374
3482376
3482378
3482379
3482380
3482382
3482383
3482384
3482386
3482387
3482388
3482389
3482390
3482392
3482394
3482395
3482397
3482398
3482399
3482400
3482401
3482402
3482403
3482404
3482405
3482406
3482407
3482408
3482409
3482410
3482411
3482414
3482417
3482420
3482421
3482422
3482423
3482424
3482425
3482429
3482430
3482431
3482433
3482434
3482436
3482437
3482438
3482439
3482440
3482443
3482444
3482445
3482446
3482447
3482448
3482450
3482451
3482454
3482456
3482457
3482458
3482460
3482461
3482462
3482463
3482465
3482467
3482468
3482469
3482470
3482471
3482474
3482475
3482477
3482478
3482479
3482480
3482481
3482482
3482483
3482484
3482485
3482487
3482488
3482490
3482491
3482492
3482494
3482495
3482496
3482497
3482498
3482499
3482500
3482501
3482503
3482505
3482508
3482509
3482513
3482514
3482516
3482517
3482518
3482519
3482520
3482522
3482523
3482524
3482526
3482527
3482528
3482530
3482532
3482533
3482534
3482535
3482536
3482537
3482539
3482540
3482541
3482542
3482543
3482544
3482545
3482546
3482547
3482548
3482549
3482554
3482555
3482556
3482557
3482558
3482559
3482560
3482561
3482562
3482563
3482564
3482565
3482566
3482567
3482568
3482569
3482570
3482571
3482572
3482573
3482574
3482576
3482578
3482579
3482580
3482581
3482582
3482583
3482584
3482585
3482586
3482587
3482588
3482589
3482590
3482594
3482595
3482596
3482599
3482600
3482601
3482603
3482604
3482605
3482606
3482607
3482608
3482609
3482610
3482611
3482612
3482613
3482615
3482616
3482617
3482618
3482619
3482620
3482621
3482622
3482623
3482624
3482625
3482627
3482628
3482629
3482631
3482632
3482633
3482635
3482636
3482637
3482638
3482640
3482641
3482642
3482643
3482644
3482645
3482646
3482647
3482648
3482649
3482650
3482651
3482654
3482655
3482657
3482658
3482659
3482660
3482661
3482662
3482663
3482664
3482665
3482666
3482667
3482669
3482670
3482671
3482672
3482674
3482677
3482678
3482679
3482680
3482681
3482684
3482685
3482686
3482687
3482688
3482689
3482690
3482691
3482692
3482693
3482694
3482695
3482696
3482698
3482699
3482703
3482707
3482708
3482709
3482710
3482711
3482712
3482714
3482715
3482716
3482717
3482720
3482723
3482725
3482726
3482727
3482728
3482729
3482730
3482731
3482733
3482734
3482736
3482737
3482739
3482740
3482741
3482743
3482744
3482745
3482746
3482748
3482749
3482750
3482751
3482752
3482753
3482754
3482756
3482757
3482758
3482761
3482762
3482763
3482764
3482765
3482766
3482767
3482768
3482769
3482771
3482772
3482773
3482774
3482775
3482776
3482777
3482778
3482779
3482780
3482782
3482783
3482784
3482785
3482786
3482787
3482788
3482791
3482793
3482794
3482795
3482796
3482797
3482798
3482799
3482800
3482801
3482802
3482808
3482809
3482810
3482811
3482812
3482813
3482814
3482815
3482817
3482818
3482819
3482820
3482821
3482822
3482824
3482825
3482827
3482828
3482829
3482830
3482831
3482832
3482833
3482837
3482838
3482839
3482842
3482843
3482844
3482848
3482849
3482851
3482852
3482853
3482855
3482856
3482858
3482860
3482861
3482865
3482866
3482867
3482869
3482870
3482872
3482874
3482875
3482876
3482877
3482878
3482879
3482881
3482327
3482329
3482339
3482344
3482347
3482354
3482416
3482550
3482551
3482553
3482591
3482592
3482597
3482598
3482639
3482700
3482702
3482704
3482705
3482706
3482713
3482718
3482719
3482721
3482770
3482789
3482790
3482792
3482803
3482804
3482806
3482807