3348242
3348243
3348244
3348245
3348246
3348249
3348251
3348252
3348254
3348258
3348259
3348260
3348261
3348262
3348263
3348266
3348267
3348268
3348269
3348271
3348272
3348273
3348274
3348275
3348276
3348277
3348278
3348279
3348280
3348281
3348282
3348285
3348286
3348287
3348289
3348290
3348291
3348292
3348293
3348294
3348296
3348297
3348298
3348299
3348300
3348302
3348303
3348304
3348305
3348308
3348309
3348310
3348311
3348312
3348314
3348315
3348316
3348317
3348318
3348319
3348320
3348321
3348322
3348323
3348324
3348325
3348326
3348327
3348328
3348329
3348330
3348331
3348332
3348333
3348334
3348335
3348336
3348337
3348339
3348340
3348341
3348342
3348343
3348344
3348345
3348347
3348348
3348349
3348350
3348351
3348352
3348353
3348354
3348355
3348356
3348357
3348358
3348359
3348360
3348361
3348363
3348364
3348365
3348366
3348367
3348368
3348369
3348370
3348371
3348372
3348373
3348374
3348375
3348376
3348377
3348378
3348379
3348381
3348382
3348383
3348384
3348385
3348386
3348387
3348388
3348389
3348390
3348391
3348392
3348393
3348394
3348395
3348396
3348397
3348398
3348399
3348400
3348401
3348402
3348403
3348404
3348405
3348406
3348407
3348408
3348409
3348410
3348411
3348412
3348413
3348414
3348415
3348417
3348418
3348419
3348421
3348422
3348423
3348424
3348425
3348426
3348427
3348428
3348429
3348430
3348431
3348432
3348433
3348434
3348436
3348437
3348438
3348439
3348440
3348441
3348443
3348444
3348445
3348446
3348447
3348448
3348449
3348450
3348451
3348453
3348454
3348455
3348456
3348457
3348458
3348459
3348460
3348461
3348462
3348463
3348465
3348466
3348467
3348468
3348469
3348470
3348471
3348473
3348474
3348475
3348477
3348478
3348479
3348480
3348482
3348483
3348486
3348487
3348488
3348489
3348490
3348491
3348492
3348493
3348494
3348496
3348497
3348499
3348501
3348502
3348503
3348504
3348505
3348506
3348507
3348508
3348509
3348510
3348511
3348512
3348514
3348515
3348516
3348517
3348519
3348520
3348521
3348522
3348523
3348524
3348525
3348526
3348527
3348528
3348529
3348530
3348531
3348532
3348533
3348534
3348535
3348537
3348538
3348539
3348540
3348541
3348542
3348543
3348544
3348545
3348549
3348550
3348551
3348552
3348553
3348554
3348555
3348556
3348558
3348559
3348560
3348561
3348562
3348563
3348564
3348565
3348566
3348567
3348568
3348569
3348570
3348571
3348572
3348573
3348574
3348575
3348576
3348578
3348579
3348580
3348581
3348582
3348583
3348584
3348585
3348586
3348587
3348588
3348589
3348591
3348592
3348593
3348594
3348595
3348596
3348597
3348598
3348599
3348600
3348601
3348602
3348603
3348604
3348606
3348607
3348608
3348609
3348610
3348611
3348612
3348613
3348614
3348615
3348616
3348617
3348619
3348620
3348621
3348622
3348623
3348624
3348625
3348626
3348627
3348629
3348630
3348631
3348633
3348634
3348635
3348636
3348637
3348638
3348639
3348640
3348641
3348643
3348644
3348645
3348646
3348647
3348648
3348649
3348650
3348651
3348652
3348653
3348654
3348655
3348656
3348657
3348658
3348659
3348660
3348661
3348662
3348664
3348665
3348666
3348667
3348668
3348669
3348670
3348671
3348672
3348673
3348674
3348675
3348676
3348677
3348678
3348679
3348680
3348681
3348682
3348683
3348684
3348685
3348686
3348687
3348689
3348691
3348692
3348693
3348694
3348696
3348697
3348698
3348699
3348701
3348702
3348703
3348704
3348705
3348706
3348707
3348708
3348709
3348710
3348711
3348712
3348714
3348715
3348716
3348717
3348718
3348719
3348720
3348721
3348722
3348723
3348724
3348725
3348726
3348727
3348728
3348729
3348730
3348731
3348732
3348733
3348734
3348735
3348737
3348738
3348739
3348740
3348741
3348742
3348743
3348745
3348746
3348747
3348749
3348750
3348751
3348752
3348753
3348754
3348755
3348756
3348757
3348758
3348759
3348760
3348761
3348762
3348763
3348764
3348765
3348766
3348767
3348768
3348769
3348770
3348771
3348772
3348773
3348774
3348775
3348776
3348777
3348779
3348780
3348781
3348782
3348783
3348784
3348785
3348786
3348787
3348788
3348789
3348790
3348791
3348792
3348793
3348795
3348796
3348797
3348798
3348799
3348800
3348801
3348802
3348803
3348804
3348806
3348807
3348808
3348809
3348810
3348811
3348812
3348814
3348815
3348816
3348817
3348818
3348819
3348820
3348821
3348822
3348823
3348824
3348825
3348826
3348827
3348828
3348829
3348830
3348831
3348832
3348833
3348834
3348835
3348836
3348837
3348838
3348839
3348840
3348841
3348842
3348843
3348844
3348845
3348847
3348848
3348849
3348850
3348851
3348852
3348853
3348854
3348855
3348856
3348857
3348858
3348859
3348860
3348861
3348862
3348863
3348864
3348865
3348866
3348867
3348868
3348869
3348870
3348871
3348872
3348873
3348874
3348875
3348877
3348878
3348880
3348881
3348882
3348883
3348884
3348885
3348886
3348887
3348888
3348889
3348890
3348891
3348892
3348893
3348894
3348895
3348896
3348897
3348898
3348899
3348900
3348901
3348902
3348903
3348904
3348905
3348906
3348908
3348909
3348910
3348911
3348912
3348913
3348914
3348915
3348916
3348917
3348918
3348919
3348920
3348921
3348922
3348923
3348924
3348925
3348926
3348927
3348928
3348929
3348930
3348931
3348932
3348933
3348934
3348935
3348936
3348938
3348939
3348940
3348941
3348942
3348943
3348944
3348945
3348946
3348947
3348948
3348949
3348950
3348951
3348952
3348953
3348954
3348955
3348956
3348958
3348959
3348961
3348962
3348963
3348964
3348966
3348967
3348968
3348969
3348970
3348971
3348972
3348973
3348975
3348976
3348977
3348978
3348980
3348981
3348982
3348983
3348984
3348985
3348986
3348987
3348988
3348989
3348990
3348992
3348993
3348994
3348995
3348996
3348997
3348998
3348999
3349000
3349001
3349002
3349003
3349004
3349005
3349006
3349007
3349008
3349009
3349010
3349012
3349013
3349014
3349015
3349016
3349017
3349018
3349019