3406492
3406493
3406495
3406496
3406497
3406498
3406499
3406500
3406501
3406502
3406504
3406506
3406507
3406509
3406511
3406512
3406513
3406514
3406515
3406516
3406517
3406519
3406520
3406521
3406522
3406523
3406524
3406525
3406526
3406527
3406528
3406529
3406530
3406531
3406532
3406533
3406534
3406535
3406536
3406537
3406538
3406539
3406541
3406542
3406543
3406544
3406545
3406546
3406547
3406548
3406549
3406550
3406551
3406552
3406554
3406555
3406556
3406557
3406558
3406559
3406561
3406562
3406563
3406564
3406565
3406566
3406567
3406568
3406569
3406570
3406571
3406572
3406573
3406574
3406575
3406577
3406578
3406579
3406580
3406581
3406582
3406583
3406584
3406585
3406587
3406588
3406589
3406590
3406591
3406592
3406593
3406594
3406595
3406596
3406598
3406599
3406600
3406601
3406602
3406603
3406604
3406605
3406606
3406607
3406608
3406609
3406610
3406611
3406613
3406614
3406615
3406616
3406617
3406618
3406619
3406620
3406622
3406623
3406624
3406626
3406627
3406628
3406631
3406632
3406633
3406634
3406635
3406636
3406637
3406638
3406639
3406640
3406641
3406642
3406643
3406647
3406648
3406649
3406650
3406651
3406652
3406653
3406654
3406655
3406656
3406657
3406658
3406659
3406661
3406662
3406663
3406664
3406665
3406666
3406667
3406668
3406669
3406670
3406671
3406672
3406673
3406674
3406675
3406676
3406677
3406678
3406679
3406680
3406681
3406682
3406683
3406684
3406685
3406686
3406687
3406689
3406690
3406691
3406692
3406693
3406694
3406695
3406696
3406698
3406699
3406700
3406701
3406702
3406703
3406704
3406705
3406706
3406707
3406708
3406709
3406710
3406711
3406712
3406713
3406714
3406715
3406716
3406717
3406718
3406719
3406720
3406721
3406722
3406723
3406724
3406725
3406726
3406727
3406728
3406730
3406731
3406732
3406733
3406734
3406735
3406736
3406737
3406738
3406739
3406740
3406741
3406742
3406743
3406744
3406745
3406746
3406747
3406748
3406749
3406750
3406751
3406752
3406754
3406755
3406756
3406757
3406758
3406759
3406761
3406762
3406763
3406764
3406765
3406767
3406768
3406769
3406770
3406771
3406773
3406774
3406775
3406776
3406777
3406778
3406780
3406781
3406782
3406783
3406784
3406785
3406786
3406787
3406788
3406789
3406790
3406791
3406792
3406793
3406794
3406795
3406796
3406798
3406799
3406800
3406801
3406802
3406803
3406804
3406806
3406807
3406808
3406809
3406810
3406811
3406812
3406813
3406815
3406816
3406817
3406818
3406819
3406820
3406821
3406822
3406823
3406824
3406825
3406826
3406827
3406829
3406830
3406831
3406832
3406833
3406834
3406835
3406836
3406837
3406838
3406839
3406840
3406842
3406843
3406845
3406846
3406847
3406848
3406849
3406850
3406851
3406852
3406853
3406854
3406855
3406856
3406857
3406858
3406859
3406860
3406861
3406862
3406863
3406865
3406866
3406868
3406869
3406870
3406871
3406872
3406873
3406874
3406875
3406876
3406877
3406878
3406879
3406880
3406881
3406882
3406885
3406889
3406891
3406892
3406893
3406894
3406895
3406896
3406897
3406898
3406900
3406901
3406902
3406903
3406904
3406906
3406907
3406908
3406909
3406910
3406911
3406912
3406913
3406914
3406915
3406916
3406917
3406918
3406919
3406920
3406921
3406922
3406923
3406924
3406925
3406926
3406927
3406928
3406929
3406931
3406932
3406933
3406934
3406936
3406937
3406938
3406939
3406940
3406943
3406944
3406945
3406946
3406947
3406949
3406950
3406951
3406952
3406953
3406954
3406955
3406956
3406957
3406958
3406959
3406960
3406961
3406962
3406963
3406964
3406965
3406966
3406967
3406968
3406969
3406970
3406971
3406973
3406974
3406975
3406976
3406977
3406978
3406980
3406981
3406982
3406983
3406985
3406986
3406987
3406988
3406989
3406990
3406991
3406992
3406993
3406994
3406995
3406996
3406998
3406999
3407000
3407002
3407003
3407004
3407005
3407006
3407007
3407008
3407010
3407011
3407012
3407013
3407014
3407015
3407016
3407017
3407018
3407019
3407020
3407021
3407022
3407024
3407025
3407026
3407028
3407029