3410660
3410661
3410662
3410664
3410665
3410666
3410667
3410669
3410670
3410671
3410672
3410673
3410674
3410676
3410677
3410678
3410679
3410680
3410681
3410682
3410683
3410685
3410686
3410688
3410689
3410690
3410691
3410692
3410693
3410694
3410696
3410697
3410698
3410699
3410700
3410701
3410702
3410703
3410704
3410705
3410706
3410707
3410708
3410710
3410711
3410712
3410713
3410714
3410715
3410716
3410718
3410720
3410721
3410723
3410724
3410725
3410726
3410727
3410728
3410729
3410730
3410731
3410732
3410733
3410734
3410735
3410736
3410737
3410738
3410740
3410741
3410742
3410743
3410744
3410745
3410746
3410747
3410748
3410750
3410751
3410752
3410753
3410754
3410755
3410756
3410757
3410758
3410759
3410760
3410761
3410762
3410763
3410764
3410765
3410766
3410767
3410769
3410770
3410771
3410772
3410773
3410774
3410775
3410776
3410777
3410778
3410779
3410780
3410781
3410782
3410783
3410784
3410785
3410786
3410787
3410789
3410790
3410791
3410792
3410793
3410794
3410795
3410796
3410797
3410799
3410800
3410801
3410803
3410804
3410806
3410807
3410808
3410809
3410810
3410811
3410813
3410814
3410815
3410816
3410817
3410818
3410819
3410820
3410821
3410822
3410823
3410824
3410825
3410826
3410827
3410828
3410829
3410830
3410831
3410832
3410833
3410834
3410835
3410836
3410837
3410838
3410839
3410840
3410841
3410842
3410844
3410845
3410846
3410847
3410848
3410849
3410850
3410851
3410852
3410853
3410854
3410855
3410857
3410858
3410859
3410860
3410861
3410862
3410863
3410864
3410866
3410867
3410868
3410869
3410872
3410873
3410874
3410875
3410876
3410877
3410878
3410879
3410880
3410881
3410882
3410883
3410885
3410886
3410887
3410891
3410892
3410893
3410895
3410896
3410898
3410899
3410900
3410901
3410902
3410903
3410905
3410906
3410907
3410908
3410910
3410911
3410912
3410913
3410915
3410916
3410917
3410918
3410919
3410920
3410921
3410922
3410923
3410924
3410925
3410926
3410927
3410928
3410929
3410930
3410931
3410932
3410934
3410935
3410936
3410937
3410940
3410941
3410942
3410943
3410944
3410945
3410946
3410947
3410948
3410949
3410951
3410952
3410953
3410954
3410955
3410957
3410958
3410959
3410960
3410961
3410962
3410963
3410964
3410965
3410967
3410968
3410969
3410970
3410971
3410972
3410973
3410974
3410975
3410976
3410977
3410979
3410980
3410981
3410982
3410983
3410984
3410985
3410986
3410987
3410988
3410989
3410990
3410991
3410992
3410993
3410994
3410995
3410996
3410998
3410999
3411000
3411001
3411002
3411003
3411004
3411005
3411006
3411007
3411009
3411010
3411011
3411012
3411013
3411014
3411020
3411027
3411030
3411031
3411033
3411036
3411037
3411038
3411039
3411040
3411041
3411044
3411045
3411046
3411047
3411048
3411050
3411052
3411053
3411054
3411055
3411056
3411059
3411060
3411061
3411062
3411063
3411066
3411068
3411069
3411070
3411072
3411073
3411074
3411076
3411077
3411078
3411079
3411080
3411081
3411082
3411083
3411084
3411085
3411087
3411089
3411091
3411094
3411095
3411096
3411097
3411099
3411100
3411101
3411102
3411103
3411105
3411107
3411108
3411110
3411111
3411112
3411113
3411117
3411118
3411119
3411120
3411121
3411122
3411124
3411125
3411126
3411127
3411129
3411130
3411131
3411132
3411133
3411134
3411136
3411137
3411138
3411139
3411140
3411141
3411142
3411143
3411144
3411145
3411146
3411147
3411149
3411150
3411151
3411152
3411153
3411155
3411156
3411157
3411158
3411159
3411160
3411161
3411162
3411163
3411164
3411165
3411166
3411167
3411168
3411169
3411170
3411171
3411172
3411173
3411174
3411175
3411176
3411177
3411179
3411180
3411181
3411182
3411183
3411184
3411185
3411186
3411187
3411188
3411189
3411190
3411192
3411193
3411194
3411195
3411196
3411197
3411198
3411199
3411201
3411202
3411203
3411204
3411205
3411207
3411208
3411209
3411210
3411211
3411212
3411213
3411214
3411215
3411216
3411218
3411219
3411220
3411221
3411223
3411224
3411225
3411226
3411227
3411228
3411229
3411231
3411232
3411233
3411234
3411235
3411236
3411237
3411238
3411239
3411240
3411241
3411242
3411243
3411244
3411245
3411246
3411247
3411248
3411249
3411250
3411251
3411252
3411253
3411254
3411255
3411256
3411257