3403819
3403820
3403821
3403822
3403824
3403825
3403826
3403827
3403829
3403830
3403832
3403833
3403834
3403835
3403837
3403838
3403839
3403840
3403842
3403843
3403845
3403846
3403848
3403852
3403853
3403854
3403856
3403859
3403861
3403862
3403863
3403864
3403865
3403866
3403867
3403868
3403869
3403870
3403871
3403872
3403874
3403875
3403876
3403877
3403878
3403879
3403880
3403882
3403884
3403885
3403886
3403887
3403888
3403890
3403891
3403892
3403893
3403894
3403895
3403896
3403897
3403898
3403899
3403900
3403901
3403902
3403903
3403904
3403905
3403906
3403907
3403908
3403909
3403910
3403912
3403913
3403914
3403915
3403916
3403917
3403918
3403919
3403920
3403921
3403922
3403923
3403924
3403925
3403926
3403927
3403928
3403929
3403930
3403931
3403932
3403933
3403934
3403935
3403936
3403937
3403938
3403939
3403940
3403941
3403942
3403943
3403944
3403945
3403946
3403948
3403949
3403950
3403951
3403952
3403953
3403955
3403956
3403957
3403958
3403959
3403960
3403961
3403962
3403964
3403965
3403966
3403967
3403968
3403969
3403970
3403971
3403972
3403973
3403974
3403975
3403976
3403977
3403978
3403979
3403980
3403981
3403983
3403984
3403985
3403986
3403987
3403988
3403989
3403990
3403991
3403992
3403993
3403994
3403995
3403996
3403997
3403998
3403999
3404001
3404002
3404003
3404004
3404005
3404006
3404007
3404008
3404010
3404011
3404012
3404013
3404014
3404015
3404016
3404018
3404019
3404020
3404021
3404023
3404024
3404025
3404026
3404027
3404028
3404029
3404030
3404032
3404033
3404035
3404037
3404038
3404039
3404040
3404041
3404042
3404043
3404044
3404045
3404046
3404047
3404048
3404049
3404051
3404052
3404053
3404054
3404055
3404056
3404057
3404059
3404060
3404061
3404062
3404063
3404065
3404066
3404067
3404069
3404070
3404071
3404072
3404073
3404074
3404075
3404076
3404077
3404078
3404080
3404081
3404082
3404083
3404085
3404086
3404087
3404089
3404090
3404091
3404092
3404093
3404094
3404095
3404096
3404097
3404098
3404100
3404101
3404102
3404103
3404104
3404105
3404106
3404107
3404108
3404109
3404110
3404111
3404112
3404114
3404115
3404116
3404117
3404118
3404119
3404120
3404121
3404122
3404124
3404125
3404126
3404128
3404129
3404130
3404131
3404132
3404133
3404134
3404135
3404136
3404137
3404138
3404139
3404140
3404141
3404142
3404143
3404145
3404146
3404147
3404148
3404149
3404150
3404151
3404152
3404153
3404154
3404155
3404156
3404158
3404159
3404160
3404161
3404162
3404163
3404164
3404165
3404166
3404167
3404168
3404169
3404170
3404171
3404173
3404174
3404175
3404176
3404177
3404178
3404179
3404180
3404181
3404182
3404183
3404184
3404185
3404186
3404187
3404188
3404190
3404191
3404192
3404193
3404194
3404195
3404196
3404198
3404199
3404200
3404201
3404202
3404203
3404204
3404205
3404206
3404208
3404209
3404210
3404211
3404212
3404213
3404214
3404215
3404216
3404217
3404218
3404219
3404220
3404221
3404225
3404226
3404227
3404229
3404230
3404231
3404233
3404234
3404235
3404236
3404237
3404238
3404239
3404240
3404242
3404243
3404244
3404245
3404246
3404247
3404248
3404249
3404250
3404252
3404253
3404254
3404255
3404256
3404257
3404258
3404259
3404260
3404261
3404262
3404264
3404265
3404266
3404267
3404268
3404269
3404270
3404271
3404273
3404274
3404275
3404276
3404277
3404278
3404279
3404280
3404281
3404282
3404283
3404284
3404287
3404288
3404289
3404290
3404291
3404292
3404293
3404294
3404295
3404296
3404297
3404298
3404299
3404300
3404301
3404302
3404303
3404304
3404305
3404306
3404307
3404308
3404309
3404310
3404311
3404312
3404313
3404314
3404316
3404317
3404318
3404319
3404320
3404321
3404322
3404323
3404324
3404325
3404326
3404328
3404329
3404330
3404331
3404332
3404333
3404334
3404335
3404336
3404338
3404339
3404340
3404341
3404342
3404343
3404344
3404345
3404346
3404347
3404348
3404349
3404350
3404351
3404352
3404353
3404354
3404355
3404356
3404357
3404358
3404359
3404360
3404361
3404362
3404363
3404364
3404365
3404366
3404369
3404372
3404376
3404377
3404378
3404379
3404380
3404381
3404382
3404383
3404384
3404385
3404386
3404387
3404388
3404389
3404391
3404392
3404393
3404394
3404395
3404396
3404397
3404398
3404399
3404400
3404401
3404402
3404403
3404404
3404406
3404407
3404408
3404409
3404410
3404411
3404412
3404413
3404414
3404416
3404418
3404419
3404420
3404421
3404422
3404423
3404424
3404427
3404428
3404430
3404431
3404432
3404433
3404434
3404435
3404436
3404437
3404439
3404440
3404441
3404442
3404443
3404444
3404445
3404446
3404447
3404448
3404449