3354857
3354858
3354859
3354860
3354861
3354862
3354863
3354864
3354865
3354866
3354867
3354868
3354870
3354871
3354872
3354873
3354874
3354875
3354876
3354877
3354878
3354879
3354880
3354881
3354882
3354883
3354884
3354885
3354886
3354887
3354888
3354889
3354890
3354891
3354892
3354893
3354894
3354896
3354897
3354898
3354899
3354900
3354901
3354902
3354903
3354904
3354905
3354906
3354907
3354908
3354909
3354910
3354911
3354912
3354913
3354914
3354915
3354916
3354917
3354918
3354919
3354921
3354922
3354923
3354924
3354925
3354926
3354927
3354928
3354930
3354931
3354932
3354933
3354934
3354935
3354936
3354937
3354938
3354939
3354940
3354941
3354942
3354943
3354944
3354945
3354946
3354947
3354948
3354949
3354950
3354951
3354952
3354953
3354954
3354955
3354956
3354957
3354959
3354960
3354961
3354962
3354963
3354964
3354965
3354966
3354967
3354968
3354969
3354970
3354971
3354972
3354973
3354974
3354975
3354976
3354977
3354978
3354979
3354980
3354981
3354982
3354983
3354984
3354985
3354987
3354988
3354989
3354990
3354991
3354993
3354994
3354995
3354996
3354997
3354998
3354999
3355000
3355001
3355002
3355003
3355004
3355005
3355006
3355007
3355008
3355010
3355011
3355012
3355013
3355014
3355015
3355016
3355017
3355018
3355019
3355020
3355021
3355022
3355023
3355024
3355025
3355027
3355028
3355029
3355030
3355031
3355033
3355034
3355035
3355036
3355037
3355038
3355039
3355040
3355042
3355043
3355044
3355045
3355046
3355047
3355048
3355049
3355050
3355051
3355052
3355053
3355054
3355055
3355057
3355058
3355059
3355060
3355061
3355062
3355063
3355064
3355065
3355066
3355067
3355068
3355069
3355070
3355071
3355072
3355073
3355074
3355075
3355076
3355077
3355078
3355079
3355080
3355081
3355082
3355083
3355085
3355086
3355087
3355088
3355089
3355091
3355092
3355094
3355096
3355097
3355098
3355099
3355100
3355102
3355104
3355105
3355106
3355109
3355112
3355113
3355114
3355116
3355118
3355119
3355120
3355123
3355124
3355125
3355126
3355127
3355128
3355129
3355130
3355132
3355133
3355134
3355135
3355137
3355139
3355140
3355141
3355142
3355143
3355144
3355145
3355146
3355147
3355148
3355149
3355150
3355151
3355152
3355153
3355154
3355155
3355156
3355157
3355158
3355159
3355161
3355162
3355163
3355164
3355165
3355166
3355167
3355169
3355170
3355171
3355172
3355173
3355174
3355175
3355176
3355177
3355178
3355179
3355180
3355181
3355182
3355183
3355184
3355185
3355186
3355187
3355189
3355190
3355191
3355192
3355194
3355195
3355196
3355197
3355198
3355199
3355200
3355201
3355202
3355203
3355205
3355206
3355207
3355208
3355209
3355210
3355211
3355212
3355213
3355214
3355215
3355216
3355217
3355218
3355220
3355221
3355222
3355223
3355224
3355225
3355226
3355227
3355230
3355231
3355235
3355237
3355240
3355245
3355246
3355247
3355249
3355251
3355254
3355255
3355260
3355261
3355265
3355266
3355271
3355273
3355274
3355276
3355280
3355281
3355286
3355288
3355289
3355290
3355291
3355292
3355293
3355294
3355295
3355299
3355310
3355311
3355313
3355314
3355315
3355316
3355320
3355326
3355327
3355328
3355333
3355334
3355335
3355346
3355349
3355355
3355357
3355363
3355364
3355371
3355377
3355380
3355382
3355385
3355387
3355388
3355390
3355395
3355399
3355403
3355408
3355414
3355415
3355416
3355417
3355418
3355419
3355420
3355421
3355422
3355423
3355424
3355425
3355426
3355427
3355428
3355429
3355430
3355431
3355093
3355095
3355101
3355103
3355107
3355108
3355111
3355115
3355121
3355122
3355131
3355228
3355229
3355232
3355236
3355238
3355239
3355241
3355242
3355243
3355244
3355248
3355250
3355252
3355253
3355256
3355257
3355258
3355262
3355264
3355267
3355268
3355269
3355270
3355272
3355275
3355277
3355278
3355282
3355283
3355284
3355285
3355287
3355296
3355297
3355298
3355300
3355301
3355302
3355303
3355304
3355305
3355306
3355307
3355308
3355317
3355318
3355319
3355321
3355322
3355323
3355324
3355325
3355329
3355330
3355331
3355336
3355337
3355338
3355339
3355340
3355341
3355342
3355343
3355344
3355347
3355348
3355350
3355352
3355353
3355354
3355356
3355358
3355359
3355360
3355361
3355362
3355365
3355366
3355367
3355368
3355369
3355370
3355372
3355373
3355374
3355375
3355378
3355379
3355381
3355383
3355384
3355386
3355389
3355391
3355392
3355393
3355396
3355397
3355400
3355401
3355402
3355404
3355405
3355407
3355409
3355410
3355411
3355412
3355413