3453162
3453164
3453165
3453166
3453167
3453168
3453169
3453170
3453171
3453172
3453173
3453174
3453175
3453176
3453177
3453178
3453179
3453180
3453181
3453183
3453184
3453185
3453186
3453187
3453188
3453189
3453190
3453191
3453192
3453193
3453195
3453196
3453197
3453198
3453200
3453201
3453202
3453203
3453207
3453208
3453209
3453210
3453211
3453212
3453213
3453214
3453215
3453217
3453218
3453219
3453221
3453222
3453223
3453225
3453226
3453227
3453228
3453229
3453230
3453231
3453232
3453233
3453234
3453235
3453236
3453237
3453238
3453239
3453240
3453241
3453243
3453244
3453245
3453246
3453248
3453249
3453250
3453251
3453252
3453253
3453254
3453256
3453257
3453258
3453259
3453260
3453261
3453262
3453263
3453264
3453265
3453266
3453267
3453268
3453269
3453270
3453271
3453272
3453273
3453274
3453275
3453276
3453277
3453278
3453279
3453280
3453281
3453282
3453283
3453284
3453285
3453286
3453287
3453288
3453289
3453290
3453291
3453292
3453293
3453294
3453295
3453296
3453297
3453298
3453299
3453300
3453301
3453302
3453304
3453305
3453306
3453307
3453308
3453309
3453310
3453311
3453312
3453313
3453314
3453315
3453316
3453318
3453319
3453320
3453321
3453322
3453323
3453324
3453325
3453326
3453327
3453328
3453329
3453330
3453331
3453332
3453333
3453334
3453335
3453336
3453337
3453338
3453339
3453340
3453341
3453342
3453343
3453344
3453345
3453346
3453347
3453348
3453349
3453350
3453351
3453352
3453353
3453354
3453355
3453356
3453357
3453358
3453359
3453361
3453362
3453363
3453364
3453365
3453366
3453367
3453368
3453369
3453370
3453371
3453372
3453373
3453374
3453375
3453376
3453377
3453378
3453379
3453380
3453381
3453382
3453383
3453384
3453385
3453386
3453387
3453388
3453389
3453390
3453391
3453392
3453393
3453394
3453395
3453396
3453398
3453399
3453400
3453401
3453402
3453403
3453404
3453405
3453406
3453407
3453408
3453409
3453410
3453411
3453412
3453413
3453414
3453415
3453416
3453417
3453418
3453419
3453420
3453421
3453422
3453423
3453424
3453425
3453427
3453428
3453429
3453430
3453431
3453432
3453433
3453434
3453435
3453436
3453437
3453438
3453439
3453440
3453441
3453442
3453443
3453444
3453445
3453446
3453448
3453449
3453451
3453454
3453455
3453456
3453457
3453458
3453459
3453460
3453461
3453463
3453464
3453465
3453466
3453467
3453468
3453470
3453471
3453472
3453473
3453474
3453475
3453477
3453478
3453479
3453480
3453481
3453482
3453483
3453484
3453485
3453486
3453487
3453488
3453490
3453492
3453493
3453494
3453495
3453496
3453497
3453498
3453499
3453500
3453501
3453503
3453504
3453505
3453506
3453508
3453509
3453510
3453511
3453512
3453513
3453514
3453516
3453517
3453518
3453519
3453520
3453521
3453522
3453524
3453525
3453526
3453527
3453528
3453529
3453530
3453531
3453532
3453533
3453534
3453535
3453536
3453537
3453538
3453539
3453540
3453542
3453543
3453544
3453545
3453546
3453547
3453548
3453549
3453550
3453551
3453552
3453553
3453554
3453555
3453556
3453557
3453558
3453559
3453560
3453561
3453562
3453563
3453564
3453565
3453566
3453567
3453568
3453569
3453571
3453572
3453573
3453574
3453575
3453576
3453577
3453578
3453579
3453580
3453581
3453582
3453583
3453584
3453585
3453586
3453587
3453588
3453589
3453590
3453591
3453592
3453593
3453594
3453595
3453596
3453597
3453598
3453599
3453600
3453601
3453602
3453603
3453604
3453605
3453606
3453607
3453608
3453609
3453610
3453612
3453613
3453614
3453615
3453616
3453617
3453618
3453619
3453620
3453621
3453622
3453623
3453624
3453625
3453627
3453628
3453629
3453630
3453632
3453633
3453634
3453635
3453636
3453637
3453638
3453639
3453640
3453641
3453642
3453643
3453645
3453646
3453647
3453648
3453649
3453650
3453652
3453653
3453654
3453655
3453656
3453657
3453658
3453659
3453660
3453661
3453662
3453663
3453664
3453665
3453666
3453667
3453668
3453669
3453671
3453672
3453673
3453674
3453675
3453676
3453677
3453678
3453679
3453680
3453682
3453683
3453684
3453685
3453686
3453687
3453688
3453689
3453690
3453691
3453693
3453694
3453695
3453696
3453697
3453699
3453700
3453701
3453702
3453703
3453704
3453705
3453707
3453709
3453710
3453711
3453712
3453713
3453714
3453715
3453716
3453717
3453718
3453719
3453720
3453721
3453722
3453723
3453725
3453727
3453728
3453729
3453730
3453731
3453733
3453734
3453735
3453736
3453737
3453738
3453739
3453740
3453741
3453742
3453743
3453744
3453746
3453747
3453748
3453749
3453750
3453751
3453752
3453753
3453754
3453755
3453756
3453757
3453758
3453759
3453761
3453762
3453763
3453764
3453765
3453766
3453767
3453768
3453769
3453770
3453771
3453772
3453773
3453774
3453775
3453776
3453777
3453778
3453781
3453782
3453783
3453784
3453785
3453786
3453787
3453788
3453789
3453790
3453793