3277413
3277414
3277415
3277416
3277417
3277418
3277421
3277422
3277423
3277424
3277425
3277426
3277427
3277428
3277429
3277430
3277432
3277433
3277434
3277435
3277437
3277438
3277439
3277440
3277441
3277442
3277444
3277445
3277446
3277447
3277448
3277450
3277451
3277452
3277453
3277455
3277457
3277459
3277460
3277462
3277463
3277464
3277465
3277467
3277468
3277472
3277473
3277474
3277476
3277477
3277478
3277480
3277481
3277483
3277484
3277485
3277486
3277487
3277488
3277489
3277491
3277492
3277493
3277494
3277495
3277496
3277497
3277498
3277499
3277500
3277502
3277503
3277504
3277505
3277506
3277507
3277508
3277509
3277510
3277511
3277512
3277513
3277514
3277515
3277516
3277517
3277518
3277519
3277520
3277521
3277522
3277523
3277524
3277525
3277526
3277527
3277528
3277529
3277530
3277531
3277532
3277534
3277536
3277537
3277539
3277540
3277541
3277542
3277543
3277544
3277545
3277546
3277547
3277548
3277549
3277555
3277557
3277558
3277559
3277561
3277562
3277563
3277564
3277565
3277566
3277567
3277568
3277569
3277571
3277572
3277574
3277575
3277576
3277577
3277578
3277579
3277580
3277581
3277582
3277583
3277584
3277585
3277586
3277588
3277589
3277590
3277591
3277592
3277593
3277594
3277595
3277596
3277597
3277599
3277601
3277603
3277604
3277605
3277606
3277607
3277608
3277609
3277610
3277615
3277616
3277617
3277618
3277619
3277620
3277621
3277622
3277623
3277624
3277628
3277629
3277630
3277631
3277632
3277634
3277635
3277636
3277637
3277638
3277640
3277641
3277643
3277645
3277646
3277651
3277652
3277653
3277654
3277655
3277656
3277657
3277658
3277659
3277660
3277661
3277662
3277663
3277664
3277665
3277666
3277667
3277668
3277669
3277670
3277671
3277672
3277673
3277674
3277675
3277676
3277677
3277679
3277681
3277682
3277683
3277684
3277685
3277686
3277687
3277688
3277689
3277692
3277693
3277694
3277695
3277696
3277697
3277698
3277699
3277700
3277701
3277702
3277703
3277704
3277706
3277707
3277708
3277709
3277710
3277711
3277712
3277715
3277716
3277717
3277719
3277720
3277721
3277723
3277725
3277726
3277727
3277728
3277729
3277730
3277731
3277732
3277733
3277734
3277735
3277736
3277737
3277738
3277739
3277740
3277741
3277742
3277743
3277747
3277749
3277750
3277752
3277753
3277754
3277755
3277756
3277757
3277758
3277759
3277760
3277761
3277762
3277763
3277764
3277765
3277766
3277767
3277768
3277769
3277771
3277773
3277774
3277775
3277777
3277778
3277781
3277782
3277783
3277786
3277787
3277788
3277789
3277791
3277792
3277793
3277794
3277795
3277796
3277797
3277798
3277799
3277800
3277801
3277802
3277803
3277805
3277806
3277807
3277808
3277809
3277810
3277811
3277812
3277813
3277814
3277815
3277816
3277817
3277818
3277819
3277820
3277821
3277822
3277823
3277824
3277825
3277826
3277827
3277828
3277829
3277830
3277831
3277832
3277833
3277834
3277835
3277836
3277837
3277838
3277839
3277840
3277842
3277843
3277845
3277847
3277848
3277849
3277850
3277851
3277852
3277853
3277854
3277855
3277856
3277857
3277858
3277859
3277860
3277861
3277862
3277863
3277864
3277865
3277866
3277867
3277868
3277869
3277871
3277872
3277873
3277875
3277876
3277877
3277878
3277879
3277880
3277881
3277882
3277883
3277884
3277885
3277886
3277887
3277888
3277889
3277890
3277891
3277892
3277893
3277894
3277895
3277896
3277897
3277898
3277899
3277900
3277901
3277902
3277903
3277904
3277905
3277906
3277907
3277908
3277909
3277910
3277911
3277912
3277914
3277915
3277916
3277918
3277920
3277921
3277922
3277923
3277924
3277926
3277927
3277928
3277929
3277930
3277931
3277932
3277933
3277934
3277935
3277936
3277937
3277938
3277939
3277941
3277942
3277943
3277944
3277945
3277946
3277947
3277948
3277949
3277950
3277951
3277952
3277953
3277955
3277956
3277957
3277958
3277959
3277960
3277961
3277962
3277963
3277964
3277965
3277966
3277967
3277968
3277969
3277970
3277971
3277972
3277973
3277974
3277975
3277976
3277978
3277979
3277980
3277981
3277982
3277983
3277984
3277985
3277986
3277987
3277989
3277990
3277991
3277992
3277993
3277994
3277995
3277996
3277997
3277998
3277999
3278000
3278001
3278003
3278004
3278005
3278006
3278007
3278008
3278009
3278010
3278011
3278012
3278013
3278014
3278016
3278017
3278018
3278019
3278021
3278022
3278023
3278024
3278025
3278026
3278027
3278028
3278029
3278031
3278032
3278033
3278034
3278037
3278038
3278040
3278041
3278042
3278043
3278044
3278045
3278046
3278047
3278048
3278049
3278051
3278052
3278053
3278054
3278055
3278056
3278057
3278058
3278059
3278060
3278061
3278062
3278063
3278064
3278066
3278067
3278068
3278069
3278070
3278071
3278072
3278073
3278074
3278075
3278076
3278077
3278079
3278080
3278081
3278082
3278083
3278085
3278086
3278087
3278088
3278089
3278091
3278092
3278093
3278094
3278095
3278096
3278097
3278098
3278099
3278100
3278101
3278102
3278103
3278104
3278105
3278106
3278107
3278108
3278109
3278111
3278112
3278113
3278114
3278115
3278116
3278117
3278122
3278123
3278126
3278127
3278128
3278129
3278130
3278131
3278132
3278133
3278134
3278135
3278136
3278137
3278138
3278139
3278140
3278141
3278142
3278143
3278144
3278145
3278146
3278147
3278148
3278149
3278150
3278151
3278152
3278153
3278154
3278155
3278156
3278158
3278159
3278160
3278161
3278163
3278164
3278166
3278167
3278168
3278169
3278170
3278172
3278173
3278174
3278176
3278177
3278178
3278179
3278180
3278181
3278183
3278184
3278185
3278186
3278187
3278188
3278189
3278190
3278191
3278192
3278194
3278195
3278196
3278197
3278198
3278199
3278200
3278201
3278202
3278203
3278204
3278205
3278206
3278207
3278208
3278209
3278210
3278211
3278212
3278213
3278214
3278215
3278216
3278217
3278218
3278219
3278221
3278222
3278223
3278224
3278225
3278226
3278228
3278229
3278230
3278231
3278232
3278233
3278234
3278235
3278236
3278237
3278238
3278239
3278240
3278241
3278242
3278243
3278246
3278247
3278248
3278249
3278250
3278251
3278252
3278253
3278254
3278255
3278256
3278258
3278259
3278260
3278261
3278263
3278264
3278265
3278266
3278268
3278270
3278273
3278274
3278276
3278277
3278278
3278279
3278280
3278281
3278282
3278283
3278284
3278285
3278286
3278287
3278288
3278289
3278290
3278292
3278293
3278294
3278295
3278296
3278297
3278298
3278299
3278300
3278301
3278302
3278303
3278305
3278306
3278307
3278308
3278310
3278311
3278312
3278313
3278314
3278315
3278317
3278318
3278319
3278320
3278321
3278322
3278323
3278324
3278325
3278326
3278327
3278328
3278329
3278330
3278331
3278332
3278334
3278335
3278336
3278337
3278338
3278339
3278340
3278341
3278342
3278343
3278344
3278345
3278346
3278347
3278348
3278349
3278350
3278351
3278352
3278354
3278355
3278356
3278357
3278358
3278359
3278360
3278361
3278362
3278363
3278364
3278365
3278366
3278367
3278368
3278370
3278371
3278372
3278373
3278374
3278375
3278376
3278377
3278378
3278379
3278380
3278381
3278382
3278385
3278387
3278388
3278389
3278390
3278391
3278393
3278394
3278395
3278396
3278397
3278398
3278399
3278400
3278401
3278403
3278404
3278405