3331099
3331100
3331101
3331102
3331104
3331106
3331107
3331108
3331109
3331111
3331112
3331113
3331115
3331116
3331117
3331118
3331119
3331120
3331121
3331123
3331124
3331126
3331127
3331131
3331133
3331134
3331135
3331136
3331137
3331138
3331140
3331141
3331142
3331143
3331144
3331145
3331146
3331147
3331148
3331150
3331151
3331153
3331154
3331155
3331156
3331157
3331159
3331161
3331162
3331165
3331166
3331167
3331169
3331170
3331171
3331172
3331173
3331175
3331176
3331177
3331178
3331179
3331180
3331181
3331182
3331184
3331185
3331186
3331187
3331188
3331189
3331190
3331192
3331193
3331194
3331195
3331196
3331197
3331198
3331199
3331200
3331201
3331202
3331203
3331205
3331207
3331208
3331209
3331210
3331211
3331212
3331213
3331214
3331215
3331216
3331217
3331218
3331219
3331220
3331222
3331223
3331225
3331226
3331227
3331228
3331229
3331230
3331231
3331232
3331233
3331234
3331235
3331236
3331238
3331239
3331240
3331241
3331242
3331243
3331244
3331245
3331246
3331247
3331248
3331250
3331251
3331252
3331253
3331255
3331257
3331258
3331259
3331261
3331262
3331263
3331264
3331265
3331267
3331268
3331269
3331270
3331271
3331272
3331273
3331274
3331276
3331277
3331278
3331279
3331280
3331282
3331283
3331284
3331285
3331286
3331287
3331288
3331289
3331290
3331291
3331293
3331294
3331295
3331296
3331297
3331298
3331299
3331301
3331302
3331303
3331304
3331305
3331306
3331307
3331308
3331309
3331310
3331311
3331312
3331313
3331314
3331315
3331316
3331317
3331318
3331319
3331322
3331323
3331325
3331326
3331328
3331329
3331330
3331331
3331333
3331334
3331337
3331338
3331339
3331340
3331342
3331343
3331344
3331345
3331346
3331347
3331348
3331349
3331351
3331352
3331353
3331354
3331355
3331356
3331357
3331359
3331360
3331361
3331362
3331363
3331364
3331365
3331368
3331369
3331370
3331371
3331372
3331373
3331374
3331375
3331376
3331377
3331378
3331379
3331380
3331381
3331382
3331383
3331384
3331385
3331386
3331387
3331389
3331390
3331391
3331392
3331393
3331394
3331395
3331396
3331397
3331398
3331399
3331400
3331401
3331402
3331403
3331404
3331405
3331406
3331407
3331408
3331409
3331410
3331411
3331412
3331413
3331414
3331416
3331417
3331418
3331419
3331420
3331421
3331422
3331423
3331424
3331425
3331426
3331427
3331428
3331429
3331430
3331432
3331433
3331434
3331435
3331436
3331437
3331438
3331440
3331441
3331442
3331443
3331444
3331445
3331447
3331449
3331450
3331451
3331452
3331453
3331454
3331455
3331456
3331458
3331459
3331460
3331461
3331462
3331463
3331464
3331465
3331466
3331467
3331468
3331470
3331471
3331472
3331473
3331474
3331475
3331476
3331477
3331479
3331480
3331481
3331482
3331483
3331484
3331485
3331486
3331487
3331488
3331489
3331490
3331491
3331492
3331493
3331494
3331495
3331497
3331498
3331499
3331500
3331501
3331502
3331503
3331504
3331505
3331506
3331507
3331508
3331509
3331510
3331511
3331513
3331514
3331515
3331516
3331517
3331518
3331519
3331520
3331521
3331522
3331523
3331524
3331525
3331526
3331527
3331528
3331529
3331530
3331531
3331532
3331533
3331534
3331535
3331536
3331537
3331538
3331539
3331540
3331541
3331542
3331543
3331544
3331546
3331547
3331548
3331549
3331550
3331552
3331553
3331554
3331555
3331556
3331557
3331558
3331559
3331560
3331561
3331562
3331563
3331564
3331565
3331566
3331567
3331568
3331569
3331570
3331571
3331572
3331573
3331574
3331575
3331576
3331577
3331578
3331580
3331581
3331582
3331583
3331584
3331585
3331586
3331588
3331589
3331590
3331591
3331592
3331593
3331594
3331595
3331596
3331597
3331598
3331599
3331600
3331601
3331602
3331603
3331604
3331605
3331606
3331607
3331609
3331610
3331611
3331612
3331613
3331614
3331615
3331616
3331617
3331618
3331619
3331620
3331621
3331622
3331623
3331624
3331625
3331626
3331627
3331628
3331629
3331630
3331631
3331632
3331633
3331634
3331635
3331637
3331638
3331639
3331640
3331641
3331642
3331643
3331644
3331645
3331646
3331647
3331648
3331649
3331650
3331651
3331652
3331654
3331656
3331657
3331658
3331659
3331660
3331661
3331662
3331663
3331664
3331665
3331666
3331667
3331668
3331669
3331670
3331671
3331672
3331674
3331675
3331676
3331677
3331678
3331679
3331680
3331681
3331682
3331683
3331684
3331685
3331686
3331687
3331688
3331689
3331690
3331691
3331692
3331693
3331694
3331695
3331696
3331698
3331699
3331701
3331702
3331703
3331704
3331705
3331707
3331708
3331709
3331710
3331711
3331712
3331713
3331714
3331715
3331716
3331717
3331718
3331719
3331720
3331721
3331722
3331723
3331724
3331725
3331727
3331728
3331729
3331730
3331731
3331732
3331733
3331734
3331735
3331736
3331737
3331738
3331739
3331740
3331741
3331743
3331744
3331747
3331748
3331749
3331750
3331751
3331752
3331753
3331754
3331755
3331758
3331759
3331760
3331761
3331762
3331763
3331764
3331765
3331766
3331768
3331770
3331771
3331773
3331774
3331775
3331776
3331777
3331778
3331779
3331780
3331781
3331782
3331784
3331785
3331786
3331787
3331788
3331790
3331791
3331792
3331793
3331794
3331795
3331796
3331797
3331798
3331800
3331801
3331802
3331803
3331804
3331805
3331806
3331807
3331808
3331809
3331810
3331811
3331813
3331814
3331815
3331816
3331817
3331818
3331819
3331821
3331822
3331823
3331824
3331826
3331827
3331829
3331830
3331831
3331832
3331833
3331834
3331835
3331836