3318093
3318094
3318095
3318096
3318097
3318098
3318100
3318103
3318104
3318105
3318106
3318107
3318108
3318109
3318110
3318112
3318113
3318114
3318115
3318116
3318117
3318119
3318120
3318121
3318122
3318124
3318125
3318126
3318127
3318129
3318130
3318131
3318132
3318133
3318134
3318135
3318136
3318137
3318138
3318139
3318140
3318141
3318142
3318143
3318144
3318146
3318147
3318148
3318149
3318150
3318151
3318152
3318153
3318154
3318155
3318156
3318157
3318158
3318159
3318160
3318161
3318162
3318163
3318165
3318166
3318167
3318168
3318169
3318170
3318171
3318172
3318173
3318174
3318175
3318176
3318177
3318178
3318179
3318180
3318182
3318183
3318184
3318185
3318186
3318187
3318188
3318190
3318191
3318193
3318195
3318196
3318197
3318198
3318199
3318201
3318202
3318203
3318205
3318206
3318207
3318208
3318209
3318210
3318211
3318213
3318214
3318216
3318217
3318218
3318219
3318221
3318223
3318224
3318225
3318226
3318227
3318228
3318229
3318232
3318233
3318234
3318235
3318237
3318238
3318239
3318240
3318241
3318242
3318243
3318244
3318245
3318246
3318247
3318248
3318249
3318250
3318252
3318253
3318255
3318256
3318257
3318258
3318259
3318260
3318261
3318262
3318263
3318264
3318265
3318266
3318267
3318268
3318269
3318270
3318271
3318272
3318274
3318275
3318276
3318277
3318278
3318279
3318280
3318282
3318283
3318284
3318285
3318286
3318287
3318288
3318289
3318290
3318291
3318292
3318293
3318294
3318295
3318296
3318297
3318299
3318300
3318301
3318302
3318303
3318304
3318305
3318307
3318308
3318309
3318310
3318311
3318312
3318313
3318314
3318315
3318316
3318317
3318318
3318319
3318320
3318322
3318323
3318324
3318325
3318326
3318327
3318328
3318329
3318330
3318331
3318332
3318333
3318334
3318335
3318336
3318337
3318338
3318339
3318340
3318341
3318342
3318343
3318344
3318345
3318346
3318347
3318348
3318349
3318351
3318352
3318353
3318354
3318355
3318356
3318357
3318359
3318360
3318361
3318363
3318364
3318365
3318366
3318367
3318368
3318369
3318370
3318371
3318372
3318373
3318374
3318375
3318376
3318377
3318378
3318379
3318380
3318381
3318382
3318383
3318384
3318385
3318386
3318387
3318388
3318389
3318390
3318391
3318393
3318394
3318395
3318396
3318397
3318398
3318399
3318400
3318402
3318403
3318404
3318405
3318406
3318407
3318408
3318409
3318410
3318411
3318412
3318413
3318414
3318415
3318416
3318417
3318418
3318420
3318421
3318422
3318423
3318424
3318425
3318426
3318428
3318429
3318430
3318431
3318432
3318433
3318434
3318435
3318436
3318437
3318438
3318439
3318440
3318441
3318442
3318443
3318445
3318446
3318447
3318448
3318449
3318450
3318451
3318452
3318453
3318454
3318456
3318457
3318458
3318459
3318460
3318461
3318462
3318463
3318464
3318465
3318466
3318467
3318468
3318470
3318471
3318473
3318474
3318475
3318476
3318477
3318478
3318479
3318480
3318483
3318484
3318485
3318486
3318487
3318488
3318489
3318490
3318491
3318492
3318493
3318494
3318495
3318496
3318497
3318498
3318499
3318500
3318502
3318503
3318504
3318505
3318506
3318508
3318509
3318510
3318511
3318512
3318513
3318514
3318515
3318517
3318518
3318519
3318520
3318521
3318522
3318523
3318524
3318525
3318526
3318527
3318528
3318529
3318530
3318531
3318532
3318533
3318534
3318535
3318536
3318537
3318538
3318540
3318541
3318543
3318544
3318545
3318546
3318547
3318548
3318549
3318550
3318551
3318552
3318553
3318555
3318556
3318557
3318558
3318559
3318560
3318561
3318562
3318563
3318564
3318565
3318566
3318567
3318568
3318569
3318570
3318571
3318572
3318573
3318574
3318575
3318576
3318577
3318578
3318579
3318580
3318581
3318582
3318583
3318584
3318585
3318586
3318587
3318588
3318589
3318590
3318591
3318593
3318594
3318595
3318596
3318597
3318598
3318599
3318600
3318601
3318602
3318603
3318604
3318605
3318606
3318607
3318608
3318609
3318610
3318611
3318612
3318613
3318614
3318615
3318616
3318617
3318618
3318619
3318620
3318621
3318622
3318623
3318625
3318626
3318627
3318628
3318629
3318630
3318631
3318632
3318633
3318634
3318635
3318636
3318637
3318638
3318639
3318640
3318641
3318642
3318643
3318644
3318645
3318646
3318647
3318648
3318650
3318651
3318652
3318654
3318655
3318656
3318657
3318658
3318659
3318660
3318661
3318662
3318663
3318664
3318665
3318666
3318667
3318668
3318669
3318670
3318672
3318673
3318674
3318675
3318677
3318679
3318680
3318681
3318683
3318684
3318685
3318686
3318687
3318688
3318689
3318690
3318691
3318692
3318693
3318695
3318696
3318697
3318698
3318699
3318700
3318701
3318702
3318703
3318704
3318705
3318706
3318707
3318708
3318709
3318710
3318711
3318712
3318713
3318714
3318715
3318716
3318717
3318718
3318719
3318720
3318721
3318722
3318723
3318724
3318725
3318726
3318727
3318730
3318731
3318732
3318733
3318734
3318735
3318736
3318737
3318738
3318739
3318740
3318741
3318742
3318743
3318744
3318745
3318747
3318751
3318752
3318753
3318754
3318755
3318756
3318757
3318758
3318759
3318760
3318761
3318762
3318764
3318765
3318766
3318767
3318768
3318769
3318770
3318771
3318772
3318773
3318774
3318775
3318776
3318777
3318779
3318780
3318781
3318782
3318783
3318784
3318786
3318787
3318788
3318789
3318790
3318791
3318792
3318793
3318794
3318795
3318796
3318797
3318799
3318800
3318801
3318802
3318803
3318804
3318805
3318806
3318807
3318808
3318811
3318812
3318813
3318814
3318815
3318816
3318817
3318818
3318819
3318820
3318821
3318822
3318823
3318824
3318825
3318827
3318828
3318829
3318830
3318831
3318832
3318833
3318835
3318836
3318837
3318838
3318839
3318840
3318841
3318842
3318843
3318844
3318845
3318846
3318847
3318849
3318850
3318851
3318852
3318853
3318854
3318855
3318856
3318857
3318858
3318859
3318860
3318861
3318862
3318863
3318864
3318865
3318866
3318867
3318868
3318869
3318870
3318871
3318873
3318874
3318875
3318877
3318878
3318879
3318880
3318881
3318883
3318884
3318885
3318886
3318887
3318888
3318890
3318891
3318892
3318893
3318894
3318895
3318896
3318897
3318898
3318900
3318901
3318902
3318903
3318904
3318905
3318906
3318907
3318908
3318909
3318910
3318911
3318912
3318913
3318914
3318915
3318917
3318918
3318919
3318920
3318921
3318922
3318923
3318924
3318925
3318926
3318929
3318930
3318931
3318932
3318933
3318934
3318935
3318936
3318937
3318938
3318939
3318940
3318941
3318942
3318943
3318944
3318945
3318946
3318947
3318948
3318949
3318951
3318952
3318954
3318955
3318956
3318957
3318959
3318960
3318961
3318962
3318963
3318964
3318966
3318967
3318968
3318969
3318970
3318971
3318972
3318974
3318975
3318976
3318977
3318978
3318979
3318980
3318981
3318982
3318983
3318984
3318985
3318986
3318987
3318989
3318991
3318992