3323960
3323961
3323963
3323964
3323965
3323966
3323968
3323969
3323974
3323977
3323980
3323984
3323985
3323987
3323991
3323994
3323996
3323997
3323999
3324004
3324016
3324019
3324022
3324028
3324029
3324030
3324036
3324041
3324045
3324048
3324067
3324079
3324086
3324089
3324098
3324110
3324120
3324124
3324127
3324129
3324134
3324136
3324140
3324153
3324157
3324176
3324178
3324185
3324194
3324195
3324197
3324199
3324200
3324218
3324222
3324223
3324243
3324248
3324256
3324258
3324267
3324270
3324277
3324285
3324286
3324297
3324307
3324308
3324311
3324313
3324324
3324336
3324339
3324345
3324346
3324350
3324352
3324353
3324355
3324358
3324359
3324360
3324365
3324366
3324367
3324372
3324373
3324378
3324379
3324382
3324383
3324393
3324394
3324395
3324398
3324403
3324405
3324406
3324408
3324409
3324416
3324417
3324420
3324429
3324430
3324436
3324437
3324439
3324442
3324443
3324444
3324445
3324446
3324447
3324448
3324449
3324450
3324451
3324452
3324454
3324456
3324457
3324458
3324459
3324460
3324461
3324462
3324463
3324464
3324465
3324466
3324467
3324468
3324469
3324471
3324472
3324473
3324474
3324475
3324476
3324477
3324483
3324493
3324500
3324501
3324503
3324509
3324514
3324515
3324518
3324519
3324523
3324525
3324535
3324537
3324550
3324554
3324555
3324556
3324557
3324558
3324559
3324560
3324561
3324562
3324563
3324564
3324565
3324566
3324567
3324568
3324569
3324570
3324571
3324572
3324573
3324574
3324575
3324576
3324577
3324578
3324579
3324580
3324581
3324582
3324583
3324585
3324586
3324587
3324588
3324589
3324590
3324591
3324592
3324593
3324594
3324595
3324596
3324597
3324598
3324599
3324600
3324601
3324603
3324604
3324606
3324607
3324608
3324609
3324611
3324614
3324615
3324616
3324617
3324618
3324619
3324620
3324621
3324622
3324623
3324625
3324626
3324627
3324628
3324629
3324630
3324633
3324634
3324635
3324637
3324638
3324639
3324640
3324641
3324642
3324643
3324644
3324645
3324646
3324647
3324648
3324649
3324650
3324651
3324652
3324653
3324654
3324655
3324656
3324657
3324658
3324660
3324661
3324662
3324663
3324664
3324665
3324666
3324667
3324668
3324669
3324670
3324671
3324672
3324673
3324674
3324675
3324676
3324677
3324678
3324679
3324681
3324682
3324683
3324684
3324685
3324686
3324687
3324688
3324689
3324690
3324691
3324692
3324693
3324694
3324695
3324696
3324698
3324699
3324700
3324703
3324704
3324705
3324706
3324707
3324708
3324709
3324710
3324711
3324712
3324713
3324714
3324715
3324716
3324717
3324718
3324719
3324720
3324721
3324722
3324724
3324725
3324727
3324728
3324729
3324730
3324731
3324732
3324733
3324734
3324735
3324736
3324737
3324738
3324740
3324741
3324742
3324744
3324745
3324746
3324747
3324748
3324749
3324750
3324751
3324752
3324753
3324754
3324755
3324757
3324758
3324759
3324760
3324761
3324762
3324763
3324764
3324765
3324766
3324767
3324768
3324769
3324770
3324771
3324772
3324773
3324775
3324776
3324777
3324778
3324779
3324780
3324781
3324782
3324783
3324784
3324785
3324786
3324787
3324788
3324789
3324790
3324791
3324792
3324793
3324794
3324795
3324796
3324797
3324798
3324801
3324802
3324804
3324806
3324807
3324808
3324809
3324810
3324811
3324812
3324814
3324815
3324816
3324817
3324818
3324820
3324822
3324825
3324826
3324827
3324828
3324830
3324831
3324832
3324833
3324835
3324836
3324837
3324838
3324839
3324840
3324842
3324843
3324844
3324845
3324846
3324848
3324849
3324851
3324852
3324853
3324854
3324855
3324857
3324858
3324859
3324860
3324861
3324863
3324864
3324865
3324866
3324867
3324869
3324870
3324871
3324873
3324875
3324876
3324877
3324879
3324880
3324881
3324882
3324883
3324884
3324885
3324886
3324887
3324888
3324889
3324890
3324891
3324893
3324894
3324895
3324896
3324898
3324900
3324901
3324902
3324903
3324904
3324905
3324906
3324907
3324908
3324909
3324910
3324911
3324912
3324913
3324915
3324916
3324917
3324918
3324919
3324920
3324921
3324922
3324923
3324924
3324925
3324926
3324928
3324929
3324930
3324931
3324932
3324933
3324934
3324935
3324936
3324937
3324938
3324940
3324941
3324942
3324943
3324944
3324945
3324946
3324947
3324948
3324950
3324951
3324952
3324953
3324954
3324956
3324957
3324958
3324959
3324960
3324961
3324962
3324963
3324964
3324965
3324966
3324967
3324968
3324969
3324970
3324971
3324972
3324973
3324974
3324976
3324977
3324978
3324979
3324980
3324981
3324983
3324984
3324985
3324986
3324987
3324989
3324990
3324991
3324992
3324993
3324994
3324995
3324996
3324997
3324998
3325000
3325001
3325002
3325003
3325004
3325006
3325007
3325008
3325009
3325010
3325011
3325012
3325013
3325014
3325015
3325016
3325017
3325018
3325020
3325021
3325022
3325023
3325024
3325025
3325026
3325027
3325028
3325029
3325030
3325031
3325032
3325034
3325035
3325036
3325037
3325038
3325039
3325040
3325041
3325042
3325043
3325044
3325045
3325046
3325047
3325049
3325050
3325051
3325052
3325053
3325054
3325055
3325056
3325057
3325058
3325059
3325060
3325061
3325062
3325063
3323970
3323972
3323973
3323975
3323976
3323979
3323981
3323982
3323986
3323988
3323989
3323990
3323992
3323993
3324000
3324001
3324006
3324007
3324008
3324010
3324011
3324014
3324017
3324018
3324020
3324023
3324024
3324025
3324026
3324027
3324031
3324032
3324033
3324035
3324038
3324039
3324042
3324043
3324044
3324049
3324050
3324051
3324052
3324053
3324055
3324056
3324057
3324058
3324060
3324061
3324062
3324063
3324064
3324066
3324068
3324069
3324070
3324071
3324072
3324073
3324074
3324075
3324076
3324077
3324078
3324080
3324081
3324082
3324083
3324084
3324087
3324088
3324090
3324091
3324092
3324093
3324094
3324095
3324096
3324099
3324100
3324101
3324102
3324103
3324104
3324105
3324106
3324108
3324109
3324111
3324112
3324113
3324114
3324115
3324117
3324118
3324119
3324121
3324122
3324123
3324125
3324126
3324128
3324130
3324131
3324132
3324133
3324135
3324137
3324138
3324139
3324141
3324143
3324144
3324145
3324146
3324148
3324149
3324150
3324151
3324155
3324156
3324159
3324160
3324161
3324162
3324163
3324164
3324165
3324166
3324167
3324168
3324169
3324171
3324172
3324173
3324174
3324175
3324177
3324179
3324180
3324181
3324182
3324183
3324184
3324186
3324187
3324188
3324189
3324190
3324191
3324192
3324193
3324198
3324201
3324202
3324203
3324204
3324205
3324206
3324207
3324208
3324209
3324210
3324211
3324214
3324215
3324216
3324219
3324220
3324221
3324224
3324225
3324226
3324227
3324228
3324229
3324230
3324231
3324232
3324233
3324234
3324235
3324236
3324237
3324238
3324239
3324241
3324242
3324244
3324245
3324246
3324247
3324249
3324250
3324251
3324252
3324253
3324254
3324255
3324257
3324259
3324260
3324262
3324263
3324264
3324265
3324268
3324269
3324271
3324272
3324273
3324275
3324278
3324279
3324280
3324281
3324282
3324283
3324287
3324289
3324290
3324291
3324292
3324293
3324294
3324295
3324296
3324298
3324299
3324300
3324301
3324302
3324305
3324306
3324309
3324310
3324312
3324314
3324315
3324316
3324317
3324318
3324319
3324320
3324321
3324322
3324323
3324325
3324327
3324328
3324329
3324330
3324331
3324332
3324333
3324334
3324335
3324337
3324338
3324340
3324341
3324343
3324344
3324347
3324348
3324349
3324351
3324356
3324361
3324362
3324368
3324369
3324370
3324374
3324377
3324380
3324381
3324385
3324386
3324387
3324388
3324391
3324392
3324399
3324402
3324404
3324407
3324410
3324413
3324414
3324418
3324419
3324421
3324422
3324423
3324425
3324426
3324427
3324428
3324431
3324432
3324434
3324435
3324440
3324441
3324453
3324478
3324479
3324480
3324481
3324482
3324484
3324485
3324486
3324487
3324488
3324489
3324490
3324491
3324492
3324495
3324496
3324497
3324498
3324499
3324502
3324504
3324505
3324506
3324507
3324508
3324510
3324511
3324512
3324513
3324516
3324517
3324520
3324521
3324522
3324524
3324526
3324528
3324529
3324530
3324531
3324532
3324533
3324534
3324536
3324538
3324539
3324540
3324541
3324542
3324543
3324544
3324545
3324546
3324547
3324548
3324549
3324551
3324552