3673329
3673365
3673432
3673438
3673452
3673575
3673579
3673582
3673607
3673611
3673612
3673643
3673230
3673238
3673239
3673240
3673243
3673253
3673257
3673258
3673261
3673271
3673281
3673289
3673294
3673302
3673303
3673311
3673312
3673315
3673317
3673318
3673319
3673322
3673324
3673326
3673331
3673338
3673342
3673345
3673347
3673350
3673356
3673357
3673360
3673367
3673376
3673379
3673380
3673384
3673386
3673390
3673398
3673400
3673403
3673404
3673405
3673407
3673408
3673412
3673416
3673417
3673420
3673431
3673435
3673437
3673440
3673441
3673447
3673448
3673450
3673451
3673453
3673455
3673456
3673457
3673461
3673462
3673471
3673482
3673483
3673485
3673490
3673500
3673502
3673503
3673504
3673967
3673517
3673522
3673523
3673529
3673531
3673535
3673543
3673545
3673546
3673547
3673554
3673561
3673563
3673564
3673566
3673574
3673577
3673587
3673596
3673603
3673615
3673619
3673627
3673631
3673637
3673638
3673641
3673651
3673655
3673656
3673659
3673663
3673664
3673669
3673693
3673696
3673697
3673700
3673701
3673715
3673718
3673728
3673732
3673736
3673738
3673739
3673746
3673762
3673764
3673766
3673778
3673780
3673782
3673784
3673785
3673788
3673790
3673792
3673795
3673797
3673804
3673805
3673807
3673813
3673814
3673817
3673819
3673827
3673828
3673829
3673832
3673833
3673838
3673845
3673846
3673849
3673851
3673856
3673857
3673865
3673871
3673876
3673877
3673882
3673883
3673886
3673887
3673888
3673889
3673891
3673897
3673898
3673899
3673901
3673905
3673907
3674045
3673922
3673924
3673925
3673926
3673927
3673941
3673943
3673946
3673947
3673952
3673954
3673956
3673961
3673966
3673973
3673980
3673981
3673988
3673989
3673990
3673991
3673992
3673995
3673996
3673998
3674005
3674010
3674011
3674012
3674013
3674014
3674017
3674020
3674026
3674027
3674030
3674034
3674036
3674037
3674038
3674040
3674041
3674044
3674046
3674048
3674051
3674054
3674055
3674057
3674059
3674061
3674066
3674067
3674068
3674071
3674073
3674075
3674076
3674081
3674082
3674086
3674087
3674088
3674090
3674095
3674100
3674102
3674103
3674104
3674120
3674123
3674126
3674127
3674134
3674135
3674144
3674146
3674148
3674152
3674154
3674159
3674163
3674166
3674167
3674171
3674175
3674176
3674178
3674187
3674190
3674191
3674197
3674106
3674208
3674210
3674211
3674109
3674226
3674227
3674231
3674234
3674236
3674239
3674247
3674255
3674258
3674270
3674271
3674272
3674276
3674290
3674292
3674296
3674301
3674311
3674314
3674317
3674321
3674129
3674130
3674342
3674343
3674133
3674348
3674354
3674372
3674374
3674139
3674375
3674379
3674381
3674384
3674388
3674401
3674409
3674412
3674422
3674428
3674430
3674442
3674450
3674452
3674455
3674457
3674458
3674459
3674460
3674470
3674474
3674478
3674479
3674486
3674490
3674492
3674498
3674503
3674505
3674506
3674507
3674512
3674527
3674532
3674535
3674172
3674173
3674174
3674548
3674554
3674563
3674564
3674565
3674179
3674180
3674581
3674582
3674596
3674600
3674612
3674625
3674626
3674632
3674645
3674649
3674650
3674653
3674656
3674660
3674668
3674671
3674673
3674687
3674695
3674700
3674702
3674706
3674708
3674711
3674723
3674728
3674730
3674734
3674212
3674213
3674745
3674215
3674216
3674780
3674220
3674791
3674794
3674223
3674800
3674807
3674808
3674810
3674816
3674817
3674828
3674831
3674832
3674833
3674834
3674844
3674846
3674848
3674855
3674856
3674859
3674862
3674238
3674872
3674876
3674879
3674882
3674883
3674885
3674242
3674893
3674896
3674900
3674903
3674904
3674905
3674909
3674913
3674919
3674922
3674927
3674933
3674944
3674950
3674955
3674957
3674959
3674960
3674966
3674968
3674970
3674973
3674975
3674976
3674979
3674984
3674989
3674993
3674994
3674996
3674264
3675009
3675017
3675018
3675019
3675025
3675034
3675041
3675045
3675046
3674273
3675053
3675058
3675060
3675062
3675065
3675066
3675067
3675071
3675076
3675081
3675082
3675097
3675103
3675104
3675107
3675113
3675143
3675145
3675150
3675160
3675163
3675189
3675190
3675205
3675216
3675224
3675230
3675231
3675235
3675238
3675245
3675250
3675252
3675255
3675257
3675258
3675260
3675272
3675273
3675279
3675280
3675283
3675284
3675288
3675291
3675295
3675298
3675305
3675307
3675315
3675332
3675333
3675336
3675340
3675356
3675358
3675359
3675362
3675367
3675372
3675388
3675392
3675400
3675410
3675412
3675421
3675432
3675440
3675448
3675455
3675485
3675490
3675496
3675500
3675508
3675511
3675523
3675525
3675537
3675538
3675553
3675571
3675573
3675574
3675578
3675579
3675581
3675585
3675586
3675587
3675590
3675594
3675595
3675604
3675608
3675619
3675621
3675627
3675628
3675640
3675658
3675664
3675666
3675669
3675675
3675678
3675690
3675701
3675703
3675705
3675708
3675720
3675727
3675733
3675738
3675745
3675750
3675751
3675755
3675759
3675769
3675785
3675787
3675798
3675801
3675813
3675816
3675825
3675829
3675833
3675849
3675852
3675856
3675858
3675865
3675868
3675869
3675872
3675878
3675879
3675886
3675888
3675890
3675893
3675898
3675899
3675900
3675907
3675912
3675924
3675925
3675926
3675936
3675947
3675949
3675951
3675960
3675965
3675967
3675969
3675972
3675974
3675978
3675982
3675987
3676003
3676013
3676016
3676019
3676025
3676032
3676033
3676035
3676050
3676052
3676059
3676063
3676068
3676069
3676071
3676072
3676073
3676077
3676079
3676084
3676086
3676090
3676093
3676105
3676108
3676110
3676113
3676122
3676127
3676129
3676133
3676144
3676146
3676152
3676156
3676171
3676174
3676175
3676178
3676182
3676188
3676191
3676194
3676198
3676201
3676209
3676210
3676213
3676219
3676221
3676223
3676226
3676242
3676247
3676253
3676255
3676259
3676263
3676270
3676271
3676274
3676277
3676285
3676287
3676294
3676296
3676298
3676302
3676304
3676308
3676309
3676311
3676317
3676319
3676320
3676323
3676330
3676331
3676343
3676345
3676346
3676351
3676361
3676370
3676373
3676376
3676388
3676397
3676398
3676404
3676408
3676409
3676410
3676414
3676419
3676424
3676428
3676431
3676454
3676456
3676457
3676458
3676459
3676460
3676466
3676474
3676475
3676481
3676485
3676486
3676490
3676510
3676511
3676520
3676524
3676535
3676537
3676541
3676547
3676574
3676579
3676580
3676587
3676588
3676596
3676601
3676604
3676605
3676616
3676625
3676634
3676641
3676643
3676648
3676649
3676653
3676660
3676668
3676670
3676682
3676683
3676690
3676703
3676710
3676716
3676717
3676719
3676729
3676737
3676738
3676740
3676741
3676743
3676745
3676751
3676754
3676756
3676769
3676777
3676783
3676784
3676788
3676789
3676797
3676807
3676817
3676819
3676820
3676822
3676826
3676827
3676830
3676834
3676837
3676840
3676842
3676853
3676856
3676857
3676864
3676872
3676874
3676875
3676876
3676879
3676882
3676883
3676886
3676889
3676893
3676911
3676914
3676916
3676927
3676929
3676935
3676936
3676940
3676942
3676944
3676946
3676949
3676952
3676961
3676964
3676967
3676978
3676979
3676983
3676997
3676998
3677000
3677026
3677031
3677034
3677042
3677047
3677056
3677060
3677069
3677084
3677085
3677091
3677124
3677126
3677137
3677143
3677153
3677159
3677167
3677168
3677175
3677177
3677186
3677189
3677192
3677194
3677195
3677208
3677210
3677211
3677214
3674704
3674705
3677219
3677221
3677235
3677240
3677246
3674710
3677253
3677255
3674713
3677259
3677266
3674715
3677274
3674717
3677282
3674719
3674720
3677298
3677305
3677306
3677310
3677311
3677312
3674725
3677325
3677326
3677329
3677334
3677340
3677341
3677344
3677345
3677347
3674731
3677348
3677351
3674732
3677359
3677363
3677365
3677369
3677373
3677377
3677382
3677385
3677389
3677399
3674742
3674743
3677415
3677419
3677421
3677422
3677433
3677438
3677439
3677440
3677443
3677449
3677452
3677455
3677471
3677473
3677475
3677478
3677482
3677493
3677500
3677502
3674762
3674763
3677508
3677512
3677517
3677519
3677526
3677527
3677532
3677538
3677539
3677542
3677545
3677546
3677551
3677552
3677554
3677555
3677568
3677570
3677571
3677573
3677575
3677577
3677578
3677581
3677582
3677583
3677586
3677593
3677596
3677597
3677600
3677601
3677602
3674782
3674783
3677616
3674785
3677633
3677635
3677638
3677639
3677640
3677648
3677652
3677662
3677664
3677665
3677667
3677682
3677689
3677692
3677703
3677704
3677705
3677712
3677721
3677727
3677729
3677732
3677743
3677760
3677770
3677795
3677806
3677812
3677813
3677821
3677824
3677825
3677834
3677844
3677845
3677846
3677848
3677853
3677854
3677860
3677863
3677865
3677868
3677874
3677879
3677880
3674836
3677891
3677904
3677907
3677918
3677921
3677930
3677932
3677944
3677947
3677952
3677967
3677970
3677979
3677983
3677985
3677986
3677990
3677998
3678001
3678005
3678009
3678011
3678013
3678018
3678021
3674865
3678033
3678036
3678037
3678039
3678055
3678058
3678066
3678070
3678076
3678077
3678079
3678080
3678082
3678084
3678085
3678089
3678093
3678095
3678097
3678102
3678104
3678108
3678116
3678122
3678123
3678127
3678128
3678129
3674887
3678133
3678143
3678148
3678150
3678151
3678159
3678160
3678161
3678163
3678172
3678174
3678177
3678178
3678179
3678180
3678188
3678192
3678197
3678200
3678202
3678210
3678213
3678214
3678223
3678234
3678238
3678239
3678241
3678242
3674910
3678258
3678261
3678264
3678266
3678273
3678274
3678275
3678278
3678282
3678286
3678298
3678300
3674920
3678303
3678305
3674923
3678320
3674925
3678325
3678328
3678338
3678341
3678343
3678344
3674930
3678350
3678365
3678366
3678375
3678379
3678391
3678394
3678404
3678408
3678410
3678425
3678428
3678430
3678436
3678440
3678444
3678452
3678454
3678460
3678462
3678471
3678479
3678484
3678490
3678498
3678500
3678504
3678507
3678508
3678510
3678515
3678517
3678520
3678528
3678531
3678532
3678537
3678541
3678549
3678554
3678555
3678565
3678571
3678579
3678580
3678586
3678590
3678592
3678593
3678597
3678601
3678605
3678608
3678615
3678619
3678624
3678626
3678629
3674987
3678639
3674988
3678653
3678654
3678656
3678658
3678661
3678663
3678666
3678673
3678681
3678691
3674998
3678695
3678696
3678701
3678703
3678704
3678717
3678718
3678722
3678725
3678735
3678736
3678738
3678740
3678747
3678754
3678755
3678757
3678760
3678761
3678762
3678763
3678768
3678771
3678772
3678773
3678774
3678776
3678783
3678789
3678790
3678791
3678795
3678796
3678802
3678806
3678814
3678815
3678821
3678826
3678836
3678844
3678845
3678847
3678848
3678852
3678857
3678865
3678871
3678877
3678879
3678884
3678888
3678891
3678892
3678894
3678915
3678924
3678933
3678934
3675047
3678944
3678949
3678952
3678956
3678957
3678964
3678967
3678968
3678969
3678976
3678981
3678984
3678986
3678995
3678998
3679004
3679010
3679013
3679017
3679025
3679028
3679033
3679040
3679042
3679045
3679047
3679066
3679071
3679082
3675086
3675138
3675240
3675241
3675242
3675244
3675264
3675274
3675275
3675277
3675278
3675289
3675311
3675319
3675441
3675446
3675591
3675598
3675600
3675601
3675610
3675728
3675729
3675734
3675760
3675763
3675873
3675914
3675937
3675940
3675983
3676075
3676112
3676185
3676234
3676236
3676238
3676243
3676256
3676299
3676300
3676307
3676310
3676322
3676352
3676355
3676356
3676362
3676438
3676441
3676463
3676467
3676487
3676488
3676489
3676493
3676499
3676508
3676544
3676550
3676555
3676558
3676564
3676565
3676571
3676650
3676651
3676655
3676694
3676746
3676747
3676749
3676750
3676755
3676759
3676761
3676773
3676923
3676947
3676955
3676956
3676960
3676962
3676963
3676968
3676972
3676980
3676981
3676985
3676986
3676987
3676988
3676999
3677001
3677002
3677004
3677005
3677006
3677007
3677011
3677057
3677058
3677061
3677062
3677065
3677074
3677086
3677088
3677092
3677096
3677107
3677110
3677114
3677115
3677127
3677130
3677132
3677134
3677135
3677139
3677144
3677147
3677149
3677162
3677163
3677165
3677166
3677169
3677170
3677171
3677172
3677173
3677178
3677180
3677228
3677256
3677269
3677271
3677277
3677278
3677281
3677283
3677285
3677286
3677288
3677289
3677290
3677291
3677292
3677293
3677296
3677302
3677308
3677314
3677315
3677316
3677317
3677318
3677319
3677320
3677352
3677353
3677354
3677355
3677356
3677360
3677404
3677408
3677411
3677426
3677445
3677453
3677456
3673968
3677476
3677479
3677485
3677503
3677504
3677505
3677506
3677507
3677513
3677514
3677515
3677521
3677522
3677523
3677528
3677585
3677587
3677588
3677589
3677611
3677612
3677613
3674043
3677855
3677881
3677883
3677888
3677895
3677936
3677938
3674070
3678010
3678012
3678041
3678090
3678105
3678106
3678130
3678131
3678136
3678138
3678164
3678168
3678175
3678183
3678203
3678230
3678231
3678232
3678233
3678244
3678246
3678248
3678249
3678251
3678252
3678255
3678287
3678308
3678309
3678311
3678312
3678314
3678317
3678330
3678331
3678347
3678348
3678352
3678353
3678354
3678355
3678357
3678360
3678361
3678367
3678368
3678369
3678382
3678383
3678385
3678397
3678398
3678414
3678434
3678446
3678458
3678461
3678469
3678470
3678472
3678473
3678475
3678509
3678511
3678519
3678521
3678523
3678529
3678535
3678536
3678538
3678542
3678543
3678545
3678546
3678550
3678551
3678552
3678553
3678556
3678557
3678558
3678560
3678561
3678563
3678564
3678566
3678567
3678568
3678569
3678570
3678572
3678573
3678575
3678577
3678578
3678583
3678594
3678595
3678600
3678602
3678603
3678612
3678627
3678628
3678630
3678632
3678633
3678634
3678635
3678636
3678637
3678640
3678641
3678642
3678643
3678644
3678646
3678665
3678668
3678677
3678692
3678705
3678712
3678715
3678737
3678739
3678742
3678792
3678794
3678798
3678800
3678804
3678805
3678808
3678818
3678822
3678827
3678829
3678830
3678831
3678832
3678834
3678866
3678869
3678872
3678880
3678958
3678971
3678985
3678987
3678989
3678992
3679000
3679006
3679007
3675721
3675970
3675979
3676007
3676111
3676444
3673247