3519209
3519210
3519211
3519213
3519214
3519216
3519217
3519218
3519219
3519220
3519221
3519222
3519223
3519224
3519225
3519226
3519227
3519228
3519230
3519231
3519232
3519233
3519234
3519235
3519236
3519237
3519238
3519239
3519241
3519242
3519243
3519244
3519245
3519246
3519247
3519248
3519249
3519250
3519252
3519253
3519254
3519255
3519256
3519257
3519258
3519259
3519260
3519261
3519262
3519263
3519264
3519265
3519266
3519267
3519268
3519269
3519270
3519271
3519272
3519274
3519275
3519276
3519277
3519278
3519279
3519280
3519281
3519282
3519283
3519284
3519285
3519286
3519287
3519289
3519290
3519291
3519292
3519293
3519294
3519295
3519297
3519298
3519299
3519300
3519301
3519302
3519303
3519304
3519305
3519306
3519307
3519308
3519310
3519311
3519312
3519313
3519314
3519315
3519316
3519317
3519318
3519319
3519320
3519322
3519323
3519326
3519327
3519328
3519330
3519331
3519332
3519334
3519335
3519336
3519337
3519338
3519339
3519340
3519341
3519343
3519344
3519345
3519346
3519347
3519348
3519349
3519350
3519351
3519352
3519353
3519354
3519355
3519356
3519358
3519359
3519360
3519361
3519362
3519363
3519364
3519365
3519366
3519367
3519368
3519369
3519370
3519371
3519372
3519373
3519374
3519375
3519377
3519378
3519379
3519380
3519381
3519382
3519383
3519384
3519386
3519387
3519388
3519389
3519390
3519391
3519392
3519393
3519394
3519395
3519396
3519397
3519398
3519399
3519402
3519403
3519404
3519405
3519406
3519407
3519408
3519409
3519410
3519411
3519412
3519413
3519414
3519415
3519416
3519417
3519418
3519419
3519420
3519421
3519422
3519423
3519424
3519426
3519427
3519428
3519429
3519430
3519432
3519433
3519434
3519435
3519436
3519437
3519438
3519439
3519440
3519441
3519442
3519443
3519444
3519445
3519446
3519447
3519448
3519449
3519450
3519451
3519452
3519453
3519454
3519455
3519456
3519457
3519458
3519459
3519460
3519461
3519462
3519463
3519464
3519465
3519466
3519467
3519468
3519469
3519470
3519471
3519472
3519473
3519474
3519475
3519476
3519477
3519478
3519479
3519480
3519481
3519482
3519483
3519484
3519485
3519486
3519487
3519488
3519489
3519490
3519491
3519492
3519494
3519495
3519496
3519497
3519498
3519499
3519500
3519501
3519502
3519503
3519504
3519505
3519506
3519507
3519508
3519509
3519510
3519511
3519512
3519513
3519514
3519515
3519516
3519517
3519519
3519520
3519521
3519522
3519523
3519524
3519525
3519526
3519527
3519528
3519529
3519530
3519531
3519532
3519533
3519534
3519535
3519536
3519537
3519539
3519540
3519541
3519542
3519543
3519544
3519546
3519547
3519548
3519549
3519550
3519551
3519552
3519556
3519557
3519558
3519559
3519560
3519561
3519562
3519563
3519565
3519566
3519567
3519568
3519569
3519570
3519571
3519573
3519575
3519576
3519577
3519579
3519580
3519581
3519582
3519583
3519584
3519585
3519586
3519588
3519589
3519590
3519591
3519592
3519593
3519594
3519595
3519596
3519597
3519598
3519599
3519600
3519601
3519602
3519604
3519605
3519606
3519607
3519608
3519609
3519610
3519612
3519613
3519614
3519615
3519616
3519617
3519619
3519620
3519621
3519622
3519623
3519624
3519625
3519626
3519627
3519628
3519629
3519630
3519631
3519633
3519634
3519635
3519636
3519638
3519640
3519641
3519642
3519643
3519644
3519645
3519646
3519647
3519648
3519649
3519650
3519651
3519652
3519655
3519656
3519657
3519658
3519659
3519660
3519661
3519662
3519663
3519664
3519665
3519666
3519667
3519668
3519669
3519670
3519671
3519672
3519675
3519676
3519677
3519678
3519679
3519680
3519681
3519682
3519683
3519684
3519685
3519686
3519687
3519688
3519689
3519690
3519691
3519692
3519693
3519694
3519696
3519697
3519698
3519699
3519700
3519701
3519702
3519703
3519704
3519705
3519706
3519707
3519708
3519709
3519710
3519711
3519712
3519713
3519714
3519715
3519716
3519717
3519718
3519720
3519721
3519723
3519724
3519725
3519726
3519727
3519728
3519729
3519730
3519731
3519732
3519733
3519734
3519735
3519736
3519737
3519738
3519739
3519740
3519741
3519742
3519743
3519744
3519746
3519747
3519748
3519749
3519750
3519751
3519752
3519753
3519754
3519755
3519756
3519757
3519759
3519760
3519762
3519763
3519764
3519766
3519767
3519768
3519769
3519770
3519771
3519772
3519773
3519775
3519776
3519777
3519778
3519779
3519780
3519781
3519782
3519783
3519784
3519785
3519786
3519787
3519788
3519789
3519790
3519791
3519792
3519793
3519794
3519795
3519796
3519797
3519798
3519799
3519800
3519801
3519802
3519804
3519805
3519806
3519807
3519808
3519809
3519810
3519811
3519812
3519813
3519815
3519816
3519817
3519818
3519819
3519820
3519822
3519824
3519825
3519826
3519827
3519828
3519829
3519830
3519831
3519832
3519833
3519834
3519835
3519836
3519837
3519838
3519839
3519840
3519841
3519842
3519843
3519844
3519845
3519847
3519848
3519849
3519850
3519851
3519853
3519854
3519855
3519856
3519857
3519858
3519859
3519860
3519861
3519862
3519864
3519865
3519866
3519867
3519868
3519869
3519871
3519872
3519873
3519874
3519875
3519876
3519877
3519878
3519879
3519880
3519881
3519883
3519884
3519885
3519886
3519887
3519889
3519890
3519891
3519893
3519894
3519895
3519896
3519897
3519899
3519900
3519901
3519903
3519904
3519905
3519906
3519908
3519909
3519910
3519911
3519912
3519913
3519914
3519915
3519916
3519917
3519918
3519920
3519921
3519922
3519923
3519924