3813359
3813362
3813363
3813370
3813371
3813374
3813375
3813378
3813380
3813381
3813383
3813386
3813389
3813391
3813392
3813393
3813395
3813398
3813401
3813402
3813405
3813406
3813413
3813416
3813417
3813419
3813423
3813424
3813427
3813429
3813431
3813432
3813434
3813436
3813437
3813439
3813441
3813449
3813450
3813451
3813454
3813456
3813460
3813464
3813467
3813469
3813470
3813473
3813478
3813486
3813489
3813493
3813500
3813502
3813503
3813504
3813505
3813508
3813511
3813513
3813519
3813521
3813524
3813533
3813540
3813544
3813549
3813550
3813551
3813558
3813559
3813562
3813564
3813565
3813566
3813572
3813574
3813581
3813584
3813600
3813601
3813602
3813604
3813607
3813608
3813610
3813611
3813612
3813616
3813619
3813626
3813630
3813632
3813636
3813639
3813640
3813642
3813643
3813645
3813646
3813657
3813665
3813673
3813674
3813675
3813678
3813680
3813687
3813701
3813703
3813708
3813711
3813712
3813714
3813715
3813722
3813723
3813724
3813732
3813733
3813737
3813743
3813748
3813752
3813754
3813755
3813758
3813759
3813761
3813768
3813770
3813777
3813778
3813779
3813781
3813782
3813785
3813799
3813805
3813811
3813812
3813814
3813818
3813821
3813824
3813827
3813836
3813838
3813841
3813842
3813851
3813854
3813863
3813869
3813871
3813873
3813874
3813875
3813880
3813892
3813898
3813899
3813901
3813912
3813913
3813915
3813917
3813920
3813924
3813928
3813929
3813930
3813939
3813948
3813949
3813952
3813960
3813968
3813971
3813976
3813977
3813978
3813982
3813983
3813984
3813985
3813986
3813987
3813990
3813991
3813998
3814002
3814004
3814005
3814006
3814007
3814008
3814010
3814012
3814013
3814014
3814016
3814020
3814021
3814024
3814026
3814027
3814028
3814033
3814036
3814041
3814044
3814045
3814047
3814049
3814050
3814051
3814052
3814057
3814059
3814062
3814063
3814065
3814066
3814067
3814076
3814077
3814078
3814079
3814081
3814084
3814086
3814087
3814090
3814093
3814094
3814097
3814099
3814101
3814104
3814105
3814107
3814108
3814110
3814111
3814114
3814120
3814126
3814127
3814128
3814129
3814131
3814136
3814139
3814144
3814149
3814157
3814162
3814163
3814165
3814166
3814167
3814168
3814173
3814176
3814182
3814184
3814185
3814186
3814193
3814203
3814204
3814205
3814207
3814219
3814231
3814236
3814237
3814238
3814241
3814250
3814255
3814260
3814261
3814264
3814265
3814266
3814270
3814271
3814273
3814277
3814282
3814283
3814284
3814285
3814287
3814290
3814293
3814297
3814298
3814308
3814309
3814310
3814316
3814318
3814323
3814326
3814332
3814333
3814341
3814343
3814355
3814363
3814365
3814369
3814370
3814372
3814375
3814382
3814384
3814389
3814391
3814392
3814406
3814408
3814409
3814410
3814414
3814415
3814426
3814427
3814428
3814432
3814435
3814443
3814449
3814464
3814467
3814468
3814472
3814475
3814485
3814492
3814495
3814496
3814497
3814502
3814505
3814507
3814510
3814517
3814520
3814521
3814525
3814527
3814528
3814530
3814531
3814534
3814536
3814538
3814543
3814545
3814553
3814557
3814558
3814562
3814563
3814566
3814567
3814569
3814570
3814571
3814572
3814577
3814580
3814583
3814585
3814588
3814592
3814596
3814600
3814601
3814604
3814609
3814611
3814613
3814619
3814626
3814627
3814636
3814652
3814660
3814673
3814675
3814678
3814680
3814696
3814698
3814711
3814712
3814713
3814729
3814735
3814739
3814741
3814747
3814748
3814751
3814752
3814755
3814758
3814759
3814760
3814766
3814772
3814774
3814778
3814783
3814785
3814792
3814793
3814797
3814804
3814807
3814809
3814826
3814834
3814836
3814844
3814848
3814851
3814852
3814853
3814855
3814859
3814866
3814875
3814876
3814878
3814880
3814881
3814882
3814887
3814893
3814899
3814900
3814902
3814913
3814917
3814918
3814921
3814931
3814933
3814935
3814936
3814938
3814940
3814942
3814943
3814944
3814945
3814947
3814948
3814952
3814953
3814956
3814958
3814959
3814961
3814963
3814967
3814972
3814975
3814977
3814979
3814981
3814982
3814983
3814984
3814988
3814989
3814990
3814994
3814995
3814996
3814997
3814998
3815001
3815004
3815005
3815006
3815009
3815012
3815014
3815017
3815018
3815019
3815027
3815032
3815034
3815035
3815037
3815038
3815039
3815041
3815046
3815050
3815052
3815058
3815062
3815068
3815071
3815072
3815073
3815076
3815078
3815083
3815086
3815087
3815090
3815093
3815094
3815096
3815101
3815103
3815105
3815106
3815109
3815114
3815126
3815130
3815133
3815141
3815146
3815148
3815149
3815152
3815153
3815156
3815159
3815166
3815167
3815171
3815173
3815176
3815177
3815180
3815184
3815185
3815186
3815192
3815200
3815210
3815211
3815212
3815219
3815221
3815232
3815234
3815235
3815240
3815241
3815245
3815246
3815247
3815248
3815250
3815251
3815257
3815261
3815263
3815264
3815265
3815269
3815270
3815273
3815284
3815290
3815291
3815293
3815295
3815306
3815309
3815318
3815322
3815326
3815329
3815335
3815338
3815342
3815345
3815351
3815355
3815356
3815360
3815361
3815364
3815366
3815369
3815373
3815378
3815387
3815389
3815393
3815398
3815403
3815405
3815410
3815418
3815425
3815433
3815457
3815461
3815462
3815482
3815495
3815509
3815524
3815528
3815543
3815545
3815547
3815549
3815554
3815555
3815558
3815562
3815563
3815564
3815581
3815582
3815587
3815588
3815595
3815602
3815610
3815611
3815615
3815619
3815640
3815643
3815660
3815662
3815670
3815672
3815685
3815692
3815693
3815695
3815703
3815705
3815708
3815713
3815721
3815725
3815726
3815729
3815733
3815736
3815737
3815741
3815747
3815748
3815751
3815754
3815777
3815784
3815819
3815837
3815851
3815863
3815865
3815866
3815867
3815869
3815880
3815894
3815895
3815900
3815902
3815904
3815910
3815913
3815914
3815923
3815926
3815928
3815932
3815938
3815945
3815949
3815950
3815954
3815956
3815957
3815962
3815963
3815965
3815972
3815983
3815987
3815989
3815992
3815997
3816008
3816011
3816012
3816013
3816019
3816021
3816024
3816035
3816037
3816038
3816040
3816042
3816044
3816045
3816048
3816051
3816052
3816057
3816058
3816059
3816060
3816061
3816065
3816067
3816068
3816071
3816072
3816075
3816076
3816079
3816082
3816083
3816087
3816089
3816096
3816098
3816099
3816103
3816108
3816110
3816113
3816115
3816116
3816118
3816123
3816126
3816127